1.15996	3718861462.2131763
1.1599700000000002	3698877938.4422464
1.15998	3713898240.060673
1.1599899999999999	3795770970.0253158
1.16	3846360623.594963
1.16001	3848220953.5865345
1.16002	3734134871.6806173
1.16003	3752061946.818218
1.16004	3741192025.8586574
1.16005	3787302547.605967
1.16006	3734822788.101366
1.1600700000000002	3687397865.9083996
1.16008	3727005211.2290554
1.16009	3481448699.013206
1.1601	3666992316.683331
1.16011	3675107101.541508
1.16012	3811448008.6044087
1.1601299999999999	3720917148.959891
1.16014	3571494617.928082
1.16015	3787128139.894115
1.16016	3576432230.084537
1.1601700000000001	3709112448.871682
1.16018	3671047466.9147305
1.16019	3541196285.5059643
1.1602	3649975925.9394584
1.16021	3690625685.8412085
1.16022	3714411369.509047
1.1602299999999999	3799268614.7637944
1.16024	3725375035.986924
1.16025	3697089804.744338
1.16026	3707148643.110422
1.1602700000000001	3614015409.657988
1.16028	3561967889.022555
1.16029	3373416773.313763
1.1603	3697941189.1470127
1.16031	3581129284.327181
1.16032	3205162109.5331182
1.1603299999999999	3396643756.458119
1.16034	3634628268.409227
1.16035	3684427371.4617133
1.16036	3755865227.5549097
1.1603700000000001	3599813489.078782
1.16038	3545928710.22913
1.16039	2813325612.2491455
1.1604	3378236111.6339006
1.16041	3476322025.0131063
1.16042	3608194997.0107703
1.1604299999999999	3712188320.4695406
1.16044	3555166950.5292253
1.16045	3683663916.8920617
1.16046	3464415715.446563
1.1604700000000001	3479525310.8636127
1.16048	3766083978.8549976
1.16049	3812764663.4746575
1.1605	3805397250.02708
1.16051	3810745978.596356
1.16052	3848043740.5430083
1.1605299999999998	3737575721.3234925
1.16054	3691390583.266259
1.16055	3823050193.6295824
1.16056	3795508776.5116973
1.16057	3838574730.5206113
1.16058	3748607761.0110507
1.16059	3622263168.9424386
1.1606	3710735507.819043
1.1606100000000001	3447942383.6719
1.16062	3472561932.1760874
1.1606299999999998	3385711900.2035584
1.16064	3742312067.173216
1.16065	3753358086.926808
1.16066	3737833912.8252096
1.16067	3782770556.4020405
1.16068	3567713732.2952785
1.16069	3214104552.9220376
1.1607	3622012960.509155
1.1607100000000001	3607281213.377812
1.16072	3774939537.434935
1.1607299999999998	3664206999.6245294
1.1607399999999999	3149633347.4730635
1.16075	3547153642.143546
1.16076	3776678361.684451
1.16077	3733704988.2626185
1.16078	3420266919.834981
1.16079	3655779557.3844295
1.1608	3763136744.8674793
1.1608100000000001	3780332500.1168313
1.16082	3718433337.1102223
1.16083	3551403349.8288207
1.1608399999999999	3535086133.619977
1.16085	3533865368.9556317
1.16086	3506226759.87366
1.16087	3578079617.2881603
1.16088	3546336973.859671
1.16089	3516575936.8944297
1.1609	3617178993.139072
1.16091	3702797825.3794775
1.1609200000000002	3751889161.958624
1.16093	3695557806.7493477
1.1609399999999999	3660243684.83565
1.16095	3684088038.787143
1.16096	3713983756.7124577
1.16097	3690880634.037352
1.16098	3619845211.2665596
1.16099	3632871194.6711164
1.161	3591368755.351737
1.16101	3456925339.304766
1.1610200000000002	3511478389.4540787
1.16103	3500982984.42479
1.16104	3356216746.023169
1.16105	3205974029.7864685
1.16106	2853513949.80544
1.16107	1521142848.5533078
1.16108	1468757170.991134
1.16109	2763312489.923715
1.1611	3186544589.7506905
1.16111	3317416496.945385
1.1611200000000002	3434393076.780823
1.16113	3379325301.836764
1.16114	3555085090.727444
1.16115	3545847063.1432433
1.16116	3658979699.74888
1.16117	3556968343.128427
1.1611799999999999	3547807112.1764336
1.16119	3649723803.242857
1.1612	3655695380.918432
1.16121	3368216507.606311
1.1612200000000001	3538017689.668552
1.16123	3025937823.755368
1.16124	3637642372.1910954
1.16125	3557295967.10715
1.16126	3621179057.2145557
1.16127	3714667960.818761
1.1612799999999999	3493252672.6472416
1.16129	3496632581.5573144
1.1613	3572728381.519295
1.16131	3776939254.394167
1.1613200000000001	3634209840.4528537
1.16133	3680865936.6781588
1.16134	3709454086.4857564
1.16135	3501869840.968874
1.16136	2919711900.422977
1.16137	2352935379.6537237
1.1613799999999999	3136967360.669612
1.16139	3515280621.062158
1.1614	3649303637.4488645
1.16141	3694877122.539326
1.1614200000000001	3505580948.519311
1.16143	3540707084.952821
1.16144	2958216805.8714104
1.16145	3314973034.4533834
1.16146	3610605172.6619105
1.16147	3753530939.434439
1.1614799999999998	3710735507.819043
1.16149	3744466935.329419
1.1615	3579233239.8105154
1.16151	3605786430.216427
1.16152	3686633795.8190527
1.16153	3755086970.2622743
1.16154	3725889751.1227837
1.16155	3703650524.253803
1.16156	3804959162.696858
1.16157	3755000507.184918
1.1615799999999998	3646195913.562097
1.16159	3701689610.332351
1.1616	3656284656.8854003
1.16161	3546826952.2644415
1.16162	3557132151.3458776
1.16163	3292835232.8960447
1.16164	3606533744.3551474
1.16165	3684003210.501763
1.1616600000000001	3735940922.587999
1.16167	3782422166.402501
1.1616799999999998	3800668574.9144053
1.16169	3795159213.332772
1.1617	3700752148.9747825
1.16171	3625100072.7934093
1.16172	3752061946.818218
1.16173	3787738602.0262337
1.16174	3804783941.886554
1.16175	3758633671.1329303
1.1617600000000001	3608776616.2033644
1.16177	3597907552.128445
1.16178	3753271663.658003
1.1617899999999999	3784774421.724784
1.1618	3762356980.8351083
1.16181	3818123747.413478
1.16182	3779027044.984727
1.16183	3577173460.443973
1.16184	3620345345.9111814
1.16185	3729408875.0549126
1.1618600000000001	3786256221.801232
1.1618700000000002	3702797825.3794775
1.16188	3664460122.819434
1.1618899999999999	3109853996.7978745
1.1619	3478323732.913997
1.16191	3682815819.574344
1.16192	3713727212.6642723
1.16193	3502353675.5878167
1.16194	3568042346.006497
1.16195	3614930899.173571
1.16196	3639066567.703056
1.1619700000000002	3766517590.25663
1.16198	3773983525.3658605
1.1619899999999999	3608610429.7251773
1.162	3553530112.5693464
1.16201	3712701213.6674743
1.16202	3371708338.651655
1.16203	3552548371.5523553
1.16204	3702712566.2903
1.16205	3672400179.9460516
1.16206	3598984696.8129306
1.1620700000000002	3562542056.6851606
1.16208	3735510831.25269
1.16209	3858246758.6159873
1.1621	3862246604.1668625
1.16211	3828952687.360302
1.16212	3718347718.0042276
1.1621299999999999	3787476963.349792
1.16214	3803294890.7485213
1.16215	3839723926.353781
1.16216	3716721329.5105205
1.1621700000000001	3740675196.7814455
1.16218	3835835728.253319
1.16219	3794285446.2297587
1.1622	3708002343.912915
1.16221	3730181810.456201
1.16222	3772245941.848605
1.1622299999999999	3582036443.2466035
1.16224	3779810263.9567823
1.16225	3776417486.995958
1.16226	3307958100.325381
1.1622700000000001	3040604962.7126694
1.16228	3725031932.0667367
1.16229	3500982984.42479
1.1623	3492850520.2209363
1.16231	3259117363.134842
1.16232	2887752709.4115787
1.1623299999999999	2930893245.250324
1.16234	3673922577.918613
1.16235	3644097598.474499
1.16236	3705271193.1346064
1.1623700000000001	3410750881.1367826
1.16238	3155803837.9121766
1.16239	3797956620.458719
1.1624	3829040853.2691393
1.16241	3715694503.322965
1.16242	3471522624.7208204
1.1624299999999999	3407924776.732323
1.16244	3707404732.711442
1.16245	3606782883.4851136
1.16246	3742570585.8613987
1.1624700000000001	3806185934.3331065
1.16248	3774852617.24059
1.16249	3474641480.6261044
1.1625	3623431036.8549914
1.16251	3468726035.078672
1.16252	3744122073.061295
1.1625299999999998	3758200967.3487825
1.16254	3718690206.257196
1.16255	3698792769.6107616
1.16256	3821290019.2786922
1.16257	3688586734.151142
1.16258	3721688324.4158535
1.16259	3784948721.0414286
1.1626	3838928292.600613
1.1626100000000001	3792189225.8645062
1.16262	3450960592.598075
1.1626299999999998	3332268594.0392613
1.16264	3708343879.27782
1.16265	3317110965.66491
1.16266	3668174605.8938313
1.16267	3599979270.433568
1.16268	3755519315.51362
1.16269	3608693522.007624
1.1627	3618761823.2122893
1.1627100000000001	3758200967.3487825
1.16272	3764956822.814923
1.1627299999999998	3697770896.583042
1.1627399999999999	3814608744.4510527
1.16275	3690115842.279486
1.16276	3588640879.2628727
1.16277	3616679295.912035
1.16278	3605786430.216427
1.16279	3702797825.3794775
1.1628	3736801253.821155
1.1628100000000001	3697941189.1470127
1.16282	3814345249.71502
1.16283	3826220550.869992
1.1628399999999999	3642587559.3601537
1.16285	3712273797.7485185
1.16286	3715608947.280223
1.16287	3562131927.4829044
1.16288	3502595617.9650335
1.16289	3472242112.130987
1.1629	3723316886.4013677
1.16291	3796207999.464869
1.1629200000000002	3650059970.708621
1.16293	3624515822.782493
1.1629399999999999	3746364245.672117
1.16295	3818475425.80158
1.16296	3716379022.589451
1.16297	3764350032.375842
1.16298	3777809026.929017
1.16299	3649051561.190703
1.163	3507599504.059139
1.16301	3652161719.0016365
1.1630200000000002	3684003210.501763
1.16303	3772767132.8867574
1.16304	3836719063.763878
1.16305	3802769482.4361005
1.16306	3788698098.482367
1.16307	3594843596.8227296
1.16308	3435975037.4731874
1.16309	3385711900.2035584
1.1631	3607447338.641915
1.16311	3794460183.555353
1.1631200000000002	3682731020.582572
1.16313	3827982996.3374944
1.16314	3750420811.8731375
1.16315	3575773487.5956936
1.16316	3672569304.1184554
1.16317	3794634928.9280686
1.1631799999999999	3603711370.003372
1.16319	3783903045.533147
1.1632	3732673469.964996
1.16321	3819090940.926452
1.1632200000000001	3827366048.0981393
1.16323	3603794349.4795175
1.16324	3653423348.834552
1.16325	3703479968.771273
1.16326	3743260056.34127
1.16327	3743604839.211064
1.1632799999999999	3756643646.1445856
1.16329	3716122313.087875
1.1633	3713641701.919565
1.16331	3673584212.7267137
1.1633200000000001	3801456279.182973
1.16333	3791927279.7604795
1.16334	3483774211.6010804
1.16335	3611602957.582321
1.16336	3660580821.262922
1.16337	3771290611.9387717
1.1633799999999999	3580387234.2767816
1.16339	3768165768.940756
1.1634	3739641752.8100734
1.16341	3627103930.762004
1.1634200000000001	3803294890.7485213
1.16343	3836719063.763878
1.16344	3857980249.5768547
1.16345	3843350567.307897
1.16346	3635883841.3569207
1.16347	3668428003.170734
1.1634799999999998	3697856041.8847446
1.16349	3724002809.8920355
1.1635	3843439064.7440042
1.16351	3839547104.603794
1.16352	3829040853.2691393
1.16353	3752321139.0274897
1.16354	3481448699.013206
1.16355	3532075676.6367617
1.16356	3328204473.4543066
1.16357	3291243390.7916164
1.1635799999999998	3564347186.2288804
1.16359	3676969267.4611716
1.1636	3494539871.5883145
1.16361	3589632594.386186
1.16362	3772854005.0604987
1.16363	3678493559.554534
1.16364	3528661507.7837114
1.16365	3736973343.8409033
1.1636600000000001	3666316893.9464083
1.16367	3778940030.6731253
1.1636799999999998	3590045889.901989
1.16369	2674915085.450453
1.1637	3489795674.3787413
1.16371	3844589716.8657584
1.16372	3808903764.981351
1.16373	3700922578.8336754
1.16374	3587814659.2893443
1.16375	3677477294.6309924
1.1637600000000001	3669357276.29078
1.16377	3680357441.3824615
1.16378	3811272488.978588
1.1637899999999999	3718262100.869677
1.1638	2940559693.324367
1.16381	2973719495.069291
1.16382	3627688597.960274
1.16383	3451278452.4525065
1.16384	3498807106.83191
1.16385	3749212013.8912783
1.1638600000000001	3626268855.363132
1.1638700000000002	3490518948.953978
1.16388	3649975925.9394584
1.1638899999999999	3182658197.9138355
1.1639	3530530762.6924396
1.16391	3635465268.855706
1.16392	3656705626.445225
1.16393	3744984288.2908583
1.16394	3764003338.8911357
1.16395	3795246601.109155
1.16396	3832569154.8182993
1.1639700000000002	3805660126.6358423
1.16398	3774765699.047632
1.1639899999999999	3789919627.3258553
1.164	3685021278.8516374
1.16401	3661676729.12511
1.16402	3611852446.8932266
1.16403	3696749305.8702545
1.16404	3531831697.9195695
1.16405	3439853921.4711113
1.16406	3706807217.8257666
1.1640700000000002	3655527033.8010316
1.16408	3645776153.908035
1.16409	3542664292.744101
1.1641	3475841786.551177
1.16411	3340565564.7329483
1.16412	3221291302.5180793
1.1641299999999999	2897343587.7013206
1.16414	1550957866.9287226
1.16415	1699965078.5632238
1.16416	2857129991.314963
1.1641700000000001	3101915764.82714
1.16418	3418219914.1765714
1.16419	3587319018.6147127
1.1642	3584511681.180101
1.16421	3639820779.287802
1.16422	3731212640.1877346
1.1642299999999999	3718347718.0042276
1.16424	3568617492.8348126
1.16425	3640658975.491757
1.16426	3502031111.748119
1.1642700000000001	3616762573.9891315
1.16428	3795071827.568528
1.16429	3563608613.616951
1.1643	3557295967.10715
1.16431	3603960314.163906
1.16432	3560409900.3595777
1.1643299999999999	3666907882.0369678
1.16434	3693516130.2215123
1.16435	3643678080.383983
1.16436	3756643646.1445856
1.1643700000000001	3715010110.1379604
1.16438	3727605981.9090056
1.16439	3772767132.8867574
1.1644	3711675498.1255274
1.16441	3634377205.854633
1.16442	3761577378.3785686
1.1644299999999999	3822522056.20973
1.16444	3754654674.7836494
1.16445	3751889161.958624
1.16446	3576844005.76475
1.1644700000000001	3745760451.760906
1.16448	3572399336.2281175
1.16449	3237203490.5236697
1.1645	3787651387.1259274
1.16451	3737145441.7858567
1.16452	3547153642.143546
1.1645299999999998	3157112080.241233
1.16454	3686888468.255678
1.16455	3780506594.8707156
1.16456	3776852288.1551666
1.16457	3818739205.8499227
1.16458	3752321139.0274897
1.16459	3624682741.747966
1.1646	3733533048.752757
1.1646100000000001	3813028049.0238895
1.16462	3739039042.349389
1.1646299999999998	3761923848.4137645
1.16464	3808991469.2413754
1.16465	3460588816.9068894
1.16466	3735682861.844898
1.16467	3684851581.257825
1.16468	3566235345.0844617
1.16469	3774070425.5483956
1.1647	3775200310.026779
1.1647100000000001	3700752148.9747825
1.16472	3778504989.167512
1.1647299999999998	3744294500.2249913
1.1647399999999999	3757681788.5617795
1.16475	3830539984.3656898
1.16476	3813028049.0238895
1.16477	3722802526.695338
1.16478	3333573230.8041363
1.16479	3720488787.2008767
1.1648	3804170732.591654
1.1648100000000001	3592526662.47662
1.16482	3612018782.6752744
1.16483	3642335947.016208
1.1648399999999999	3621095677.445346
1.16485	3808377581.827843
1.16486	3810131808.412117
1.16487	3771811670.984086
1.16488	3809079175.520888
1.16489	3747917305.5383143
1.1649	3764610073.4453254
1.1649100000000001	3298374771.585681
1.1649200000000002	3432811844.440558
1.16493	3767818724.029924
1.1649399999999999	3850170835.784008
1.16495	3760884534.0340533
1.16496	3729580624.635184
1.16497	3671216528.7909474
1.16498	3445164789.80338
1.16499	3369380049.2993317
1.165	3768686396.2432485
1.16501	3783990174.123704
1.1650200000000002	3700411312.8018785
1.16503	3522654095.185605
1.1650399999999999	3740761330.002542
1.16505	3593353967.5539002
1.16506	3656621428.65593
1.16507	3324987370.2294197
1.16508	3719546564.9087825
1.16509	3724174310.508088
1.1651	3739900087.0331187
1.16511	3779288099.941342
1.1651200000000002	3703053614.426259
1.16513	3785733167.305318
1.16514	3805923021.404105
1.16515	3751716385.0558987
1.16516	3831775003.6138353
1.16517	3763223395.2907877
1.1651799999999999	3705697802.802501
1.16519	3565414283.5819197
1.1652	3580222355.1478434
1.16521	3753098823.0901723
1.1652200000000001	3769120307.276503
1.16523	3785994685.520436
1.16524	3697941189.1470127
1.16525	3456845741.5736227
1.16526	3678324162.566367
1.16527	3794722304.632219
1.1652799999999999	3808640664.3177276
1.16529	3853807343.9031367
1.1653	3834687696.123879
1.16531	3777635056.3998823
1.1653200000000001	3700240906.487114
1.16533	3687312961.412326
1.16534	3811272488.978588
1.16535	3855493719.43831
1.16536	3825427715.1672883
1.16537	3777635056.3998823
1.1653799999999999	3704844632.579137
1.16539	3375981048.5542507
1.1654	3327897948.6102314
1.16541	3740502936.2889943
1.1654200000000001	3735424818.9274025
1.16543	3724002809.8920355
1.16544	3780245455.7463603
1.16545	3811009224.6949596
1.16546	3243918989.3239217
1.16547	3065561265.7698574
1.1654799999999998	3503160215.176948
1.16549	3529636647.7043834
1.1655	3747226977.240447
1.16551	3741881242.375002
1.1655200000000001	3608111916.207154
1.16553	3595009149.3002343
1.16554	3627354490.8792005
1.16555	3716550172.1090393
1.16556	3717406037.9428177
1.16557	3675699506.5603385
1.1655799999999998	3789657837.9947114
1.16559	3792538515.4848948
1.1656	3554266596.370284
1.16561	3306587350.507319
1.16562	3824370856.4446974
1.16563	3763136744.8674793
1.16564	3753703799.902421
1.16565	3753444512.1856046
1.1656600000000001	3728292695.5530524
1.16567	3625517451.88863
1.1656799999999998	3749730022.4548335
1.16569	3705612476.9396596
1.1657	3775721909.2541595
1.16571	3641748919.1344748
1.16572	3220401349.7952566
1.16573	3625433972.225341
1.16574	3100987388.5323453
1.16575	2894742917.3275504
1.1657600000000001	3738694679.9856615
1.16577	3510750771.848308
1.1657799999999998	3659569505.128163
1.1657899999999999	3506388231.3010416
1.1658	2932513364.327497
1.16581	3275367233.004919
1.16582	3613100151.9922185
1.16583	3393751196.1273036
1.16584	3478804314.2931757
1.16585	2842038782.3670783
1.1658600000000001	3271221861.9824324
1.16587	3786866543.3854313
1.16588	3657126644.4737506
1.1658899999999999	3688841541.4966283
1.1659	3699729734.6253266
1.16591	3282010755.8866405
1.16592	3657463493.7977743
1.16593	3795333990.89774
1.16594	3627103930.762004
1.16595	3576761646.8360724
1.16596	3618928477.190188
1.1659700000000002	3571083458.0834527
1.16598	3706465823.9860787
1.1659899999999999	3763570016.936726
1.166	3442468698.3677883
1.16601	3645440380.9782095
1.16602	3685954755.3211827
1.16603	3762703522.677651
1.16604	3764870132.4784145
1.16605	3678747669.664123
1.16606	3614847663.27186
1.1660700000000002	3663279030.8238244
1.16608	3667921226.1203732
1.16609	3789483321.820226
1.1661	3759326100.815002
1.16611	3693516130.2215123
1.16612	3723574092.903628
1.1661299999999999	3828335582.8378
1.16614	3789919627.3258553
1.16615	3671470136.2037125
1.16616	3723831317.173712
1.1661700000000002	3646951602.7332354
1.16618	3179874646.1681376
1.16619	3328587669.2127542
1.1662	3748694076.8883066
1.16621	3760971132.5976944
1.16622	3736887297.840392
1.1662299999999999	3748694076.8883066
1.16624	3760884534.0340533
1.16625	3830628186.8238273
1.16626	3821466000.239454
1.1662700000000001	3561885872.625166
1.16628	3607779612.1220703
1.16629	3642587559.3601537
1.1663	3730010033.190922
1.16631	3684851581.257825
1.16632	3701178238.338541
1.1663299999999999	3817332589.459031
1.16634	3776330532.7709575
1.16635	3766951251.582494
1.16636	3748953036.4453297
1.1663700000000001	3720660125.9864626
1.16638	3771898521.157266
1.16639	3763916670.509168
1.1664	3736887297.840392
1.16641	3742139731.3018336
1.16642	3785210185.0670466
1.1664299999999999	3846537759.1263046
1.16644	3803820371.6538143
1.16645	3734220854.303429
1.16646	3744294500.2249913
1.1664700000000001	3362559671.451823
1.16648	3003170574.376081
1.16649	3656284656.8854003
1.1665	3633540455.9150763
1.16651	3734736791.618675
1.16652	3679594830.1478386
1.1665299999999998	3790181434.741375
1.16654	3232362055.742305
1.16655	3560327919.8357897
1.16656	3652161719.0016365
1.16657	3721602630.3618693
1.16658	3699559359.697675
1.16659	3771030109.4099917
1.1666	3711248200.28964
1.1666100000000001	3661929677.529099
1.16662	3780419546.4916115
1.1666299999999998	3439457916.4493484
1.16664	3487305542.2501526
1.16665	3722459659.7011166
1.16666	3600062163.97394
1.16667	3752148342.2319427
1.16668	3697089804.744338
1.16669	3448259965.526228
1.1667	3572399336.2281175
1.1667100000000001	3770422340.1516533
1.16672	3073406461.543424
1.1667299999999998	3232510914.943577
1.1667399999999999	3687143158.2850456
1.16675	3670793888.6979175
1.16676	3695727997.3944335
1.16677	3793062510.2393537
1.16678	3666992316.683331
1.16679	3559508218.411589
1.1668	3758806766.5957875
1.1668100000000001	3818211663.9739027
1.16682	3844147117.5957737
1.16683	3777374115.6275263
1.1668399999999999	3785035873.709831
1.16685	3759845506.787831
1.16686	3777722040.662995
1.16687	3737575721.3234925
1.16688	3718433337.1102223
1.16689	3798044072.6485386
1.1669	3609857014.877697
1.1669100000000001	3399930191.0715346
1.1669200000000002	3783206089.0275006
1.16693	3834422814.4309225
1.1669399999999999	3724517335.434773
1.16695	3743346249.081643
1.16696	3786517776.148922
1.16697	3795508776.5116973
1.16698	3743863447.2038746
1.16699	3805222009.042574
1.167	3770682800.695786
1.16701	3802419250.5522256
1.1670200000000002	3631867533.931437
1.16703	3254243154.8236804
1.1670399999999999	3404552220.7919555
1.16705	3729924147.524733
1.16706	3529799197.2217774
1.16707	3656874027.8400726
1.16708	3560491882.7710433
1.16709	3592113081.36776
1.1671	3655106199.923889
1.16711	3799531068.0067935
1.1671200000000002	3734306838.906087
1.16713	3576761646.8360724
1.16714	3197716810.244522
1.16715	3644097598.474499
1.16716	3443975077.508058
1.16717	3575938161.842006
1.1671799999999999	3718347718.0042276
1.16719	3614681197.218061
1.1672	3635883841.3569207
1.16721	3686039628.5430603
1.1672200000000001	3472641891.790059
1.16723	3660075128.2659206
1.16724	3779288099.941342
1.16725	3756297662.411596
1.16726	3683494281.8056226
1.16727	3788087481.7101393
1.1672799999999999	3655863735.788683
1.16729	3684088038.787143
1.1673	3765650417.3718486
1.16731	3711077294.9292555
1.1673200000000001	3650144017.4130087
1.16733	3704162237.830115
1.16734	3063162241.636548
1.16735	3411929116.2192802
1.16736	3700837362.9231634
1.16737	3814872257.389285
1.1673799999999999	3819354763.4945273
1.16739	3771030109.4099917
1.1674	3810395012.0838823
1.16741	3764350032.375842
1.1674200000000001	3794722304.632219
1.16743	3647371497.723635
1.16744	3658979699.74888
1.16745	3595754229.8029475
1.16746	3685615281.975824
1.16747	3719632211.61955
1.1674799999999999	3595174709.4019027
1.16749	3766691048.795755
1.1675	3816014357.155469
1.16751	3634460891.445857
1.1675200000000001	3608028837.3165197
1.16753	3706124461.5884767
1.16754	3762183721.8826084
1.16755	3845032367.0948005
1.16756	3831686774.7495847
1.16757	3780854808.4314713
1.1675799999999998	3774591868.6656833
1.16759	3656621428.65593
1.1676	3759845506.787831
1.16761	3751802772.512677
1.16762	3768426073.6010876
1.16763	3763916670.509168
1.16764	3689436160.424028
1.16765	3789745099.095788
1.1676600000000001	3805309628.526059
1.16767	3791228845.272396
1.1676799999999998	3653086871.6044793
1.16769	3707746213.031802
1.1677	3490920832.932769
1.16771	2786762770.601108
1.16772	3560409900.3595777
1.16773	3796557659.2450304
1.16774	3599564831.360898
1.16775	3594926372.108485
1.1677600000000001	3709881177.7547684
1.16777	3585254586.039165
1.1677799999999998	3616679295.912035
1.1677899999999999	3567467291.8734403
1.1678	3719717860.302445
1.16781	3569768064.6369367
1.16782	3403690010.157694
1.16783	3562624088.191905
1.16784	3743346249.081643
1.16785	3621095677.445346
1.1678600000000001	3678662964.3438854
1.16787	3388519584.0405736
1.16788	3256641853.397099
1.1678899999999999	2881442781.7478027
1.1679	3563362456.7568707
1.16791	3620512072.8146896
1.16792	3652414010.1093087
1.16793	3699474175.176082
1.16794	3658895449.5977306
1.16795	3784948721.0414286
1.16796	3766604318.527693
1.1679700000000002	3673415041.8171325
1.16798	3726919394.750652
1.1679899999999999	3793237191.2453685
1.168	3754914046.0984244
1.16801	3759845506.787831
1.16802	3803207317.6555543
1.16803	3744294500.2249913
1.16804	3611187180.360245
1.16805	3320855663.6047173
1.16806	3734650797.1161046
1.1680700000000002	3799093656.006858
1.16808	3797519389.7133226
1.16809	3817596290.5603094
1.1681	3768252535.1629725
1.16811	3569192732.373302
1.16812	3720488787.2008767
1.16813	3627521540.5731797
1.16814	3497840484.2514043
1.16815	3420660715.2844167
1.16816	3521113302.198447
1.1681700000000002	3640994308.0175815
1.16818	3779375122.2676263
1.16819	3762010470.9087796
1.1682	3809166883.819951
1.16821	3790530539.4288507
1.16822	3817244693.139827
1.1682299999999999	3677561972.649862
1.16824	3101130197.567302
1.16825	3587566830.3926177
1.16826	3773983525.3658605
1.1682700000000001	3742312067.173216
1.16828	3814257422.181064
1.16829	3802681921.440967
1.1683	3733017277.7292457
1.16831	3707063283.841133
1.16832	3453742859.214428
1.1683299999999999	3410201177.3494334
1.16834	3264299511.290167
1.16835	3055765335.741663
1.16836	3683579098.3723364
1.1683700000000001	3666401314.9845967
1.16838	3727434323.262299
1.16839	3828688201.814018
1.1684	3819794508.274949
1.16841	3811799072.1059275
1.16842	3816893128.101172
1.1684299999999999	3807500771.4334054
1.16844	3769641066.462435
1.16845	3774591868.6656833
1.16846	3753790233.121645
1.1684700000000001	3754481770.527284
1.16848	3616929135.896081
1.16849	3589301992.231163
1.1685	3659148205.8711
1.16851	3570590128.750039
1.16852	3577338199.162889
1.1685299999999998	3660580821.262922
1.16854	3616429473.1857133
1.16855	3663532089.9147162
1.16856	3656368846.9201336
1.16857	3684172869.0257745
1.16858	3688077172.2615485
1.16859	3633038498.4245443
1.1686	3587236418.492728
1.16861	3660159405.580488
1.16862	3309177021.646803
1.1686299999999998	2827417879.617452
1.16864	3411771994.6947436
1.16865	3322461827.97495
1.16866	3720488787.2008767
1.16867	3737059391.822705
1.16868	3655022038.9623275
1.16869	3574867914.784124
1.1687	3735338808.5825844
1.1687100000000001	3693175960.479859
1.16872	3672484741.0586886
1.1687299999999998	3672738436.079479
1.16874	3723917062.5456824
1.16875	3798831232.9781666
1.16876	3756730147.05705
1.16877	3799706046.90776
1.16878	3761317546.793019
1.16879	3699474175.176082
1.1688	3622763637.6633353
1.1688100000000001	3130329110.77493
1.16882	3177313002.342044
1.16883	3702797825.3794775
1.1688399999999999	3796819925.2154036
1.16885	3618595176.908914
1.16886	3375903314.612836
1.16887	3689096366.4441752
1.16888	3690710666.616459
1.16889	3477763138.547451
1.1689	3551158036.049375
1.1689100000000001	3764176681.64204
1.1689200000000002	3785471667.1545987
1.16893	3774331138.1020436
1.1689399999999999	3700496518.902111
1.16895	3459314123.692834
1.16896	3547562046.807704
1.16897	3708258492.4875183
1.16898	3700496518.902111
1.16899	3603545416.7830215
1.169	3634377205.854633
1.16901	3666739018.5766973
1.1690200000000002	3715694503.322965
1.16903	3571083458.0834527
1.1690399999999999	3784251571.932976
1.16905	3742656762.7259593
1.16906	3499693412.19043
1.16907	3499048804.2123747
1.16908	3543235348.7838483
1.16909	3547153642.143546
1.1691	3582366376.189002
1.16911	3685190984.2604938
1.1691200000000002	3734994787.0073023
1.16913	3722116824.2846427
1.16914	3416488789.392262
1.16915	3170078378.1326933
1.16916	3632118423.1180487
1.16917	3722973972.035033
1.1691799999999999	3703224150.2739935
1.16919	3645776153.908035
1.1692	3546745284.496006
1.16921	3482009887.4697757
1.1692200000000001	3641665065.732128
1.16923	3641832774.467624
1.16924	3621012299.5960035
1.16925	3529392837.463536
1.16926	3448577576.632273
1.16927	3290561408.341359
1.1692799999999999	3337413358.949257
1.16929	3174972733.89709
1.1693	2905561016.415553
1.16931	1905197487.0203462
1.1693200000000001	1336041658.8476539
1.16933	2208767482.5510254
1.16934	876334682.4837296
1.16935	1501550697.3155565
1.16936	2746945227.9682884
1.16937	2787918026.505718
1.1693799999999999	3149343268.8801084
1.16939	3429809508.4031816
1.1694	3505984566.67471
1.16941	3535655968.106331
1.1694200000000001	3462581465.437922
1.16943	3515442509.4448705
1.16944	3627354490.8792005
1.16945	3654517113.8864346
1.16946	3675360977.7148004
1.16947	3530855951.56788
1.1694799999999999	3216695859.185658
1.16949	3127231269.4992275
1.1695	3661002285.465422
1.16951	3488108616.47957
1.1695200000000001	3476001858.6666055
1.16953	3698111489.553441
1.16954	3686803575.488769
1.16955	3702030564.2462463
1.16956	3704418121.13044
1.16957	3566071117.6590843
1.1695799999999998	3602301011.202834
1.16959	3553693762.446783
1.1696	3624348911.5037313
1.16961	3783380316.118092
1.16962	3693431084.848819
1.16963	3529880474.7876406
1.16964	3582943831.9642787
1.16965	3731384472.8363876
1.1696600000000001	3765650417.3718486
1.16967	3769293885.6779213
1.1696799999999998	3751716385.0558987
1.16969	3704332824.733004
1.1697	3698452113.895056
1.16971	3638815198.5721965
1.16972	3723402619.9279957
1.16973	3560819831.294721
1.16974	3676461310.4730353
1.16975	3650564279.964889
1.1697600000000001	3753012405.7910695
1.16977	3613432946.139686
1.1697799999999998	3546826952.2644415
1.1697899999999999	3638898986.3531556
1.1698	3663869529.2292523
1.16981	3537203124.773304
1.16982	3475441638.5118265
1.16983	3717063667.960675
1.16984	3739125137.896204
1.16985	3764523391.0929394
1.1698600000000001	3715865621.3185353
1.16987	3609275221.559445
1.16988	3495747051.3611507
1.1698899999999999	3512610538.816342
1.1699	3483613781.563813
1.16991	3680781182.5835676
1.16992	3741708926.3433776
1.16993	3665472790.468525
1.16994	3666739018.5766973
1.16995	3588888782.354815
1.16996	3586740857.699511
1.1699700000000002	3665135203.4949713
1.16998	3720488787.2008767
1.1699899999999999	3747140695.1440344
1.17	3689775985.701504
1.17001	3544296125.6566772
1.17002	3392501122.267384
1.17003	3048877673.2689004
1.17004	3739211235.4254646
1.17005	3817068906.572965
1.17006	3807588443.3879375
1.1700700000000002	3803557622.126434
1.17008	3808465273.9719133
1.17009	3757768313.3786316
1.1701	3585254586.039165
1.17011	3663110334.474481
1.17012	3509215185.321002
1.17013	2828720253.5293627
1.17014	3363334018.5757995
1.17015	3456686551.609675
1.17016	3713385181.4988565
1.1701700000000002	3746709314.461481
1.17018	3797519389.7133226
1.17019	3484255546.043736
1.1702	3493896212.840076
1.17021	3760884534.0340533
1.17022	3726318734.726544
1.1702299999999999	3653507472.984474
1.17024	3708087724.8051105
1.17025	3664713263.500088
1.17026	3564757570.486906
1.1702700000000001	3753963105.530818
1.17028	3720317456.3055367
1.17029	3511640102.7335224
1.1703	3758893317.3165293
1.17031	3792276545.253629
1.17032	3708514658.756864
1.1703299999999999	3570261280.3901505
1.17034	3753530939.434439
1.17035	3711333655.9213014
1.17036	3776765323.9186153
1.1703700000000001	3706977926.537291
1.17038	3174972733.89709
1.17039	2988821646.9593763
1.1704	3758374042.8844347
1.17041	3756124682.4945965
1.17042	3770075087.4124875
1.1704299999999999	3770248709.784183
1.17044	3773027755.409013
1.17045	3717234849.0100737
1.17046	3688671667.977255
1.1704700000000001	3687992252.1240335
1.17048	3709966601.9092097
1.17049	3543235348.7838483
1.1705	3672400179.9460516
1.17051	3736112972.987102
1.17052	3709881177.7547684
1.1705299999999998	3561721845.4958005
1.17054	3116305312.21428
1.17055	3611935613.8267517
1.17056	3702201052.9796786
1.17057	3679086510.449883
1.17058	3781551331.7753153
1.17059	3693601177.552471
1.1706	3524276710.9394794
1.17061	3696834427.648706
1.17062	3794372813.8866944
1.1706299999999998	3771811670.984086
1.17064	3763916670.509168
1.17065	3592940291.203506
1.17066	3721602630.3618693
1.17067	3578079617.2881603
1.17068	3142606467.858067
1.17069	3682900620.518723
1.1707	3755692267.5518126
1.1707100000000001	3824635043.7490125
1.17072	3815575047.555977
1.1707299999999998	3634879348.3071923
1.17074	3754481770.527284
1.17075	3685106130.5791626
1.17076	3638982776.0634375
1.17077	3388753662.7657104
1.17078	3641413517.1095986
1.17079	3798131526.8520274
1.1708	3768165768.940756
1.1708100000000001	3753444512.1856046
1.17082	3795683570.1750307
1.17083	3834511106.295541
1.1708399999999999	3751025357.006174
1.17085	3715608947.280223
1.17086	3696749305.8702545
1.17087	3761404155.327262
1.17088	3669695252.1495028
1.17089	3570096867.567884
1.1709	3722031120.3641977
1.1709100000000001	3691475581.654126
1.1709200000000002	3747313261.323601
1.17093	3830892806.384142
1.1709399999999999	3425468672.1129737
1.17095	3375670123.52763
1.17096	3466490385.5235653
1.17097	3653002757.13915
1.17098	3770161897.598877
1.17099	3748435135.218944
1.171	3740933602.3947215
1.17101	3760797937.4643793
1.1710200000000002	3681374502.229916
1.17103	3657295065.2576413
1.1710399999999999	3445958159.6487427
1.17105	3413972354.624752
1.17106	3673753391.427098
1.17107	3671216528.7909474
1.17108	3689436160.424028
1.17109	3636135007.989789
1.1711	3787389754.47387
1.17111	3794547555.235796
1.1711200000000002	3801018645.5476685
1.17113	3677138602.052662
1.17114	3660412249.167859
1.17115	3709710335.346663
1.17116	3506388231.3010416
1.17117	3636386191.9732466
1.1711799999999999	3687058259.653764
1.17119	3677731334.537078
1.1712	3585419696.9162364
1.17121	3715095652.391794
1.1712200000000001	3682307054.910992
1.17123	3543969698.9524474
1.17124	3770075087.4124875
1.17125	3778156992.023142
1.17126	3739986202.406449
1.17127	3778940030.6731253
1.1712799999999999	3749039360.2729225
1.17129	3613932194.83596
1.1713	3611270331.9752517
1.17131	3758027899.78337
1.1713200000000001	3685700147.3809485
1.17133	3744380716.784589
1.17134	3487144949.5928297
1.17135	3547316998.366906
1.17136	3757941368.989373
1.17137	3487225244.9970384
1.1713799999999999	3474961521.6713862
1.17139	3375903314.612836
1.1714	3488751209.014947
1.17141	3481929712.15223
1.1714200000000001	3720317456.3055367
1.17143	3752061946.818218
1.17144	3709539500.805945
1.17145	3684427371.4617133
1.17146	3615680108.5412736
1.17147	3400321645.0337615
1.1714799999999999	3657295065.2576413
1.17149	3693005887.3577256
1.1715	3750334456.2368116
1.17151	3718604581.2366533
1.1715200000000001	3723231154.848789
1.17153	3778330986.588854
1.17154	3741967403.3666444
1.17155	3619011807.0572085
1.17156	3363798712.4414077
1.17157	3632787545.683592
1.1715799999999998	3545438855.912511
1.17159	3719974818.1842017
1.1716	3723231154.848789
1.17161	3710906397.439187
1.17162	3671639217.5450177
1.17163	3531506419.1786933
1.17164	3693601177.552471
1.17165	3706551169.498188
1.1716600000000001	3753530939.434439
1.17167	3825603886.680391
1.1716799999999998	3752321139.0274897
1.17169	3414679914.5036273
1.1717	3539810392.787899
1.17171	3534109488.1586947
1.17172	3584676757.8443513
1.17173	3303086903.231147
1.17174	3050984490.9384127
1.17175	3499854582.7391176
1.1717600000000001	3641161985.862817
1.17177	3402122913.8469405
1.1717799999999998	3572399336.2281175
1.1717899999999999	3726232934.054664
1.1718	3742742941.574824
1.17181	3738350349.3374195
1.17182	3809956349.3981595
1.17183	3766170697.1416736
1.17184	3795858371.8880796
1.17185	3715780061.3357162
1.1718600000000001	3578821189.0754023
1.17187	3499048804.2123747
1.17188	3727262672.520568
1.1718899999999999	3690965620.6830697
1.1719	3333419717.6183877
1.17191	3381037595.9916472
1.17192	2764648993.0767355
1.17193	3020786279.192815
1.17194	3667161191.808679
1.17195	3613266545.234518
1.1719600000000001	3542011769.9663286
1.1719700000000002	3363953624.663782
1.17198	3678154773.3790555
1.1719899999999999	3720917148.959891
1.172	3708856241.309899
1.17201	3752148342.2319427
1.17202	3558115159.083028
1.17203	3662857304.5164165
1.17204	3656284656.8854003
1.17205	3791927279.7604795
1.17206	3724517335.434773
1.1720700000000002	3533865368.9556317
1.17208	3334187354.247475
1.1720899999999999	3725289257.0442605
1.1721	3738780767.6031485
1.17211	3724088559.2128325
1.17212	3692580738.8164854
1.17213	3772332802.0213566
1.17214	3723574092.903628
1.17215	3691560581.9991765
1.17216	3778156992.023142
1.1721700000000002	3770856451.054342
1.17218	3809079175.520888
1.17219	3783467432.6722217
1.1722	3785820338.036472
1.17221	3714582428.412776
1.17222	3642587559.3601537
1.1722299999999999	3605039270.9295554
1.17224	3319861760.5105443
1.17225	3702201052.9796786
1.17226	3779810263.9567823
1.1722700000000001	3802944610.474997
1.17228	3713043181.8342237
1.17229	3677477294.6309924
1.1723	3524682481.6479797
1.17231	3606616788.819597
1.17232	3642419815.8663297
1.1723299999999999	3697089804.744338
1.17234	3692410693.1046915
1.17235	3694111502.664334
1.17236	3714411369.509047
1.1723700000000001	3684681891.4786797
1.17238	3695557806.7493477
1.17239	3752580349.141758
1.1724	3755259902.3897743
1.17241	3705783130.630066
1.17242	3716293450.7852664
1.1724299999999999	3695387623.941666
1.17244	3660075128.2659206
1.17245	3762010470.9087796
1.17246	3799531068.0067935
1.1724700000000001	3751889161.958624
1.17248	3741105882.720536
1.17249	3756124682.4945965
1.1725	3711931900.4413986
1.17251	3712957686.839727
1.17252	3748866714.6053934
1.1725299999999999	3696408838.3558474
1.17254	3650732398.5337677
1.17255	3661508106.562788
1.17256	3386335628.829375
1.1725700000000001	3635465268.855706
1.17258	3675022480.047485
1.17259	3783903045.533147
1.1726	3795508776.5116973
1.17261	3425074323.158915
1.17262	3760711342.8886576
1.1726299999999998	3760624750.3068266
1.17264	3709966601.9092097
1.17265	3703394693.9753594
1.17266	3656621428.65593
1.17267	3651741272.5483766
1.17268	3518438789.655301
1.17269	3280424146.6156354
1.1727	3608194997.0107703
1.1727100000000001	3682900620.518723
1.17272	3633958806.8012557
1.1727299999999998	3718604581.2366533
1.17274	3726404537.374079
1.17275	3417983800.065198
1.17276	3630613347.927654
1.17277	3781725482.659765
1.17278	3426730893.904686
1.17279	3689860946.911461
1.1728	3791316142.5476685
1.1728100000000001	3775200310.026779
1.17282	3702968349.4474044
1.1728299999999998	3745501712.732204
1.1728399999999999	3824282798.065257
1.17285	3803382465.8579726
1.17286	3770943279.2325015
1.17287	3732673469.964996
1.17288	3786517776.148922
1.17289	3631616662.0750527
1.1729	3603130567.166214
1.1729100000000001	3692070625.17287
1.17292	3671301062.648696
1.17293	3708514658.756864
1.1729399999999999	3733189193.4864273
1.17295	3776330532.7709575
1.17296	3725203480.0766926
1.17297	3725031932.0667367
1.17298	3673837983.69894
1.17299	3632118423.1180487
1.173	3456368193.6738267
1.17301	3362249982.5228043
1.1730200000000002	3778243988.3044047
1.17303	3821466000.239454
1.1730399999999999	3829658071.47695
1.17305	3751802772.512677
1.17306	3745674203.432102
1.17307	3761317546.793019
1.17308	3658221518.22148
1.17309	3740416809.0175643
1.1731	3701519145.1511655
1.17311	3674514791.999406
1.1731200000000002	3785907510.7748294
1.17313	3778243988.3044047
1.17314	3714240318.482706
1.17315	3670878412.8239064
1.17316	3661676729.12511
1.17317	3730010033.190922
1.17318	3738178195.9057007
1.17319	3131338372.320461
1.1732	2623735188.984493
1.17321	3647539469.256072
1.1732200000000002	3735166793.8342485
1.17323	3777983005.4699907
1.17324	3420975784.2885084
1.17325	3143474922.0906577
1.17326	3179801427.6915236
1.17327	3406277297.3522043
1.1732799999999999	3642419815.8663297
1.17329	3375747852.099574
1.1733	3723402619.9279957
1.17331	3775721909.2541595
1.1733200000000001	3775461100.632762
1.17333	3720060474.7559943
1.17334	3763916670.509168
1.17335	3745156755.1619477
1.17336	3817244693.139827
1.17337	3806448865.4241323
1.1733799999999999	3666316893.9464083
1.17339	3695387623.941666
1.1734	3725803960.3285027
1.17341	3729580624.635184
1.1734200000000001	3753185242.379145
1.17343	3655779557.3844295
1.17344	3259717770.037201
1.17345	3488269253.5164013
1.17346	3777548074.139618
1.17347	3822698093.9091954
1.1734799999999999	3798743762.663519
1.17349	3734994787.0073023
1.1735	3750420811.8731375
1.17351	3718005261.29414
1.1735200000000001	3614597967.065869
1.17353	3453265739.964061
1.17354	3057947323.91212
1.17355	3472322064.380746
1.17356	3784338708.5487423
1.17357	3808289891.702936
1.1735799999999998	3678154773.3790555
1.17359	3613266545.234518
1.1736	3582201405.9193096
1.17361	3441042210.1237245
1.17362	3633707790.489833
1.17363	3500660546.824586
1.17364	3665388390.8101573
1.17365	3683409467.1918597
1.17366	3640994308.0175815
1.17367	3690625685.8412085
1.1736799999999998	3587649438.1227055
1.17369	3238023527.3855667
1.1737	3588227745.4955864
1.17371	3421527224.877276
1.17372	3468566298.0195866
1.17373	3771724822.810698
1.17374	3685700147.3809485
1.17375	3739986202.406449
1.1737600000000001	3478163553.874756
1.17377	2861607069.1604
1.1737799999999998	3321543924.66457
1.17379	3664291372.0800457
1.1738	3593023022.6635256
1.17381	3678578260.9740376
1.17382	3193449111.898872
1.17383	3582531354.0560465
1.17384	3751457234.620094
1.17385	3762356980.8351083
1.1738600000000001	3598404655.764083
1.17387	3505661668.43297
1.17388	3230204367.5017276
1.1738899999999999	3538180625.1560793
1.1739	3563772727.637201
1.17391	3589797906.8826494
1.17392	3742053566.3422394
1.17393	3554757670.3685684
1.17394	3608194997.0107703
1.17395	3081697457.088304
1.1739600000000001	3502273031.8426313
1.1739700000000002	3588971420.524337
1.17398	3523303051.819477
1.1739899999999999	3688501802.28068
1.174	3507357216.0376687
1.17401	3363876167.6608486
1.17402	2668824402.7191978
1.17403	3311768720.979086
1.17404	3580139918.4306927
1.17405	3638563846.8047166
1.17406	3710735507.819043
1.1740700000000002	3778940030.6731253
1.17408	3756816649.9613104
1.1740899999999999	3813379258.0592113
1.1741	3691900602.9521217
1.17411	3733533048.752757
1.17412	3637223597.2431903
1.17413	3659148205.8711
1.17414	3641748919.1344748
1.17415	3671385598.452946
1.17416	3632703898.6221337
1.1741700000000002	3683409467.1918597
1.17418	3596085426.258381
1.17419	3736457097.5558767
1.1742	3502595617.9650335
1.17421	3504047623.249374
1.17422	3664375746.4783325
1.1742299999999999	3770682800.695786
1.17424	3669188300.034319
1.17425	3708685446.1007595
1.17426	3598238946.9213123
1.1742700000000001	3642084352.0524263
1.17428	3692750792.3593535
1.17429	3757681788.5617795
1.1743	3670709366.518146
1.17431	3739900087.0331187
1.17432	3788523626.5044866
1.1743299999999999	3662857304.5164165
1.17434	3630780547.701017
1.17435	3696153508.298067
1.17436	3656032098.4121556
1.1743700000000001	3480807451.5259814
1.17438	3792538515.4848948
1.17439	3749212013.8912783
1.1744	3707234004.3452196
1.17441	3821729986.876496
1.17442	3725889751.1227837
1.1744299999999999	3734822788.101366
1.17444	3671047466.9147305
1.17445	3703138881.3684354
1.17446	3608194997.0107703
1.1744700000000001	3644936779.5658493
1.17448	3625350494.4842205
1.17449	3744208285.6505647
1.1745	3804608729.1452804
1.17451	3702286300.290676
1.17452	3628106275.0876245
1.1745299999999999	3776591401.452658
1.17454	3639653163.2059755
1.17455	3529149044.063907
1.17456	3575444161.8528113
1.1745700000000001	3538099156.474376
1.17458	3730525388.719561
1.17459	3666232474.852064
1.1746	3648463450.967082
1.17461	3768079004.7163982
1.17462	3784077304.7204947
1.1746299999999998	3811535771.4484816
1.17464	3809605455.609858
1.17465	3742484410.981126
1.17466	3723488355.4287343
1.17467	3528417764.900802
1.17468	3420424432.5742855
1.17469	3650984590.90407
1.1747	3618678499.1013083
1.1747100000000001	3637307348.375753
1.17472	3666485737.9666734
1.1747299999999998	3398756099.5553393
1.17474	3630028209.3533897
1.17475	3647119554.928348
1.17476	3577667699.3611026
1.17477	3483613781.563813
1.17478	3691560581.9991765
1.17479	3789396066.7467093
1.1748	3796382825.32935
1.1748100000000001	3756989661.745323
1.17482	3645692207.776263
1.1748299999999998	3462342287.0449734
1.1748399999999999	3746277983.4406047
1.17485	3800581062.293898
1.17486	3773983525.3658605
1.17487	3675022480.047485
1.17488	3707234004.3452196
1.17489	3727863484.7017355
1.1749	3714582428.412776
1.1749100000000001	3798306441.3002434
1.17492	3774939537.434935
1.17493	3691050609.2856994
1.1749399999999999	3781464259.3405313
1.17495	3611602957.582321
1.17496	3555085090.727444
1.17497	3371164927.2715125
1.17498	3571247916.340952
1.17499	3773809731.003511
1.175	3426336399.640338
1.17501	3556313185.6898537
1.1750200000000002	3796382825.32935
1.17503	3475441638.5118265
1.1750399999999999	3705697802.802501
1.17505	3789483321.820226
1.17506	3742312067.173216
1.17507	3628524000.3045993
1.17508	3500821761.9124804
1.17509	3659990852.8918877
1.1751	3694621898.285072
1.17511	3780593645.254206
1.1751200000000002	3709881177.7547684
1.17513	3759932081.42671
1.17514	3791490743.1286263
1.17515	3649471697.961673
1.17516	3375203789.6792583
1.17517	3711590034.622734
1.17518	3631951161.734679
1.17519	3713470686.336895
1.1752	3773462166.288485
1.17521	3674007174.0861626
1.1752200000000002	2839553136.2429714
1.17523	3350271477.553755
1.17524	3628524000.3045993
1.17525	3250798120.5996447
1.17526	3304151864.2863607
1.17527	3501224832.114731
1.1752799999999999	2844788606.9871264
1.17529	3543316935.7320967
1.1753	3689096366.4441752
1.17531	3749039360.2729225
1.1753200000000001	3803732786.4613256
1.17533	3427204346.9773636
1.17534	3415308979.7263656
1.17535	3736801253.821155
1.17536	3626268855.363132
1.17537	3507437976.8518696
1.1753799999999999	3688247018.402737
1.17539	3815838627.2463684
1.1754	3603213533.2687106
1.17541	3046702156.7175655
1.1754200000000001	3026495273.4428334
1.17543	3492528831.613873
1.17544	3601803369.302982
1.17545	3710564626.06849
1.17546	3333726751.059604
1.17547	3385789859.9986033
1.1754799999999999	3249002159.457463
1.17549	3645356442.577806
1.1755	3549441313.9902854
1.17551	3428861947.9300184
1.1755200000000001	3431389357.7981954
1.17553	3424680019.603343
1.17554	3735424818.9274025
1.17555	3601886304.8452663
1.17556	3681544039.6946354
1.17557	3419636941.4100213
1.1755799999999998	3498968236.5637736
1.17559	3596747910.689234
1.1756	3692665764.609012
1.17561	3785733167.305318
1.17562	3808991469.2413754
1.17563	3771898521.157266
1.17564	3693771278.089377
1.17565	3710650065.9600916
1.17566	3351583162.73716
1.17567	3179508570.643651
1.1756799999999998	3591864955.5568104
1.17569	3633373129.0461693
1.1757	3490036749.250004
1.17571	3678070081.710587
1.17572	3723745573.776078
1.17573	3717149257.4999695
1.17574	3691475581.654126
1.17575	3584676757.8443513
1.1757600000000001	3621429208.0418515
1.17577	3585749941.4821787
1.1757799999999998	3668259069.7079105
1.17579	3631951161.734679
1.1758	3748089907.482934
1.17581	3652245814.101124
1.17582	3667498965.3912454
1.17583	3673330459.2837753
1.17584	3688501802.28068
1.17585	3659569505.128163
1.1758600000000001	3747831007.546673
1.17587	3656958231.4457297
1.17588	3756470650.2948136
1.1758899999999999	3612351477.2203755
1.1759	2946727662.0143394
1.17591	3493654871.3757215
1.17592	3585172033.4519496
1.17593	2994332333.8672667
1.17594	3504773851.5999107
1.17595	3705100563.019235
1.1759600000000001	3704332824.733004
1.1759700000000002	3789657837.9947114
1.17598	3766691048.795755
1.1759899999999999	3730010033.190922
1.176	3655779557.3844295
1.17601	3687312961.412326
1.17602	3441279917.108665
1.17603	3570672345.572625
1.17604	3699388992.6159124
1.17605	3484335774.9162173
1.17606	3527361740.2826586
1.1760700000000002	3561475818.9645433
1.17608	3739211235.4254646
1.1760899999999999	3703479968.771273
1.1761	3726061338.6376767
1.17611	3573715699.249503
1.17612	3496471559.3838615
1.17613	3483693995.6589375
1.17614	3622763637.6633353
1.17615	3719460920.17008
1.17616	3720317456.3055367
1.1761700000000002	3677392618.561885
1.17618	3565660582.182057
1.17619	3673330459.2837753
1.1762	3654937879.9386363
1.17621	3723831317.173712
1.17622	3617178993.139072
1.1762299999999999	3777113192.879698
1.17624	3644433247.723775
1.17625	3100773187.3106422
1.17626	2913801751.352422
1.1762700000000001	3261444556.0803714
1.17628	3725546599.7977633
1.17629	3693686226.8417544
1.1763	3435500372.7685513
1.17631	3284354296.001104
1.17632	3345415001.22526
1.1763299999999999	3735080789.430625
1.17634	3678070081.710587
1.17635	3567385148.849093
1.17636	3712530241.394906
1.1763700000000001	3782944763.4351516
1.17638	3684681891.4786797
1.17639	3722631089.250825
1.1764	3706124461.5884767
1.17641	3415780854.694274
1.17642	3571247916.340952
1.1764299999999999	3721174189.688435
1.17644	3716207880.9514227
1.17645	3584511681.180101
1.17646	3473841506.962333
1.1764700000000001	3480967752.3240128
1.17648	3321238013.2514586
1.17649	3350580063.170886
1.1765	3557623621.262561
1.17651	3665726001.104183
1.17652	3785297343.7559505
1.1765299999999999	3751370855.1195273
1.17654	3691220592.3618917
1.17655	3545275586.178801
1.17656	3613016958.244519
1.1765700000000001	3740589065.543601
1.17658	3799443581.578049
1.17659	3634209840.4528537
1.1766	3467368504.525309
1.17661	3565578480.758259
1.17662	3479845801.7469983
1.1766299999999998	3696834427.648706
1.17664	3663616446.829684
1.17665	3556231299.4953365
1.17666	3603130567.166214
1.17667	3688162094.3544297
1.17668	3778678999.7594533
1.17669	3818211663.9739027
1.1767	3789047066.543233
1.1767100000000001	3756903154.8573804
1.17672	3709539500.805945
1.1767299999999998	3471762437.290919
1.17674	3392735476.036951
1.17675	3569603674.527558
1.17676	3634209840.4528537
1.17677	3691135599.845287
1.17678	3649555731.120424
1.17679	3777809026.929017
1.1768	3679510105.3212347
1.1768100000000001	3716721329.5105205
1.17682	3703224150.2739935
1.1768299999999998	3490760073.789005
1.1768399999999999	3629359595.0295706
1.17685	3428546152.6168613
1.17686	3742742941.574824
1.17687	3691135599.845287
1.17688	3726147135.358395
1.17689	3480486872.0754566
1.1769	3651909445.3210144
1.1769100000000001	3574620980.1859355
1.17692	3390626874.7858973
1.17693	3564018912.838768
1.1769399999999999	3665810408.5364194
1.17695	3594678051.9690075
1.17696	3621512595.4909754
1.17697	3533783999.635245
1.17698	3467368504.525309
1.17699	3727777648.4610825
1.177	3672992148.6255064
1.1770100000000001	3685869884.0535755
1.1770200000000002	3717406037.9428177
1.17703	3737575721.3234925
1.1770399999999999	3734392825.4886365
1.17705	3719375277.403399
1.17706	3721088507.472719
1.17707	3721088507.472719
1.17708	3744553155.8595276
1.17709	3715010110.1379604
1.1771	3615097376.7268505
1.17711	3718690206.257196
1.1771200000000002	3639904590.22338
1.17713	2773639413.308922
1.1771399999999999	3276196937.37019
1.17715	3658811201.38649
1.17716	3648715486.598611
1.17717	3248478524.3828406
1.17718	3501144214.3618274
1.17719	3508245687.279409
1.1772	3705100563.019235
1.17721	3631533041.973876
1.1772200000000002	3677392618.561885
1.17723	3662941645.8936973
1.17724	3646615721.545558
1.17725	3575114866.4405394
1.17726	3444054378.8777833
1.17727	3149125727.467895
1.1772799999999999	1786981267.8141522
1.17729	1472549830.2959945
1.1773	3006907026.969698
1.17731	3369767985.8440323
1.1773200000000001	3544622582.4272876
1.17733	3535004736.190755
1.17734	3522491874.7047434
1.17735	3616512745.510362
1.17736	3596002624.2847238
1.17737	3601471646.229784
1.1773799999999999	3619595169.854106
1.17739	3502111749.9228244
1.1774	3447862992.7785864
1.17741	3568124504.163556
1.1774200000000001	3559098438.472767
1.17743	3382049813.960522
1.17744	3597410517.165454
1.17745	3670117765.750044
1.17746	3430836327.7494955
1.17747	3657295065.2576413
1.1774799999999999	3466490385.5235653
1.17749	3115803063.6208296
1.1775	3229683762.029017
1.17751	3527118087.1814218
1.1775200000000001	3460907563.5944057
1.17753	3489634967.04925
1.17754	3490760073.789005
1.17755	3408709570.7605143
1.17756	3246160583.306224
1.17757	3119320504.3799467
1.1775799999999998	2811900830.398939
1.17759	2446639595.9823055
1.1776	1046212729.7893558
1.17761	861687910.8425502
1.1776200000000001	2280762165.224195
1.17763	2748780112.3104453
1.17764	2974198840.6515436
1.17765	2818188250.9928355
1.17766	3162059225.310927
1.17767	3203022577.9850855
1.1776799999999998	3420818246.1590896
1.17769	3492367998.4207377
1.1777	3479685552.6155105
1.17771	3561311810.7184114
1.17772	3625016602.740518
1.17773	3677307944.4424925
1.17774	3587814659.2893443
1.17775	3512934077.102171
1.1777600000000001	3545193954.131478
1.17777	3649555731.120424
1.1777799999999998	3356912335.813484
1.17779	3639234156.770525
1.1778	3690455730.1608577
1.17781	3546336973.859671
1.17782	3318409667.9744306
1.17783	3341719554.4791718
1.17784	2894609612.559233
1.17785	3242948112.70436
1.1778600000000001	3592857561.648427
1.17787	3737145441.7858567
1.17788	3603379471.2049236
1.1778899999999999	3619178472.547553
1.1779	3702968349.4474044
1.17791	3781028927.239081
1.17792	3721945418.417151
1.17793	3627103930.762004
1.17794	3628022735.8151646
1.17795	3550176950.3708196
1.1779600000000001	3763830004.122791
1.1779700000000002	3590376560.575675
1.17798	3478083467.121294
1.1779899999999999	3457482574.744195
1.178	3595837026.0570436
1.17801	3382672867.942988
1.17802	3067255825.71228
1.17803	3616096403.0606
1.17804	3638731412.7204995
1.17805	3250349037.264357
1.17806	3695727997.3944335
1.1780700000000002	3790443260.242551
1.17808	3744898057.833673
1.1780899999999999	3532482345.2860584
1.1781	3713385181.4988565
1.17811	3675953423.6569185
1.17812	3660159405.580488
1.17813	3587401620.638658
1.17814	3686464023.9677987
1.17815	3747140695.1440344
1.17816	3761577378.3785686
1.1781700000000002	3561311810.7184114
1.17818	3611187180.360245
1.17819	3595423063.8504305
1.1782	3511316683.6216493
1.17821	3480887601.002224
1.17822	2893943180.7935796
1.1782299999999999	3360934122.742251
1.17824	3703565245.530734
1.17825	3732845369.88888
1.17826	3686548908.91614
1.1782700000000002	3575938161.842006
1.17828	3514390368.2073526
1.17829	3514633142.078557
1.1783	3649471697.961673
1.17831	3022595281.1767745
1.17832	3499129373.716121
1.1783299999999999	3599979270.433568
1.17834	3640658975.491757
1.17835	3679086510.449883
1.17836	3509457601.690876
1.1783700000000001	2914070134.770799
1.17838	2452731450.961281
1.17839	3306663488.371302
1.1784	3252520181.5938106
1.17841	3544785822.0883713
1.17842	3430520350.5976253
1.1784299999999999	3359850860.1995854
1.17844	3482330607.2016625
1.17845	3189333980.1331806
1.17846	3317951244.4039063
1.1784700000000001	3643174722.4256153
1.17848	3594015948.785121
1.17849	3741708926.3433776
1.1785	3671470136.2037125
1.17851	3567549436.789222
1.17852	3692750792.3593535
1.1785299999999999	3766430863.982552
1.17854	3733790960.9869003
1.17855	3699218633.379664
1.17856	3547153642.143546
1.1785700000000001	3637642372.1910954
1.17858	3628524000.3045993
1.17859	3578326790.8087873
1.1786	3543398524.558976
1.17861	3555248812.21592
1.17862	3433286137.68562
1.1786299999999998	2925027813.1192026
1.17864	2449232422.9833612
1.17865	1683604198.1034117
1.17866	2859828566.7429156
1.17867	3334264127.632346
1.17868	3390080414.3437505
1.17869	3502918233.8000846
1.1787	3623180747.7510366
1.1787100000000001	3629693886.7960668
1.17872	3660412249.167859
1.1787299999999998	3569439291.988464
1.17874	3336414500.281491
1.17875	3328970909.090783
1.17876	3593933194.4623804
1.17877	3609857014.877697
1.17878	3704929940.761505
1.17879	3641581214.2605705
1.1788	3496391051.0778475
1.1788100000000001	3606616788.819597
1.17882	3762530247.766677
1.1788299999999998	3701178238.338541
1.1788399999999999	3657968825.9592295
1.17885	3621012299.5960035
1.17886	3697345199.481419
1.17887	3694962201.2086515
1.17888	3636135007.989789
1.17889	3551076268.5551977
1.1789	3628524000.3045993
1.1789100000000001	3560163964.45115
1.17892	3601471646.229784
1.17893	3567467291.8734403
1.1789399999999999	3255367324.7163696
1.17895	2884894926.9801903
1.17896	3589797906.8826494
1.17897	3553448290.456704
1.17898	3729323003.230742
1.17899	3686633795.8190527
1.179	3606699835.1962376
1.1790100000000001	3799268614.7637944
1.1790200000000002	3792538515.4848948
1.17903	3765737125.675288
1.1790399999999999	3796645079.222192
1.17905	3677561972.649862
1.17906	3423655042.7862716
1.17907	3481528863.254888
1.17908	3682137482.308933
1.17909	3735338808.5825844
1.1791	3795683570.1750307
1.17911	3700752148.9747825
1.1791200000000002	3644768927.888928
1.17913	3756038195.5233083
1.1791399999999999	3688416872.36581
1.17915	3589797906.8826494
1.17916	3732501577.957198
1.17917	3695983298.057931
1.17918	3663616446.829684
1.17919	3568124504.163556
1.1792	3639485554.842991
1.17921	3653928122.7907944
1.1792200000000002	3774157327.7319045
1.17923	3663869529.2292523
1.17924	3400243350.6358533
1.17925	3392266784.6858563
1.17926	3756124682.4945965
1.17927	3564839653.008329
1.1792799999999999	3653170988.006653
1.17929	3748348825.3039865
1.1793	3694451758.576575
1.17931	3554102920.113463
1.1793200000000001	3321620406.9203644
1.17933	3426099724.8813753
1.17934	3416567457.8595285
1.17935	3432258585.1325765
1.17936	3645188571.575134
1.17937	3538425042.456761
1.1793799999999999	3514633142.078557
1.17939	3330120893.4931755
1.1794	3360005590.612459
1.17941	3610438901.977525
1.1794200000000001	3763656677.3366084
1.17943	3590293890.0519953
1.17944	3324987370.2294197
1.17945	3333419717.6183877
1.17946	3627020414.569109
1.17947	3531343791.0426464
1.1794799999999999	3731126726.830815
1.17949	3768339303.3830624
1.1795	3690880634.037352
1.17951	3717919652.044856
1.1795200000000001	3730525388.719561
1.17953	3771377450.11397
1.17954	3657800374.1482115
1.17955	3682222267.633824
1.17956	3553611936.5660205
1.17957	3655274527.6607275
1.1795799999999999	3721431248.1733522
1.17959	3654264677.5065174
1.1796	3552466572.0448885
1.17961	3706551169.498188
1.1796200000000001	3586658270.89002
1.17963	3666148057.7015038
1.17964	3476402071.207412
1.17965	3442547965.051453
1.17966	3683070228.265405
1.17967	3655695380.918432
1.1796799999999998	3728979535.7060785
1.17969	3616845853.983799
1.1797	3481528863.254888
1.17971	3622763637.6633353
1.17972	3744466935.329419
1.17973	3732931322.81949
1.17974	3646699688.9422646
1.17975	3648211432.744942
1.1797600000000001	3680781182.5835676
1.17977	3560901823.145304
1.1797799999999998	3553611936.5660205
1.17979	3689691026.4478292
1.1798	3746795586.6248713
1.17981	3765130209.476381
1.17982	3787651387.1259274
1.17983	3758287504.120306
1.17984	3715951183.271469
1.17985	3558524825.81111
1.1798600000000001	3325982807.8330774
1.17987	3679594830.1478386
1.1798799999999998	3650900524.8449855
1.1798899999999999	3656200468.7891765
1.1799	3748262517.37635
1.17991	3669441767.337165
1.17992	3535004736.190755
1.17993	3433997700.425849
1.17994	3441359156.419315
1.17995	3148545690.496441
1.1799600000000001	3520870080.7090993
1.17997	3607281213.377812
1.17998	3586988629.53808
1.1799899999999999	3753530939.434439
1.18	3712957686.839727
1.18001	3646951602.7332354
1.18002	3565578480.758259
1.18003	3238769195.701
1.18004	2387261532.34149
1.18005	3343258827.6089225
1.18006	3655863735.788683
1.1800700000000002	3611686118.7710624
1.18008	3588227745.4955864
1.1800899999999999	3593188491.298562
1.1801	3667752315.9949436
1.18011	3662519958.4269285
1.18012	3651657189.066254
1.18013	3525900074.1076083
1.18014	3685785014.7401795
1.18015	3580634567.207449
1.18016	3618928477.190188
1.1801700000000002	3583108836.4247417
1.18018	3011688148.9628067
1.18019	3267533132.6283
1.1802	3505096668.066933
1.18021	2967563358.0735316
1.18022	3599481949.2719007
1.18023	3616013140.322479
1.18024	3688756603.7590632
1.18025	3508568823.52904
1.18026	3558852593.153803
1.1802700000000002	3577420571.367341
1.18028	3618345221.842792
1.18029	3389924298.965937
1.1803	3492046354.2535276
1.18031	3469764505.2885194
1.18032	3691730588.561021
1.1803299999999999	3689775985.701504
1.18034	3770943279.2325015
1.18035	3601969242.2972345
1.18036	3682900620.518723
1.1803700000000001	3635297853.347928
1.18038	3651909445.3210144
1.18039	3476482119.244857
1.1804	3778591993.461797
1.18041	3652077625.8384876
1.18042	3651741272.5483766
1.1804299999999999	3745587957.0892167
1.18044	3780941866.8329678
1.18045	3688756603.7590632
1.18046	3692750792.3593535
1.1804700000000001	3559754109.0211205
1.18048	3612268300.711352
1.18049	3384386858.299721
1.1805	3629025334.0510664
1.18051	3565085911.913035
1.18052	3446513627.2452106
1.1805299999999999	3360547203.1750817
1.18054	3566235345.0844617
1.18055	3582036443.2466035
1.18056	3639736970.2820206
1.1805700000000001	3473041717.4781003
1.18058	3666148057.7015038
1.18059	3649807842.206613
1.1806	3604707249.8325286
1.18061	3681204972.5724907
1.18062	3682900620.518723
1.1806299999999998	3726747767.7217097
1.18064	3724603096.60308
1.18065	3599979270.433568
1.18066	3504854552.9292626
1.18067	3724688859.746133
1.18068	3680611680.2489076
1.18069	3681713584.967038
1.1807	3409887100.677615
1.18071	3612767388.494798
1.18072	3712102845.1587276
1.1807299999999998	3791665351.750408
1.18074	3728292695.5530524
1.18075	3665388390.8101573
1.18076	3662519958.4269285
1.18077	3663194681.6780586
1.18078	3527930329.6435776
1.18079	3649387666.737835
1.1808	3437320276.979134
1.1808100000000001	3314591406.0474625
1.18082	3514956866.6616106
1.1808299999999998	3637056100.7632775
1.18084	3778853018.365079
1.18085	3684936429.077873
1.18086	3590789941.7486815
1.18087	3576514581.428026
1.18088	3666992316.683331
1.18089	3634544578.964035
1.1809	3432337616.716989
1.1809100000000001	3560983816.883841
1.18092	3524601323.7689533
1.18093	3582036443.2466035
1.1809399999999999	3742742941.574824
1.18095	3622763637.6633353
1.18096	3541440911.1282926
1.18097	3433997700.425849
1.18098	3677561972.649862
1.18099	3693516130.2215123
1.181	3741450467.17447
1.1810100000000001	3785123028.385022
1.1810200000000002	3549114413.4185195
1.18103	3380414843.209664
1.1810399999999999	3555985652.2244616
1.18105	3706124461.5884767
1.18106	3727691814.19686
1.18107	3709539500.805945
1.18108	3766604318.527693
1.18109	3644517164.866601
1.1811	3455174612.528059
1.18111	3581046826.727454
1.1811200000000002	3608194997.0107703
1.18113	2959647576.4059706
1.1811399999999999	2750679558.313476
1.18115	3644768927.888928
1.18116	3734994787.0073023
1.18117	3777809026.929017
1.18118	3783728794.3705454
1.18119	3677138602.052662
1.1812	3234893594.710067
1.18121	3571988072.2299404
1.1812200000000002	3496954648.1511216
1.18123	3569521482.311749
1.18124	3504289682.6443906
1.18125	3523546441.3783054
1.18126	3655863735.788683
1.18127	3672400179.9460516
1.1812799999999999	3621262438.903678
1.18129	3616429473.1857133
1.1813	3657800374.1482115
1.18131	3628607551.1192336
1.1813200000000001	3739125137.896204
1.18133	3672907575.8294973
1.18134	3724002809.8920355
1.18135	3718690206.257196
1.18136	3606533744.3551474
1.18137	3602052181.6589293
1.1813799999999999	3671808306.673001
1.18139	3600393757.2230463
1.1814	3583191341.5045576
1.18141	3612933766.4124193
1.1814200000000001	3436291517.043436
1.18143	3520221572.2037926
1.18144	3654432966.488939
1.18145	3772940879.2345676
1.18146	3657379278.5581555
1.18147	3714582428.412776
1.1814799999999999	3739469539.908396
1.18149	3661170884.733301
1.1815	3577091093.9294086
1.18151	3552630172.9433465
1.1815200000000001	3406434165.8307505
1.18153	3718433337.1102223
1.18154	3754827587.0027485
1.18155	3713556193.143777
1.18156	3636553657.60201
1.18157	3512287030.328132
1.1815799999999999	3311006245.8368006
1.18159	3421369661.3536787
1.1816	3493172238.45798
1.18161	3703906372.2049704
1.1816200000000001	3727520151.5975056
1.18163	3583933972.717768
1.18164	3630362562.7043767
1.18165	3545357220.1057925
1.18166	3738006050.4017415
1.18167	3727863484.7017355
1.1816799999999998	3722973972.035033
1.18169	3699474175.176082
1.1817	3457243748.557972
1.18171	3570919007.399377
1.18172	3620261985.3386626
1.18173	3662519958.4269285
1.18174	2959783876.352163
1.18175	2746123091.254693
1.1817600000000001	3421133329.672979
1.18177	3675276350.375114
1.1817799999999998	3668850370.8654466
1.18179	3520545811.523986
1.1818	3617178993.139072
1.18181	3518195752.9083548
1.18182	3299362241.886467
1.18183	3656200468.7891765
1.18184	3341796501.301359
1.18185	3649219610.0947185
1.1818600000000001	3702797825.3794775
1.18187	3473041717.4781003
1.1818799999999998	3452709184.143309
1.1818899999999999	3542174889.3922725
1.1819	3441834630.60074
1.18191	3581789013.4811144
1.18192	3735166793.8342485
1.18193	3712615726.546994
1.18194	3732071882.5682793
1.18195	3794984443.8164077
1.1819600000000001	3776417486.995958
1.18197	3602715765.307984
1.18198	3610023258.764589
1.1819899999999999	3582283890.104511
1.182	3415387621.027211
1.18201	3596499464.7266736
1.18202	3554266596.370284
1.18203	3615097376.7268505
1.18204	3723917062.5456824
1.18205	3575032547.326308
1.18206	3493011375.635547
1.1820700000000002	3655190362.823336
1.18208	3776330532.7709575
1.1820899999999999	3708258492.4875183
1.1821	3690115842.279486
1.18211	3769727866.655008
1.18212	3704332824.733004
1.18213	3726833580.2482085
1.18214	3731556313.3983936
1.18215	3654096396.2739267
1.18216	3674007174.0861626
1.1821700000000002	3615430354.8340006
1.18218	3638647628.7980213
1.18219	3767731967.7964625
1.1822	3707575468.9401765
1.18221	3728292695.5530524
1.18222	3598404655.764083
1.18223	3544132908.5464287
1.18224	3738780767.6031485
1.18225	3657379278.5581555
1.18226	3675699506.5603385
1.1822700000000002	3557705539.516856
1.18228	3707319367.5455394
1.18229	3619345145.713319
1.1823	3466330751.417576
1.18231	3535981629.052388
1.18232	3592443942.44557
1.1823299999999999	3432179555.3679123
1.18234	3332882477.1374774
1.18235	2966401963.980459
1.18236	3431310348.0480003
1.1823700000000001	3615513604.1528354
1.18238	3736715211.783132
1.18239	3664966421.6676702
1.1824	3635130445.549757
1.18241	3021899383.014428
1.18242	3463777605.2618976
1.1824299999999999	3768512845.8170934
1.18244	3744553155.8595276
1.18245	3755259902.3897743
1.18246	3705868460.422399
1.1824700000000001	3598404655.764083
1.18248	3568535323.3264146
1.18249	3705356511.139007
1.1825	3667161191.808679
1.18251	3550667459.3245983
1.18252	3463059871.7922335
1.1825299999999999	3616262934.288552
1.18254	3711504573.087803
1.18255	3661255187.278884
1.18256	3594181463.147147
1.1825700000000001	3529880474.7876406
1.18258	3477763138.547451
1.18259	3515604405.2829757
1.1826	3714154795.9234366
1.18261	3782335073.9162397
1.18262	3787738602.0262337
1.1826299999999998	3720317456.3055367
1.18264	3641497364.719742
1.18265	3651236800.6958055
1.18266	3654096396.2739267
1.18267	3663785166.4869
1.18268	3306282816.5821595
1.18269	3509619221.9074616
1.1827	3748694076.8883066
1.18271	3669779750.9781737
1.18272	3691475581.654126
1.1827299999999998	3585832507.3763723
1.18274	3649807842.206613
1.18275	3751802772.512677
1.18276	3566153230.4263964
1.18277	3635548979.5007954
1.18278	3656116282.6314483
1.18279	3695813095.6561017
1.1828	3516494965.673345
1.1828100000000001	3404944206.9156528
1.18282	3746623044.2845426
1.1828299999999998	3423576211.1232104
1.18284	3097205344.461252
1.18285	3670709366.518146
1.18286	3665557192.0702877
1.18287	3601803369.302982
1.18288	3684003210.501763
1.18289	3468166987.5535927
1.1829	3246310077.9678187
1.1829100000000001	3492528831.613873
1.18292	3483052334.6108775
1.18293	2672821770.2992697
1.1829399999999999	3441596885.2988715
1.18295	3540217951.9805636
1.18296	3519573183.14718
1.18297	3693346041.4343443
1.18298	3687567680.765654
1.18299	3681713584.967038
1.183	3681967917.515785
1.1830100000000001	3638480066.7405267
1.1830200000000002	3485860474.539926
1.18303	3556886441.8485107
1.1830399999999999	3555821896.8040304
1.18305	3565085911.913035
1.18306	3512610538.816342
1.18307	3432495685.345241
1.18308	3398756099.5553393
1.18309	3341027112.8031135
1.1831	3084537112.847697
1.18311	3073901876.061265
1.1831200000000002	2879254140.2015824
1.18313	2523190262.743518
1.1831399999999999	1801772690.402515
1.18315	2116703363.947936
1.18316	2775492128.637372
1.18317	2988684009.805208
1.18318	3159511933.2338576
1.18319	3225819032.9198427
1.1832	3271673829.2042294
1.18321	3372407139.138548
1.1832200000000002	3320626274.945197
1.18323	3409573052.931996
1.18324	3526062451.545467
1.18325	3605869457.4731336
1.18326	3602549857.9358535
1.18327	3620845549.6567316
1.1832799999999999	3524357861.3439336
1.18329	3550176950.3708196
1.1833	3609025910.270795
1.18331	3668343535.4668627
1.1833200000000001	3415387621.027211
1.18333	3351660336.679936
1.18334	3519897362.745784
1.18335	3436054154.633077
1.18336	3592278508.0974865
1.18337	3674007174.0861626
1.1833799999999999	3614764429.286705
1.18339	3630195382.179491
1.1834	3684003210.501763
1.18341	3591037993.2977433
1.1834200000000001	3672146508.290375
1.18343	3685700147.3809485
1.18344	3668343535.4668627
1.18345	3458915878.361459
1.18346	3595009149.3002343
1.18347	3163661431.3861904
1.1834799999999999	3555821896.8040304
1.18349	3613765770.940054
1.1835	3549604775.567253
1.18351	3570672345.572625
1.1835200000000001	3684851581.257825
1.18353	3635130445.549757
1.18354	3690965620.6830697
1.18355	3679001797.3276377
1.18356	3629359595.0295706
1.18357	3026774036.7961907
1.1835799999999999	3455731565.760928
1.18359	3604707249.8325286
1.1836	3667921226.1203732
1.18361	3689860946.911461
1.1836200000000001	3518114744.390057
1.18363	3641078145.9749675
1.18364	3671216528.7909474
1.18365	3705441831.10795
1.18366	3701945322.823705
1.18367	3517304761.789743
1.1836799999999998	3656453038.893437
1.18369	3510831610.802919
1.1837	3300958010.752753
1.18371	3568617492.8348126
1.18372	3576761646.8360724
1.18373	3046000708.381006
1.18374	3387271437.222779
1.18375	3517061803.3759604
1.1837600000000001	3723231154.848789
1.18377	3775287238.2271395
1.1837799999999998	3630947755.1743765
1.18379	3593684942.926829
1.1838	3520789010.612838
1.18381	3000889472.7241235
1.18382	3549604775.567253
1.18383	3627688597.960274
1.18384	3693431084.848819
1.18385	3665894817.912215
1.1838600000000001	3733017277.7292457
1.18387	3769988279.2249537
1.1838799999999998	3597410517.165454
1.1838899999999999	3684766735.391432
1.1839	3694621898.285072
1.18391	3659232461.842245
1.18392	3513985782.3539944
1.18393	3461066947.947629
1.18394	2883765886.2410336
1.18395	3284883714.0329494
1.1839600000000001	3714240318.482706
1.18397	3586410521.871015
1.18398	3593023022.6635256
1.1839899999999999	3503886259.6084805
1.184	3593436708.5392795
1.18401	3651068658.898869
1.18402	3609773895.8051443
1.18403	3695302535.4767327
1.18404	3762790163.1255355
1.18405	3722459659.7011166
1.1840600000000001	3502676269.1381254
1.1840700000000002	3305597717.7946305
1.18408	3427598941.173594
1.1840899999999999	3516656909.9799666
1.1841	3490117111.2411275
1.18411	3546581954.600436
1.18412	3565660582.182057
1.18413	3674345578.2360373
1.18414	3736543133.6505313
1.18415	3717234849.0100737
1.18416	3783641671.798394
1.1841700000000002	3746277983.4406047
1.18418	3598818961.2589126
1.1841899999999999	3497759944.425093
1.1842	3723917062.5456824
1.18421	3641161985.862817
1.18422	3446116855.540621
1.18423	2879519341.520855
1.18424	3441279917.108665
1.18425	3778069997.7450194
1.18426	3698877938.4422464
1.1842700000000002	3469524830.725894
1.18428	3681289736.42532
1.18429	3752061946.818218
1.1843	3764090009.2687387
1.18431	3717063667.960675
1.18432	3627688597.960274
1.1843299999999999	3558770648.487926
1.18434	3635883841.3569207
1.18435	3583273848.4841304
1.18436	3667245632.2877674
1.1843700000000001	3725460816.9047427
1.18438	3391329596.2175994
1.18439	3567056595.665169
1.1844	3579562914.5564613
1.18441	3498162662.1022854
1.18442	3680781182.5835676
1.1844299999999999	3523789847.750484
1.18444	3621012299.5960035
1.18445	3714069275.3333735
1.18446	3671808306.673001
1.1844700000000001	3552302978.6803427
1.18448	3574785601.356099
1.18449	3303315080.271944
1.1845	3644685004.9491253
1.18451	3604956262.78838
1.18452	3706807217.8257666
1.1845299999999999	3737833912.8252096
1.18454	3700666936.9885178
1.18455	3698622437.8309655
1.18456	3726232934.054664
1.1845700000000001	3698963109.2348228
1.18458	3636888611.99667
1.18459	3705953792.179546
1.1846	3715523393.2074733
1.18461	3666232474.852064
1.18462	3689011422.8391314
1.1846299999999998	3535248934.1012363
1.18464	3684172869.0257745
1.18465	3752061946.818218
1.18466	3775287238.2271395
1.1846700000000001	3728378543.653239
1.18468	3744811829.3619947
1.18469	3790530539.4288507
1.1847	3771551132.463066
1.18471	3750420811.8731375
1.18472	3753185242.379145
1.1847299999999998	3579233239.8105154
1.18474	3502676269.1381254
1.18475	3715608947.280223
1.18476	3740761330.002542
1.18477	3640407496.3650637
1.18478	3644517164.866601
1.18479	3688247018.402737
1.1848	3596582278.1406364
1.1848100000000001	3669526260.3290505
1.18482	3593188491.298562
1.1848299999999998	3607198153.6145835
1.18484	3534597777.1571894
1.18485	3478163553.874756
1.18486	3595505852.4790616
1.18487	3441359156.419315
1.18488	3576679289.8037577
1.18489	3430994327.239244
1.1849	3582201405.9193096
1.1849100000000001	3641161985.862817
1.18492	3577338199.162889
1.1849299999999998	3650059970.708621
1.1849399999999999	3659148205.8711
1.18495	3697089804.744338
1.18496	3563526559.440932
1.18497	3587071223.954463
1.18498	3628356904.4467063
1.18499	3607032039.8256106
1.185	3720660125.9864626
1.1850100000000001	3785123028.385022
1.18502	3763396702.123136
1.18503	3655190362.823336
1.1850399999999999	3429651563.475101
1.18505	3723145425.2702456
1.18506	3695983298.057931
1.18507	3369224887.1866217
1.18508	3541522456.7576118
1.18509	3705185877.094687
1.1851	3745501712.732204
1.18511	3739039042.349389
1.1851200000000002	3388051475.0962367
1.18513	3178337412.146221
1.1851399999999999	3545520493.59897
1.18515	3685275839.8956904
1.18516	3675107101.541508
1.18517	3399460505.8024697
1.18518	3410122655.4694915
1.18519	3107348760.2154994
1.1852	3298830490.3797007
1.18521	3352123417.655391
1.1852200000000002	3627772129.5388374
1.18523	3499693412.19043
1.18524	3529230306.6592693
1.18525	3697515472.440862
1.18526	3691645584.30147
1.18527	3636218734.0563836
1.18528	3381504735.8658223
1.18529	2631782531.740343
1.1853	3007668725.951436
1.18531	3420818246.1590896
1.1853200000000002	3702627309.164278
1.18533	3704844632.579137
1.18534	3634126160.6422257
1.18535	3369612805.8665957
1.18536	3609607663.401592
1.18537	3619678515.0724545
1.1853799999999999	3698452113.895056
1.18539	3413500729.493117
1.1854	2916486698.216978
1.18541	3533621266.615158
1.1854200000000001	3684342535.363014
1.18543	3582531354.0560465
1.18544	3625767902.411964
1.18545	3677646652.618537
1.18546	3720745798.338217
1.18547	3676376657.797558
1.1854799999999999	3613266545.234518
1.18549	3620762177.5667286
1.1855	3651741272.5483766
1.18551	3664797647.612896
1.1855200000000001	3701007796.706379
1.18553	3452470687.679854
1.18554	3657547710.9765587
1.18555	3660327966.0314198
1.18556	3610023258.764589
1.18557	3583768930.2592344
1.1855799999999999	3464894375.2293835
1.18559	3400713144.066386
1.1856	3500418738.1127315
1.18561	3695302535.4767327
1.1856200000000001	3708173107.663296
1.18563	3666823449.3347764
1.18564	3729237133.383805
1.18565	3766344139.7053967
1.18566	3722631089.250825
1.18567	3717234849.0100737
1.1856799999999998	3607364275.0535693
1.18569	3570179073.032581
1.1857	3488911875.6449537
1.18571	3608693522.007624
1.18572	3675699506.5603385
1.18573	3573962571.31094
1.18574	3689606069.1503754
1.18575	3757508744.904867
1.1857600000000001	3623264175.5313325
1.18577	3645188571.575134
1.1857799999999998	3734134871.6806173
1.18579	3760538159.7188406
1.1858	3688756603.7590632
1.18581	3767037989.8390923
1.18582	3695983298.057931
1.18583	3599150439.9995437
1.18584	3472561932.1760874
1.18585	3710650065.9600916
1.1858600000000001	3666401314.9845967
1.18587	3409102035.544368
1.1858799999999998	3418613473.9422045
1.1858899999999999	3695642901.0922017
1.1859	3728979535.7060785
1.18591	3711162746.62563
1.18592	3692070625.17287
1.18593	3594843596.8227296
1.18594	3547480362.1132865
1.18595	3599564831.360898
1.1859600000000001	3710991845.200456
1.18597	3513743053.1992702
1.18598	3698281797.802658
1.1859899999999999	3499129373.716121
1.186	3401417955.919079
1.18601	3590045889.901989
1.18602	3124927889.0470376
1.18603	3577832460.8410997
1.18604	3543480115.2645288
1.18605	3557295967.10715
1.1860600000000001	3506146026.9484253
1.1860700000000002	3604126286.4914417
1.18608	3695387623.941666
1.1860899999999999	3656621428.65593
1.1861	3655947916.1312537
1.18611	3654264677.5065174
1.18612	3727005211.2290554
1.18613	3740072319.762681
1.18614	3662266969.2492037
1.18615	3666654589.7626863
1.18616	3620512072.8146896
1.1861700000000002	3689521113.8091283
1.18618	3662013997.546733
1.1861899999999999	3411693436.6458263
1.1862	3089299399.5163484
1.18621	3675868782.675832
1.18622	3592857561.648427
1.18623	3572234824.9469934
1.18624	3598156095.3615813
1.18625	3588640879.2628727
1.18626	3244516596.324491
1.1862700000000002	3610522036.362587
1.18628	3718347718.0042276
1.18629	3528905267.5043488
1.1863	3041515261.6644344
1.18631	3640658975.491757
1.18632	3562624088.191905
1.1863299999999999	3727434323.262299
1.18634	3771898521.157266
1.18635	3650480223.5837107
1.18636	3540788613.6849732
1.1863700000000001	3706807217.8257666
1.18638	3736715211.783132
1.18639	3752753165.8324313
1.1864	3729065399.6215267
1.18641	3686888468.255678
1.18642	3758200967.3487825
1.1864299999999999	3446672348.7178917
1.18644	3263172256.862254
1.18645	3119248680.1979218
1.18646	3520789010.612838
1.1864700000000001	3725289257.0442605
1.18648	3752666756.492274
1.18649	3661002285.465422
1.1865	3746105464.9362345
1.18651	3730181810.456201
1.18652	3528580258.285262
1.1865299999999999	3658895449.5977306
1.18654	3784425847.1709275
1.18655	3761317546.793019
1.18656	3764350032.375842
1.1865700000000001	3619011807.0572085
1.18658	3547643733.383003
1.18659	3593767691.533286
1.1866	3559426258.6495714
1.18661	3557705539.516856
1.18662	3660580821.262922
1.1866299999999999	3681374502.229916
1.18664	3597079198.6702585
1.18665	3505015961.1627235
1.18666	3542338016.3303156
1.1866700000000001	3531425104.174507
1.18668	3663532089.9147162
1.18669	3700837362.9231634
1.1867	3487305542.2501526
1.18671	3509215185.321002
1.18672	3651489027.9101634
1.1867299999999998	3470723369.117474
1.18674	3701945322.823705
1.18675	3713727212.6642723
1.18676	3501386073.1895366
1.18677	3253793595.572215
1.18678	3643258610.5894766
1.18679	3487546445.1032267
1.1868	3711590034.622734
1.1868100000000001	3759326100.815002
1.18682	3654601263.221518
1.1868299999999998	3545438855.912511
1.18684	3639904590.22338
1.18685	3712872193.8138022
1.18686	3719803510.95748
1.18687	3597907552.128445
1.18688	3650480223.5837107
1.18689	3679255942.546261
1.1869	3667921226.1203732
1.1869100000000001	3651993534.6116333
1.18692	3476161938.1538115
1.1869299999999998	3331041167.035068
1.1869399999999999	3695047281.8370085
1.18695	3741708926.3433776
1.18696	3760105236.6849627
1.18697	3732071882.5682793
1.18698	3628858215.106433
1.18699	3596913550.865652
1.187	2876404768.1377783
1.1870100000000001	3017171522.601769
1.18702	2743594982.832978
1.18703	3341796501.301359
1.1870399999999999	3665726001.104183
1.18705	3631616662.0750527
1.18706	3561967889.022555
