1.15996	16217.839570793218
1.1599700000000002	13398.92635198694
1.15998	2305.679827917172
1.15999	3319.1662053425043
1.16	9905.057476933023
1.16001	14846.052773058538
1.16002	11378.630637797063
1.16003	6142.75225465007
1.16004	2728.142178190225
1.16005	375.0248102588868
1.16006	202.81123049251968
1.1600700000000002	390.85619514698527
1.16008	357.55923546835226
1.16009	4.852739739446714
1.1601	57.877664767076304
1.16011	402.2842225279444
1.16012	959.2349632018725
1.16013	1578.661435907151
1.16014	837.5080690886911
1.16015	670.9111352338399
1.16016	2669.395967076079
1.16017	2779.438058751571
1.16018	923.7022468089987
1.16019	361.23930661930814
1.1602	39.580110286911676
1.16021	103.06067913781037
1.16022	280.93445099195355
1.16023	1713.1524039263968
1.16024	2735.5458606609945
1.16025	4147.964205248509
1.16026	4281.648389458093
1.16027	3955.605754328454
1.16028	1713.3457041110767
1.16029	877.0472678609186
1.1603	1132.3742890537903
1.16031	160.24408218907706
1.16032	1.0988869098082474
1.16033	27.643816407431075
1.16034	150.256407145516
1.16035	64.94997675813029
1.16036	1.0080126910852982
1.16037	32.455028885767554
1.16038	13.788689751876221
1.16039	0.0626668694677332
1.1604	1.1371768238465316
1.16041	2.4784490759681383
1.16042	20.73251556011147
1.16043	393.9870979076094
1.16044	605.3980252553963
1.16045	2145.383815317485
1.16046	3935.265154150567
1.16047	5161.049209563452
1.16048	4125.370892546939
1.16049	1368.0973447381934
1.1605	159.2692738485498
1.16051	1356.6942988613425
1.16052	1228.3750875116446
1.1605299999999998	383.84067999399423
1.16054	236.74564566252133
1.16055	2149.463129943816
1.16056	2233.51565065583
1.16057	811.6802897390511
1.16058	50.334180247681076
1.16059	1.7653060109267966
1.1606	2.4769030047811107
1.16061	123.14307666210364
1.16062	649.275477044725
1.1606299999999998	717.9397508621919
1.16064	1216.959148897907
1.16065	1410.3145939014291
1.16066	200.40612928530743
1.16067	6.482417524980303
1.16068	36.75792607459166
1.16069	79.50107478907809
1.1607	58.13290152890647
1.16071	354.6108340435797
1.16072	53.21352148895369
1.1607299999999998	85.03818846310725
1.16074	2.00499364303964
1.16075	356.93488848186615
1.16076	1592.6890711791625
1.16077	2664.8207414642643
1.16078	774.2585323639952
1.16079	1239.5270250376814
1.1608	770.1778068449843
1.16081	2438.7484141887962
1.16082	1606.3012599084884
1.16083	295.3500168699161
1.16084	448.834260334308
1.16085	617.8698448770158
1.16086	548.3489295422098
1.16087	585.9559923745013
1.16088	932.586232924418
1.16089	1270.0768496885955
1.1609	471.3082045074162
1.16091	324.40982598654875
1.1609200000000002	2764.0633978651263
1.16093	2011.77311494301
1.16094	425.38287288775496
1.16095	986.211358211041
1.16096	7459.659425629653
1.16097	11682.828461179275
1.16098	5566.535716856788
1.16099	5516.771548005479
1.161	2979.188617444974
1.16101	497.1792558705645
1.1610200000000002	35.660382730815584
1.16103	387.87608192820016
1.16104	1097.3672628841657
1.16105	4052.649082883986
1.16106	1209.0270010114302
1.16107	2666.226250610443
1.16108	9940.540521426823
1.16109	14466.217818429837
1.1611	14328.113067354749
1.16111	11807.093434272456
1.1611200000000002	11359.075861861103
1.16113	5728.408757356844
1.16114	5600.102808525053
1.16115	9278.483504811888
1.16116	7098.245242000992
1.16117	2127.864651284356
1.16118	769.8834787094189
1.16119	75.53617686988872
1.1612	403.27007870432175
1.16121	821.0337312733162
1.16122	134.21714608677593
1.16123	1.5040074932558078
1.16124	248.84332747838639
1.16125	1625.6498189289773
1.16126	5464.985323914585
1.16127	9398.682958714164
1.16128	13688.851115919077
1.16129	23176.401188934247
1.1613	18322.300431166404
1.16131	11149.566958160232
1.16132	12169.81566320337
1.16133	7247.546325544538
1.16134	10363.918759801734
1.16135	17626.212433760968
1.16136	14210.390092398278
1.16137	4393.878058958592
1.16138	263.93987093914194
1.16139	817.6152815489788
1.1614	1419.1620855635779
1.16141	704.0005525376372
1.16142	820.4592203622682
1.16143	194.06535006505902
1.16144	0.3343766943321216
1.16145	15.391608211277044
1.16146	164.91380039408355
1.16147	92.1635086680032
1.1614799999999998	829.1708007294014
1.16149	1242.1555953420248
1.1615	904.3530341430252
1.16151	104.87138412615542
1.16152	119.43840634314674
1.16153	49.39693471692554
1.16154	101.35192458914136
1.16155	1.409415359392209
1.16156	11.116114205171733
1.16157	205.2097541171096
1.1615799999999998	713.4622514721076
1.16159	120.23474869708555
1.1616	158.9490732092931
1.16161	1877.6385792738245
1.16162	2935.8779690894603
1.16163	685.8197695478989
1.16164	667.0063984027103
1.16165	536.4076957829261
1.16166	141.7196267982901
1.16167	211.1100944261313
1.1616799999999998	24.533075761474358
1.16169	50.69568551168204
1.1617	307.29040512393317
1.16171	466.83241057701895
1.16172	236.0934834303732
1.16173	108.400927967094
1.16174	150.55354983313413
1.16175	674.4488212814393
1.16176	1932.853775634323
1.16177	1405.697912842777
1.16178	1187.8674994051296
1.16179	231.54691549334737
1.1618	155.42468648367532
1.16181	156.82272643697186
1.16182	406.8815525639382
1.16183	319.7341318524292
1.16184	5.507316047662978
1.16185	3.6643757464783326
1.16186	61.71148539426331
1.1618700000000002	751.7648228217613
1.16188	799.0114446854033
1.16189	110.37405544187143
1.1619	7.2649394667262115
1.16191	19.790237219852358
1.16192	175.56825797659062
1.16193	577.280649297976
1.16194	324.52263976317266
1.16195	64.92246486251972
1.16196	0.12817903569053501
1.1619700000000002	45.1998506696031
1.16198	97.65399165780713
1.16199	7.666832938252511
1.162	5.782784389740223
1.16201	121.32100520505921
1.16202	15.781199134655347
1.16203	2.04715628948494
1.16204	30.92537681064456
1.16205	10.862355196054502
1.16206	14.898652819881324
1.1620700000000002	60.89294800156455
1.16208	184.76852845985826
1.16209	279.4312670399789
1.1621	1184.848982698676
1.16211	1396.503408378794
1.16212	2994.3805971911897
1.16213	6537.790504020554
1.16214	5211.431095672759
1.16215	2036.7325306876915
1.16216	141.97667465112494
1.16217	278.1422733717869
1.16218	527.682874807545
1.16219	257.37241637718324
1.1622	931.461695270155
1.16221	961.7429247095288
1.16222	384.535996107519
1.16223	66.40946782253701
1.16224	225.22676553266518
1.16225	122.67752342515496
1.16226	24.066226513308315
1.16227	40.762142228042656
1.16228	463.4597254248298
1.16229	408.47172554502816
1.1623	83.30076695505431
1.16231	0.6279340015544314
1.16232	0.09849450456421853
1.16233	0.10842464278503164
1.16234	6.572158065381383
1.16235	181.18698571912475
1.16236	405.83733738290357
1.16237	491.4994090519122
1.16238	379.8848727282779
1.16239	549.0261116985035
1.1624	892.2118765652573
1.16241	144.68849523884344
1.16242	34.317370223127696
1.16243	54.62620120260125
1.16244	104.87210855451492
1.16245	10.394964248574436
1.16246	30.02603593328877
1.16247	37.15429286002718
1.16248	7.608726965691425
1.16249	3.822390033255132
1.1625	80.26089531402286
1.16251	9.100620406368408
1.16252	66.98506760170689
1.1625299999999998	4.370710083835415
1.16254	0.08519635215211523
1.16255	10.343178030948351
1.16256	5.9384075540979735
1.16257	49.59969432375895
1.16258	281.4524283033905
1.16259	254.42512701529174
1.1626	100.4204122672197
1.16261	36.17687089429375
1.16262	24.757512101175127
1.1626299999999998	59.23180945812793
1.16264	212.79234471697632
1.16265	295.25414276922197
1.16266	697.8434394926787
1.16267	204.3628732320905
1.16268	25.69555485339373
1.16269	9.862999247749627
1.1627	113.14360182514629
1.16271	215.3644419114765
1.16272	22.812243571576964
1.1627299999999998	0.4052322491116472
1.16274	2.5387386803599834
1.16275	43.96570079268661
1.16276	57.64995863289722
1.16277	106.98010011888357
1.16278	473.54472151225343
1.16279	339.9844077247771
1.1628	31.68173813555921
1.16281	1.3477768733706217
1.16282	19.37135499592329
1.16283	37.84774421724784
1.16284	7.764437527843869
1.16285	3.1858989736364736
1.16286	1.1871456350086156
1.16287	31.861117190404826
1.16288	231.7287932458247
1.16289	302.8384397534854
1.1629	89.3007281293112
1.16291	120.11244291845959
1.1629200000000002	192.2392219150755
1.16293	28.489839328753103
1.16294	41.579474861689135
1.16295	421.25396340841087
1.16296	1015.5633043642597
1.16297	1399.0492403269054
1.16298	579.8144038875885
1.16299	513.6543850225655
1.163	469.719943531786
1.16301	372.1011395165392
1.1630200000000002	31.68896099867228
1.16303	25.694608211606674
1.16304	178.6944236110006
1.16305	838.328054519513
1.16306	818.7644919803122
1.16307	293.7940526457975
1.16308	191.6403697003204
1.16309	1242.7220379096416
1.1631	951.4873089705393
1.16311	1819.3950131421245
1.1631200000000002	3129.140041559515
1.16313	3564.691905830565
1.16314	3392.0324632912225
1.16315	2087.5793873330404
1.16316	2159.210582137277
1.16317	694.9491050849267
1.16318	65.47251140827495
1.16319	38.38247714587715
1.1632	59.370130016208066
1.16321	184.34696840217458
1.16322	578.2078719084076
1.16323	434.2791708726157
1.16324	284.95547124743433
1.16325	219.59022312620743
1.16326	143.16669519896558
1.16327	322.4445196831446
1.16328	46.04039065673607
1.16329	5.733383602339117
1.1633	89.41265686980759
1.16331	489.70552062228035
1.16332	2219.192622704937
1.16333	2014.9208923013555
1.16334	1125.866767138083
1.16335	2097.5291255370494
1.16336	2308.7611189108347
1.16337	1201.727501214813
1.16338	817.1297075751369
1.16339	159.45384643496496
1.1634	162.90596994380402
1.16341	388.27551105508593
1.16342	2281.0247627883555
1.16343	6554.385785534964
1.16344	7272.186363964785
1.16345	4017.473307977368
1.16346	3728.74771300968
1.16347	3970.8273086512154
1.1634799999999998	5181.267324040016
1.16349	1326.0380924076621
1.1635	242.802972914592
1.16351	600.7350891731908
1.16352	1413.7089256941827
1.16353	518.9792570624376
1.16354	688.7633029259366
1.16355	273.4934942657395
1.16356	124.60830829535915
1.16357	840.256730738408
1.1635799999999998	497.8356577897425
1.16359	301.31586575126886
1.1636	25.857468244482327
1.16361	25.82319650057359
1.16362	501.17800150228
1.16363	870.175797615704
1.16364	2064.3912042324364
1.16365	4296.155575867345
1.16366	3483.34908815396
1.16367	1415.1321575110346
1.1636799999999998	151.2324542191227
1.16369	15.559262219282164
1.1637	289.4969549522952
1.16371	987.0360161160187
1.16372	1391.1309085390365
1.16373	565.5708272613438
1.16374	598.7630611061397
1.16375	871.9909949558005
1.16376	56.15765959380103
1.16377	257.90573525666287
1.16378	155.65784013326837
1.16379	63.39456118260894
1.1638	0.5283904990547029
1.16381	0.4454069609171907
1.16382	61.50239100435329
1.16383	111.80803115968655
1.16384	270.1151853100224
1.16385	996.0061040105963
1.16386	1272.3336109784912
1.1638700000000002	172.72014741796903
1.16388	285.9538841480176
1.16389	239.08371748021926
1.1639	205.45560799239811
1.16391	116.34239504046228
1.16392	336.62394087932887
1.16393	1639.3474142380212
1.16394	1430.7442196804716
1.16395	337.98778110671964
1.16396	77.1988800631573
1.1639700000000002	5.133587868782381
1.16398	335.23472630618693
1.16399	945.7427049108268
1.1640000000000001	245.66314080195568
1.16401	37.825963573912894
1.16402	5.519109365019322
1.16403	369.67067457160385
1.16404	804.8556553726288
1.16405	538.0851418072377
1.16406	1227.9028291430513
1.1640700000000002	691.1495029063844
1.16408	304.13751979355067
1.16409	1068.6192665976544
1.1641	709.9536560226328
1.16411	137.3197487062707
1.16412	205.18518491614861
1.16413	1347.4975989246554
1.16414	1962.4472867491463
1.16415	1494.2181245316422
1.16416	563.579256786667
1.16417	343.7241130666044
1.16418	153.87320509606494
1.16419	368.1569470987751
1.1642	983.7233951290109
1.16421	104.98348853423504
1.16422	27.979503267359878
1.16423	221.5052377088607
1.16424	103.94916378105236
1.16425	93.37271779962956
1.16426	3.910281290647995
1.16427	50.06255378322448
1.16428	704.8439883908286
1.16429	577.1410961977892
1.1643	694.9299031968151
1.16431	2324.042148001952
1.16432	2647.0795932171877
1.16433	525.5378499871065
1.16434	612.9315827790821
1.16435	172.72014741796903
1.16436	511.9151705378012
1.16437	352.24350993013405
1.16438	184.5363813078953
1.16439	367.62327527225807
1.1644	2141.1150294711333
1.16441	1523.6036345577636
1.16442	874.3352743465463
1.16443	576.7120157540917
1.16444	1538.5903350277024
1.16445	1972.0730584329565
1.16446	1486.0553993766507
1.16447	739.8948424223663
1.16448	915.6320796416876
1.16449	1020.7255833150188
1.1645	634.9185269632097
1.16451	944.419618211998
1.16452	93.16096961440937
1.1645299999999998	6.1505931468472825
1.16454	7.5973651451357815
1.16455	108.82207432373343
1.16456	530.6766757747718
1.16457	481.97221221142263
1.16458	190.5447555552374
1.16459	72.65876303038766
1.1646	1.7623980353131932
1.16461	4.625908092910187
1.16462	67.38729132812854
1.1646299999999998	34.864063186166064
1.16464	14.153113842812084
1.16465	82.09354311568029
1.16466	413.72141368723817
1.16467	337.5227104841585
1.16468	304.8505620056606
1.16469	310.9481662509312
1.1647	108.11202450016613
1.16471	46.08376995405047
1.16472	236.02499657347957
1.1647299999999998	132.70827375905714
1.16474	706.3191806211059
1.16475	973.383544455114
1.16476	1206.8547386309506
1.16477	916.2183804487853
1.16478	75.01308038940613
1.16479	45.571570959995825
1.1648	328.48005141196234
1.16481	1051.0684499194983
1.16482	865.4978632060257
1.16483	831.4171908877405
1.16484	338.1458018974159
1.16485	244.01189630425546
1.16486	507.50929414283036
1.16487	526.47893588463
1.16488	165.7810935241554
1.16489	3.6240318012497683
1.1649	38.862613193108615
1.16491	46.631888082836895
1.1649200000000002	16.293860733537816
1.16493	1.1414870793110539
1.16494	58.48789618071045
1.16495	371.059880178905
1.16496	198.4280205359362
1.16497	188.9561362655347
1.16498	209.08650345964676
1.16499	169.53641680707094
1.165	25.54300568276365
1.16501	51.87857041521736
1.1650200000000002	285.85250341854487
1.16503	87.26297198137333
1.16504	396.31909725804746
1.16505	334.3228035198976
1.16506	392.46054264163354
1.16507	564.498770042523
1.16508	239.87611143742214
1.16509	171.00231900199663
1.1651	761.7053395397443
1.16511	1429.9636574372232
1.1651200000000002	1744.2791919976946
1.16513	2454.6184825323708
1.16514	3548.779371578142
1.16515	2791.0717433952777
1.16516	1574.5809759424942
1.16517	604.2463003352577
1.16518	263.4480570712988
1.16519	164.79309106991525
1.1652	1638.969984001125
1.16521	2011.337727857168
1.16522	2416.250739758057
1.16523	3748.271148079693
1.16524	2470.3358443860957
1.16525	420.72759714442185
1.16526	130.85912137600823
1.16527	137.65119943297978
1.16528	220.39665557667288
1.16529	844.302353744031
1.1653	3054.8226357813733
1.16531	2994.415071470268
1.16532	2779.418859139958
1.16533	1710.1491938270538
1.16534	1877.8331433707795
1.16535	2064.904639202688
1.16536	1306.63714462099
1.16537	519.7446169585073
1.16538	1010.9460972234357
1.16539	405.9625763533609
1.1654	1035.59990041414
1.16541	3183.7869625946064
1.16542	3847.645041032309
1.16543	1484.8035594847115
1.16544	3127.2744740942944
1.16545	1209.4363017473634
1.16546	546.7880316993496
1.16547	244.08551082448682
1.1654799999999998	78.80159354734984
1.16549	69.41239028113279
1.1655	594.6726978954813
1.16551	1378.8054773867773
1.16552	1073.3614661776103
1.16553	846.2973870706802
1.16554	130.1382612742238
1.16555	64.06104222057097
1.16556	462.1830348728316
1.16557	108.17925842431455
1.1655799999999998	380.0686077680317
1.16559	1312.970595499086
1.1656	1114.2432196136408
1.16561	326.3660685979093
1.16562	0.9198732717793778
1.16563	38.8541130978094
1.16564	941.0138164292928
1.16565	2198.1584778708857
1.16566	3793.726340860332
1.16567	3842.0587367705816
1.1656799999999998	3007.246305414684
1.16569	1842.8585419490341
1.1657	1929.6298111738047
1.16571	952.7961640236521
1.16572	334.6755609636415
1.16573	88.18972736475813
1.16574	1.2113705187889658
1.16575	0.6482417524980302
1.16576	171.29157395237343
1.16577	542.246802796091
1.1657799999999998	217.40523627577855
1.16579	5.7248221602003495
1.1658	3.8203926424291215
1.16581	130.30917643014578
1.16582	64.64218086203745
1.16583	236.72929241751305
1.16584	110.49763936585308
1.16585	3.8905141571167587
1.16586	15.016578820367565
1.16587	80.68949547986523
1.16588	431.64329587767196
1.16589	487.7710267922976
1.1659	1477.6106069382156
1.16591	2722.1057943260435
1.16592	2911.6488693310857
1.16593	3601.239458256805
1.16594	1398.8108748207267
1.16595	1092.0688008801546
1.16596	2590.347324566622
1.1659700000000002	3502.9988924017657
1.16598	2388.933166669941
1.16599	392.63860676197726
1.166	21.865781299611157
1.16601	32.071996806608574
1.16602	892.6598468293797
1.16603	3020.18815531453
1.16604	4043.13274111624
1.16605	1656.0330504036233
1.16606	648.2492156999713
1.1660700000000002	2569.975599710419
1.16608	4223.952249636041
1.16609	1607.1151680151795
1.1661	813.9804983053986
1.16611	2738.13590397389
1.16612	2652.851866856085
1.16613	3986.8876732245094
1.16614	1953.1697973779144
1.16615	1970.779336155844
1.16616	4767.5910958781315
1.1661700000000002	4461.326417468415
1.16618	2798.7815350922447
1.16619	617.8940312145886
1.1662	7.4598655464844095
1.16621	605.6057639791704
1.16622	1846.719776211238
1.16623	2261.9395797461348
1.16624	2017.9667216659814
1.16625	516.6935021902947
1.16626	2301.812795898521
1.16627	2473.8308437095247
1.16628	2438.287992745692
1.16629	2579.6512708427717
1.1663	5140.661410301059
1.16631	7832.348443393543
1.16632	8859.108078880015
1.16633	12246.52856992761
1.16634	10656.019338922564
1.16635	6317.001790624612
1.16636	4300.45096423098
1.16637	6390.517081065148
1.16638	5164.817735083023
1.16639	3305.650998164218
1.1664	4169.644221478206
1.16641	1428.1867513444581
1.16642	3369.977490149725
1.16643	4345.092236759581
1.16644	3262.533652155527
1.16645	791.0337256543352
1.16646	197.90100514208882
1.16647	23.307570149279556
1.16648	6.972860873500276
1.16649	7.273492577837719
1.1665	241.56888791776814
1.16651	1268.7819744271894
1.16652	1533.0629922124988
1.1665299999999998	3179.1059362423607
1.16654	1973.3131045674493
1.16655	387.96093738873736
1.16656	417.70050468495583
1.16657	2525.5617995414177
1.16658	3213.15739660546
1.16659	6722.023091115661
1.1666	12125.984255304902
1.16661	14752.037238550645
1.16662	15294.24348871962
1.1666299999999998	10309.34325670632
1.16664	2424.4766175896257
1.16665	1761.976046411631
1.16666	1258.119808020261
1.16667	3442.310170475896
1.16668	4548.948289668053
1.16669	2459.104587553635
1.1667	435.5269159925607
1.16671	127.4870289127785
1.16672	5.093191434155046
1.1667299999999998	30.594192855072738
1.16674	570.2364836996218
1.16675	1372.0375584385533
1.16676	526.4959078338778
1.16677	1831.6563672256275
1.16678	1973.3767176915048
1.16679	1801.046808046224
1.1668	860.2149776285744
1.16681	847.4244691880084
1.16682	1886.652867468714
1.16683	1300.77745156081
1.16684	177.963115462557
1.16685	542.1082293016954
1.16686	2275.579433522961
1.16687	620.3260223900821
1.16688	221.4399628923144
1.16689	321.19960313115985
1.1669	49.737390954797384
1.16691	427.6849815722008
1.1669200000000002	1023.6582714354856
1.16693	1646.6678261202244
1.16694	2516.47720046754
1.16695	4851.41023390644
1.16696	5698.41402200525
1.16697	3841.5722008846556
1.16698	732.4955657833464
1.16699	311.520047215676
1.167	975.9622060017576
1.16701	1381.869400139818
1.1670200000000002	1640.2989239721735
1.16703	190.34698403582382
1.16704	1100.1299801475602
1.16705	1557.4352499398874
1.16706	2414.2986970420247
1.16707	3686.829043113596
1.16708	3668.960194431388
1.16709	602.2225313118796
1.1671	2029.7380818091626
1.16711	1217.0151932282638
1.1671200000000002	200.971280661181
1.16713	1693.4524238245003
1.16714	1895.6580523474854
1.16715	2427.817290127807
1.16716	5183.331678617921
1.16717	5743.650429844283
1.16718	1641.9238072229718
1.16719	5350.446181736795
1.1672	10806.47367890605
1.16721	9859.071131836663
1.16722	8190.8693746659765
1.16723	2437.8108183687496
1.16724	614.7039445587657
1.16725	596.2384785310767
1.16726	1036.967153279393
1.16727	316.6022522294929
1.16728	4.647303117560602
1.16729	1.9986649663912397
1.1673	186.70158289328987
1.16731	83.58089166291978
1.16732	24.945602630812363
1.16733	514.1383506442066
1.16734	126.45121307928015
1.16735	431.1138745595502
1.16736	1002.0421727926523
1.16737	187.39758939357984
1.16738	3.500152767821597
1.16739	182.83696347973492
1.1674	1826.7242746999618
1.16741	3638.907365237372
1.16742	3036.2393187345856
1.16743	978.8812277194504
1.16744	714.1426980688075
1.16745	150.34084953628667
1.16746	366.331277102596
1.16747	1803.1630527769053
1.16748	1922.9898857129715
1.16749	2218.753216545257
1.1675	3843.4390647439973
1.16751	2460.8095298816834
1.16752	395.99709500827714
1.16753	68.56050376320853
1.16754	1790.869746909366
1.16755	1770.4595141042435
1.16756	3816.6382636952203
1.16757	8158.0619706206835
1.1675799999999998	6153.1287146173045
1.16759	3485.106066091775
1.1676	6387.85427359453
1.16761	5985.673172971535
1.16762	2367.9144075869795
1.16763	1645.7997802483485
1.16764	3543.219031619628
1.16765	5654.9269616121965
1.16766	2814.044753446211
1.16767	703.7671641827337
1.1676799999999998	1072.3807265795954
1.16769	558.5383529283572
1.1677	83.52202205760169
1.16771	6.646193785344568
1.16772	408.29306185760214
1.16773	361.0846278755522
1.16774	533.9222260592227
1.16775	3348.1969773794954
1.16776	4971.014157317316
1.16777	2345.902726429541
1.1677799999999998	1781.422773561752
1.16779	1269.8312188022055
1.1678	3084.0967949095552
1.16781	5586.862719515826
1.16782	1862.061411156075
1.16783	1952.2750317985744
1.16784	5593.247021020475
1.16785	3306.671102254125
1.16786	702.2681948158393
1.16787	977.8021773342115
1.16788	590.6388366385253
1.16789	341.9471591301812
1.1679	251.37263637031367
1.16791	1300.3072978768116
1.16792	1571.4986055938143
1.16793	3755.6230857807677
1.16794	7691.198144302924
1.16795	6524.406323939081
1.16796	6907.4539773191855
1.1679700000000002	5159.7659235961155
1.16798	577.6569461904954
1.16799	276.47062862264164
1.168	12.52546910269191
1.16801	439.21887983206733
1.16802	3348.605606260685
1.16803	6400.309858324809
1.16804	2569.543652126312
1.16805	2858.288092109274
1.16806	3988.393501817392
1.1680700000000002	1852.4606864323728
1.16808	1786.9936118860749
1.16809	394.8735098483683
1.1681	1126.3153423745061
1.16811	3206.7270850726454
1.16812	2722.738923846417
1.16813	3522.864992979465
1.16814	7085.769163369328
1.16815	10462.777746448144
1.16816	11712.079185657669
1.1681700000000002	15317.221758562131
1.16818	24128.98203096792
1.16819	26799.765874235967
1.1682	27503.18562600305
1.16821	15194.660467818068
1.16822	5181.219603024172
1.16823	2485.4383776941386
1.16824	279.88137574409365
1.16825	608.496381517945
1.16826	110.8500772232308
1.16827	2502.050090927815
1.16828	8547.379758279227
1.16829	12954.450623124685
1.1683	12517.972697666104
1.16831	5903.519471420445
1.16832	979.9930596217598
1.16833	196.58709269964942
1.16834	52.74605702933937
1.16835	38.595618060136744
1.16836	488.2620834957345
1.16837	523.3882878932557
1.16838	3488.984178042398
1.16839	4607.6767107263595
1.1684	8627.59996476587
1.16841	8159.602455861403
1.16842	3399.4448507443517
1.16843	1896.7146558848176
1.16844	2884.874998900861
1.16845	15875.813923264855
1.16846	18696.486488019436
1.16847	8789.860851512869
1.16848	1034.7656417132814
1.16849	1142.00235631829
1.1685	9148.923580133727
1.16851	16917.025346314575
1.16852	27441.13055335103
1.1685299999999998	25247.884802730878
1.16854	16513.304909753177
1.16855	14254.828609130598
1.16856	22679.94515477052
1.16857	14575.51806320443
1.16858	13513.722606379428
1.16859	13327.263976921984
1.1686	5764.823298756519
1.16861	678.0535592271908
1.16862	198.97568110906562
1.1686299999999998	270.4605955443736
1.16864	1286.2192349072845
1.16865	2705.309764147665
1.16866	2070.0269517133365
1.16867	191.72290463246898
1.16868	631.2334431365367
1.16869	3943.1563716549226
1.1687	7075.562963721324
1.16871	5498.028667673706
1.16872	6635.856716028418
1.1687299999999998	3834.670036775096
1.16874	1138.6205034365096
1.16875	393.2040659217479
1.16876	2.3673964934152063
1.16877	4.787777947010809
1.16878	554.536325058998
1.16879	1027.8222146594103
1.1688	236.75273241951587
1.16881	120.18520262584718
1.16882	189.0653748128724
1.16883	269.6013111689593
1.16884	136.05672095355789
1.16885	170.19939030325457
1.16886	975.2792852948976
1.16887	1460.4779349712305
1.16888	485.92360885250685
1.16889	589.7948825414151
1.1689	2865.431296610736
1.16891	6251.914067289709
1.1689200000000002	5235.293089782539
1.16893	7357.783419830109
1.16894	10209.559394405502
1.16895	4404.3619293016445
1.16896	523.535336366863
1.16897	4708.2444159913175
1.16898	18145.544300881327
1.16899	26092.93906143834
1.169	23123.469648668768
1.16901	20233.68571881712
1.1690200000000002	23086.866944453213
1.16903	25493.12057116773
1.16904	18829.595910060943
1.16905	15565.246399477724
1.16906	13464.27582866922
1.16907	11385.444746276135
1.16908	11297.23076386378
1.16909	6462.729816333411
1.1691	1359.4774242385624
1.16911	2790.564081834575
1.1691200000000002	4196.343200360927
1.16913	1738.6333264215589
1.16914	398.3859375020217
1.16915	47.85683794566233
1.16916	1.2751080865860074
1.16917	109.31606746581758
1.16918	536.499102773124
1.16919	2090.759120596605
1.1692	3238.948181646596
1.16921	2634.468438509542
1.16922	1392.117843228903
1.16923	1625.556241696385
1.16924	2153.540283692249
1.16925	3891.0427291741053
1.16926	5227.1624821146415
1.16927	10535.253740308404
1.16928	14355.191816910308
1.16929	10125.5821151885
1.1693	5818.740643726944
1.16931	6577.80508158433
1.16932	2967.3652057420363
1.16933	523.2918850869912
1.16934	4.665841697704214
1.16935	25.216162817396594
1.16936	18.372954520239862
1.16937	644.0372693858429
1.16938	869.7571347141574
1.16939	269.26071829119337
1.1694	1024.4717803103822
1.16941	4476.854707961053
1.16942	6021.795461187213
1.16943	3295.816320604652
1.16944	3804.4510445768374
1.16945	5535.527338833537
1.16946	2507.7774911470033
1.16947	408.7991649513825
1.16948	117.21710740836564
1.16949	261.49235720394006
1.1695	1382.4486221811544
1.16951	6484.537408677777
1.16952	10968.49394910657
1.16953	5081.301913935517
1.16954	3077.960201236716
1.16955	974.8549472253537
1.16956	7155.928622421624
1.16957	9938.618036358243
1.1695799999999998	16590.52006047809
1.16959	14288.413170819482
1.1696	7437.603117720359
1.16961	4302.738970308466
1.16962	1068.119884199548
1.16963	4080.552783571891
1.16964	11858.5612205628
1.16965	16114.097980152952
1.16966	9090.462926976694
1.16967	3971.58626409734
1.1696799999999998	12790.249018063312
1.16969	17252.498566787493
1.1697	18052.817841124503
1.16971	15598.685430514266
1.16972	18510.962456968267
1.16973	37296.23563266103
1.16974	46026.187251148534
1.16975	37850.01012401653
1.16976	23992.858901687658
1.16977	17648.183062321572
1.1697799999999998	4435.442974596969
1.16979	2131.9597439259783
1.1698	1315.6428201567405
1.16981	1019.1051587245768
1.16982	81.49237969231007
1.16983	0.17868537173971993
1.16984	154.54216783400247
1.16985	1315.69432061697
1.16986	2286.488387238061
1.16987	1627.9947498828574
1.16988	706.6526631250968
1.16989	3379.5276186784577
1.1699	7868.283509484124
1.16991	15172.320214874318
1.16992	12597.518360521133
1.16993	10335.98808475342
1.16994	9665.003152024015
1.16995	10787.181847063674
1.16996	7532.220063464758
1.1699700000000002	845.6117325179428
1.16998	3050.520866175065
1.16999	4691.805499702314
1.17	4172.938651750766
1.17001	3835.879890198376
1.17002	1934.536819759552
1.17003	400.1980793333317
1.17004	44.85150288793581
1.17005	3.5203350525689063
1.17006	14.223320621596516
1.1700700000000002	266.50968747131407
1.17008	711.5558606159021
1.17009	85.23010039285516
1.1701	216.89622832500785
1.17011	248.53410897311835
1.17012	347.2745842040741
1.17013	597.6267108804252
1.17014	1545.7740065231208
1.17015	3493.8801228904504
1.17016	4406.187762909924
1.1701700000000002	3504.902974618827
1.17018	2662.465567849655
1.17019	755.0591937700032
1.1702	390.4864784820539
1.17021	1504.312277394154
1.17022	967.390904958447
1.17023	310.88301847682703
1.17024	6.594562672484509
1.17025	1.982088309338828
1.17026	373.0001444535318
1.17027	1860.1801255727066
1.17028	2008.8522694373041
1.17029	959.891177435884
1.1703	382.70576112665657
1.17031	56.860673566651926
1.17032	2.5112040320136746
1.17033	69.76956255106336
1.17034	184.79533345535089
1.17035	1570.6701854014684
1.17036	2299.7413816429153
1.17037	1435.7803324429306
1.17038	168.12836902342355
1.17039	55.299219288361826
1.1704	513.6129910380223
1.17041	2462.538334989323
1.17042	1993.6457901974866
1.17043	2300.805993380351
1.17044	1897.6363899711212
1.17045	4758.334843154248
1.17046	1951.2773347950158
1.17047	812.8567191464548
1.17048	450.1435172233208
1.17049	5010.222350391061
1.1705	10562.360836867396
1.17051	12272.385814477057
1.17052	6024.860559909562
1.1705299999999998	806.7797704744604
1.17054	855.1474401137207
1.17055	4493.875123414541
1.17056	5874.190140411076
1.17057	2959.633946756573
1.17058	9126.977922406531
1.17059	9459.34357796006
1.1706	9066.46522236975
1.17061	1458.8276965131015
1.17062	713.6265511415451
1.1706299999999998	2676.5970810021013
1.17064	1143.3468510780788
1.17065	3288.9100809421916
1.17066	8250.494896708102
1.17067	17111.733190045972
1.17068	18746.7073594468
1.17069	20540.1684061774
1.1707	19969.03140545478
1.17071	24023.982343224958
1.17072	28330.3539183722
1.1707299999999998	25490.361816716828
1.17074	10128.287018086601
1.17075	10741.180135446546
1.17076	9302.485462532271
1.17077	7267.0809843850675
1.17078	3659.577931608047
1.17079	1052.1241758681756
1.1708	268.1569145948016
1.17081	2601.3991859161238
1.17082	4758.729292454158
1.17083	3835.597262535574
1.17084	4212.4232389205945
1.17085	2402.6250458093436
1.17086	1002.0260219112256
1.17087	3865.7787994852993
1.17088	2856.676091213421
1.17089	3585.4114411918013
1.1709	2462.5156542775244
1.17091	12925.757384851473
1.1709200000000002	29693.268131517638
1.17093	36771.89403950775
1.17094	32816.63147280222
1.17095	33358.38371657945
1.17096	33093.598985801545
1.17097	29543.97995616357
1.17098	23035.571959749668
1.17099	9618.381527054022
1.171	17014.3749801846
1.17101	12545.414067845735
1.1710200000000002	4606.859846429658
1.17103	762.9428371056626
1.17104	512.7999805046608
1.17105	1571.104237575821
1.17106	1216.7994367153194
1.17107	858.2503713312407
1.17108	253.5513924833841
1.17109	1058.5222712904097
1.1711	6596.369880530424
1.17111	12005.741827097749
1.1711200000000002	14028.621568675591
1.17113	11048.797144056829
1.17114	11463.678559964597
1.17115	12188.941705328753
1.17116	8357.9929407883
1.17117	4621.2663487873
1.17118	28355.93681820862
1.17119	45858.09398024293
1.1712	43047.902956171725
1.17121	43635.504348465984
1.17122	29649.33792941193
1.17123	19743.811680244857
1.17124	15951.517328558899
1.17125	35194.111045442936
1.17126	48785.526913828835
1.17127	66106.47502061274
1.17128	68688.17854142314
1.17129	57226.47561443
1.1713	44583.58628340838
1.17131	25342.064970438838
1.17132	13691.089200720013
1.17133	12843.606758305326
1.17134	2123.0098053178117
1.17135	822.3505741984119
1.17136	3159.031816741391
1.17137	5941.690146318626
1.17138	3159.2500424656373
1.17139	4106.964983310284
1.1714	6145.765710246581
1.17141	2763.853377635644
1.17142	5476.511449921156
1.17143	3185.8036096184774
1.17144	7683.799076838217
1.17145	11620.852798307005
1.17146	16874.4256578664
1.17147	30423.06742918836
1.17148	46834.18854598888
1.17149	60069.63595991863
1.1715	53817.8073843375
1.17151	34724.49991809608
1.17152	15138.365966608191
1.17153	4241.104758550168
1.17154	3053.352885747057
1.17155	2604.0181083989946
1.17156	3881.762855841792
1.17157	4557.052164787698
1.1715799999999998	5762.407937588305
1.17159	2832.5918418185643
1.1716	256.5476258794051
1.17161	114.05753987915331
1.17162	42.00016533350638
1.17163	1704.221343242724
1.17164	3349.0836882452086
1.17165	2469.1188783258285
1.17166	3711.889165492102
1.17167	2335.5759792277263
1.1716799999999998	666.6363638859751
1.17169	1550.2652064284225
1.1717	4491.423427857101
1.17171	4157.535823349196
1.17172	2387.679331231214
1.17173	1438.9244760976935
1.17174	259.09259452100133
1.17175	326.64198039244496
1.17176	155.58545705275748
1.17177	114.64180096747309
1.1717799999999998	941.6857531751158
1.17179	651.5548771467649
1.1718	65.63250797436815
1.17181	51.97877019676647
1.17182	1056.6496171064757
1.17183	2708.9563050358647
1.17184	4626.003957826651
1.17185	5674.544420086298
1.17186	6214.597414196049
1.17187	5125.1077451795645
1.17188	13416.060250941897
1.17189	12537.357215595675
1.1719	9638.445588375633
1.17191	6901.41272048881
1.17192	2098.5146237931785
1.17193	2481.4698336430624
1.17194	6813.2135270257895
1.17195	4323.734319416629
1.17196	5458.822840098203
1.1719700000000002	8963.425228154214
1.17198	13561.97689027194
1.17199	18771.241624643917
1.172	20278.36799471225
1.17201	10835.126847551075
1.17202	3414.4833553843896
1.17203	1892.0124941708868
1.17204	2229.841531138844
1.17205	2392.3129985337746
1.17206	7897.543014540406
1.1720700000000002	7881.393293482247
1.17208	7607.553233565165
1.17209	2155.395639911341
1.1721	118.60063109708014
1.17211	157.786557108652
1.17212	4811.538885612883
1.17213	12566.692839543835
1.17214	16474.94600836374
1.17215	19550.325837252803
1.17216	24534.31856183199
1.1721700000000002	33074.09732221829
1.17218	58431.495255470734
1.17219	55694.203840251095
1.1722	40342.1462989907
1.17221	22480.81232284434
1.17222	11239.474336123472
1.17223	11666.02761160023
1.17224	3216.481071594864
1.17225	7273.509325692587
1.17226	24704.21168236925
1.17227	25723.200330550055
1.17228	8675.769399083441
1.17229	11729.5405232737
1.1723	28799.901340232856
1.17231	39173.015103620164
1.17232	39129.11271268523
1.17233	23127.143759728708
1.17234	8640.184174190996
1.17235	2257.953531833744
1.17236	8389.189410962621
1.17237	5088.736930709778
1.17238	2133.81616077834
1.17239	5747.367925898075
1.1724	15959.048699767733
1.17241	18760.482336419303
1.17242	6692.617427790066
1.17243	6928.0816921105115
1.17244	5719.077740059923
1.17245	9210.198705766545
1.17246	4525.160629980443
1.17247	6944.196474772437
1.17248	19421.957524839687
1.17249	12889.79469235971
1.1725	12529.478637525131
1.17251	11048.262900265827
1.17252	7025.204971622004
1.17253	4237.3662190231125
1.17254	3597.7915711617024
1.17255	2060.867165713109
1.17256	4223.514601883399
1.17257	8227.142127514118
1.17258	4956.9895117064425
1.17259	673.6448593697776
1.1726	233.84279862154526
1.17261	3860.4683833575136
1.17262	9624.606887703565
1.1726299999999998	11527.549611947969
1.17264	8815.095060111953
1.17265	9945.62316514698
1.17266	11725.112003998134
1.17267	11948.434302933112
1.17268	6146.529919775866
1.17269	2872.9164761490456
1.1727	4055.0293317962983
1.17271	4449.067553355853
1.17272	2517.2363817394016
1.1727299999999998	102.58928429268595
1.17274	693.6717370936403
1.17275	2302.926090204037
1.17276	3329.7758564664864
1.17277	6968.1421228654135
1.17278	2943.3506231768183
1.17279	5194.455140037238
1.1728	7680.774237573271
1.17281	30316.495732877953
1.17282	43338.213026620266
1.1728299999999998	31480.382457867367
1.17284	19555.683509612303
1.17285	9740.87566642508
1.17286	13787.102361681802
1.17287	28209.409806543066
1.17288	24823.213352251947
1.17289	36678.621066916574
1.1729	68218.15979381818
1.17291	54117.284946035696
1.17292	55325.455728813875
1.17293	49460.78444913648
1.17294	25728.47232805561
1.17295	14572.69918069163
1.17296	29297.192186421402
1.17297	26247.26161339761
1.17298	23010.391084586503
1.17299	12632.520160198645
1.173	5645.598642516043
1.17301	4121.962154330578
1.1730200000000002	9204.220197905228
1.17303	14836.450091742505
1.17304	22490.287127867923
1.17305	17745.612750656233
1.17306	12502.072123910672
1.17307	7546.976540412857
1.17308	7484.3484704065395
1.17309	7493.867327255689
1.1731	12517.597995208987
1.17311	13101.71053383532
1.1731200000000002	6721.388521832972
1.17313	3175.959824367024
1.17314	7333.81583729515
1.17315	11130.867166498245
1.17316	9035.828928214238
1.17317	3814.274987526074
1.17318	675.7172407852947
1.17319	42.75195703490359
1.1732	3.738436429026309
1.17321	286.071767974024
1.1732200000000002	901.7746030990753
1.17323	2468.7948342808977
1.17324	2249.551810189252
1.17325	3967.665032454768
1.17326	4632.22877454234
1.17327	3467.512217902053
1.17328	778.724789482525
1.17329	3357.8477448485514
1.1733	4291.488963703716
1.17331	1394.2446927279627
1.17332	1212.0150147109355
1.17333	1015.9258242956903
1.17334	1415.8198600825076
1.17335	3066.23897737508
1.17336	2108.5310462543052
1.17337	9043.946820983023
1.17338	9560.354581286732
1.17339	12181.254026015336
1.1734	25202.115640216758
1.17341	20599.51522034932
1.17342	13968.796805086973
1.17343	8319.70639164401
1.17344	3320.0834515739884
1.17345	2083.2912989899974
1.17346	2710.971800017021
1.17347	6397.657701523632
1.17348	13788.912001087683
1.17349	11323.925409179892
1.1735	9310.371276369997
1.17351	8036.167864764638
1.17352	8939.989320534958
1.17353	4790.303169660755
1.17354	5924.858734653873
1.17355	12066.491186053172
1.17356	15953.133518373103
1.17357	11930.372396020908
1.1735799999999998	4320.708825519906
1.17359	9702.932273179347
1.1736	7688.860827282779
1.17361	7261.21004877852
1.17362	11173.030903929026
1.17363	6167.497753914449
1.17364	1968.176309516432
1.17365	12639.415767805784
1.17366	21121.657694309168
1.17367	21604.48906854849
1.1736799999999998	19954.92041255889
1.17369	8805.499565831558
1.1737	19498.17661845472
1.17371	39418.12841537824
1.17372	43568.53931884129
1.17373	30097.332072889552
1.17374	26509.345170837456
1.17375	18551.9685757119
1.17376	9016.541792005743
1.17377	1308.5580696109914
1.1737799999999998	1391.4000031345147
1.17379	3204.534857445931
1.1738	7251.469088417571
1.17381	19328.315229609674
1.17382	18091.892560306296
1.17383	10157.176518731994
1.17384	6389.031068220128
1.17385	11183.867161054637
1.17386	6736.215929024097
1.17387	1891.0151141231013
1.17388	819.1793575314549
1.17389	428.7863978269248
1.1739	3245.966250538185
1.17391	3344.159631081613
1.17392	4875.801313265802
1.17393	3075.0699548444018
1.17394	5658.326451100191
1.17395	5850.432863832713
1.17396	3509.6353843384773
1.1739700000000002	5471.46971863015
1.17398	9621.526935401558
1.17399	4889.742621245701
1.1740000000000002	1483.3888148803778
1.17401	173.96544807330937
1.17402	49.285821522034084
1.17403	376.6031948841445
1.17404	1693.171696177428
1.17405	6811.252808721537
1.17406	10433.980001793065
1.1740700000000002	5465.74039169604
1.17408	4646.1689700208035
1.17409	5797.289655748726
1.1741	957.006747858918
1.17411	1428.7820977922659
1.17412	6915.697682926213
1.17413	4746.778864954382
1.17414	8560.142610330236
1.17415	17078.786126472187
1.17416	22364.284069582183
1.1741700000000002	24724.584388826308
1.17418	28280.62479740739
1.17419	19134.626967269644
1.1742	8582.879198483026
1.17421	2777.179814538234
1.17422	8227.975692311302
1.17423	4337.595003795132
1.17424	2280.767416879209
1.17425	4150.668030576128
1.17426	8509.577540647373
1.17427	10639.543634004764
1.17428	7015.893695536604
1.17429	3374.10815870072
1.1743	2028.854955147599
1.17431	1292.7305135635168
1.17432	2040.27637141572
1.17433	9212.19240454671
1.17434	30061.870526120347
1.17435	27536.262938620464
1.17436	21909.77915475405
1.17437	13833.019845538876
1.17438	2158.35063789171
1.17439	2454.347203063612
1.1744	13531.564126011086
1.17441	29526.298092274214
1.17442	21734.817604270524
1.17443	23038.86075910442
1.17444	20058.987142775262
1.17445	49101.52718283184
1.17446	73680.23460047539
1.17447	50275.56963920547
1.17448	109153.08130315946
1.17449	144956.93579581627
1.1745	123175.68893218534
1.17451	70819.36037714098
1.17452	62454.681797830606
1.17453	43542.86489772498
1.17454	27204.01464674456
1.17455	35311.649087429105
1.17456	52807.06132679536
1.17457	45278.07974185495
1.17458	16234.540465232285
1.17459	26330.372307010854
1.1746	25196.371323404514
1.17461	13171.037916743633
1.17462	10100.2471274971
1.1746299999999998	14876.919053966643
1.17464	7822.345606174641
1.17465	11019.198334508064
1.17466	19180.105867701146
1.17467	13199.88051498577
1.17468	32143.931951020077
1.17469	53906.607342301395
1.1747	56029.53265348778
1.17471	52674.81269664934
1.17472	99307.26014213588
1.1747299999999998	112747.78015825216
1.17474	62721.29260238236
1.17475	55466.913513616375
1.17476	30793.4961873397
1.17477	25359.63508903686
1.17478	57899.25825040713
1.17479	45625.01287301997
1.1748	72582.8471625028
1.17481	79034.18878348045
1.17482	55265.868585841316
1.1748299999999998	44506.762080976936
1.17484	41842.6324949152
1.17485	23783.786626966714
1.17486	29204.24613217143
1.17487	28661.967551622074
1.17488	23669.60443028165
1.17489	26621.40668338
1.1749	25870.27230308082
1.17491	24461.720522044245
1.17492	17299.239048908992
1.17493	14859.698576135152
1.17494	32290.442758824178
1.17495	25394.870353518003
1.17496	23213.733803912208
1.17497	19976.941599520458
1.17498	9043.801050957867
1.17499	4663.5109410807145
1.175	22681.355206199263
1.17501	41641.65675279905
1.1750200000000002	46715.93010632871
1.17503	35824.736109383644
1.17504	13658.940085081796
1.17505	9676.87207810211
1.17506	25017.217250321093
1.17507	33948.453886087125
1.17508	32584.570432715933
1.17509	22053.574953253326
1.1751	15130.10702225222
1.17511	17026.0537463043
1.1751200000000002	24287.734121071993
1.17513	22943.041992139115
1.17514	25234.923935657487
1.17515	15339.704727474109
1.17516	4422.0739400582015
1.17517	3112.375586162428
1.17518	4767.250796713786
1.17519	4077.9509712560084
1.1752	4313.511895079317
1.17521	2793.174059182452
1.1752200000000002	660.2706611370443
1.17523	633.0033377417773
1.17524	2935.7698093403083
1.17525	8009.474074975573
1.17526	9866.1337802482
1.17527	8150.964468969319
1.17528	4863.635278873852
1.17529	2819.947350822766
1.1753	1466.5335404833102
1.17531	923.2429499828739
1.17532	1602.8024588137182
1.17533	6841.857112485294
1.17534	6013.204862820738
1.17535	5859.290087251648
1.17536	2337.3298205527635
1.17537	5019.448468909944
1.17538	12544.77857250679
1.17539	9410.91823180255
1.1754	5555.958587847479
1.17541	2362.9362233584434
1.17542	1896.7015538893954
1.17543	1112.1669881386222
1.17544	1393.888387521334
1.17545	1359.5588147985854
1.17546	1760.64987411427
1.17547	4917.9034696437875
1.17548	7202.11414260805
1.17549	11185.38662080614
1.1755	12128.804615414228
1.17551	10148.409892918684
1.17552	4582.473899284564
1.17553	846.3032331061157
1.17554	264.313898272337
1.17555	473.94178512069914
1.17556	6018.9675233408525
1.17557	12401.179679637622
1.1755799999999998	22162.512828749692
1.17559	27210.4672864238
1.1756	35672.783657450535
1.17561	22807.2540397772
1.17562	21147.108814613115
1.17563	24109.877290486
1.17564	16724.95662002849
1.17565	7911.539486719594
1.17566	1906.9047475680895
1.17567	1060.4739383723331
1.1756799999999998	5223.444685074857
1.17569	19646.98890975888
1.1757	31848.8679357766
1.17571	40327.19358359416
1.17572	38583.4448320978
1.17573	34084.5841701046
1.17574	20155.00916620832
1.17575	19219.673248335403
1.17576	29656.5754457153
1.17577	48052.833332012146
1.1757799999999998	78826.63726373963
1.17579	80326.7137713315
1.1758	77111.29558811004
1.17581	51535.67871563144
1.17582	34723.30059706968
1.17583	16408.2400096679
1.17584	19146.570711280376
1.17585	12018.29887529902
1.17586	10416.120609482841
1.17587	6398.320637674958
1.17588	5437.2462197779105
1.17589	7281.301257845534
1.1759	6786.033511612509
1.17591	17207.944631886534
1.17592	14791.628815388156
1.17593	16914.999917274006
1.17594	26829.89666527301
1.17595	32409.69917843069
1.17596	25946.871439005103
1.1759700000000002	32546.553053687123
1.17598	26992.182399677113
1.17599	32713.499130224583
1.176	50746.60584012
1.17601	91665.94077543406
1.17602	99256.96692999284
1.17603	60711.92453638192
1.17604	97029.09931377873
1.17605	110410.15002538939
1.17606	89397.83472043464
1.1760700000000002	57688.86572896268
1.17608	71266.92164961492
1.17609	55506.264390482385
1.1761	68102.80501797298
1.17611	58379.1812703477
1.17612	71164.59793076567
1.17613	92448.10214242936
1.17614	100158.77402560302
1.17615	92157.77905943753
1.17616	74218.64137222247
1.1761700000000002	92576.3385120825
1.17618	99158.05513049373
1.17619	107358.39247771876
1.1762	60751.35935109879
1.17621	31332.063640936132
1.17622	10379.13115712524
1.17623	5548.466905794
1.17624	8487.738678707947
1.17625	3518.868195605979
1.17626	2006.5500641062272
1.17627	4385.983565284013
1.17628	8992.594285444802
1.17629	2740.406569685481
1.1763	7825.53431202124
1.17631	27662.98237253083
1.17632	58432.0334319087
1.17633	76837.10614341393
1.17634	53183.143055437264
1.17635	21634.25777112501
1.17636	25764.813313461847
1.17637	55420.95434097531
1.17638	52157.40791801116
1.17639	41180.63129268194
1.1764	25802.037375835986
1.17641	14978.626791559946
1.17642	21264.883119676222
1.17643	58007.48013835876
1.17644	81601.09752462941
1.17645	50710.86282999421
1.17646	29722.75077879466
1.17647	26625.94312586376
1.17648	32130.982086040174
1.17649	52049.43265369339
1.1765	64142.960382931466
1.17651	74942.29696627808
1.17652	61816.15667906549
1.17653	24303.06228931917
1.17654	47420.48593076458
1.17655	60854.26200596551
1.17656	35451.449758052986
1.17657	18837.83549420359
1.17658	32259.453066791557
1.17659	52280.05069066013
1.1766	59138.59466602468
1.17661	53313.10783118657
1.17662	46195.9603585559
1.1766299999999998	34900.28713152655
1.17664	15227.8293055542
1.17665	8312.64052286375
1.17666	32640.06387683369
1.17667	37983.50171170922
1.17668	53019.54543823412
1.17669	38883.82680114323
1.1767	18862.836484063188
1.17671	15671.29911556962
1.17672	10531.470122251792
1.1767299999999998	4245.022534327294
1.17674	366.23091328985566
1.17675	1667.3892608093088
1.17676	9903.347081797794
1.17677	11991.734374137555
1.17678	18396.53368481159
1.17679	9539.991769005428
1.1768	17694.243518885167
1.17681	19912.14288454341
1.17682	18300.712567096398
1.1768299999999998	17373.207229675478
1.17684	27558.97113951292
1.17685	34805.1091451007
1.17686	27245.137247122202
1.17687	15014.677208502544
1.17688	8488.188196643727
1.17689	14193.320182928379
1.1769	21988.671946684506
1.17691	28025.088969708268
1.17692	37166.95655397816
1.17693	32721.107902101503
1.17694	15153.222493903892
1.17695	4148.260298072858
1.17696	9002.062005515872
1.17697	8879.080634315518
1.17698	5881.593426693853
1.17699	9144.35336202222
1.177	8667.283455579503
1.17701	17059.134761707042
1.1770200000000002	35530.88295542493
1.17703	30571.658523678707
1.17704	23775.409181262643
1.17705	12644.131386771964
1.17706	10551.106337002713
1.17707	24114.26337787728
1.17708	37949.05800159808
1.17709	34064.65540393362
1.1771	25229.288325751084
1.17711	13132.427140809048
1.1771200000000002	3559.500022350469
1.17713	301.55740679814386
1.17714	693.0091998418233
1.17715	2955.24846210039
1.17716	5217.2662450816115
1.17717	4656.150398159007
1.17718	12689.777285834687
1.17719	27148.947644463668
1.1772	37953.16512779042
1.17721	41787.270074993845
1.1772200000000002	30020.712817483294
1.17723	25210.531397332183
1.17724	26202.75764601132
1.17725	27108.469580265453
1.17726	37062.695367658096
1.17727	48784.74059037669
1.17728	62474.242642249454
1.17729	87751.99525676716
1.1773	67898.94087979973
1.17731	97664.33561037891
1.17732	126257.44601455065
1.17733	111433.55864756613
1.17734	94590.8221024886
1.17735	52427.72346067848
1.17736	25586.506927053033
1.17737	22219.997206228185
1.17738	40802.52128408241
1.17739	42149.458543233864
1.1774	85185.75953074617
1.17741	86250.97239169515
1.17742	78403.77975124492
1.17743	31028.51563631561
1.17744	25577.965662121464
1.17745	25936.776518669307
1.17746	30344.2215089026
1.17747	38005.72311142666
1.17748	21826.444728521554
1.17749	7664.414785353678
1.1775	19423.83588547972
1.17751	49308.63724579345
1.17752	67505.3199500438
1.17753	74735.16539724982
1.17754	60298.56821881324
1.17755	53903.38020058986
1.17756	52038.28795996184
1.17757	50598.658181507366
1.1775799999999998	20760.12671417152
1.17759	3941.449803877049
1.1776	20179.713682114198
1.17761	18351.81404641363
1.17762	8110.33886090679
1.17763	12578.2435606974
1.17764	8901.311512918162
1.17765	7940.9232768472375
1.17766	20679.022226107896
1.17767	44335.74392077822
1.1776799999999998	49959.49042228854
1.17769	58635.68458436224
1.1777	74809.19819500679
1.17771	69206.51815075362
1.17772	62850.97221632319
1.17773	30686.404111630764
1.17774	14076.250924364182
1.17775	3500.362318483388
1.17776	10203.707485705627
1.17777	26516.670985651464
1.1777799999999998	32531.418449686196
1.17779	29754.797570883744
1.1778	16571.201568135748
1.17781	9127.272146155132
1.17782	7974.344615563133
1.17783	4761.304973347076
1.17784	1333.776311883545
1.17785	2341.838815139404
1.17786	4067.110762368784
1.17787	8462.759519529161
1.17788	22238.628503061576
1.17789	40393.454855390155
1.1779	43257.95654231199
1.17791	39078.87025013022
1.17792	16549.08551042507
1.17793	4953.361223155472
1.17794	18558.163645355064
1.17795	12260.438409825489
1.17796	7203.805856288932
1.1779700000000002	13069.139691163298
1.17798	10155.071838127296
1.17799	17637.377078024034
1.178	33676.503960123366
1.17801	24552.23317606091
1.17802	14261.952970286246
1.17803	5314.54391433348
1.17804	9170.267407494232
1.17805	3786.169041033592
1.17806	3996.667325769081
1.1780700000000002	3754.2483624113934
1.17808	9957.011299997663
1.17809	22424.357058993497
1.1781	44521.00916517111
1.17811	37925.03585075149
1.17812	14230.494769206245
1.17813	22679.997377334326
1.17814	26917.82714860132
1.17815	18334.074847809054
1.17816	12214.086743594455
1.1781700000000002	13796.534141342241
1.17818	28236.83395534749
1.17819	29112.533413607518
1.1782	22934.64382883286
1.17821	32981.013705284786
1.17822	32162.218642919703
1.17823	28009.21904736518
1.17824	11957.324076948817
1.17825	31135.43946473452
1.17826	45586.473799866086
1.1782700000000002	21373.517445244503
1.17828	24694.25906654711
1.17829	20511.999629772217
1.1783	27529.986599744672
1.17831	32189.853487972432
1.17832	39082.5597036685
1.17833	33373.211440842664
1.17834	30332.345907486007
1.17835	73507.05103176109
1.17836	54332.16363381744
1.17837	51381.171259131086
1.17838	45152.728594143875
1.17839	18636.828124014086
1.1784	17288.925385373932
1.17841	24651.82068197149
1.17842	35015.15071395791
1.17843	45156.88750565667
1.17844	48347.052247756525
1.17845	59100.20672626201
1.17846	75196.73773943976
1.17847	73957.80274948615
1.17848	57050.177503270475
1.17849	65265.09883078439
1.1785	55766.45014088125
1.17851	33530.806544312814
1.17852	33988.81316663986
1.17853	19182.093342830118
1.17854	66072.6917518776
1.17855	109247.62390437852
1.17856	111004.60608243426
1.17857	83516.25275998055
1.17858	72901.25419577696
1.17859	75267.41486326349
1.1786	64307.11110055668
1.17861	59571.97519510088
1.17862	26088.37328879588
1.1786299999999998	6145.242140055003
1.17864	3437.4548298938844
1.17865	17746.838616497247
1.17866	24624.873036815454
1.17867	33362.915844930154
1.17868	58661.61293677716
1.17869	62764.20034298838
1.1787	59785.51848773882
1.17871	32695.727114165078
1.17872	26900.84982374951
1.1787299999999998	20901.237492557633
1.17874	35098.29339316435
1.17875	55333.3545699375
1.17876	74269.07244574199
1.17877	59350.037814681644
1.17878	49958.11000962495
1.17879	34581.99152295997
1.1788	52690.09723181043
1.17881	93551.33729051313
1.17882	120449.4995754458
1.1788299999999998	150464.83042001133
1.17884	89376.84088147618
1.17885	107555.0979210019
1.17886	89065.39534543885
1.17887	59972.064582143146
1.17888	107773.50322023481
1.17889	133657.70509245287
1.1789	97014.57824622707
1.17891	77496.48416070887
1.17892	72747.82275505378
1.17893	46892.89010247029
1.17894	25383.178275942108
1.17895	11848.95363271714
1.17896	12865.420930081344
1.17897	37595.16541339785
1.17898	43979.26834449991
1.17899	26072.939686019537
1.179	13503.178230040152
1.17901	19958.091069683534
1.1790200000000002	49501.345079777195
1.17903	46358.99366786507
1.17904	42563.56538723122
1.17905	47986.82320718408
1.17906	37029.93928734912
1.17907	62114.35788394947
1.17908	82785.63798289339
1.17909	65647.01752367345
1.1791	29729.73239323873
1.17911	9825.258830917675
1.1791200000000002	27868.654406269645
1.17913	41485.85069344547
1.17914	57385.87394294826
1.17915	60100.48822516853
1.17916	102390.10774354849
1.17917	188699.6088807169
1.17918	190135.84538152773
1.17919	137485.84904516762
1.1792	67457.30707890411
1.17921	61753.560131087725
1.1792200000000002	88833.54633933412
1.17923	82315.00331261539
1.17924	65426.39631152135
1.17925	78673.23346280279
1.17926	108585.541137026
1.17927	72643.20551862265
1.17928	69860.38906950438
1.17929	101827.4809159074
1.1793	65895.38504022745
1.17931	39080.39998127936
1.17932	52341.35965726032
1.17933	61829.253066572266
1.17934	59355.64107817419
1.17935	55818.86481231917
1.17936	79600.53744378357
1.17937	109556.46231095736
1.17938	139673.49484623212
1.17939	123588.76715325394
1.1794	117854.72531826928
1.17941	81816.1426212785
1.17942	36690.02435139802
1.17943	17827.15333680918
1.17944	14208.78687185575
1.17945	37851.404595608816
1.17946	44608.23089261877
1.17947	54260.77594395453
1.17948	75844.83310237275
1.17949	48876.60140856241
1.1795	29079.839151986318
1.17951	32951.25803275897
1.17952	51514.79785669307
1.17953	36597.97026895686
1.17954	31035.803963515093
1.17955	55435.376312488916
1.17956	40221.475650224966
1.17957	7954.7768283364
1.17958	55982.59168074955
1.17959	118059.51642315867
1.1796	142825.2523289372
1.17961	147803.25553682662
1.17962	96897.59544892797
1.17963	44152.57124641792
1.17964	49659.232145033566
1.17965	70882.82209216635
1.17966	65800.47065054077
1.17967	45728.609952489765
1.1796799999999998	40526.11756778421
1.17969	32090.09479389627
1.1797	15607.343902115424
1.17971	12284.85401553158
1.17972	38176.22661672317
1.17973	32359.29118285558
1.17974	32462.428045181467
1.17975	59387.9042972417
1.17976	77888.25965180855
1.17977	50961.4762342001
1.1797799999999998	41787.173856359535
1.17979	74666.1915300147
1.1798	63910.90980498398
1.17981	34646.949256166234
1.17982	49347.482306632606
1.17983	32777.89049489545
1.17984	36410.19459202098
1.17985	39775.074338170096
1.17986	72753.18321020911
1.17987	97755.22957971678
1.1798799999999998	94307.88386252042
1.17989	64855.97610479401
1.1799	68161.32120695958
1.17991	74624.08172031112
1.17992	65710.83713526696
1.17993	45220.879013074744
1.17994	17730.214919519633
1.17995	20314.633895383904
1.17996	36145.23061567461
1.17997	67162.36799672902
1.17998	74259.83843343995
1.17999	119772.192598595
1.18	130488.72870300105
1.18001	97723.04704635557
1.18002	94246.01586542037
1.18003	87130.85987289577
1.18004	76300.78392843048
1.18005	54707.012625979216
1.18006	29923.335368408974
1.1800700000000002	55132.28594937591
1.18008	65720.67268289463
1.18009	80620.59518008128
1.1801	74207.53404552788
1.18011	87773.21374747323
1.18012	68513.0024415992
1.18013	34461.009856225595
1.18014	35316.93450794042
1.18015	28333.224318002176
1.18016	9748.59436608628
1.1801700000000002	9331.576054218422
1.18018	6260.153754941695
1.18019	13222.726041933876
1.1802	12937.161510056265
1.18021	8325.282897798053
1.18022	15384.061238273103
1.18023	38454.042326726536
1.18024	59900.71412541915
1.18025	54875.05897590544
1.18026	60554.99881956045
1.1802700000000002	52188.76262181935
1.18028	32528.04783815147
1.18029	25233.238930685573
1.1803	55554.085131805645
1.18031	61910.31304543441
1.18032	98637.94143606133
1.18033	77149.83471993812
1.18034	54139.09602953303
1.18035	61061.57469902973
1.18036	71101.3750897451
1.18037	128525.4106054947
1.18038	113031.89273912118
1.18039	78679.3928655989
1.1804	27505.845548479425
1.18041	56799.82530685419
1.18042	125987.94726928163
1.18043	174875.91505767178
1.18044	144591.9117932579
1.18045	150009.9270989682
1.18046	129024.7422018861
1.18047	77582.18379096093
1.18048	70818.21891311559
1.18049	80954.12816234378
1.1805	71755.63300535809
1.18051	48594.598697694004
1.18052	39004.43578169403
1.18053	48046.08441599186
1.18054	62745.126613386536
1.18055	43418.71838595802
1.18056	29328.374955940904
1.18057	11260.560285385249
1.18058	25478.27377602925
1.18059	11102.786789659487
1.1806	1551.51864864244
1.18061	11872.98721093401
1.18062	23746.46675819339
1.1806299999999998	39839.327610978034
1.18064	42402.161907284215
1.18065	38999.047491969024
1.18066	44241.61784096452
1.18067	83107.26686995573
1.18068	96585.73743236493
1.18069	112942.65689831931
1.1807	97633.53184849037
1.18071	139513.74604747604
1.18072	196546.8102200244
1.1807299999999998	236379.05930695712
1.18074	215057.7015857036
1.18075	144801.813164734
1.18076	135217.53047478988
1.18077	113934.95889884306
1.18078	62205.10106197532
1.18079	73019.18814668921
1.1808	46224.26347982137
1.18081	77178.79613619202
1.18082	73163.42029791919
1.1808299999999998	73114.2450511078
1.18084	65837.75295954017
1.18085	47830.72898763348
1.18086	32751.33445184214
1.18087	64805.072378056364
1.18088	79763.09549563161
1.18089	98714.28404138533
1.1809	80953.7553556647
1.18091	29677.751907154376
1.18092	39628.80714853901
1.18093	89449.31106548982
1.18094	101653.42128613977
1.18095	106796.98690828856
1.18096	94569.47977570602
1.18097	85274.66068719102
1.18098	85267.7886384177
1.18099	106749.04538780736
1.181	142494.46660610096
1.18101	192509.4264038145
1.1810200000000002	173948.22440535176
1.18103	138652.59430508138
1.18104	143463.69097716096
1.18105	126081.97408073375
1.18106	142905.18944353663
1.18107	130989.05228497455
1.18108	82001.16075180347
1.18109	51342.262167041365
1.1811	35298.07324894141
1.18111	20378.58381734441
1.1811200000000002	7649.0059719994315
1.18113	1595.166424813952
1.18114	870.8232185244717
1.18115	1805.0240799825146
1.18116	3988.742494471336
1.18117	13566.568125304153
1.18118	30408.920275808683
1.18119	35807.08770418317
1.1812	39255.81515476504
1.18121	32914.101191098634
1.1812200000000002	22077.35291164647
1.18123	36130.252775330955
1.18124	65296.81528642081
1.18125	84094.38522637803
1.18126	91043.93079654768
1.18127	57803.748129753614
1.18128	23388.37238659353
1.18129	10964.554737694847
1.1813	26025.974504028272
1.18131	42210.743316846616
1.18132	69018.89469656473
1.18133	84046.37758435014
1.18134	73590.37228905226
1.18135	160740.38344523177
1.18136	157049.29819123037
1.18137	153683.41414331694
1.18138	221548.594897612
1.18139	257245.62653349087
1.1814	221921.30623184735
1.18141	186991.12737769348
1.18142	118355.10634801515
1.18143	64616.13838797284
1.18144	53804.0540130101
1.18145	42838.96799626338
1.18146	66768.25099974152
1.18147	89969.22925551001
1.18148	92564.18891027123
1.18149	107135.40112747485
1.1815	112650.4679181719
1.18151	82629.85677872122
1.18152	65558.04589988898
1.18153	91513.04367632301
1.18154	138318.09533688804
1.18155	148992.01716646552
1.18156	120525.23862360707
1.18157	110707.23396566614
1.18158	83970.93712739702
1.18159	101523.13028725603
1.1816	168070.30956907966
1.18161	246245.32833972023
1.18162	303468.7669084275
1.18163	290031.38733622694
1.18164	289961.9421688417
1.18165	190006.73706656747
1.18166	260186.64434279228
1.18167	280162.49733131967
1.1816799999999998	247826.075740638
1.18169	184702.1709180464
1.1817	116897.17072170915
1.18171	62160.42855842131
1.18172	58969.98264989201
1.18173	43587.80506886482
1.18174	17287.452506907157
1.18175	12840.561049250762
1.18176	23907.105607160454
1.18177	33619.01616570325
1.1817799999999998	28698.288686277116
1.18179	21447.812286467724
1.1818	6571.598169964016
1.18181	10335.464509188974
1.18182	14992.394450524995
1.18183	19179.973376681137
1.18184	18422.17909196712
1.18185	10022.521579421651
1.18186	1178.8838006877568
1.18187	19191.282570842544
1.1818799999999998	36206.28786215654
1.18189	76284.44659630237
1.1819	137248.94031756127
1.18191	189511.25166135625
1.18192	231136.2165137937
1.18193	205241.41492494513
1.18194	168415.08933568734
1.18195	117443.5039428527
1.18196	49356.23234413575
1.18197	19946.146292767506
1.18198	16911.884346104904
1.18199	46452.27623847259
1.182	37286.532708578285
1.18201	37452.42991575928
1.18202	25273.069985277158
1.18203	105348.41356969949
1.18204	183774.39428408747
1.18205	142049.26797261144
1.18206	215220.68037866012
1.1820700000000002	136714.0031022587
1.18208	159043.8938660866
1.18209	97926.89851585234
1.1821	63004.127252842765
1.18211	90551.36470972204
1.18212	108078.42320954213
1.18213	151295.4961877786
1.18214	199948.43074034146
1.18215	218734.85873451206
1.18216	194492.5632500664
1.1821700000000002	116436.99803987572
1.18218	55529.40244109437
1.18219	35055.16373926597
1.1822	15172.70451088301
1.18221	59543.17655452144
1.18222	38390.16688208894
1.18223	38233.407003132896
1.18224	54453.525167419255
1.18225	54035.602719142385
1.18226	31117.521622705015
1.1822700000000002	39294.611561034486
1.18228	77900.09727808068
1.18229	85224.80181947934
1.1823	88405.84915762696
1.18231	82428.61448605862
1.18232	88685.98624089384
1.18233	57447.48229984048
1.18234	35816.240697993446
1.18235	24087.071400405697
1.18236	38640.96822704085
1.18237	42109.006984568434
1.18238	51954.59933903911
1.18239	37694.50113073868
1.1824	55195.541706058895
1.18241	60886.91921867129
1.18242	90932.89127411963
1.18243	131922.84239553544
1.18244	114716.00124269881
1.18245	77914.26892359868
1.18246	92303.88913735287
1.18247	121865.56322354665
1.18248	77900.45602211224
1.18249	29020.908238711134
1.1825	18225.85874253237
1.18251	15193.4009880671
1.18252	5296.061260211666
1.18253	11384.422369923313
1.18254	33992.256875003615
1.18255	39926.845569074176
1.18256	43409.021865370785
1.18257	71107.59660664915
1.18258	85576.79157770512
1.18259	92652.25632685797
1.1826	132691.4683581076
1.18261	151764.08225837027
1.18262	153521.78100373392
1.1826299999999998	94683.43386215546
1.18264	40264.10037037561
1.18265	7418.498274349488
1.18266	369.97638105523896
1.18267	1623.487690141608
1.18268	7036.683216138441
1.18269	24735.004858203
1.1827	37949.6696730743
1.18271	49474.452857205215
1.18272	70629.15330419513
1.1827299999999998	85652.09696832487
1.18274	101384.13496383947
1.18275	111247.94568387902
1.18276	98962.57794332813
1.18277	124820.23617977518
1.18278	168358.0938412507
1.18279	158771.66531143934
1.1828	168612.20195349382
1.18281	169832.96823521337
1.18282	131882.75169716962
1.1828299999999998	140331.7690349416
1.18284	174836.45817546474
1.18285	183434.91381325148
1.18286	182638.78106436812
1.18287	161596.8906179168
1.18288	118472.34914269144
1.18289	74081.71026537044
1.1829	48873.225249158095
1.18291	53974.54624743526
1.18292	59103.20063370231
1.18293	46492.51073277821
1.18294	48129.35039324908
1.18295	49772.21861360277
1.18296	54138.223417437184
1.18297	54901.59983569272
1.18298	34954.89484688787
1.18299	84762.35217911264
1.183	186152.55439213238
1.18301	226644.9256027151
1.1830200000000002	245411.5508925844
1.18303	263757.61069316725
1.18304	273836.2885854313
1.18305	340865.46292963834
1.18306	338487.0048790291
1.18307	246194.30355290102
1.18308	248689.24279310802
1.18309	281315.71913286124
1.1831	222663.48391742946
1.18311	383092.809037331
1.1831200000000002	253171.60799924762
1.18313	180092.65472190527
1.18314	104688.26444652496
1.18315	124510.79325230725
1.18316	119730.55620185127
1.18317	109180.22877837508
1.18318	176856.48939086363
1.18319	205865.7031608537
1.1832	209871.75779633105
1.18321	199597.45525561372
1.1832200000000002	203536.3583958886
1.18323	208837.7473492708
1.18324	268666.7983815852
1.18325	344143.8397554537
1.18326	402015.6870355245
1.18327	507641.3612403781
1.18328	427970.6634518657
1.18329	318369.166179577
1.1833	227856.80320326128
1.18331	308399.73769777233
1.18332	267340.034647045
1.18333	202660.91540628372
1.18334	212910.95109952864
1.18335	295456.126619445
1.18336	366233.44313211844
1.18337	304534.1494197244
1.18338	246563.05360120622
1.18339	165784.52908542563
1.1834	254255.291429054
1.18341	214182.5081516496
1.18342	177842.68231763862
1.18343	146817.55927650564
1.18344	120910.21683118127
1.18345	85010.38831977808
1.18346	59273.83133194211
1.18347	43202.412572333866
1.18348	98124.39679468867
1.18349	131924.36122213007
1.1835	193046.9746788163
1.18351	218784.72632498085
1.18352	297912.6879566982
1.18353	296022.6894529264
1.18354	206204.43416486218
1.18355	131850.5664717613
1.18356	94631.12431794051
1.18357	61846.909109470136
1.18358	106676.8050068741
1.18359	150511.95609664067
1.1836	159148.29856769802
1.18361	159250.9383512597
1.18362	92445.33487876256
1.18363	81261.15671208604
1.18364	71406.37724625981
1.18365	24319.912048295566
1.18366	31132.500231527563
1.18367	45120.613908350206
1.1836799999999998	50643.8833744903
1.18369	45522.69867707845
1.1837	32385.231061756123
1.18371	39248.49425925629
1.18372	30185.334995708134
1.18373	20374.4080605531
1.18374	26104.477204538758
1.18375	45301.126320780255
1.18376	48220.532279288636
1.18377	74944.54029305896
1.1837799999999998	86351.52265914629
1.18379	98329.76472026683
1.1838	133387.76631380533
1.18381	136565.1858262255
1.18382	116943.20711609116
1.18383	98758.84451147227
1.18384	77342.46331532608
1.18385	47905.45837581824
1.18386	87012.17006441831
1.18387	122070.8588119534
1.1838799999999998	78267.77718940814
1.18389	132686.57991380437
1.1839	123580.2302385245
1.18391	133522.05259406162
1.18392	84525.54895653407
1.18393	78462.1130747829
1.18394	93950.69561856656
1.18395	104602.48451428696
1.18396	85071.2863979035
1.18397	91931.21500728221
1.18398	105475.84176091797
1.18399	98753.61443517137
1.1840000000000002	114778.35601490649
1.18401	188393.10326386133
1.18402	285413.1639766613
1.18403	365981.38809226506
1.18404	333370.37225705694
1.18405	279148.308123518
1.18406	195046.42744747933
1.1840700000000002	221623.0870540313
1.18408	247266.33970313155
1.18409	233559.2112870747
1.1841	281483.5372944639
1.18411	252972.3178621252
1.18412	212166.10325833585
1.18413	182284.60856887375
1.18414	239584.6556805514
1.18415	251429.36584542913
1.18416	240699.39573519523
1.1841700000000002	249880.86462490837
1.18418	259410.1710137564
1.18419	217138.0833264532
1.1842	255967.01271294328
1.18421	183926.79366468973
1.18422	147322.13362731365
1.18423	131895.5065067484
1.18424	209387.1376122628
1.18425	279037.13231546263
1.18426	258897.58538792946
1.1842700000000002	214488.49405211824
1.18428	141309.70833342808
1.18429	118824.77483265153
1.1843	121279.38890566527
1.18431	143508.29345221
1.18432	42813.23059446474
1.18433	79053.481329952
1.18434	194859.68672447585
1.18435	205178.09819331157
1.18436	176964.0300322297
1.18437	180508.6424382245
1.18438	223597.0142478589
1.18439	190305.35102735413
1.1844	268795.5038583845
1.18441	206716.43185689565
1.18442	225662.8142792521
1.18443	158034.5339409717
1.18444	218491.2251960515
1.18445	287568.9555062797
1.18446	304126.3151596398
1.18447	317697.6482620737
1.18448	391246.98154259904
1.18449	525148.343611895
1.1845	635180.2706544477
1.18451	241684.05557655453
1.18452	434074.22647363227
1.18453	336133.6566349045
1.18454	405643.0131205515
1.18455	385265.3933026122
1.18456	253910.69837688556
1.18457	182408.46974884486
1.18458	131068.40064292667
1.18459	204235.86073341212
1.1846	114883.06136896064
1.18461	182009.47627479932
1.18462	155748.18702911097
1.1846299999999998	84643.77030674173
1.18464	149539.18177057515
1.18465	198629.61462630288
1.18466	224610.47175073964
1.18467	281285.2763712502
1.18468	245234.74426696968
1.18469	122500.82118330461
1.1847	24690.33599453718
1.18471	43800.29141595562
1.18472	113885.12426253766
1.1847299999999998	158378.05310226063
1.18474	181992.2943012712
1.18475	262453.8814710955
1.18476	378459.14160809305
1.18477	315368.99926844327
1.18478	415229.30838870147
1.18479	249369.88212642266
1.1848	249400.89060432801
1.18481	238344.426093132
1.18482	139057.36638475995
1.1848299999999998	140905.8421729882
1.18484	179620.54095498263
1.18485	215055.22565666732
1.18486	238041.67634140828
1.18487	138708.79534601618
1.18488	110612.44699540234
1.18489	74640.40719413267
1.1849	112172.13861939148
1.18491	160494.8125969829
1.18492	215381.79893424548
1.1849299999999998	153166.2219378654
1.18494	119010.97138951483
1.18495	203070.10809798952
1.18496	220839.62448715465
1.18497	243585.25751677863
1.18498	300097.93015123263
1.18499	244733.26264079908
1.185	330274.4667222181
1.18501	303607.15345852193
1.18502	210163.3584785614
1.18503	83289.6428858351
1.18504	40278.194987368835
1.18505	62939.45819013122
1.18506	235465.34599633768
1.18507	307976.79845585057
1.18508	161497.5729629001
1.18509	201942.62628238
1.1851	229616.45094000906
1.18511	260470.17390735078
1.1851200000000002	183388.4585019131
1.18513	212765.39793686528
1.18514	190170.87292464246
1.18515	212603.29936336481
1.18516	230981.3950441045
1.18517	309223.1500482299
1.18518	284611.20890572155
1.18519	287765.68190711184
1.1852	139916.52166109573
1.18521	81527.47651475419
1.1852200000000002	142573.56200794864
1.18523	179880.46434959106
1.18524	132586.40648422117
1.18525	84767.42681675628
1.18526	59206.85602633685
1.18527	24759.621423323613
1.18528	11141.431641529705
1.18529	5458.684578404124
1.1853	15423.182586908335
1.18531	33992.33514515763
1.1853200000000002	44350.95746703294
1.18533	38657.16490994991
1.18534	30620.198376610366
1.18535	32024.32613761229
1.18536	45817.77550816254
1.18537	49700.5277091458
1.18538	43823.99849546594
1.18539	33109.300079782835
1.1854	24082.690258900184
1.18541	46447.035478505495
1.18542	65807.28900700867
1.18543	55917.53264963781
1.18544	106837.56962678178
1.18545	184774.059331008
1.18546	270864.4442868167
1.18547	333969.64889798936
1.18548	305374.6625002767
1.18549	253984.3750887416
1.1855	185110.47703296985
1.18551	162959.2435425151
1.18552	62177.03381839006
1.18553	15743.52579287804
1.18554	80482.04444188111
1.18555	150657.23756764145
1.18556	180887.68470911164
1.18557	222035.79811847434
1.18558	255916.91981982626
1.18559	321605.8944679057
1.1856	379822.772880172
1.18561	382228.4418174552
1.18562	637949.0572832546
1.18563	678037.9466467596
1.18564	791452.763771588
1.18565	664894.8973082362
1.18566	566179.3167636931
1.18567	363217.69664220116
1.1856799999999998	262587.4707073884
1.18569	213407.16673252164
1.1857	184257.8502880352
1.18571	62109.35225984683
1.18572	128753.48706924178
1.18573	169153.89404024679
1.18574	190626.3796985636
1.18575	308130.7208915348
1.18576	349808.2114857641
1.18577	441473.8663317228
1.1857799999999998	505711.69829918776
1.18579	464144.2771316485
1.1858	489776.5638588221
1.18581	541645.3261779107
1.18582	451228.9963540895
1.18583	513983.290034965
1.18584	403997.7998751485
1.18585	288031.5092050089
1.18586	221157.15781557703
1.18587	154172.8852382973
1.1858799999999998	122420.73989771745
1.18589	135438.14596089665
1.1859	110694.99882613993
1.18591	40287.65598342529
1.18592	5910.755567890542
1.18593	10966.246405140413
1.18594	11474.532490224881
1.18595	6008.429918682226
1.18596	29877.069682508285
1.18597	40841.43565788031
1.18598	102387.51439509784
1.18599	122200.223438966
1.186	113475.73384590287
1.18601	118806.71833047133
1.18602	137564.69829062707
1.18603	153677.04463082328
1.18604	130060.67391699813
1.18605	140236.15637329532
1.18606	155766.11923403747
1.1860700000000002	211955.1630097776
1.18608	180842.29089365146
1.18609	142443.9472959213
1.1861	257462.51066962024
1.18611	274055.8014333604
1.18612	253012.51288497692
1.18613	206137.9724219346
1.18614	240152.99102452738
1.18615	198115.7486865545
1.18616	155216.54065788985
1.1861700000000002	110343.56217630014
1.18618	80786.35246308077
1.18619	56905.599108104885
1.1862	76679.27535567655
1.18621	61941.112316944345
1.18622	117711.25770032563
1.18623	138717.0997035083
1.18624	129334.97992293404
1.18625	125469.45166090301
1.18626	133143.81600174692
1.1862700000000002	140059.63815152948
1.18628	96576.17483996852
1.18629	80264.40673411381
1.1863	82250.5858495934
1.18631	130920.00101410276
1.18632	176358.74514253906
1.18633	256405.3011925817
1.18634	300009.4950535385
1.18635	252774.34866725578
1.18636	177326.2377752624
1.18637	341986.52951803885
1.18638	404782.75319665705
1.18639	320159.9474437518
1.1864	268895.78833349806
1.18641	318246.03388486226
1.18642	310464.5371465031
1.18643	186200.5673777271
1.18644	224244.6032721177
1.18645	265670.90795394103
1.18646	301922.8622620621
1.18647	371698.6639060296
1.18648	352644.4067960028
1.18649	320579.6866009503
1.1865	235472.93662462212
1.18651	314062.4396623577
1.18652	211042.5374828825
1.18653	373554.5236737357
1.18654	470565.4097921676
1.18655	486779.1858566744
1.18656	429048.1167167254
1.18657	316883.7727181493
1.18658	312569.7893022642
1.18659	280643.5077847867
1.1866	149814.8969883226
1.18661	73629.86428783298
1.18662	195981.46509897805
1.18663	275118.6298884304
1.18664	337886.62431598216
1.18665	377394.0076024944
1.18666	263585.79389093304
1.18667	394089.6235817044
1.18668	298296.39169160405
1.18669	287467.66409508785
1.1867	222594.27995543636
1.18671	173987.88145346812
1.18672	135502.40391782956
1.1867299999999998	145593.8398018666
1.18674	236496.65365382328
1.18675	229048.2616136207
1.18676	248466.5901758704
1.18677	247040.9791553208
1.18678	378761.65017281054
1.18679	383200.44081687526
1.1868	275073.0228170141
1.18681	356785.3389424377
1.18682	440365.2087241113
1.1868299999999998	369848.6178054735
1.18684	505267.0761786634
1.18685	491196.2018660708
1.18686	444590.3173018277
1.18687	250848.2063375219
1.18688	448408.6688583543
1.18689	433706.5688969239
1.1869	396406.71255205077
1.18691	462633.4174412308
1.18692	441271.62297310523
1.1869299999999998	370824.1415365386
1.18694	356948.8605955343
1.18695	325871.2150994257
1.18696	273775.1338736271
1.18697	191500.53870127315
1.18698	101701.65024793397
1.18699	97105.09109368573
1.187	44494.77346492271
1.18701	68694.03072462103
1.18702	93701.16703525516
1.18703	84972.61818789372
1.18704	137632.50044077038
1.18705	158736.57300423298
1.18706	162574.34015484664
