1.15996	2371482913.971137
1.1599700000000002	2357110812.187161
1.15998	2366954992.9066124
1.15999	2464449935.335365
1.16	2552054825.219718
1.16001	2562123146.829009
1.16002	2360369531.643701
1.16003	2424041216.7201467
1.16004	2422367326.576759
1.16005	2464109482.512545
1.16006	2377442379.3433604
1.1600700000000002	2344228815.3199177
1.16008	2356025572.4482927
1.16009	1889731054.4316792
1.1601	2249727929.754956
1.16011	2313822287.3644285
1.16012	2514722108.7125554
1.16013	2338944948.574665
1.16014	2039529540.4522054
1.16015	2430244673.855628
1.16016	2159235441.110876
1.16017	2350931634.772555
1.16018	2285230438.061644
1.16019	2114949490.7076356
1.1602	2289865637.60576
1.16021	2348118444.815878
1.16022	2371646735.8654637
1.16023	2480333048.81448
1.16024	2382593759.812662
1.16025	2332330008.0269136
1.16026	2277560908.089404
1.16027	2179415322.9858327
1.16028	2104747488.6559753
1.16029	1844845494.804877
1.1603	2359174145.0685296
1.16031	2181172432.1540213
1.16032	1509350142.183451
1.16033	1794196478.7340765
1.16034	2218400732.649413
1.16035	2318088433.589358
1.16036	2424320310.8443084
1.16037	2192703955.276499
1.16038	2097393897.1960406
1.16039	1066817177.6841353
1.1604	1813384920.6592183
1.16041	1936912491.463732
1.16042	2118068493.0576735
1.16043	2320758768.39839
1.16044	2036291741.8956606
1.16045	2311851850.9451656
1.16046	2035869799.4664066
1.16047	2027682719.5212836
1.16048	2446639595.982305
1.16049	2491380150.588781
1.1605	2503168010.1461396
1.16051	2503859756.5914865
1.16052	2553406737.5521603
1.1605299999999998	2407465099.67081
1.16054	2344930632.5765004
1.16055	2525631584.3569326
1.16056	2485535669.465403
1.16057	2538048985.963783
1.16058	2410737924.292556
1.16059	2240680837.2441654
1.1606	2356839455.39708
1.16061	1867884421.406904
1.16062	2032965459.741427
1.1606299999999998	1935976137.6414304
1.16064	2399661589.655591
1.16065	2423204127.113161
1.16066	2401928083.59213
1.16067	2468823257.495434
1.16068	2140227795.4288423
1.16069	1583725830.1256454
1.1607	2229410283.256535
1.16071	2237329762.722243
1.16072	2447146672.1494102
1.1607299999999998	2262194801.2532845
1.16074	1522123881.804351
1.16075	2142101276.4553149
1.16076	2444950100.821955
1.16077	2376949746.685519
1.16078	1913991479.0593605
1.16079	2208004733.018897
1.1608	2404528893.2417717
1.16081	2437249556.3039274
1.16082	2363251814.411521
1.16083	2130001944.938072
1.16084	2114267821.4218824
1.16085	2109210865.9241388
1.16086	2031655180.901399
1.16087	2137765184.9846914
1.16088	2154715818.627016
1.16089	2121143253.437148
1.1609	2242848815.8692822
1.16091	2357925070.029214
1.1609200000000002	2431028218.463481
1.16093	2367990741.3591585
1.16094	2298317373.4904647
1.16095	2293823511.987162
1.16096	2381387117.989684
1.16097	2380016675.8528514
1.16098	2283652401.8965483
1.16099	2312863486.985693
1.161	2295408576.5334373
1.16101	2134518877.4030926
1.1610200000000002	2225256098.856434
1.16103	2234189466.9145517
1.16104	2088815108.0233915
1.16105	2004564338.838888
1.16106	1737320722.9675474
1.16107	763009596.1768028
1.16108	723802368.6379206
1.16109	1626784403.3762248
1.1611	1995767747.714219
1.16111	2040422011.8222888
1.1611200000000002	2153128750.108913
1.16113	2020272722.1217406
1.16114	2233983699.9361672
1.16115	2225512305.6806674
1.16116	2360641294.872225
1.16117	2193410913.460281
1.16118	2162867924.190061
1.16119	2308925924.479693
1.1612	2266522318.896564
1.16121	1856179619.965663
1.16122	2108870928.6957235
1.16123	1304878273.219099
1.16124	2253824004.1871905
1.16125	2245484181.5727677
1.16126	2221979255.343338
1.16127	2387371472.329277
1.16128	2060535019.9406106
1.16129	2030766544.1035547
1.1613	2137076161.973428
1.16131	2469391790.510697
1.16132	2261153261.889623
1.16133	2346118802.0059376
1.16134	2418020619.744669
1.16135	2168902353.435396
1.16136	1598821574.5080926
1.16137	1489532556.6126256
1.16138	1945852873.3119352
1.16139	2221109655.1796
1.1614	2346496982.155425
1.16141	2372466015.104807
1.16142	1994114080.17336
1.16143	2076299502.98012
1.16144	1251901039.3778222
1.16145	1739281990.287038
1.16146	2197252665.551918
1.16147	2408074950.157886
1.1614799999999998	2319797093.684544
1.16149	2405913449.8072624
1.1615	2221109655.1796
1.16151	2222030418.8954787
1.16152	2323699689.7282786
1.16153	2423371521.9057198
1.16154	2399053869.8712893
1.16155	2334156654.980197
1.16156	2487768703.3351345
1.16157	2426833604.424501
1.1615799999999998	2291447967.20476
1.16159	2350606863.999232
1.1616	2286704255.624638
1.16161	2139636510.3275714
1.16162	2146199058.4245934
1.16163	1790688316.3809812
1.16164	2217430414.1908827
1.16165	2333780463.696149
1.16166	2411959438.0824466
1.16167	2464166221.38339
1.1616799999999998	2466436847.848216
1.16169	2455387270.537725
1.1617	2368645131.784136
1.16171	2268349656.304196
1.16172	2419357236.607598
1.16173	2458328975.128684
1.16174	2503456214.6034737
1.16175	2435790879.6130004
1.16176	2208564056.916096
1.16177	2188718959.7347
1.16178	2411848365.803063
1.16179	2457480044.994395
1.1618	2407465099.67081
1.16181	2521505965.667641
1.16182	2461387552.5379915
1.16183	2151146558.216824
1.16184	2201354572.1823444
1.16185	2369572494.4605503
1.16186	2459914429.426352
1.1618700000000002	2276984110.5818963
1.16188	2246621961.779041
1.16189	1438964235.5995688
1.1619	1998296832.6060567
1.16191	2309298109.3624573
1.16192	2357056538.3298297
1.16193	2068854746.0869
1.16194	2136780934.3847106
1.16195	2247035842.9568415
1.16196	2246828892.837975
1.1619700000000002	2451827997.733562
1.16198	2445344211.978573
1.16199	2216766756.6360154
1.162	2123048912.9638426
1.16201	2318889211.251512
1.16202	1740163279.3372571
1.16203	2104941351.991252
1.16204	2326805062.312639
1.16205	2249779732.251294
1.16206	2128384071.149375
1.1620700000000002	2115436531.895145
1.16208	2385613039.9309077
1.16209	2577804633.613226
1.1621	2580298797.553269
1.16211	2524759412.738828
1.16212	2382813214.9137497
1.16213	2472407202.000029
1.16214	2431308117.0422525
1.16215	2519300657.432807
1.16216	2294668743.48695
1.16217	2336953117.85608
1.16218	2541791950.411168
1.16219	2470131079.167384
1.1622	2340399518.017666
1.16221	2369627056.5117397
1.16222	2459687873.367993
1.16223	2203788944.2049413
1.16224	2474229610.267081
1.16225	2460990855.7087736
1.16226	1711196959.9009538
1.16227	1412862830.8606336
1.16228	2383746124.622639
1.16229	1942674323.0314867
1.1623	2010481124.2075887
1.16231	1620914099.5741436
1.16232	1228032894.1656024
1.16233	1208815444.0690606
1.16234	2306428521.8319016
1.16235	2263132596.8665657
1.16236	2353693998.672289
1.16237	1876549392.8095226
1.16238	1533239502.7726955
1.16239	2485478438.550497
1.1624	2533261366.7019
1.16241	2355428903.585129
1.16242	2016276089.6656363
1.16243	1844590637.5860848
1.16244	2315687759.407232
1.16245	2153426236.387868
1.16246	2399385334.308205
1.16247	2493101729.571353
1.16248	2451489288.5754128
1.16249	1931345624.3859422
1.1625	2155360899.3182273
1.16251	1886861399.5732913
1.16252	2398335854.0025325
1.1625299999999998	2419357236.607598
1.16254	2363741608.1162915
1.16255	2293770695.356994
1.16256	2513680059.578785
1.16257	2287336182.6602983
1.16258	2325412485.87338
1.16259	2449740036.524577
1.1626	2536646795.736458
1.16261	2479590706.797386
1.16262	2042255150.4559035
1.1626299999999998	1844548164.8060265
1.16264	2340992379.6904
1.16265	1752225514.9376929
1.16266	2290973153.5511475
1.16267	2236454154.9399915
1.16268	2436912861.092762
1.16269	2192199124.655427
1.1627	2245535886.352067
1.16271	2442361807.208757
1.16272	2432428033.6581435
1.1627299999999998	2320064185.5696373
1.16274	2526736767.6042013
1.16275	2337652756.908033
1.16276	2195684823.200205
1.16277	2236505651.79285
1.16278	2305207373.192829
1.16279	2448837685.171679
1.1628	2396183095.5142536
1.16281	2337598931.0838237
1.16282	2513217065.2447557
1.16283	2529530964.129036
1.16284	2232081253.5527806
1.16285	2350282138.091541
1.16286	2368863302.10994
1.16287	2117580845.9084766
1.16288	2076873285.0014875
1.16289	2050642717.3138897
1.1629	2371919797.504845
1.16291	2484963419.61257
1.1629200000000002	2219984795.4370084
1.16293	2208462351.124484
1.16294	2418855918.7224226
1.16295	2523248362.0152736
1.16296	2359119823.70175
1.16297	2438203778.7162557
1.16298	2451489288.5754128
1.16299	2264175047.9575768
1.163	2028570006.8779476
1.16301	2261830207.914944
1.1630200000000002	2340022320.58408
1.16303	2448781299.24935
1.16304	2545540434.7610273
1.16305	2489258507.0166907
1.16306	2461614265.1497965
1.16307	2121582869.1421328
1.16308	1877629932.448528
1.16309	1833369490.9838886
1.1631	2135797136.94453
1.16311	2482389925.2460265
1.1631200000000002	2284336083.7339244
1.16313	2533378030.385359
1.16314	2406910824.161546
1.16315	2106541405.9882226
1.16316	2249520731.697151
1.16317	2466436847.848216
1.16318	2126032993.6336484
1.16319	2454991540.7617717
1.1632	2385887709.5930305
1.16321	2515996310.981737
1.16322	2541967537.243291
1.16323	2206175208.6360016
1.16324	2283494658.2255354
1.16325	2372302136.61864
1.16326	2434445183.692201
1.16327	2426498348.130877
1.16328	2428957970.214912
1.16329	2346605044.8230844
1.1633	2340615086.706493
1.16331	2214827973.206716
1.16332	2478962744.781424
1.16333	2463371996.067141
1.16334	1914740837.5161505
1.16335	2182126884.595284
1.16336	2292186761.8282785
1.16337	2443993238.149681
1.16338	2084154929.938268
1.16339	2418243337.930407
1.1634	2390396806.8797464
1.16341	2195937625.3095245
1.16342	2495858730.727209
1.16343	2543841218.346752
1.16344	2591791134.615948
1.16345	2584223074.6528826
1.16346	2456518278.567291
1.16347	2368754214.435264
1.1634799999999998	2314621591.297388
1.16349	2370227322.000458
1.1635	2561533264.087948
1.16351	2548590148.373727
1.16352	2534778413.72698
1.16353	2426833604.424501
1.16354	1953124824.4990888
1.16355	2053477742.840382
1.16356	1911261009.022732
1.16357	1842595473.7336812
1.1635799999999998	2144914573.4064245
1.16359	2321988155.1531787
1.1636	1926992391.9490707
1.16361	2067759381.9194398
1.16362	2437249556.3039274
1.16363	2317394649.9684787
1.16364	2102955099.0123765
1.16365	2396458982.169052
1.16366	2295408576.5334373
1.16367	2457310294.149907
1.1636799999999998	2162170810.3159285
1.16369	1130186199.7534525
1.1637	2012009375.033
1.16371	2548296747.9793463
1.16372	2514548403.8629675
1.16373	2412570427.0593266
1.16374	2383855902.7162
1.16375	2335124282.467679
1.16376	2309138594.2099285
1.16377	2343527208.1111197
1.16378	2521854348.655435
1.16379	2383965685.865336
1.1638	1273913676.082645
1.16381	1294762164.571503
1.16382	2258759540.829949
1.16383	2011916720.7105856
1.16384	2186150215.3505754
1.16385	2438989889.449965
1.16386	2339860683.1515203
1.1638700000000002	2252941941.17137
1.16388	2305685136.947286
1.16389	1544187384.1775026
1.1639	2068283179.3636446
1.16391	2229975029.531496
1.16392	2262976270.604512
1.16393	2388306166.669289
1.16394	2444499765.848188
1.16395	2496835899.574242
1.16396	2553700726.289698
1.1639700000000002	2506801812.285197
1.16398	2455783064.102933
1.16399	2499884823.4782915
1.1640000000000001	2339806806.488516
1.16401	2319316405.7747874
1.16402	2265217979.2256136
1.16403	2360750008.9245443
1.16404	2066188785.3698487
1.16405	1937403143.2395368
1.16406	2381825826.11324
1.1640700000000002	2303085176.1971803
1.16408	2335984732.536808
1.16409	2200847749.912425
1.1641	2188769357.431415
1.16411	2004841298.7680328
1.16412	1986918255.4271195
1.16413	1747591807.008847
1.16414	779650568.6758144
1.16415	884748836.1219984
1.16416	1592685403.8812742
1.16417	1751378443.5983
1.16418	2136879339.0490706
1.16419	2324984168.5140724
1.1642	2288864060.7206545
1.16421	2329807290.829357
1.16422	2452110291.113271
1.16423	2439102211.6714945
1.16424	2374269425.7920237
1.16425	2413348273.244743
1.16426	2037088982.872954
1.16427	2205261014.9932365
1.16428	2513911588.730284
1.16429	2180268599.14772
1.1643	2192502009.078976
1.16431	2267514119.3285513
1.16432	2174753307.4093075
1.16433	2328198472.6982074
1.16434	2338406448.596945
1.16435	2205007139.5507984
1.16436	2432876144.731841
1.16437	2383910793.658805
1.16438	2381551624.065816
1.16439	2445456826.8342056
1.1644	2373394873.7185125
1.16441	2241248438.5357413
1.16442	2449965676.311107
1.16443	2537639933.767149
1.16444	2441237316.9742823
1.16445	2427336575.7180057
1.16446	2131326574.551329
1.16447	2416851685.753247
1.16448	2139488714.5783274
1.16449	1684573637.5860155
1.1645	2472691864.7845783
1.16451	2435005799.952023
1.16452	2111883708.6638813
1.1645299999999998	1476590262.1463585
1.16454	2315314544.717556
1.16455	2485306753.712299
1.16456	2470756803.977259
1.16457	2538224314.232141
1.16458	2450473441.822105
1.16459	2241558099.840547
1.1646	2390451848.433969
1.16461	2521912417.1662784
1.16462	2418744528.855682
1.1646299999999998	2463939273.738553
1.16464	2509169500.7676754
1.16465	1963450695.0000997
1.16466	2397066044.62564
1.16467	2335393139.0621657
1.16468	2166007719.0650296
1.16469	2452562028.1267285
1.1647	2461500906.233764
1.16471	2360913089.390448
1.16472	2454539356.256765
1.1647299999999998	2406966245.9694467
1.16474	2430748352.107369
1.16475	2545540434.7610273
1.16476	2508707337.2327533
1.16477	2335823374.001317
1.16478	1802021631.6946528
1.16479	2344984627.221319
1.1648	2507379091.192741
1.16481	2135649606.400634
1.16482	2162369962.7781525
1.16483	2211922976.960474
1.16484	2198112925.3204
1.16485	2500057515.368655
1.16486	2516633654.208828
1.16487	2449740036.524577
1.16488	2512522733.6366386
1.16489	2402315259.859998
1.1649	2453804734.0665607
1.16491	1755860463.5523865
1.1649200000000002	1920702050.4086974
1.16493	2456461715.7948103
1.16494	2564956475.4467077
1.16495	2409350591.335494
1.16496	2359011184.720505
1.16497	2279134734.9459724
1.16498	1941511646.1337843
1.16499	1812675229.1442626
1.165	2461104191.135571
1.16501	2479590706.797386
1.1650200000000002	2321293204.3796988
1.16503	1932279738.6151505
1.16504	2414626707.8852677
1.16505	2279659585.53587
1.16506	2293876329.8334928
1.16507	1781722235.7883177
1.16508	2386766865.045298
1.16509	2402591852.5469484
1.1651	2515243295.261777
1.16511	2446864950.1945577
1.1651200000000002	2308447489.197804
1.16513	2475768312.060074
1.16514	2514895825.5616736
1.16515	2426274869.6656146
1.16516	2547944712.091421
1.16517	2416239612.537804
1.16518	2308713274.336161
1.16519	2100438644.6517391
1.1652	2192956414.180961
1.16521	2426610095.0824137
1.16522	2458272370.6638536
1.16523	2475654301.341101
1.16524	2347091388.4160643
1.16525	1972104844.7513142
1.16526	2234806881.572988
1.16527	2468368525.328701
1.16528	2494020391.405185
1.16529	2574482831.586069
1.1653	2546771610.326443
1.16531	2472464131.9351263
1.16532	2380509944.1444373
1.16533	2352772850.249453
1.16534	2522841695.205121
1.16535	2575372180.030788
1.16536	2529938709.2088385
1.16537	2415071539.5315385
1.16538	2333189428.457641
1.16539	1775946996.3826816
1.1654	1796635596.2991333
1.16541	2401596267.885694
1.16542	2399385334.308205
1.16543	2362272531.453155
1.16544	2466493640.309245
1.16545	2510209680.043791
1.16546	1653788623.237039
1.16547	1418698142.127114
1.1654799999999998	2083579136.2019923
1.16549	2121338626.9477122
1.1655	2437810818.368755
1.16551	2436407905.4857955
1.16552	2253253218.1048684
1.16553	2157794093.625784
1.16554	2179867015.8180428
1.16555	2369954455.2032943
1.16556	2370609388.297437
1.16557	2296518773.3755217
1.1655799999999998	2483133105.2955675
1.16559	2480904232.362277
1.1656	2076299502.98012
1.16561	1736001115.8813055
1.16562	2511886431.5095816
1.16563	2408241299.827829
1.16564	2408407660.9891872
1.16565	2436688423.459579
1.16566	2407243374.1517873
1.16567	2233315088.1274595
1.1656799999999998	2417463914.0168877
1.16569	2317341290.59905
1.1657	2431140174.0280585
1.16571	2240164960.8095155
1.16572	1649681104.472728
1.16573	2192502009.078976
1.16574	1425410652.2391207
1.16575	1206035245.697391
1.16576	2380071478.392974
1.16577	2018552270.6548102
1.1657799999999998	2275306984.6394
1.16579	2012287363.60296
1.1658	1297089668.1091974
1.16581	1769416203.4070067
1.16582	2189575878.420062
1.16583	1843529111.4209952
1.16584	2017994601.0991101
1.16585	1178094151.513051
1.16586	1623790514.0833595
1.16587	2476851675.7935467
1.16588	2254446844.818357
1.16589	2322041621.5218506
1.1659	2318088433.589358
1.16591	1730573304.1602356
1.16592	2267618544.617205
1.16593	2501093917.260113
1.16594	2208208107.135819
1.16595	2127894049.0239835
1.16596	2212890885.4367237
1.1659700000000002	2171250842.6380734
1.16598	2367063997.722167
1.16599	2417074296.2712283
1.166	1942540132.47822
1.16601	2243210349.522122
1.16602	2327448071.1415987
1.16603	2452957366.279952
1.16604	2396514163.3116364
1.16605	2305048140.6085744
1.16606	2212483293.4132686
1.1660700000000002	2266835472.1582
1.16608	2266992065.0136514
1.16609	2447033979.4753256
1.1661	2393370865.1716785
1.16611	2331095145.7330203
1.16612	2406855403.629754
1.16613	2540329198.4018073
1.16614	2440450481.872297
1.16615	2284809521.8273892
1.16616	2375581858.16987
1.1661700000000002	2245691007.833446
1.16618	1641421055.1946998
1.16619	1822258564.2397726
1.1662	2416573451.4368296
1.16621	2435678709.880448
1.16622	2404916488.7444034
1.16623	2387041667.554093
1.16624	2434108875.8926783
1.16625	2551467260.528495
1.16626	2528249907.364211
1.16627	2070713429.0164187
1.16628	2187459394.389173
1.16629	2268401887.5865693
1.1663	2409073220.564776
1.16631	2341423646.142785
1.16632	2371919797.504845
1.16633	2539861295.567088
1.16634	2461500906.233764
1.16635	2462521324.4358892
1.16636	2442530525.412683
1.16637	2385777837.9334693
1.16638	2427671947.82505
1.16639	2433548466.133477
1.1664	2417519578.8214602
1.16641	2424041216.7201467
1.16642	2489029248.393366
1.16643	2571283719.3531256
1.16644	2491150696.563861
1.16645	2391167503.982309
1.16646	2413181570.809769
1.16647	1814053119.4322078
1.16648	1315648878.9297798
1.16649	2280184556.9909983
1.1665	2239803917.9757943
1.16651	2409017750.24255
1.16652	2320651895.9683514
1.1665299999999998	2473546049.802724
1.16654	1691024890.0969768
1.16655	2156701299.4438124
1.16656	2282495867.9780297
1.16657	2395190166.510136
1.16658	2362870933.9197717
1.16659	2463088406.210368
1.1666	2354561291.338059
1.16661	2261986455.007057
1.16662	2478962744.781424
1.1666299999999998	1958574067.8065183
1.16664	2044231141.6098547
1.16665	2386382194.6806216
1.16666	2157048946.638459
1.16667	2408851346.9391646
1.16668	2309298109.3624573
1.16669	1966346275.8916504
1.1667	2161424151.9252377
1.16671	2443205514.7868514
1.16672	1365997800.3284824
1.1667299999999998	1612686684.0661938
1.16674	2312011553.529304
1.16675	2303880771.022819
1.16676	2310149042.964905
1.16677	2487310481.6097183
1.16678	2318141810.162588
1.16679	2091799235.7995427
1.1668	2442305570.3973217
1.16681	2515417048.11443
1.16682	2567615566.580159
1.16683	2480561506.4513373
1.16684	2487425029.12798
1.16685	2418131976.273405
1.16686	2477536149.762309
1.16687	2414293137.9202337
1.16688	2324288321.0599623
1.16689	2482904410.8166103
1.1669	2172801237.754591
1.16691	1831302127.7344074
1.1669200000000002	2462974979.4092035
1.16693	2548766204.824949
1.16694	2367990741.3591585
1.16695	2395521097.1198306
1.16696	2466493640.309245
1.16697	2501439480.024394
1.16698	2404805740.797355
1.16699	2482790071.475723
1.167	2436015234.575533
1.16701	2494250109.75094
1.1670200000000002	2215899196.4506965
1.16703	1613986879.8242564
1.16704	2050737155.0754185
1.16705	2473375189.196281
1.16706	2111640583.0623
1.16707	2288864060.7206545
1.16708	2153227907.6353526
1.16709	2199074790.6992283
1.1671	2269551280.126828
1.16711	2507321357.320253
1.1671200000000002	2394528442.434236
1.16713	2148572436.620344
1.16714	1576703384.9866042
1.16715	2267722974.7149234
1.16716	1962004503.9256454
1.16717	2181473793.078466
1.16718	2382374324.923206
1.16719	2387756302.1595225
1.1672	2427671947.82505
1.16721	2330665781.685498
1.16722	2028990436.3950202
1.16723	2301812795.898516
1.16724	2469391790.510697
1.16725	2430636414.586432
1.16726	2342556098.6240234
1.16727	2490347773.882497
1.16728	2271851812.6838555
1.16729	2331524588.8796177
1.1673	2468652723.116648
1.16731	2367391042.289602
1.16732	2253460759.9532084
1.16733	2340884575.48957
1.16734	1497166151.9858453
1.16735	2149265166.1900887
1.16736	2411459653.1038857
1.16737	2516517761.6146445
1.16738	2529530964.129036
1.16739	2427951459.9766397
1.1674	2519184642.0214143
1.16741	2463996008.690161
1.16742	2496778408.4649177
1.16743	2263758009.912309
1.16744	2290814904.1979914
1.16745	2150502738.841094
1.16746	2287072858.5089035
1.16747	2372411387.6849327
1.16748	2162867924.190061
1.16749	2424766928.2827067
1.1675	2502303595.8319745
1.16751	2180871112.8612504
1.16752	2172000895.633691
1.16753	2340830675.250845
1.16754	2440338097.5620604
1.16755	2571106107.5008273
1.16756	2546419785.129517
1.16757	2467629764.1889834
1.1675799999999998	2453522245.6181264
1.16759	2285177819.292027
1.1676	2453409259.344793
1.16761	2412625979.1859107
1.16762	2417129952.1044173
1.16763	2442811748.3197136
1.16764	2333780463.696149
1.16765	2481361273.9042754
1.16766	2486795083.051975
1.16767	2486737823.1383324
1.1676799999999998	2288969469.233084
1.16769	2367500067.1864448
1.1677	2002949501.6412
1.16771	1140748745.9091403
1.16772	2082715743.8508143
1.16773	2489545109.991109
1.16774	2230231779.673975
1.16775	2214980973.3873367
1.16776	2383691237.4716353
1.16777	2163266375.8829217
1.1677799999999998	2146347317.7239802
1.16779	2057405990.3800285
1.1678	2379633093.402448
1.16781	2170650986.7362323
1.16782	1912141379.9417129
1.16783	2178211266.2934384
1.16784	2447146672.1494102
1.16785	2266626698.5100694
1.16786	2340507299.8802576
1.16787	1924199068.1843054
1.16788	1716445427.2451074
1.16789	1248274216.1696525
1.1679	2090114123.9023492
1.16791	2410238392.425318
1.16792	2462237832.510669
1.16793	2361619901.599477
1.16794	2284756912.749625
1.16795	2445682072.104377
1.16796	2427001249.94113
1.1679700000000002	2339429704.5810328
1.16798	2414293137.9202337
1.16799	2493446188.0978346
1.168	2425157786.0340915
1.16801	2451094187.0292807
1.16802	2502418833.824571
1.16803	2418466076.6301928
1.16804	2195280400.3586407
1.16805	1777010524.6640337
1.16806	2388581146.406934
1.1680700000000002	2497870965.940943
1.16808	2474400529.896889
1.16809	2510440889.546792
1.1681	2454708915.685033
1.16811	2186200553.899085
1.16812	2370336477.5158057
1.16813	2256004699.529711
1.16814	2107463200.8715286
1.16815	2169951364.3035226
1.16816	2160976280.660749
1.1681700000000002	2261413601.7654023
1.16818	2456461715.7948103
1.16819	2419524365.657197
1.1682	2500690821.0367928
1.16821	2479248162.3441744
1.16822	2514085249.588732
1.16823	2297206307.1583548
1.16824	1444707741.5979474
1.16825	2153178328.3013406
1.16826	2451037749.1496844
1.16827	2400822209.4886546
1.16828	2503859756.5914865
1.16829	2488112425.025905
1.1683	2354236019.1437874
1.16831	2321560468.5208163
1.16832	1933748545.295257
1.16833	1880312356.380273
1.16834	1665980830.8132994
1.16835	1359909475.9968874
1.16836	2324823569.8443875
1.16837	2310840657.389672
1.16838	2347037345.261834
1.16839	2483476186.51057
1.1684	2501554678.222071
1.16841	2490634502.270618
1.16842	2489659760.420191
1.16843	2494652167.770576
1.16844	2438596802.406596
1.16845	2441518390.9866185
1.16846	2417964943.403335
1.16847	2416295249.1514783
1.16848	2231104951.296212
1.16849	2173601874.786738
1.1685	2245122281.4510465
1.16851	2157346974.5499935
1.16852	2191845812.378021
1.1685299999999998	2294087613.381001
1.16854	2234240911.62045
1.16855	2292028428.6449285
1.16856	2265948316.9370084
1.16857	2298264453.386503
1.16858	2288547864.307268
1.16859	2232646676.4284267
1.1686	2166306984.7622066
1.16861	2244967199.2545376
1.16862	1725996854.8547235
1.1686299999999998	1170280584.6523075
1.16864	1908842078.4297433
1.16865	1729975688.5268676
1.16866	2362653315.486059
1.16867	2391938449.568313
1.16868	2236145198.722525
1.16869	2165309593.2037373
1.1687	2373121642.264481
1.16871	2318889211.251512
1.16872	2288547864.307268
1.1687299999999998	2269290003.420144
1.16874	2309776720.938891
1.16875	2465301273.20028
1.16876	2386217354.932027
1.16877	2466607229.1544642
1.16878	2407243374.1517873
1.16879	2306640961.5322595
1.1688	2185093373.536982
1.16881	1465750327.8595881
1.16882	1597423245.7187495
1.16883	2320919086.2718487
1.16884	2463258556.2064824
1.16885	2168203294.6046147
1.16886	1794857606.9214497
1.16887	2298581992.289013
1.16888	2255329497.028177
1.16889	1853745031.4136028
1.1689	2048283186.1538594
1.16891	2373176286.03876
1.1689200000000002	2417129952.1044173
1.16893	2404418163.143736
1.16894	2313502643.0827713
1.16895	2008676506.1019046
1.16896	2130100037.411252
1.16897	2328252082.066371
1.16898	2296413017.212803
1.16899	2144371368.886464
1.169	2216358450.716454
1.16901	2237329762.722243
1.1690200000000002	2277718241.8573213
1.16903	2057121768.8719878
1.16904	2371537520.011877
1.16905	2316327695.987451
1.16906	2002903382.5555239
1.16907	1977015162.044179
1.16908	2039717396.7158368
1.16909	2053288619.2603989
1.1691	2081660972.3810425
1.16911	2185143687.750529
1.1691200000000002	2229358949.778685
1.16913	2211922976.960474
1.16914	1799119455.4981575
1.16915	1502968920.4373322
1.16916	2085499067.530961
1.16917	2155807606.771728
1.16918	2092184594.9503763
1.16919	2018691712.1219304
1.1692	1911261009.022732
1.16921	1839755034.2924109
1.16922	1967161427.1379983
1.16923	1933392368.4554405
1.16924	1882565085.9425585
1.16925	1770842759.1444821
1.16926	1681550831.0697136
1.16927	1520162447.5939267
1.16928	1537942151.0648794
1.16929	1412927897.0966806
1.1693	1264619866.312979
1.16931	915946273.3320142
1.16932	605229377.1135893
1.16933	577936335.6308018
1.16934	123341719.89546968
1.16935	281896705.27740353
1.16936	814122954.4811658
1.16937	936375409.485409
1.16938	1180782750.1698613
1.16939	1385192080.7836194
1.1694	1502795894.7061136
1.16941	1605350989.2530437
1.16942	1623117648.6829393
1.16943	1703648518.7930665
1.16944	1830290392.35775
1.16945	1895527109.4509637
1.16946	1948498159.9227114
1.16947	1814554430.0881324
1.16948	1472719373.6199017
1.16949	1513108252.7747188
1.1695	2036573085.4303262
1.16951	1891123972.836583
1.16952	1899940497.964386
1.16953	2164761223.598372
1.16954	2168602729.1995525
1.16955	2192804935.350445
1.16956	2206175208.6360016
1.16957	2019854099.0125914
1.1695799999999998	2071047215.486858
1.16959	2006180477.9661343
1.1696	2120069020.7226593
1.16961	2345308621.2002783
1.16962	2301706795.942664
1.16963	2121924855.4583921
1.16964	2200087735.2867236
1.16965	2366355556.1427197
1.16966	2361348025.711175
1.16967	2377223418.8917303
1.1696799999999998	2344876639.1749396
1.16969	2273683446.887191
1.1697	2283284350.280333
1.16971	2216052270.631354
1.16972	2302873063.9816732
1.16973	2047717302.7774613
1.16974	2227563022.509436
1.16975	2236145198.722525
1.16976	2386986704.5212827
1.16977	2148968254.7445173
1.1697799999999998	2085499067.530961
1.16979	2217277244.8147297
1.1698	2270753540.4914536
1.16981	2049840171.9082766
1.16982	1980477897.6799738
1.16983	2346767148.155725
1.16984	2360206488.724139
1.16985	2406024248.7673697
1.16986	2309936280.1731853
1.16987	2168403002.7047625
1.16988	2044937315.977821
1.16989	2116459683.4949746
1.1699	1996089453.394481
1.16991	2297470798.0333
1.16992	2368590592.3423386
1.16993	2263549519.6958733
1.16994	2285598803.3754296
1.16995	2172601124.58068
1.16996	2139932132.4559386
1.1699700000000002	2276879254.0029306
1.16998	2351581310.9409213
1.16999	2399772100.7002697
1.17	2348767343.5637326
1.17001	2168952294.832635
1.17002	1884473349.6195567
1.17003	1419220906.1288502
1.17004	2388966171.229309
1.17005	2512927737.092649
1.17006	2488742704.806289
1.1700700000000002	2481989843.5070953
1.17008	2473033503.389245
1.17009	2413514987.195522
1.1701	2188517380.551928
1.17011	2286914878.5692787
1.17012	2093774952.0025496
1.17013	1243426159.7276158
1.17014	1852507606.9585664
1.17015	1998572926.5874
1.17016	2357002265.7221856
1.1701700000000002	2372684537.3631763
1.17018	2484734556.5631976
1.17019	1932413220.381038
1.1702	1924597866.3930175
1.17021	2426330737.3522744
1.17022	2379413931.1878877
1.17023	2243675264.137218
1.17024	2349524618.749623
1.17025	2331685650.455296
1.17026	2185344956.1904006
1.17027	2439551552.2874475
1.17028	2342717922.255709
1.17029	2018645230.562628
1.1703	2410737924.292556
1.17031	2492872116.9904513
1.17032	2370063598.152382
1.17033	2178813211.466342
1.17034	2436071326.5449657
1.17035	2381222623.2768354
1.17036	2452449086.0720177
1.17037	2333350605.040325
1.17038	1561600717.9835007
1.17039	1292617406.8755374
1.1704	2409794450.9956603
1.17041	2413959614.0364113
1.17042	2430972242.6145663
1.17043	2413237137.0086102
1.17044	2434052829.1098113
1.17045	2387921248.218497
1.17046	2350606863.999232
1.17047	2335877158.9413433
1.17048	2387426444.221796
1.17049	2153277488.1109843
1.1705	2299058382.9058986
1.17051	2406744566.394432
1.17052	2383197309.980482
1.1705299999999998	2144173874.079661
1.17054	1545574699.9068346
1.17055	2243933591.668296
1.17056	2321346654.7463627
1.17057	2284599092.784341
1.17058	2465074221.018123
1.17059	2320438165.872668
1.1706	2094594698.581395
1.17061	2341747148.120041
1.17062	2482046994.0932074
1.1706299999999998	2433884696.504183
1.17064	2432372025.5776644
1.17065	2139193153.7061641
1.17066	2341962840.935895
1.17067	2182378125.699381
1.17068	1540210217.136662
1.17069	2322362445.5884705
1.1707	2439776253.6366854
1.17071	2535887599.506782
1.17072	2512291332.3975306
1.1707299999999998	2222798013.5645585
1.17074	2417686580.9257717
1.17075	2359174145.0685296
1.17076	2286967537.3366237
1.17077	1875599032.3165
1.17078	2228897001.664083
1.17079	2471724145.016134
1.1708	2425269471.2490396
1.17081	2429573265.199427
1.17082	2470699913.354389
1.17083	2552289888.9805107
1.17084	2447315720.891513
1.17085	2403532505.910684
1.17086	2371155304.129787
1.17087	2443149258.548555
1.17088	2352393658.631059
1.17089	2206734069.084589
1.1709	2382593759.812662
1.17091	2331846723.1570888
1.1709200000000002	2416907336.4605803
1.17093	2540914198.164161
1.17094	1912097351.7662387
1.17095	1828984394.718936
1.17096	1942674323.0314867
1.17097	2255173709.7665467
1.17098	2431084195.6013017
1.17099	2401098630.2719326
1.171	2437754686.3465037
1.17101	2472065649.916129
1.1710200000000002	2352231166.646259
1.17103	2306587849.7728057
1.17104	1925706072.9191825
1.17105	1896138253.6956675
1.17106	2315154613.9787397
1.17107	2269708060.5901275
1.17108	2332544833.452177
1.17109	2251334361.9217377
1.1711	2489430464.841764
1.17111	2501324287.1316786
1.1711200000000002	2522957879.033925
1.17113	2336737886.4315147
1.17114	2277351146.637618
1.17115	2374105422.734964
1.17116	2043995804.3495517
1.17117	2255381428.506852
1.17118	2357545048.03803
1.17119	2314674888.042705
1.1712	2208309801.218793
1.17121	2372575273.7181664
1.17122	2323111207.468827
1.17123	2189575878.420062
1.17124	2475369297.513072
1.17125	2456914254.4441466
1.17126	2413792869.37296
1.17127	2490691851.909645
1.17128	2446245276.051281
1.17129	2264018649.6880407
1.1713	2279187214.5668178
1.17131	2462181138.0421076
1.17132	2346713112.4673176
1.17133	2430468517.9702077
1.17134	1988840705.173652
1.17135	2110473969.72837
1.17136	2452618501.104549
1.17137	2002488358.5678465
1.17138	2027215882.069666
1.17139	1901910166.8381329
1.1714	2049226672.6491187
1.17141	1933214304.6378472
1.17142	2391552945.709869
1.17143	2426610095.0824137
1.17144	2388251174.520645
1.17145	2333135705.4041834
1.17146	2201709417.2142725
1.17147	1852934211.7114112
1.17148	2302820038.9802585
1.17149	2356730921.428259
1.1715	2461954373.221784
1.17151	2404584260.203056
1.17152	2415572073.088488
1.17153	2496835899.574242
1.17154	2434445183.692201
1.17155	2274102313.4339128
1.17156	1894130947.890068
1.17157	2247656807.690584
1.1715799999999998	2164113329.4722104
1.17159	2416962988.449334
1.1716	2404916488.7444034
1.17161	2370882330.500891
1.17162	2248277944.0269384
1.17163	2001889031.29282
1.17164	2333941681.107521
1.17165	2501957913.6939287
1.17166	2476794644.8326826
1.17167	2547944712.091421
1.1716799999999998	2412570427.0593266
1.17169	1848928002.4825823
1.1717	2099616610.9694176
1.17171	2144963962.4582574
1.17172	2168403002.7047625
1.17173	1804845371.3035548
1.17174	1398975149.4005556
1.17175	2015254965.9233105
1.17176	2242538976.2577834
1.17177	1792503449.0935187
1.1717799999999998	2085306994.8137968
1.17179	2412348231.343937
1.1718	2426163138.151414
1.17181	2427113020.0526843
1.17182	2541382294.9685717
1.17183	2450924877.288998
1.17184	2512407030.3529844
1.17185	2390672027.325097
1.17186	2188517380.551928
1.17187	2028243066.3728876
1.17188	2401153918.247593
1.17189	2349578719.176109
1.1719	1811381800.746741
1.17191	1914608576.4730601
1.17192	1167373955.9614177
1.17193	1459150203.3476534
1.17194	2311266369.1779647
1.17195	2145359115.8157089
1.17196	2046444636.7246735
1.1719700000000002	1789946291.9630725
1.17198	2337545106.498986
1.17199	2367227514.358029
1.172	2347415673.4749355
1.17201	2424041216.7201467
1.17202	2151493310.0208077
1.17203	2315634439.339957
1.17204	2199024155.713875
1.17205	2498733849.014551
1.17206	2412070515.477015
1.1720700000000002	2093774952.0025496
1.17208	1807548670.3167613
1.17209	2400766929.150793
1.1721	2426777725.159032
1.17211	2412070515.477015
1.17212	2382319469.358693
1.17213	2483590557.4489512
1.17214	2407187945.9628463
1.17215	2373121642.264481
1.17216	2499136629.785826
1.1721700000000002	2472805739.0751643
1.17218	2524120011.644809
1.17219	2495571400.9121714
1.1722	2501439480.024394
1.17221	2388911163.8836737
1.17222	2242952105.25258
1.17223	2212738029.629277
1.17224	1774066928.4554996
1.17225	2353423035.2347584
1.17226	2502995103.397829
1.17227	2535945991.148877
1.17228	2359934775.551641
1.17229	2349037770.964096
1.1723	2124320303.701429
1.17231	2252993817.6739073
1.17232	2301017915.2028475
1.17233	2381332285.156189
1.17234	2333511792.7570877
1.17235	2274364144.210157
1.17236	2394914425.924731
1.17237	2347577832.805764
1.17238	2323111207.468827
1.17239	2425995550.527506
1.1724	2434837601.519765
1.17241	2271328759.693131
1.17242	2372247512.9721546
1.17243	2432820126.3333416
1.17244	2316701073.9909787
1.17245	2455952709.446453
1.17246	2532269942.2797523
1.17247	2475369297.513072
1.17248	2446583260.672278
1.17249	2442361807.208757
1.1725	2371209902.6269355
1.17251	2399330087.055225
1.17252	2454200272.536468
1.17253	2363850464.946609
1.17254	2322950738.1742287
1.17255	2312171267.145696
1.17256	1790976964.4982946
1.17257	2242538976.2577834
1.17258	2296254392.1001573
1.17259	2448048400.3953238
1.1726	2455217664.251993
1.17261	1882608434.1046612
1.17262	2417185609.2191443
1.1726299999999998	2455726518.2591963
1.17264	2404418163.143736
1.17265	2384514677.452949
1.17266	2233983699.9361672
1.17267	2250816032.7047753
1.17268	2055843257.8987482
1.17269	1685271979.6415727
1.1727	2190584447.5893946
1.17271	2308075441.407762
1.17272	2210751864.6942663
1.1727299999999998	2388856157.8046145
1.17274	2473261288.682152
1.17275	1925484380.5762157
1.17276	2192401042.954979
1.17277	2432876144.731841
1.17278	1889426490.3184032
1.17279	2348496947.295683
1.1728	2500805984.7566557
1.17281	2470415479.8885217
1.17282	2386711908.339977
1.1728299999999998	2437698555.616716
1.17284	2546009383.828205
1.17285	2524120011.644809
1.17286	2465868995.1553173
1.17287	2386052526.569756
1.17288	2485421208.953366
1.17289	2239339805.546932
1.1729	2125984040.478463
1.17291	2333726727.03376
1.17292	2312916743.248697
1.17293	2375636558.593375
1.17294	2415071539.5315385
1.17295	2465301273.20028
1.17296	2409849939.202287
1.17297	2420471648.3722296
1.17298	2410959971.686364
1.17299	2258395501.145549
1.173	1939456306.7663481
1.17301	1771413703.4243774
1.1730200000000002	2471781059.2230806
1.17303	2538224314.232141
1.17304	2559764430.5990024
1.17305	2446695932.589516
1.17306	2433044207.6667852
1.17307	2456292035.291592
1.17308	2333726727.03376
1.17309	2446301603.5788355
1.1731	2375417764.456323
1.17311	2347685945.2495704
1.1731200000000002	2506859534.194581
1.17313	2481875546.282618
1.17314	2341585391.544732
1.17315	2380619573.2029386
1.17316	2385063795.465103
1.17317	2417408250.494029
1.17318	2414404322.788126
1.17319	1505150752.2823784
1.1732	979647873.2653557
1.17321	2283757570.397693
1.1732200000000002	2384569583.564578
1.17323	2471041276.7417755
1.17324	1938161667.7395136
1.17325	1630234200.8295312
1.17326	1638513409.597595
1.17327	1914255925.0210855
1.17328	2295302871.495985
1.17329	1871112930.441451
1.1733	2409683478.4153113
1.17331	2466380056.694867
1.17332	2488742704.806289
1.17333	2413904031.2021127
1.17334	2470017328.0466022
1.17335	2420415915.5945163
1.17336	2542904205.2226114
1.17337	2521505965.667641
1.17338	2328520147.4240017
1.17339	2381661301.096555
1.1734	2433212282.211496
1.17341	2436464006.496924
1.17342	2447935666.196065
1.17343	2277928037.121393
1.17344	1635460276.2660534
1.17345	1984494958.7586207
1.17346	2471155075.018213
1.17347	2538458104.097144
1.17348	2529356236.355277
1.17349	2415961448.684864
1.1735	2411237559.689837
1.17351	2326108669.880928
1.17352	2305950604.03978
1.17353	1965169431.4969125
1.17354	1523701868.0808694
1.17355	2030626268.5653992
1.17356	2479590706.797386
1.17357	2543665502.089793
1.1735799999999998	2320812206.4590693
1.17359	2223719477.191465
1.1736	2185395276.196919
1.17361	1963450695.0000997
1.17362	2255537230.1176696
1.17363	2003964390.2410989
1.17364	2266365758.4889045
1.17365	2359391443.044048
1.17366	2293031390.2159233
1.17367	2337437461.0473084
1.1736799999999998	2198062312.482561
1.17369	1664178856.6165829
1.1737	2179867015.8180428
1.17371	1967931602.4848797
1.17372	2036244855.0853698
1.17373	2478962744.781424
1.17374	2325840882.1389284
1.17375	2413737290.378055
1.17376	2020598377.8555446
1.17377	1254960336.5252929
1.1737799999999998	1802021631.6946528
1.17379	2248226176.110145
1.1738	2120557240.8612454
1.17381	2324395360.9574304
1.17382	1679229286.77892
1.17383	2136092228.6072192
1.17384	2418410390.031954
1.17385	2454991540.7617717
1.17386	2193360408.889019
1.17387	1982394116.035716
1.17388	1666901740.2768493
1.17389	2040140136.575513
1.1739	2085547088.474462
1.17391	2149215678.10052
1.17392	2396514163.3116364
1.17393	2167105228.782351
1.17394	2144865185.4918032
1.17395	1526476068.5438056
1.17396	2008769011.2034855
1.1739700000000002	2147682112.381866
1.17398	2064571842.7187927
1.17399	2323753195.506944
1.1740000000000002	2056221993.1036148
1.17401	1856863587.7931094
1.17402	1043133757.2500813
1.17403	1796139236.1159914
1.17404	2195280400.3586407
1.17405	2268349656.304196
1.17406	2392434188.696769
1.1740700000000002	2483133105.2955675
1.17408	2441405957.498482
1.17409	2501381882.9149327
1.1741	2190887108.9216533
1.17411	2430916268.0545287
1.17412	2279922056.1535416
1.17413	2309936280.1731853
1.17414	2265530952.273606
1.17415	2316647730.591543
1.17416	2256784030.5262947
1.1741700000000002	2308925924.479693
1.17418	2144519501.9291692
1.17419	2400711650.085793
1.1742	1996962915.9523628
1.17421	2002165621.589044
1.17422	2253045695.3709593
1.17423	2390506891.255586
1.17424	2207191423.839825
1.17425	2317287932.4582424
1.17426	2150601775.4324613
1.17427	2316381032.0177326
1.17428	2375198990.4700274
1.17429	2440057159.4282045
1.1743	2316647730.591543
1.17431	2414348729.7141485
1.17432	2488169716.591289
1.17433	2309989469.033985
1.17434	2298529066.0920486
1.17435	2366682502.828581
1.17436	2294298916.3893404
1.17437	2057927165.139961
1.17438	2505878442.4692016
1.17439	2446245276.051281
1.1744	2339483572.560855
1.17441	2552995210.1779165
1.17442	2430524482.2203
1.17443	2416295249.1514783
1.17444	2290867652.76777
1.17445	2371319103.392845
1.17446	2113197070.7041829
1.17447	2254498755.972981
1.17448	2282180551.3022127
1.17449	2436351805.766436
1.1745	2519822792.905172
1.17451	2339483572.560855
1.17452	2163067140.861802
1.17453	2459971071.701428
1.17454	2245225675.533705
1.17455	2057405990.3800285
1.17456	2146989893.0461304
1.17457	2082667788.1006734
1.17458	2401983390.6668787
1.17459	2285019970.252562
1.1746	2193764478.022498
1.17461	2476281425.273961
1.17462	2489373144.2469025
1.1746299999999998	2538282759.6797113
1.17464	2544485615.1466336
1.17465	2444668631.742166
1.17466	2377606612.917179
1.17467	2013863357.810121
1.17468	1959927470.2369547
1.17469	2246466775.991863
1.1747	2267096466.260262
1.17471	2301441817.408509
1.17472	2288916764.3700843
1.1747299999999998	1926948021.8203442
1.17474	2245484181.5727677
1.17475	2296888958.300641
1.17476	2201151829.2702603
1.17477	2088045701.8371847
1.17478	2368208851.410601
1.17479	2499309269.991005
1.1748	2504840057.9688783
1.17481	2436744530.9299464
1.17482	2303933820.448763
1.1748299999999998	2051634530.7506266
1.17484	2440113344.467468
1.17485	2526736767.6042013
1.17486	2472521063.181108
1.17487	2340992379.6904
1.17488	2395079866.4664664
1.17489	2400601095.7742524
1.1749	2387756302.1595225
1.17491	2504840057.9688783
1.17492	2459461338.175268
1.17493	2335070514.863075
1.17494	2463542165.653626
1.17495	2090210379.4311898
1.17496	2067759381.9194398
1.17497	1876030954.6787145
1.17498	2119873764.1417649
1.17499	2452279682.741868
1.175	1945673661.8922813
1.17501	2152434775.267589
1.1750200000000002	2491609625.7481713
1.17503	1983307252.5050228
1.17504	2324877101.501647
1.17505	2495169194.7415977
1.17506	2411681766.974436
1.17507	2245846140.0306067
1.17508	2025676080.921866
1.17509	2221774612.9152017
1.1751	2326322922.2733736
1.17511	2492642525.556686
1.1751200000000002	2362653315.486059
1.17513	2443768148.4197016
1.17514	2502015524.067142
1.17515	2228127300.8428817
1.17516	1879100464.9133503
1.17517	2343203460.226473
1.17518	2198214154.4923573
1.17519	2345794696.1041045
1.1752	2476851675.7935467
1.17521	2328466531.8834763
1.1752200000000002	1207341141.6258466
1.17523	1836326916.2286954
1.17524	2266104848.507841
1.17525	1734123405.6709409
1.17526	1795684359.7476585
1.17527	2052059740.4855878
1.17528	1222475038.2057207
1.17529	2141065729.0432324
1.1753	2361021815.9596663
1.17531	2418855918.7224226
1.17532	2515996310.981737
1.17533	2005441509.8954577
1.17534	1983718301.129202
1.17535	2428957970.214912
1.17536	2236093710.1693006
1.17537	2037042077.7057145
1.17538	2346280871.748964
1.17539	2535303757.028299
1.1754	2202064319.445064
1.17541	1483269272.6833935
1.17542	1491969688.8016992
1.17543	2057548115.8597262
1.17544	2165509034.771853
1.17545	2323432179.314404
1.17546	1747793017.5334058
1.17547	1884473349.6195567
1.17548	1708913182.7974114
1.17549	2277928037.121393
1.1755	2097876895.5933332
1.17551	1949440570.143745
1.17552	1939054429.722567
1.17553	1901910166.8381329
1.17554	2415460834.4449353
1.17555	2278557538.863205
1.17556	2371701345.678376
1.17557	1977379375.2396781
1.1755799999999998	2051398341.1927133
1.17559	2112564609.2785969
1.1756	2368590592.3423386
1.17561	2503052737.653493
1.17562	2530229995.9342284
1.17563	2459857788.4555078
1.17564	2334049165.5688767
1.17565	2382758349.2435284
1.17566	1807631912.9259453
1.17567	1546251023.1189446
1.1756799999999998	2202165730.589644
1.17569	2254706412.544881
1.1757	2021110228.6421285
1.17571	2307650317.355943
1.17572	2390506891.255586
1.17573	2381825826.11324
1.17574	2327501663.230929
1.17575	2116752103.4051952
1.17576	2145754341.9698038
1.17577	2161473921.1285415
1.1757799999999998	2324395360.9574304
1.17579	2259747944.3720946
1.1758	2432092004.5189466
1.17581	2176356315.3616447
1.17582	2239133564.226664
1.17583	2225717292.3788834
1.17584	2346064781.24608
1.17585	2259071621.550065
1.17586	2431868010.882616
1.17587	2288126337.036797
1.17588	2454482839.050129
1.17589	2220291518.8580294
1.1759	1369935121.5862393
1.17591	2057453364.4490843
1.17592	2185546243.1686344
1.17593	1395596912.561267
1.17594	2104505184.5947914
1.17595	2365919697.485761
1.17596	2338191083.321847
1.1759700000000002	2498964001.505788
1.17598	2464903945.6046576
1.17599	2402868477.079641
1.176	2160876766.3167696
1.17601	2336899308.1414595
1.17602	1846077801.1783907
1.17603	2138749888.9532075
1.17604	2374269425.7920237
1.17605	2034370267.6776862
1.17606	2055464592.453068
1.1760700000000002	2118361135.248504
1.17608	2402702498.5383267
1.17609	2355917075.959293
1.1761	2390506891.255586
1.17611	2153079173.058061
1.17612	2041690932.4572315
1.17613	2094064237.684788
1.17614	2133732636.4272773
1.17615	2325573125.225348
1.17616	2395796907.55486
1.1761700000000002	2331095145.7330203
1.17618	2113294389.2664843
1.17619	2308394335.841993
1.1762	2291975653.347605
1.17621	2405193380.9261355
1.17622	2187207568.3160734
1.17623	2438091497.86815
1.17624	2185797877.9635983
1.17625	1482006129.956128
1.17626	1332171075.835918
1.17627	1700552327.1088922
1.17628	2408074950.157886
1.17629	2342556098.6240234
1.1763	1957852635.3551133
1.17631	1813176159.0224268
1.17632	1796221953.2892148
1.17633	2358305153.277652
1.17634	2232184047.0600824
1.17635	2085403028.9610643
1.17636	2300435177.1546545
1.17637	2483990897.21328
1.17638	2271328759.693131
1.17639	2341208002.9863195
1.1764	2326805062.312639
1.17641	1903487372.0440946
1.17642	2135207075.9103227
1.17643	2346280871.748964
1.17644	2304199085.9018865
1.17645	2151889666.239313
1.17646	1989940082.9053836
1.17647	2043525211.1037574
1.17648	1849183458.9718754
1.17649	1927613681.0375023
1.1765	2171850864.3091264
1.17651	2294298916.3893404
1.17652	2478791510.015861
1.17653	2386547045.816345
1.17654	2312490727.478255
1.17655	2086892123.914333
1.17656	2205362573.3544683
1.17657	2371974413.605307
1.17658	2493503602.4790664
1.17659	2233726517.862768
1.1766	2012982503.07532
1.17661	2170501048.6568513
1.17662	2012009375.033
1.1766299999999998	2347469725.340595
1.17664	2239958643.4931393
1.17665	2102906677.2392344
1.17666	2180017600.897862
1.17667	2275988168.018517
1.17668	2451037749.1496844
1.17669	2503513859.476737
1.1767	2455387270.537725
1.17671	2439832432.207779
1.17672	2354019195.9784927
1.1767299999999998	2000322407.8650386
1.17674	1872104124.1341007
1.17675	2173952246.251828
1.17676	2239494499.003419
1.17677	2214165094.5397034
1.17678	2122853381.9373684
1.17679	2437810818.368755
1.1768	2256576182.607519
1.17681	2330236496.7224627
1.17682	2325091240.457239
1.1768299999999998	2004472027.365159
1.17684	2200999784.3400784
1.17685	1920082989.0076575
1.17686	2394473307.014048
1.17687	2298052785.1555285
1.17688	2380345510.02252
1.17689	2066854953.307176
1.1769	2283810156.464484
1.17691	2132161023.1945493
1.17692	1803599058.8000684
1.17693	2081085867.6555114
1.17694	2253097574.262553
1.17695	2134666329.8362985
1.17696	2333458062.281004
1.17697	2144568881.884049
1.17698	1885428206.7029614
1.17699	2340722878.496619
1.177	2268610824.743185
1.17701	2273840512.800316
1.1770200000000002	2307809729.698407
1.17703	2350119791.960383
1.17704	2333780463.696149
1.17705	2285756692.4006605
1.17706	2386272300.2497053
1.17707	2377606612.917179
1.17708	2340130085.075679
1.17709	2320545028.459846
1.1771	2262298981.572639
1.17711	2278924828.546042
1.1771200000000002	2153574994.9402647
1.17713	1117892390.7117462
1.17714	1666901740.2768493
1.17715	2100970720.290422
1.17716	2116069853.119416
1.17717	1551172154.4786947
1.17718	1929256623.770979
1.17719	1922737514.9476762
1.1772	2095511265.742269
1.17721	1955239669.6208858
1.1772200000000002	1982668012.8237991
1.17723	1930411961.7318296
1.17724	1841407891.4024642
1.17725	1667592756.4258285
1.17726	1437407809.2742536
1.17727	1140669948.4990206
1.17728	328836487.04742414
1.17729	242566041.00072998
1.1773	1009345845.9836016
1.17731	1353754770.3518045
1.17732	1604464084.5947778
1.17733	1714115176.0802824
1.17734	1849779661.380545
1.17735	1933748545.295257
1.17736	1877457004.30458
1.17737	1872104124.1341007
1.17738	1946614706.0171683
1.17739	1841535095.746724
1.1774	1794155166.309049
1.17741	1894043721.9448426
1.17742	1860629918.3619173
1.17743	1699338903.6362321
1.17744	1881828319.8800359
1.17745	1908929985.8801613
1.17746	1716208307.9258864
1.17747	1850674325.4327805
1.17748	1691803815.178108
1.17749	1353162644.1310265
1.1775	1410847263.0445132
1.17751	1604611868.003689
1.17752	1526968225.6115243
1.17753	1476114342.3980286
1.17754	1404235667.8491724
1.17755	1296522326.9481485
1.17756	1162947206.9995415
1.17757	1038054128.403588
1.1775799999999998	848750415.7061343
1.17759	651643398.5318501
1.1776	168880692.05673075
1.17761	125712944.8670582
1.17762	588274468.3246508
1.17763	814254186.1734245
1.17764	972971232.891648
1.17765	969817463.07732
1.17766	1211016331.548948
1.17767	1286500620.4595675
1.1776799999999998	1430935308.2382267
1.17769	1529360960.8508568
1.1777	1575143045.273844
1.17771	1653445939.733097
1.17772	1746143774.8672152
1.17773	1815348455.3013945
1.17774	1775211080.4646602
1.17775	1800569958.8770142
1.17776	1916814120.426149
1.17777	1944733072.6925664
1.1777799999999998	1662914805.4929564
1.17779	1972331904.7825558
1.1778	2044419430.9268985
1.17781	1907172605.816203
1.17782	1698165447.2521286
1.17783	1711433386.8290322
1.17784	1219579175.1846652
1.17785	1608903513.167644
1.17786	1958168229.3487766
1.17787	2193511926.0916038
1.17788	1978563531.5758898
1.17789	2059444060.6884406
1.1779	2172851268.927993
1.17791	2293242595.9380336
1.17792	2245742717.3751507
1.17793	2164611692.355363
1.17794	2143630857.1434894
1.17795	2038168099.861748
1.17796	2321720841.775662
1.1779700000000002	2008214044.4888422
1.17798	1903136769.0050108
1.17799	1893476851.2023497
1.178	2117873420.7237093
1.17801	1876074152.385153
1.17802	1530593976.9434993
1.17803	2123048912.9638426
1.17804	2176356315.3616447
1.17805	1633728931.5706034
1.17806	2274468884.961379
1.1780700000000002	2415071539.5315385
1.17808	2335446914.095562
1.17809	2036995173.6185024
1.1781	2262872059.095564
1.17811	2215338014.912648
1.17812	2233572222.830532
1.17813	2178110958.267306
1.17814	2329485438.2904124
1.17815	2393370865.1716785
1.17816	2412959318.8085423
1.1781700000000002	2134568027.0824234
1.17818	2203383028.6666064
1.17819	2216766756.6360154
1.1782	2061674028.3642027
1.17821	1981298907.207366
1.17822	1329045961.146378
1.17823	1914432242.6269732
1.17824	2336630278.15283
1.17825	2346875223.265274
1.17826	2389571335.633709
1.1782700000000002	2364558156.5496716
1.17828	2043101769.8187613
1.17829	1993333657.9770484
1.1783	2243313655.555034
1.17831	1410847263.0445132
1.17832	2006642471.2792802
1.17833	2221569989.3344607
1.17834	2286598951.426758
1.17835	2343904970.511359
1.17836	2154170131.9192944
1.17837	1876635813.092568
1.17838	1660848428.8866305
1.17839	1953619583.1253726
1.1784	1717552417.321241
1.17841	2100245196.0120363
1.17842	1934862020.8920445
1.17843	1845185359.2054038
1.17844	2151840117.7190933
1.17845	1762300644.2895715
1.17846	1817858185.1372185
1.17847	2295355723.406219
1.17848	2213400481.0603585
1.17849	2422590445.1274285
1.1785	2335339365.2669806
1.17851	2165209879.307926
1.17852	2365919697.485761
1.17853	2465868995.1553173
1.17854	2422255775.007424
1.17855	2383032690.22832
1.17856	2143828301.934282
1.17857	2242229179.4492526
1.17858	2213808242.051585
1.17859	2190180964.1852107
1.1786	2242487340.4840946
1.17861	2300435177.1546545
1.17862	2192098172.479443
1.1786299999999998	1525878662.498742
1.17864	1287597130.0282586
1.17865	952489068.3301347
1.17866	1817900043.3507078
1.17867	2169651595.1514826
1.17868	2099423238.0383368
1.17869	2153922138.1935577
1.1787	2311000290.120621
1.17871	2287810242.536664
1.17872	2371373705.661655
1.1787299999999998	2227357865.821021
1.17874	1806508461.0859888
1.17875	1774148629.1379786
1.17876	2346929262.686464
1.17877	2255589166.379641
1.17878	2389351258.115365
1.17879	2219575896.787397
1.1788	2111154415.8236887
1.17881	2264435735.749352
1.17882	2470074202.952184
1.1788299999999998	2381716141.506009
1.17884	2334640418.592939
1.17885	2412126056.092577
1.17886	2398888154.8246145
1.17887	2327448071.1415987
1.17888	2231824290.494009
1.17889	2173051405.1421113
1.1789	2294932942.197263
1.17891	2142150600.7278461
1.17892	2362870933.9197717
1.17893	2335662026.6117034
1.17894	1720798425.4688985
1.17895	1289852352.2199216
1.17896	2124173565.921706
1.17897	2161921895.531074
1.17898	2415683316.854877
1.17899	2349849239.9949193
1.179	2201760114.0307693
1.17901	2513448551.750937
1.1790200000000002	2510729931.373523
1.17903	2454426323.1448355
1.17904	2497180874.0310025
1.17905	2302130825.0565352
1.17906	1878278554.859093
1.17907	1995813702.4939392
1.17908	2298740778.1921377
1.17909	2373777450.605655
1.1791	2494135247.9333267
1.17911	2330987797.3061748
1.1791200000000002	2200138394.762184
1.17913	2439383039.856597
1.17914	2358305153.277652
1.17915	2235115652.8823338
1.17916	2423036743.883425
1.17917	2350011567.436364
1.17918	2345686670.753525
1.17919	2380290701.172659
1.1792	2429125762.4826
1.17921	2319263002.155795
1.1792200000000002	2504148040.693658
1.17923	2341423646.142785
1.17924	1956590767.9349327
1.17925	1872923332.3384767
1.17926	2471041276.7417755
1.17927	2171300838.1118975
1.17928	2305048140.6085744
1.17929	2455896159.6965322
1.1793	2370991516.1812
1.17931	2087132400.080236
1.17932	1812257893.2975657
1.17933	1952225584.3515491
1.17934	1930500862.5349555
1.17935	1890079187.819416
1.17936	2279764570.156784
1.17937	2161623235.614516
1.17938	2107802911.1827304
1.17939	1840941550.6436746
1.1794	1878278554.859093
1.17941	2204245688.5708747
1.17942	2428342831.0552588
1.17943	2125103076.4068801
1.17944	1872147231.4208765
1.17945	1848119289.727084
1.17946	2271119572.216983
1.17947	2092762766.7912989
1.17948	2415794565.744359
1.17949	2441968176.720255
1.1795	2247967354.4054675
1.17951	2359228467.68612
1.17952	2398556759.070839
1.17953	2467572945.568036
1.17954	2269864851.883821
1.17955	2346551012.8672013
1.17956	2109599432.711186
1.17957	2273369347.608233
1.17958	2398114969.2793875
1.17959	2329646359.001693
1.1796	2183232561.846205
1.17961	2387041667.554093
1.17962	2166356866.3981857
1.17963	2348118444.815878
1.17964	2081708904.9481196
1.17965	2048047382.411541
1.17966	2317501372.393343
1.17967	2202368566.889801
1.1796799999999998	2399495832.630561
1.17969	2309670354.239182
1.1797	2089440459.3026786
1.17971	2263236820.3739986
1.17972	2445400518.7581306
1.17973	2386492094.1724896
1.17974	2312277749.0193524
1.17975	2327608851.111681
1.17976	2366083135.0734234
1.17977	2123586716.155197
1.1797799999999998	2105280655.7956796
1.17979	2336522674.8295856
1.1798	2433548466.133477
1.17981	2449401615.809004
1.17982	2516228053.4776983
1.17983	2476338444.417373
1.17984	2413626136.227423
1.17985	2192552493.884624
1.17986	1833453922.713188
1.17987	2370281899.1297827
1.1798799999999998	2339968440.1992784
1.17989	2331739340.1196194
1.1799	2454482839.050129
1.17991	2296836071.086765
1.17992	2079648800.8691113
1.17993	1925661732.4087048
1.17994	2008075326.7683716
1.17995	1619869394.4435182
1.17996	1921940772.0570886
1.17997	2244243623.9663434
1.17998	2219627004.999525
1.17999	2434893666.3728914
1.18	2357327920.113945
1.18001	2213094709.6056404
1.18002	2186150215.3505754
1.18003	1933704019.6021414
1.18004	1640665326.8903267
1.18005	2200493043.7536736
1.18006	2367609097.1041746
1.1800700000000002	2288547864.307268
1.18008	2208767482.5510254
1.18009	2126669487.2358282
1.1801	2297788227.2806964
1.18011	2257667597.78191
1.18012	2278924828.546042
1.18013	2054660159.9445925
1.18014	2296571653.2832537
1.18015	2174102422.739737
1.18016	2256264446.6212106
1.1801700000000002	2137912861.6726253
1.18018	1455224507.2000835
1.18019	1741045014.9340436
1.1802	2086123426.0511765
1.18021	1348279713.2409945
1.18022	2217838917.591593
1.18023	2249365345.6769567
1.18024	2354995057.506573
1.18025	2068235555.9317644
1.18026	2163565262.8233795
1.1802700000000002	2195128760.998391
1.18028	2280972240.8568807
1.18029	1950473256.715395
1.1803	2100003410.266612
1.18031	1994940742.596832
1.18032	2379249572.7732573
1.18033	2380016675.8528514
1.18034	2477365013.539045
1.18035	2112224131.5341907
1.18036	2320919086.2718487
1.18037	2181021767.3040404
1.18038	2280447088.05172
1.18039	1978836899.1126144
1.1804	2462407923.749205
1.18041	2319850509.601589
1.18042	2322683313.981625
1.18043	2431252134.748509
1.18044	2472236420.059689
1.18045	2347307573.4773173
1.18046	2367936216.985084
1.18047	2077590735.51358
1.18048	2198062312.482561
1.18049	1855325014.456388
1.1805	2272322663.3605537
1.18051	2179013896.8209486
1.18052	2032965459.741427
1.18053	1859816087.2412784
1.18054	2203535238.23116
1.18055	2222388596.7487345
1.18056	2308500643.7775297
1.18057	2051681771.9253836
1.18058	2255537230.1176696
1.18059	2238205713.319037
1.1806	2241454874.6520925
1.18061	2364503711.212873
1.18062	2341747148.120041
1.1806299999999998	2426554220.9633784
1.18064	2420415915.5945163
1.18065	2230642641.3905625
1.18066	2123977931.3156366
1.18067	2425548706.7893705
1.18068	2356839455.39708
1.18069	2335554467.8770533
1.1807	1927835618.5393567
1.18071	2263288933.927619
1.18072	2389736407.075085
1.1807299999999998	2495513938.918669
1.18074	2306534739.236273
1.18075	2330880453.822792
1.18076	2346064781.24608
1.18077	2348442871.7776365
1.18078	2141903990.7221227
1.18079	2254135402.990625
1.1808	1959792087.9196632
1.18081	1798291121.1160893
1.18082	2100487009.5956762
1.1808299999999998	2276512294.001185
1.18084	2513101329.986676
1.18085	2323806702.517639
1.18086	2144618262.9759493
1.18087	2206937326.1636486
1.18088	2306906538.6744604
1.18089	2279869559.612537
1.1809	1990994223.479604
1.18091	2193511926.0916038
1.18092	2123000028.5188625
1.18093	2219013784.116572
1.18094	2450078503.997929
1.18095	2256680104.1739645
1.18096	2154715818.627016
1.18097	1974012961.7302363
1.18098	2328734621.9319754
1.18099	2338567985.571071
1.181	2407354234.358584
1.18101	2476623559.8289857
1.1810200000000002	2044843145.302604
1.18103	1949261028.3002183
1.18104	2193511926.0916038
1.18105	2390121618.118496
1.18106	2398943391.9016013
1.18107	2352285329.394021
1.18108	2461330877.6476245
1.18109	2212788980.391883
1.1811	1983352920.3679345
1.18111	2219167073.452754
1.1811200000000002	2215287005.457029
1.18113	1371197459.7009234
1.18114	1137443936.7459369
1.18115	2288969469.233084
1.18116	2417797922.071089
1.18117	2494135247.9333267
1.18118	2487425029.12798
1.18119	2321988155.1531787
1.1812	1705846701.2916472
1.18121	2144568881.884049
1.1812200000000002	2032216625.5363023
1.18123	2204854828.3144155
1.18124	2122022575.9592896
1.18125	2047717302.7774613
1.18126	2184590295.11538
1.18127	2242074297.094248
1.18128	2213910194.036232
1.18129	2220189273.009271
1.1813	2296836071.086765
1.18131	2252890065.86332
1.18132	2442924246.5483904
1.18133	2271590271.133818
1.18134	2388031218.5880327
1.18135	2338567985.571071
1.18136	2245639299.4823837
1.18137	2219218172.2512684
1.18138	2331685650.455296
1.18139	2236608649.055912
1.1814	2151493310.0208077
1.18141	2271851812.6838555
1.18142	2043901677.0315485
1.18143	2154021332.257702
1.18144	2314088691.3349147
1.18145	2516865455.408973
1.18146	2284125698.2941275
1.18147	2401098630.2719326
1.18148	2407575970.0886803
1.18149	2283862743.7421284
1.1815	2249935146.8972783
1.18151	2180921329.852533
1.18152	1871931704.9124696
1.18153	2399274841.074357
1.18154	2454313295.238143
1.18155	2393481086.511128
1.18156	2315261233.243759
1.18157	2165060317.073949
1.18158	1860629918.3619173
1.18159	2004333568.1251462
1.1816	2035822922.371588
1.18161	2398335854.0025325
1.18162	2412403778.354207
1.18163	2209479619.8389173
1.18164	2246001282.9442806
1.18165	2134518877.4030926
1.18166	2460480910.8719587
1.18167	2432540053.6880875
1.1816799999999998	2419412945.008046
1.18169	2396348623.695607
1.1817	2020179687.266884
1.18171	2203788944.2049413
1.18172	2286862221.0144424
1.18173	2328466531.8834763
1.18174	1430902360.1144545
1.18175	1210430894.790239
1.18176	1917785364.4826527
1.18177	2264018649.6880407
1.1817799999999998	2292133982.885232
1.18179	2065855781.9227176
1.1818	2243726927.2641745
1.18181	2089825383.910802
1.18182	1777829056.712379
1.18183	2302130825.0565352
1.18184	1795932459.8477185
1.18185	2288073651.5874195
1.18186	2356405349.509209
1.18187	2070046017.45394
1.1818799999999998	1989756811.0906568
1.18189	2098021816.8006728
1.1819	1993792692.859985
1.18191	2230694004.426836
1.18192	2436407905.4857955
1.18193	2401264498.018125
1.18194	2442080636.1001296
1.18195	2541265262.6835947
1.18196	2510383085.174603
1.18197	2251749111.23568
1.18198	2257303734.0837607
1.18199	2248226176.110145
1.182	2033246343.7014852
1.18201	2165708494.710072
1.18202	2161225086.571401
1.18203	2179314959.5121164
1.18204	2408296752.2714176
1.18205	2162170810.3159285
1.18206	2046397516.138032
1.1820700000000002	2331148821.8003235
1.18208	2498676314.203829
1.18209	2335500690.3671784
1.1821	2274626005.1325192
1.18211	2466777622.230652
1.18212	2371646735.8654637
1.18213	2319690265.5402412
1.18214	2378482716.938625
1.18215	2273788156.2904105
1.18216	2291817334.746609
1.1821700000000002	2219984795.4370084
1.18218	2234498152.9190273
1.18219	2435622626.951234
1.1822	2372029030.963375
1.18221	2420527382.433243
1.18222	2241971048.134588
1.18223	2163764543.725341
1.18224	2455330733.8073664
1.18225	2312384235.796803
1.18226	2340615086.706493
1.1822700000000002	2145951982.3497746
1.18228	2390341766.592887
1.18229	2195432050.1941185
1.1823	2032591008.1537755
1.18231	2131621048.540332
1.18232	2237948045.1963644
1.18233	2004148970.682488
1.18234	1856564320.862638
1.18235	1340077760.994916
1.18236	1960469093.0346246
1.18237	2261778127.949344
1.18238	2440900070.8716755
1.18239	2298264453.386503
1.1824	2235887767.811698
1.18241	1446305374.3243625
1.18242	2043666377.700065
1.18243	2473546049.802724
1.18244	2454030748.2428107
1.18245	2473033503.389245
1.18246	2349903347.896163
1.18247	2096379962.492658
1.18248	2186603304.017061
1.18249	2361184915.201973
1.1825	2336630278.15283
1.18251	2103148797.2548637
1.18252	2007520551.6993425
1.18253	2242280809.2784963
1.18254	2386711908.339977
1.18255	2302873063.9816732
1.18256	2231104951.296212
1.18257	2165010465.2917686
1.18258	2119971390.1842422
1.18259	2119873764.1417649
1.1826	2415182760.246975
1.18261	2497985999.798679
1.18262	2526562232.8400445
1.1826299999999998	2371428309.187743
1.18264	2219933678.986546
1.18265	2275883357.303345
1.18266	2272374986.125849
1.18267	2292450674.773444
1.18268	1810797974.350997
1.18269	2062101318.8265328
1.1827	2455669973.7174487
1.18271	2361456772.3104024
1.18272	2391608013.885489
1.1827299999999998	2270596687.8114467
1.18274	2332061504.06812
1.18275	2502706952.024829
1.18276	2197708055.247089
1.18277	2213196628.730148
1.18278	2297999871.143868
1.18279	2364721500.08218
1.1828	2133339624.549232
1.18281	1936600323.2141426
1.18282	2461614265.1497965
1.1828299999999998	1969155441.9671433
1.18284	1596320165.8670607
1.18285	2304411320.2541504
1.18286	2379468719.849151
1.18287	2294087613.381001
1.18288	2399219596.3655586
1.18289	1960920559.7005394
1.1829	1705728869.6458926
1.18291	2076442933.6225095
1.18292	2083339269.0971637
1.18293	1120366204.524758
1.18294	2054470927.4649847
1.18295	2168203294.6046147
1.18296	2094016020.6289368
1.18297	2456178921.4676576
1.18298	2448724914.6253505
1.18299	2477307970.7582784
1.183	2478620287.078368
1.18301	2373449523.7842503
1.1830200000000002	2179114246.429888
1.18303	2312224507.469565
1.18304	2338029572.3823075
1.18305	2395962409.0583625
1.18306	2326912218.112995
1.18307	2266000492.9258637
1.18308	2254343026.094938
1.18309	2216409484.843296
1.1831	1890732110.7931015
1.18311	2007012142.5295246
1.1831200000000002	1821126021.8663871
1.18313	1734243198.8095038
1.18314	1321447762.7251663
1.18315	1511506433.4061346
1.18316	1845992788.1113968
1.18317	1927347389.7610567
1.18318	2070618071.3346605
1.18319	2056458738.0369468
1.1832	2033620916.0175247
1.18321	2079457266.9566066
1.1832200000000002	2022460275.0407789
1.18323	2128972246.657213
1.18324	2207496379.669135
1.18325	2403643195.2217484
1.18326	2382484039.8415914
1.18327	2369572494.4605503
1.18328	2214522004.5502915
1.18329	2263914390.1768656
1.1833	2316701073.9909787
1.18331	2414626707.8852677
1.18332	2002257826.846408
1.18333	1899371862.368336
1.18334	2164412333.4317226
1.18335	2028056266.8854682
1.18336	2271590271.133818
1.18337	2387756302.1595225
1.18338	2238051108.885627
1.18339	2294140437.3085704
1.1834	2429852996.260871
1.18341	2267096466.260262
1.18342	2389076189.720435
1.18343	2313076519.3955398
1.18344	2352285329.394021
1.18345	2012009375.033
1.18346	2217634656.485104
1.18347	1582486449.745471
1.18348	2189928824.797845
1.18349	2251075182.394542
1.1835	2084490883.0972927
1.18351	2213043751.803432
1.18352	2382154910.2435193
1.18353	2276459875.9719524
1.18354	2398170188.552914
1.18355	2374488114.1583056
1.18356	2327608851.111681
1.18357	1442580309.5267315
1.18358	1996365242.3940575
1.18359	2279607095.038407
1.1836	2367936216.985084
1.18361	2382209762.0188737
1.18362	2074053715.957949
1.18363	2285809324.4994674
1.18364	2356405349.509209
1.18365	2380784026.2571244
1.18366	2384899046.785153
1.18367	2098311689.2495058
1.1836799999999998	2336146102.2189274
1.18369	2080367210.1759913
1.1837	1779590177.5756626
1.18371	2182378125.699381
1.18372	2210700960.8374434
1.18373	1443510675.3055227
1.18374	1880182473.4902663
1.18375	2160130554.795857
1.18376	2454030748.2428107
1.18377	2491322785.101273
1.1837799999999998	2303138207.3036647
1.18379	2256887961.6647115
1.1838	2143285372.515056
1.18381	1493550804.0996914
1.18382	2193259403.235152
1.18383	2282916357.982239
1.18384	2410016411.4883647
1.18385	2318996002.505051
1.18386	2444612341.814745
1.18387	2522377013.390859
1.1838799999999998	2223924298.7564697
1.18389	2331685650.455296
1.1839	2292081205.157461
1.18391	2322950738.1742287
1.18392	2109356570.0814538
1.18393	2031842311.8763132
1.18394	1318408517.2090702
1.18395	1778361304.717814
1.18396	2377606612.917179
1.18397	2127894049.0239835
1.18398	2213553382.62991
1.18399	2090017872.8061464
1.1840000000000002	2225717292.3788834
1.18401	2308713274.336161
1.18402	2243416966.345484
1.18403	2400324732.268453
1.18404	2496663430.217537
1.18405	2440450481.872297
1.18406	2131424728.027361
1.1840700000000002	1844633111.3441265
1.18408	1977015162.044179
1.18409	2094401788.16423
1.1841	2053856042.2611282
1.18411	2178712875.720257
1.18412	2180168196.3800983
1.18413	2334102909.6557736
1.18414	2446977635.084377
1.18415	2312118028.047717
1.18416	2507898755.8712373
1.1841700000000002	2467459312.250957
1.18418	2225666043.9343204
1.18419	2073003331.2893612
1.1842	2423204127.113161
1.18421	2271747192.4505005
1.18422	2048660528.6137726
1.18423	1348497047.7694376
1.18424	2004979793.0820558
1.18425	2488513493.687916
1.18426	2397176436.1383004
1.1842700000000002	2051398341.1927133
1.18428	2365266060.02207
1.18429	2482732903.779818
1.1843	2484620132.9429235
1.18431	2398832919.019494
1.18432	2270335290.754682
1.18433	2144124503.2200754
1.18434	2317394649.9684787
1.18435	2184690901.5328627
1.18436	2321988155.1531787
1.18437	2419357236.607598
1.18438	1947107815.5234187
1.18439	2162569133.583841
1.1844	2191088906.374525
1.18441	2062148801.0107574
1.18442	2363306230.9219985
1.18443	2131032141.2426
1.18444	2257511649.015589
1.18445	2387591367.4942145
1.18446	2329109999.856874
1.18447	2090402903.7875652
1.18448	2110911374.1802156
1.18449	1806716455.031496
1.1845	2203484500.54138
1.18451	2195988189.224071
1.18452	2398722451.224725
1.18453	2448048400.3953238
1.18454	2393095334.0290236
1.18455	2410959971.686364
1.18456	2437137319.3983665
1.18457	2392544366.899669
1.18458	2324984168.5140724
1.18459	2432876144.731841
1.1846	2421976918.5580525
1.18461	2336737886.4315147
1.18462	2335662026.6117034
1.1846299999999998	2121045573.429616
1.18464	2305313534.3599424
1.18465	2474229610.267081
1.18466	2480275937.692961
1.18467	2410515897.349136
1.18468	2487482304.865307
1.18469	2533961429.397841
1.1847	2496433489.606989
1.18471	2435734794.101023
1.18472	2434837601.519765
1.1847299999999998	2223668274.7477674
1.18474	2121045573.429616
1.18475	2371482913.971137
1.18476	2458895091.467914
1.18477	2273264657.4914217
1.18478	2334801695.4099326
1.18479	2372138269.452397
1.1848	2224795000.8984427
1.18481	2356839455.39708
1.18482	2221263089.298426
1.1848299999999998	2248536801.4916267
1.18484	2149760109.7636423
1.18485	2063336211.0142226
1.18486	2248070879.511604
1.18487	2037229704.8550093
1.18488	2224282781.8916955
1.18489	1911305017.940489
1.1849	2174002303.9284945
1.18491	2311053503.4814467
1.18492	2128874206.11953
1.1849299999999998	2319797093.684544
1.18494	2330665781.685498
1.18495	2408518574.814619
1.18496	2240216543.1078205
1.18497	2175454478.055112
1.18498	2277875586.493846
1.18499	2233983699.9361672
1.185	2404694997.9503107
1.18501	2524759412.738828
1.18502	2476737615.18498
1.18503	2252890065.86332
1.18504	1976833080.6038368
1.18505	2408795881.725709
1.18506	2382868081.847305
1.18507	1868744812.0688012
1.18508	2100728851.020736
1.18509	2383142435.466257
1.1851	2418299020.682085
1.18511	2508014251.536408
1.1851200000000002	2012658074.7765763
1.18513	1708677104.0243294
1.18514	2143532141.5673907
1.18515	2353585609.5537586
1.18516	2338891092.9969764
1.18517	2043854614.9980352
1.18518	2012380034.9945114
1.18519	1628058477.2696419
1.1852	1844803016.156582
1.18521	1905416843.6139245
1.1852200000000002	2302926090.204037
1.18523	2150156146.685453
1.18524	2191240266.6618643
1.18525	2403753889.630372
1.18526	2329646359.001693
1.18527	2310468223.8975677
1.18528	1903750366.7095559
1.18529	1038364901.9491607
1.1853	1459284602.2371235
1.18531	1965078934.1839461
1.1853200000000002	2412570427.0593266
1.18533	2418744528.855682
1.18534	2292133982.885232
1.18535	1848076735.6977355
1.18536	2238514954.22678
1.18537	2267984071.000376
1.18538	2384130370.068779
1.18539	1953889504.2902124
1.1854	1309242214.4432564
1.18541	2120947897.92032
1.18542	2373176286.03876
1.18543	2218605064.3173823
1.18544	2285861957.810186
1.18545	2347307573.4773173
1.18546	2444105790.789237
1.18547	2374433440.1784163
1.18548	2297312099.854266
1.18549	2209581372.478555
1.1855	2226742509.1173787
1.18551	2337545106.498986
1.18552	2399993138.057888
1.18553	1986140649.4093769
1.18554	2326805062.312639
1.18555	2312118028.047717
1.18556	2267409698.8487573
1.18557	2216562594.2746434
1.18558	2004333568.1251462
1.18559	1944106265.853696
1.1856	2108482496.0917075
1.18561	2405193380.9261355
1.18562	2418354704.7159314
1.18563	2330451129.319329
1.18564	2378427950.980657
1.18565	2495456478.248264
1.18566	2440281907.347725
1.18567	2417408250.494029
1.1856799999999998	2253512648.4021273
1.18569	2178913551.8331738
1.1857	2038027313.0598922
1.18571	2193410913.460281
1.18572	2351635458.725041
1.18573	2151196090.7670627
1.18574	2350011567.436364
1.18575	2478277876.6843343
1.18576	2267253077.1451697
1.18577	2310149042.964905
1.1857799999999998	2457536631.215042
1.18579	2464563430.0623336
1.1858	2269446765.834464
1.18581	2484791770.349391
1.18582	2377661359.962922
1.18583	2227357865.821021
1.18584	2010805201.5950785
1.18585	2401596267.885694
1.18586	2356025572.4482927
1.18587	1967342617.745113
1.1858799999999998	2026515827.4112246
1.18589	2396072749.745566
1.1859	2442249334.880773
1.18591	2445456826.8342056
1.18592	2366028654.623101
1.18593	2258811551.289212
1.18594	2188870156.30627
1.18595	2261934371.443777
1.18596	2399606336.041681
1.18597	2064857093.5636747
1.18598	2419023013.1410127
1.18599	2120313116.7398472
1.186	1921808013.6773105
1.18601	2254654496.6088433
1.18602	1629296032.6397214
1.18603	2235836285.1859803
1.18604	2104747488.6559753
1.18605	2175955452.6348934
1.18606	2120801393.0900896
1.1860700000000002	2258967589.8527107
1.18608	2394748996.8108377
1.18609	2340291741.118507
1.1861	2342771865.9504128
1.18611	2346064781.24608
1.18612	2427336575.7180057
1.18613	2440619068.041976
1.18614	2329270894.6328807
1.18615	2369954455.2032943
1.18616	2247501550.421252
1.1861700000000002	2382100059.7311587
1.18618	2357979363.8854666
1.18619	1994940742.596832
1.1862	1528234501.104843
1.18621	2360423881.7864003
1.18622	2229820993.6339426
1.18623	2194219144.776389
1.18624	2210395562.309456
1.18625	2205718064.451925
1.18626	1748316273.3233798
1.1862700000000002	2290076551.737851
1.18628	2431364100.6250505
1.18629	2123293352.0735528
1.1863	1450407377.0564468
1.18631	2330290153.0184045
1.18632	2186250893.6067038
1.18633	2443824418.908637
1.18634	2517792873.7358513
1.18635	2278137851.709213
1.18636	2110814165.3572953
1.18637	2427839651.2543907
1.18638	2462578026.737623
1.18639	2470415479.8885217
1.1864	2440394289.070248
1.18641	2378482716.938625
1.18642	2491035977.4762244
1.18643	1989069692.102949
1.18644	1769008827.172403
1.18645	1619160870.8883722
1.18646	2167005432.1963787
1.18647	2459574603.1635475
1.18648	2497008380.845129
1.18649	2376676105.9851713
1.1865	2473546049.802724
1.18651	2406689149.6908326
1.18652	2137420645.7147171
1.18653	2299852586.686205
1.18654	2528948585.151431
1.18655	2488800010.884569
1.18656	2485020638.66859
1.18657	2279817064.280297
1.18658	2169002237.3798304
1.18659	2389021179.8415594
1.1866	2218758325.4192166
1.18661	2114121778.019052
1.18662	2300170345.012596
1.18663	2352664503.5504074
1.18664	2180318802.2654605
1.18665	2045690837.5218816
1.18666	2146347317.7239802
1.18667	2103923768.6521266
1.18668	2335608246.625216
1.18669	2416183977.2052045
1.1867	2161424151.9252377
1.18671	2280237060.785168
1.18672	2311745388.684379
1.1867299999999998	2031421291.418736
1.18674	2398611988.517078
1.18675	2429964897.7032304
1.18676	2090788005.7008367
1.18677	1745781954.3426633
1.18678	2306162999.7202554
1.18679	2067521336.0262911
1.1868	2377989868.711196
1.18681	2457197133.4345093
1.18682	2299428977.2007003
1.1868299999999998	2167554370.296666
1.18684	2326322922.2733736
1.18685	2437923086.290793
1.18686	2450586292.8929315
1.18687	2279082256.533501
1.18688	2351039901.668207
1.18689	2350606863.999232
1.1869	2328895490.776908
1.18691	2309563992.437728
1.18692	2076968930.7531128
1.1869299999999998	1933837599.7572718
1.18694	2436744530.9299464
1.18695	2482904410.8166103
1.18696	2495054290.599541
1.18697	2450022089.5050297
1.18698	2283074061.7043056
1.18699	2269028756.79232
1.187	1396561289.8010287
1.18701	1549779814.4456058
1.18702	1191763279.9020505
1.18703	1877673166.9732068
1.18704	2329217261.805961
1.18705	2306216101.697062
1.18706	2194623372.109444
