1.21594	2029597877.3122199
1.21595	2151641935.0467787
1.21596	2180519626.296482
1.21597	2166306984.7622066
1.2159799999999998	2169052181.0770183
1.21599	2128041043.8144512
1.216	2088286110.8213
1.21601	1981116431.2376823
1.21602	1867497374.8584566
1.21603	1831639497.124732
1.21604	1701727432.8607945
1.21605	1581612177.008034
1.21606	1549958249.711876
1.21607	1597496811.4717102
1.2160799999999998	1484943740.4497929
1.21609	1411529633.142852
1.2161	1567833717.295727
1.21611	1752023794.1323864
1.21612	1813009167.0170202
1.21613	1794113854.8352633
1.21614	1822174648.06392
1.21615	1727110004.949351
1.21616	1611721502.4459062
1.21617	1479960076.5116765
1.2161799999999998	1466290429.7207134
1.21619	1336318559.0026965
1.2162	1383630096.0252938
1.21621	1666479593.5998328
1.21622	1722661707.3800447
1.21623	1746344818.671316
1.21624	1902041550.6758718
1.21625	1972241077.6330922
1.21626	2026609154.0628366
1.21627	2024230666.4730263
1.21628	2107560255.3732774
1.21629	2126571552.7416933
1.2163	2104505184.5947914
1.21631	2073671696.3308601
1.21632	1942853258.1891
1.21633	1927303011.458298
1.21634	2058164106.39978
1.21635	2110231006.4196386
1.21636	2087949545.993145
1.2163700000000002	2086603829.0277867
1.21638	2053383178.8730206
1.21639	1927391769.0856762
1.2164	1750854271.3275092
1.21641	1723375838.8913774
1.21642	1901472286.2530968
1.21643	1973558480.7743933
1.21644	1985911999.6791706
1.21645	1956816041.739261
1.21646	1898497370.67567
1.2164700000000002	1766973352.4332683
1.21648	1506954015.2263553
1.21649	1298643661.1095471
1.2165	1448071479.5894694
1.21651	1631473410.0581315
1.21652	1621511376.4126835
1.21653	1647403559.4357495
1.21654	1802768661.9593785
1.21655	1860501395.039596
1.21656	1877024753.620105
1.2165700000000002	1895745352.637089
1.21658	1926814917.56396
1.21659	1902041550.6758718
1.2166	1827763498.6520267
1.21661	1773658481.4751582
1.21662	1729298640.287831
1.21663	1655007628.7699893
1.21664	1433672648.8904824
1.21665	1533380725.853083
1.21666	1770435054.4710953
1.21667	1884213017.9884665
1.21668	1928013186.938839
1.21669	1959160427.4101965
1.2167	1920967423.5341606
1.21671	1974649410.9028792
1.21672	2066236361.6725528
1.21673	2106929480.9972935
1.21674	2119141712.1106997
1.21675	2098553280.2171388
1.21676	2047858758.9632046
1.21677	1915843368.246916
1.21678	1746666536.905489
1.21679	1842510621.0300925
1.2168	1899765515.0360427
1.21681	1945539264.1591747
1.21682	1960378812.1752515
1.21683	1828858057.316452
1.21684	1858403437.029152
1.21685	1834002823.7392738
1.21686	1850844786.6872406
1.21687	1929167780.2658465
1.21688	1948767373.4879007
1.21689	1971287645.0543547
1.2169	1949081502.9923449
1.21691	1937715440.8988547
1.21692	1990352506.2110734
1.2169299999999998	1916858257.2104933
1.21694	1907743576.805587
1.21695	1792916235.7876203
1.21696	1965576720.9827325
1.21697	2040562964.0497801
1.21698	2121924855.4583921
1.21699	2107366150.8392015
1.217	2082284181.8490024
1.21701	2147385419.6281621
1.21702	2064476767.8610148
1.2170299999999998	2017390632.9411411
1.21704	1872923332.3384767
1.21705	1975649959.9303415
1.21706	2075056852.3535047
1.21707	2127551100.6649296
1.21708	2185344956.1904006
1.21709	2180469418.5546594
1.2171	2163067140.861802
1.21711	2129070291.7099335
1.21712	2139784316.2865465
1.2171299999999998	2147484312.65836
1.21714	2163366000.2750225
1.21715	2111640583.0623
1.21716	2102519343.1897547
1.21717	2163017334.9736805
1.21718	2148720859.8725505
1.21719	2127796058.1379929
1.2172	2174653158.6243987
1.21721	2195027673.910784
1.21722	2216613633.102118
1.21723	2186855060.5176578
1.21724	2186653652.9984426
1.21725	2133044913.1465788
1.21726	2115826245.5978851
1.21727	2141213633.732548
1.21728	2077734255.3542247
1.21729	2108870928.6957235
1.2173	2178311578.9390244
1.21731	2180770682.347477
1.2173200000000002	2193208902.152501
1.21733	2205667276.5013013
1.21734	2142495902.4379454
1.21735	2080798374.8775024
1.21736	1934149322.6725636
1.21737	2057121768.8719878
1.21738	1977015162.044179
1.21739	1952225584.3515491
1.2174	1914520407.5198946
1.21741	1950069096.8363442
1.2174200000000002	1947062982.22528
1.21743	1879576471.9524426
1.21744	1839712672.8549442
1.21745	1930634221.4162009
1.21746	1865992956.083233
1.21747	1821377637.1047816
1.21748	1836918973.5095718
1.21749	1789863863.7880793
1.2175	1873742899.0176148
1.21751	2089584797.721525
1.2175200000000002	2096235154.6966784
1.21753	2209428745.2762685
1.21754	2196949124.8462577
1.21755	2152980022.3809524
1.21756	2159036577.335472
1.21757	2160329519.334949
1.21758	2181373334.8108907
1.21759	2185848208.399145
1.2176	2170201203.5683484
1.21761	2168053525.5999675
1.21762	2134961265.26142
1.21763	2152682597.744482
1.21764	2171650838.6638136
1.21765	2153079173.058061
1.21766	2165808231.5684986
1.21767	2185898539.993607
1.21768	2169251967.3660913
1.21769	2178261422.038785
1.2177	2183986753.8957763
1.21771	2187509763.0829906
1.21772	2193814991.897912
1.21773	2185999206.659389
1.21774	2202926463.053456
1.21775	2154269337.404234
1.21776	2077303725.5725667
1.21777	2020505328.004041
1.21778	1736680788.2473679
1.21779	1567978126.7677574
1.2178	1865563344.7895298
1.21781	2043478157.7386007
1.21782	2152434775.267589
1.21783	2151592392.2307143
1.21784	2159633223.6139846
1.21785	2053997922.5106266
1.21786	2011731424.8659265
1.21787	1865520389.1005933
1.21788	1598416669.2887194
1.21789	1592868779.1204386
1.2179	1761773203.0995207
1.21791	1815139467.617336
1.21792	1838992677.6355095
1.21793	1940394343.8065355
1.21794	2032029460.0874214
1.21795	2142002631.3173785
1.21796	2161473921.1285415
1.21797	2137617518.4975488
1.2179799999999998	2140326358.8306746
1.21799	2192602979.8527503
1.218	2167105228.782351
1.21801	2175805148.1486354
1.21802	2204702527.5989566
1.21803	2202875739.3810897
1.21804	2208411499.985052
1.21805	2172751207.733177
1.21806	2142249252.6801825
1.21807	2061721500.7095878
1.2180799999999998	2103342513.3384395
1.21809	2004056678.3367286
1.2181	1936555731.8571699
1.21811	1916858257.2104933
1.21812	1945360081.6226609
1.21813	1958258408.404696
1.21814	1852678237.072264
1.21815	1643198387.2258384
1.21816	1870983683.0033195
1.21817	2000276349.269736
1.2181799999999998	1991498575.0472016
1.21819	1776846863.4832637
1.2182	1692816954.2006161
1.21821	1922781788.1247828
1.21822	1985134787.472567
1.21823	1995675841.3291621
1.21824	2099568266.0669184
1.21825	2151493310.0208077
1.21826	2183886179.9047427
1.21827	2169301916.81359
1.21828	2128923225.8240051
1.21829	2122413502.9679184
1.2183	2165858101.720129
1.21831	2129364453.9604185
1.21832	2062956165.4426804
1.21833	1997422786.5990567
1.21834	1870337579.7171712
1.21835	1611573064.2456179
1.21836	1450941825.3242373
1.2183700000000002	1699808513.2034945
1.21838	1842171249.289177
1.21839	1971832407.2180192
1.2184	1988337026.7176688
1.21841	1913330523.9716625
1.21842	1966617955.4355345
1.21843	2007844151.8604734
1.21844	1971650803.1050546
1.21845	1882261676.7538671
1.21846	1897710672.402448
1.2184700000000002	1900159249.2898922
1.21848	1801980139.0908933
1.21849	1549315978.8836615
1.2185	1588875981.476161
1.21851	1669705970.0754855
1.21852	1871759301.5705047
1.21853	1955329713.8085406
1.21854	1960062861.9064555
1.21855	1944240564.595368
1.21856	1986964006.4374032
1.2185700000000002	2054423622.0682964
1.21858	2052154243.5049558
1.21859	1980021928.2889855
1.2186	1986598027.8501856
1.21861	2025256338.176325
1.21862	2014280739.3133988
1.21863	2009092812.6087317
1.21864	1914432242.6269732
1.21865	2012797109.0730066
1.21866	2082332128.7661731
1.21867	2071142592.931889
1.21868	1996916934.7113302
1.21869	2012936152.9739087
1.2187	1971106091.1135292
1.21871	1760435022.778278
1.21872	1723971174.6237354
1.21873	1911261009.022732
1.21874	2029177321.926593
1.21875	2085066928.793345
1.21876	1998158799.918645
1.21877	2052012490.6078923
1.21878	2109599432.711186
1.21879	2133978305.6169147
1.2188	2088718916.7476945
1.21881	2067188117.8146784
1.21882	1959837214.3196664
1.21883	1942853258.1891
1.21884	2091606582.8421586
1.21885	2104892884.4834712
1.21886	2046868770.8326504
1.21887	2022413706.708116
1.21888	1999079197.965084
1.21889	1983763978.4569664
1.2189	2050595500.0639832
1.21891	2092521842.4427872
1.21892	2117190809.0261898
1.2189299999999998	2101744889.1066535
1.21894	2006642471.2792802
1.21895	1987741934.8126683
1.21896	1990673338.987184
1.21897	1912053324.6045306
1.21898	1876160550.782064
1.21899	1963586330.0537434
1.219	2037229704.8550093
1.21901	1992737070.623947
1.21902	1942808522.8546364
1.2190299999999998	1852336992.5597515
1.21904	1767746556.79117
1.21905	1599226582.2966213
1.21906	1475604598.6006784
1.21907	1712024597.0721774
1.21908	1837215073.7289727
1.21909	1912537679.144708
1.2191	1880918595.1774487
1.21911	1867927431.530315
1.21912	1771168990.4817176
1.2191299999999998	1528727225.1156216
1.21914	1279882202.5210881
1.21915	1464198642.935275
1.21916	1648048544.4330852
1.21917	1789616602.037636
1.21918	1800362672.5322945
1.21919	1904013397.7115831
1.2192	1911261009.022732
1.21921	1789204575.024818
1.21922	1680699225.7333608
1.21923	1891123972.836583
1.21924	2029130598.929982
1.21925	2134912106.5275505
1.21926	2165558898.034152
1.21927	2159981343.4170685
1.21928	2146495587.265118
1.21929	2150898912.572837
1.2193	2190382696.596754
1.21931	2210344666.656704
1.2193200000000002	2179264779.5084524
1.21933	2159334879.867296
1.21934	2138503670.4463594
1.21935	2135010425.1272247
1.21936	2093533911.1286163
1.21937	2065855781.9227176
1.21938	2131179352.8122857
1.21939	2142791919.6332211
1.2194	2180469418.5546594
1.21941	2160429008.4767017
1.2194200000000002	2092810954.989582
1.21943	2007058356.223984
1.21944	1997514773.4357684
1.21945	2075917069.7018735
1.21946	2079792462.8807933
1.21947	2042584349.6241004
1.21948	1886253245.3510692
1.21949	1923534588.129
1.2195	1927613681.0375023
1.21951	2033714569.8780851
1.2195200000000002	2061579086.9526355
1.21953	2118117263.9485548
1.21954	2123929025.4794648
1.21955	2004241267.2785559
1.21956	1969336816.2382689
1.21957	2046633129.9215407
1.21958	2110182417.1144664
1.21959	2079026380.1476603
1.2196	2062101318.8265328
1.21961	2007150786.8053007
1.21962	2096331692.1158862
1.21963	2124222477.3886945
1.21964	2148918773.4915085
1.21965	2123488923.6246397
1.21966	2088141862.109476
1.21967	2129217367.755174
1.21968	2107269105.2760825
1.21969	2141805354.6693296
1.2197	2139439451.5972755
1.21971	2070665749.6266167
1.21972	2003410750.908895
1.21973	1911965273.3223605
1.21974	1785541711.2147887
1.21975	1729736700.0620894
1.21976	1761164813.2635612
1.21977	1819198126.139753
1.21978	1945225705.5501711
1.21979	1946838831.2187977
1.2198	1845652774.990667
1.21981	1781927375.9499066
1.21982	1747108996.2534714
1.21983	1818067485.8432176
1.21984	1751620422.1869874
1.21985	1648048544.4330852
1.21986	1787927894.034689
1.21987	1970788411.950981
1.21988	2012565390.5811226
1.21989	2025396242.7600105
1.2199	1977333844.9211426
1.21991	1822300523.7769015
1.21992	1926992391.9490707
1.21993	1915490489.3588395
1.21994	1854556205.919859
1.21995	1702354487.9165885
1.21996	1404656069.1417274
1.21997	1287271043.1110444
1.2199799999999998	1518832914.0494447
1.21999	1588437019.4658465
1.22	1599373883.2915282
1.22001	1710054690.1013408
1.22002	1879533193.603052
1.22003	1947062982.22528
1.22004	1928679214.114536
1.22005	1837849734.930978
1.22006	1664370463.3175051
1.22007	1501274126.9292555
1.2200799999999998	1557686299.074801
1.22009	1747712530.5437484
1.2201	1830458976.096132
1.22011	1896181914.3950984
1.22012	1855111424.5658
1.22013	1873484049.7506602
1.22014	2009694296.5580504
1.22015	2034651345.7325485
1.22016	1954744500.7039926
1.22017	1837088167.790955
1.2201799999999998	1936377376.6964567
1.22019	1969019422.2261558
1.2202	1974603943.4433718
1.22021	1910600996.84313
1.22022	1816017377.6005487
1.22023	1737560759.276199
1.22024	1832567583.451032
1.22025	1846205328.1197321
1.22026	1962004503.9256454
1.22027	2011963047.338432
1.22028	2011314571.6091216
1.22029	1944733072.6925664
1.2203	1856008667.3775263
1.22031	1805136301.4524274
1.22032	1762462965.6523497
1.22033	1942808522.8546364
1.22034	2015162162.1393461
1.22035	1992186533.0862489
1.22036	1891777256.7285547
1.2203700000000002	1891385259.3173351
1.22038	1941064648.020894
1.22039	1852379644.686261
1.2204	1794940265.0721009
1.22041	1649643119.5988548
1.22042	1687329890.625803
1.22043	1837341988.4336386
1.22044	1888774018.2121944
1.22045	1876938315.4260995
1.22046	1844633111.3441265
1.2204700000000002	1731370446.1533785
1.22048	1811214974.000229
1.22049	1784267643.8489823
1.2205	1887991349.0962925
1.22051	1889731054.4316792
1.22052	1786446439.9290452
1.22053	1640098759.0101163
1.22054	1669475307.6048706
1.22055	1655884343.9571042
1.22056	1819910371.473817
1.2205700000000002	1847523622.472736
1.22058	1802519617.4683247
1.22059	1636477354.7332325
1.2206	1474381931.5690846
1.22061	1541593959.7333221
1.22062	1704315524.5968726
1.22063	1905548469.6926804
1.22064	2028897000.083829
1.22065	2087276579.058493
1.22066	2091462104.7681668
1.22067	2050878819.8723812
1.22068	2060914619.4795816
1.22069	2062006357.7379649
1.2207	1961868978.1368976
1.22071	1993333657.9770484
1.22072	2109793742.9476051
1.22073	2058590669.4162781
1.22074	2007474327.3625612
1.22075	1971333036.1523898
1.22076	1883518976.1143906
1.22077	1761286474.4209032
1.22078	1743532310.6112134
1.22079	1683100310.072325
1.2208	1855538628.938837
1.22081	1932502213.3476605
1.22082	1978700210.6233575
1.22083	1805468850.4754624
1.22084	1924376301.6296976
1.22085	1914564491.4889321
1.22086	1853574303.049033
1.22087	1697149107.1942053
1.22088	1368012293.047146
1.22089	1536809370.7931066
1.2209	1819952276.9411879
1.22091	1970652279.4123273
1.22092	2052012490.6078923
1.2209299999999998	2117873420.7237093
1.22094	2095125293.8524761
1.22095	2089777264.4570427
1.22096	2004933627.2477226
1.22097	2117824655.4474614
1.22098	2186049541.730755
1.22099	2153624583.4079776
1.2209999999999999	2224333998.485115
1.22101	2204550237.4037037
1.22102	2175304208.1737566
1.2210299999999998	2166257104.2747817
1.22104	2160080816.52435
1.22105	2122608993.4781766
1.22106	2038966075.4633641
1.22107	1835396926.024264
1.22108	1664830409.4126494
1.22109	1727547510.3062913
1.2211	2092714579.7025774
1.22111	2111446102.7334535
1.22112	2084538880.826222
1.2211299999999998	2047717302.7774613
1.22114	2034182903.88016
1.22115	1990260849.201353
1.22116	2003733688.5950155
1.22117	2096862727.395976
1.22118	2106638418.0387712
1.22119	2113197070.7041829
1.2212	2074053715.957949
1.22121	2002442250.1002605
1.22122	1901997755.0548828
1.22123	1837765100.7717133
1.22124	1704472505.0868096
1.22125	1795643013.0632985
1.22126	1926859284.6278121
1.22127	1993379556.7091355
1.22128	2074005959.6560836
1.22129	2048236023.2335393
1.2213	2057074402.4381235
1.22131	2036010437.227356
1.2213200000000002	1966210450.194287
1.22133	1980113113.7681074
1.22134	1963948069.3391333
1.22135	1866250770.3458574
1.22136	1686242379.452782
1.22137	1464434662.893517
1.22138	1447071532.657915
1.22139	1534510978.8749382
1.2214	1584199967.3387015
1.22141	1708716448.221585
1.2214200000000002	1731729279.8332949
1.22143	1579064972.7284255
1.22144	1432880590.9796324
1.22145	1442945738.8343182
1.22146	1649035480.5520275
1.22147	1784349814.3025894
1.22148	1786076268.2414203
1.22149	1813635466.3510718
1.2215	1820622895.6633966
1.22151	1821964874.5306141
1.2215200000000002	1977015162.044179
1.22153	1956320473.602516
1.22154	1828521200.2390878
1.22155	1908886031.6489165
1.22156	2012287363.60296
1.22157	2001658568.567512
1.22158	1944330102.2438536
1.22159	2005210638.1994789
1.2216	2028897000.083829
1.22161	2066331517.5644855
1.2216200000000002	1954699491.5666952
1.22163	1973149537.3786516
1.22164	1857120140.6997726
1.22165	1727746413.013065
1.22166	1484362588.6155813
1.22167	1505081439.1246831
1.22168	1612315391.982576
1.22169	1787516255.816495
1.2217	1913859269.778323
1.22171	2048990760.2901566
1.22172	2082140347.7214165
1.22173	2119190507.7136378
1.22174	2102277295.6385312
1.22175	2021854970.345596
1.22176	1922250577.275768
1.22177	2032450606.5904691
1.22178	2088478457.9378238
1.22179	2121094412.871095
1.2218	2126179859.8625238
1.22181	1978973597.0443032
1.22182	2083147395.2956347
1.22183	2101502930.71262
1.22184	2037558093.951796
1.22185	1958934883.714038
1.22186	1868185513.0690687
1.22187	1969971757.7567134
1.22188	1993609066.2231085
1.22189	1917962007.1768985
1.2219	1889034980.0122821
1.22191	1813510189.1783774
1.22192	1586353605.4785025
1.22193	1290357350.1672592
1.22194	1321782507.167299
1.22195	1644409586.7090242
1.22196	1842934923.6268332
1.22197	1979566063.8767352
1.2219799999999998	2031982671.4186585
1.22199	1989619368.3066566
1.222	1961733461.7096245
1.22201	2016090392.3267481
1.22202	2054518233.9509325
1.22203	2134273145.9814112
1.22204	2188063895.2673707
1.22205	2193916023.138163
1.22206	2143828301.934282
1.22207	2132357411.5259433
1.2220799999999998	2068426056.2388895
1.22209	1901516069.77458
1.2221	1978928030.0178766
1.22211	2085162951.8849087
1.22212	2116752103.4051952
1.22213	2151741024.101269
1.22214	2090836148.42805
1.22215	2016693971.2175539
1.22216	1895308891.3895671
1.22217	1686242379.452782
1.2221799999999998	1546500269.4241912
1.22219	1743251309.052346
1.2222	1834509647.4638245
1.22221	1792090757.4361234
1.22222	1922029282.7385309
1.22223	2057974551.2096386
1.22224	2108676703.4497247
1.22225	2094884097.5236406
1.22226	2012704418.4749265
1.22227	1887165550.2094586
1.22228	1970334673.3896887
1.22229	1998710987.8826566
1.2223	2038027313.0598922
1.22231	2089632912.7435234
1.22232	2099858352.1803727
1.22233	2169951364.3035226
1.22234	2190080104.9468203
1.22235	2099713304.1140358
1.22236	2087805320.529585
1.2223700000000002	2030532756.9230952
1.22238	2043337004.1436105
1.22239	2074149231.8606324
1.2224	2019668072.142039
1.22241	1907919294.5744147
1.22242	1937001691.6342077
1.22243	1872233448.972237
1.22244	1881914983.2722547
1.22245	1851867883.9810977
1.22246	1658937406.753443
1.2224700000000002	1506676449.603774
1.22248	1643690329.3846445
1.22249	1546785171.541177
1.2225	1219298389.0297565
1.22251	1198671004.5021849
1.22252	1556574817.1825895
1.22253	1694688958.9583876
1.22254	1657486500.6782634
1.22255	1686242379.452782
1.22256	1810381070.7084289
1.2225700000000002	1946928488.5246468
1.22258	2031280970.6538
1.22259	2055511921.8192608
1.2226	2030532756.9230952
1.22261	1946300974.0813868
1.22262	1985637654.748698
1.22263	2060962074.3387294
1.22264	1952675152.6608949
1.22265	2053004966.5489078
1.22266	2111008587.4798784
1.22267	2081804773.3934095
1.22268	2039059975.483289
1.22269	1860372880.5950522
1.2227	1796594227.7119942
1.22271	1815682885.6459653
1.22272	1869175156.0067642
1.22273	1950293619.7623086
1.22274	1968158182.0261915
1.22275	1954294455.964504
1.22276	1836369199.7053375
1.22277	1885428206.7029614
1.22278	1892256475.0074048
1.22279	1937447754.1091022
1.2228	1885341381.5245426
1.22281	1848204400.7253504
1.22282	2087661105.028431
1.22283	2151542850.5554028
1.22284	2117678366.3557355
1.22285	2119190507.7136378
1.22286	2104262908.428288
1.22287	1988062346.7804718
1.22288	1957041341.4806798
1.22289	2060914619.4795816
1.2229	2127649080.269952
1.22291	2126179859.8625238
1.22292	2103778439.7664769
1.22293	2120947897.92032
1.22294	2095366517.9516628
1.22295	2018041067.676943
1.22296	2008214044.4888422
1.22297	1939188379.4837086
1.22298	1798291121.1160893
1.22299	1891254611.564701
1.2229999999999999	1973967508.9253442
1.22301	1820077999.1329167
1.22302	1827174392.2718847
1.2230299999999998	1726712368.9555092
1.22304	1460999273.5806177
1.22305	1018497576.6405203
1.22306	1242653364.449436
1.22307	1619571030.9550402
1.22308	1766281824.6825469
1.22309	1832440998.539188
1.2231	1906206736.489828
1.22311	1976195927.6127
1.22312	2002257826.846408
1.2231299999999998	2092714579.7025774
1.22314	2141016429.7505074
1.22315	2173151480.161838
1.22316	2205362573.3544683
1.22317	2207801377.6325607
1.22318	2180419211.9688997
1.22319	2187610503.950039
1.2232	2217073035.437824
1.22321	2175103864.4783673
1.22322	2185043060.4819493
1.2232299999999998	1952585230.7174761
1.22324	2051020494.45554
1.22325	2056695510.228116
1.22326	2142594570.2923708
1.22327	2178612544.594688
1.22328	2169052181.0770183
1.22329	2187862376.4154963
1.2233	2141608096.1902864
1.22331	2108433947.0470095
1.22332	2115095591.2887995
1.22333	2044843145.302604
1.22334	1892082199.7711391
1.22335	1881308423.3292718
1.22336	2002442250.1002605
1.22337	2042631382.408328
1.22338	2026002607.644401
1.22339	1987696165.89012
1.2234	1948228983.5481808
1.22341	1894523514.356591
1.2234200000000002	1834129516.5419066
1.22343	1813510189.1783774
1.22344	1993884512.520853
1.22345	2062006357.7379649
1.22346	2107511727.5637126
1.22347	2119385701.3613925
1.22348	2061958878.8335805
1.22349	1896662248.4461527
1.2235	1872707716.4832933
1.22351	1967886289.706847
1.2235200000000002	1916240434.7022855
1.22353	1967931602.4848797
1.22354	2023764623.7944922
1.22355	2065285043.7294207
1.22356	2050689935.6510265
1.22357	2015115761.8500075
1.22358	1936421963.9466105
1.22359	1918757100.6656532
1.2236	1856307844.740019
1.22361	1841492693.3222988
1.2236200000000002	1781229995.749723
1.22363	1689195827.504178
1.22364	1825744495.726757
1.22365	1904671134.2220871
1.22366	1911921249.2018433
1.22367	2000552716.7503047
1.22368	1958844673.5059886
1.22369	1884863914.508928
1.2237	1777256044.7002227
1.22371	1746706755.8518267
1.22372	1830206106.3110528
1.22373	1821797073.0918715
1.22374	1791678160.7935476
1.22375	1768072217.7343216
1.22376	1857633352.8576078
1.22377	1910425032.0917704
1.22378	1978517973.9914613
1.22379	1993058287.7774067
1.2238	1959746962.5587137
1.22381	1973831156.7900364
1.22382	1968566090.9429095
1.22383	1935574981.7276254
1.22384	1860372880.5950522
1.22385	1800901666.6711915
1.22386	1653902866.8537555
1.22387	1483303426.613764
1.22388	1636477354.7332325
1.22389	1629783812.6995494
1.2239	1452546352.023664
1.22391	1618527191.453678
1.22392	1762706475.7301476
1.22393	1751822096.5497088
1.22394	1721789281.8335545
1.22395	1511576042.4525573
1.22396	1467810533.4410133
1.22397	1709188649.2581801
1.2239799999999998	1767990796.874478
1.22399	1893040912.236454
1.224	1960017730.310784
1.22401	2056790226.7374856
1.22402	2110911374.1802156
1.22403	1878192058.9267359
1.22404	2129119315.929507
1.22405	2171200848.3154244
1.22406	2198011700.8101025
1.22407	2189777555.0985804
1.2240799999999998	2134961265.26142
1.22409	2047623004.08206
1.2241	2097683682.8885734
1.22411	2116800843.9847267
1.22412	2075439127.1592557
1.22413	2159235441.110876
1.22414	2183232561.846205
1.22415	2226229841.7319074
1.22416	2219269272.226389
1.22417	2225256098.856434
1.2241799999999998	2201354572.1823444
1.22419	2075678084.6742725
1.2242	2161623235.614516
1.22421	2129266395.3613288
1.22422	1922914613.7728407
1.22423	2054423622.0682964
1.22424	1961372130.3324645
1.22425	1879836162.976775
1.22426	1869863912.4486694
1.22427	1762990613.3441188
1.22428	1849566709.8855731
1.22429	1895265250.7920024
1.2243	1957086404.5416763
1.22431	2017901671.1531968
1.22432	2127061270.3160007
1.22433	2155360899.3182273
1.22434	2167903766.940648
1.22435	2126424659.4565675
1.22436	2039529540.4522054
1.2243700000000002	1957537092.2251008
1.22438	2038825233.5412183
1.22439	2052059740.4855878
1.2244	1973785708.1713011
1.22441	1826459304.0698345
1.22442	1956410567.5641875
1.22443	2030486002.7168078
1.22444	2115680094.546645
1.22445	2105086761.2108152
1.22446	2076968930.7531128
1.2244700000000002	2104553643.1753492
1.22448	2139390189.750541
1.22449	2138208245.6536808
1.2245	2134912106.5275505
1.22451	2078691307.6914785
1.22452	2001335965.3242764
1.22453	1922117797.4961421
1.22454	1665175452.3949792
1.22455	1516037695.709764
1.22456	1798332528.776093
1.2245700000000002	1884603528.9230235
1.22458	1841450291.8742218
1.22459	1805136301.4524274
1.2246	1932324231.512606
1.22461	1948184124.434492
1.22462	1900071745.737512
1.22463	1768316502.8124595
1.22464	1585586720.9297388
1.22465	1781845317.051147
1.22466	1984677745.9165113
1.22467	2068235555.9317644
1.22468	2098456640.4923651
1.22469	2073194270.7450488
1.2247	1985866272.891959
1.22471	1905153618.7320735
1.22472	2003318492.5586379
1.22473	2029784818.7937372
1.22474	1975649959.9303415
1.22475	1957221599.9505253
1.22476	2040891890.4477715
1.22477	2096766165.522253
1.22478	2139735046.4991004
1.22479	2114998189.7799976
1.2248	1894654387.924829
1.22481	2013631516.5688808
1.22482	2037745768.630132
1.22483	2047670152.8869376
1.22484	2068902383.7763245
1.22485	1994757010.2255363
1.22486	2020551852.3941548
1.22487	2085499067.530961
1.22488	2141706723.1587813
1.22489	2160031079.398096
1.2249	2163515445.4657087
1.22491	2088430369.4978237
1.22492	1979930747.0090067
1.22493	1816351931.176511
1.22494	1878235306.3950038
1.22495	2017111939.3771586
1.22496	2062386228.3323472
1.22497	2055606583.8211067
1.22498	2093196500.5231433
1.22499	2109259432.8582609
1.225	2091991906.5017366
1.22501	2088815108.0233915
1.22502	2080510921.8153448
1.2250299999999998	2110814165.3572953
1.22504	2108676703.4497247
1.22505	2173251559.790296
1.22506	2126032993.6336484
1.22507	2079840352.423354
1.22508	2147879930.3242393
1.22509	2144321993.4794364
1.2251	2116118577.9893727
1.22511	2129462517.0753691
1.22512	2136043043.8322558
1.2251299999999998	2118409912.877789
1.22514	2096090356.903313
1.22515	2133290503.1545894
1.22516	2137617518.4975488
1.22517	2165010465.2917686
1.22518	2166257104.2747817
1.22519	2123586716.155197
1.2252	2100196836.6359985
1.22521	2032169832.5579536
1.22522	1906645707.3478355
1.2252299999999998	1702628897.1554506
1.22524	1810214336.1283147
1.22525	1935530413.9797413
1.22526	1941019953.8702195
1.22527	2007381881.8820016
1.22528	2040140136.575513
1.22529	1962275583.5901198
1.2253	1851867883.9810977
1.22531	1746505670.3805664
1.22532	1864146329.1647887
1.22533	1816351931.176511
1.22534	1898322520.6581488
1.22535	1980523500.393833
1.22536	1949934395.487834
1.22537	1837722785.1536317
1.22538	1664293817.9899845
1.22539	1796304674.2717855
1.2254	1970289305.2795405
1.22541	2040656937.610836
1.2254200000000002	2079217874.3721952
1.22543	2153079173.058061
1.22544	2096476506.5806735
1.22545	2066759773.310691
1.22546	2111980966.7422333
1.22547	2155956529.829053
1.22548	2104892884.4834712
1.22549	2056364036.7928526
1.2255	2083051465.0217445
1.22551	1978973597.0443032
1.2255200000000002	1866164828.3006856
1.22553	1917034814.511064
1.22554	1912053324.6045306
1.22555	1996595095.6675863
1.22556	2087997623.361648
1.22557	2107511727.5637126
1.22558	2126914343.203551
1.22559	2176155874.768063
1.2256	2183685045.816945
1.22561	2129462517.0753691
1.2256200000000002	2113732378.2619262
1.22563	2124956284.557002
1.22564	2071619546.0470328
1.22565	2064571842.7187927
1.22566	2071524146.6380038
1.22567	1963721974.4770558
1.22568	1985500496.4961104
1.22569	2013956101.7805586
1.2257	2050265009.754952
1.22571	2101406155.154549
1.22572	2140375642.233746
1.22573	2122120300.960478
1.22574	2094739393.054775
1.22575	2084586879.6603527
1.22576	1933392368.4554405
1.22577	1771495281.918522
1.22578	1889600520.9435246
1.22579	2003779826.7994144
1.2258	2000460590.0143547
1.22581	2061389217.2456453
1.22582	2149364145.7878084
1.22583	2190634888.24105
1.22584	2157048946.638459
1.22585	2172050908.3783216
1.22586	2123586716.155197
1.22587	2168702599.345464
1.22588	2119288102.2902691
1.22589	2124613809.6714766
1.2259	2113002447.0241282
1.22591	2057737631.7719114
1.22592	1932457716.3520684
1.22593	1898497370.67567
1.22594	1725321363.7834258
1.22595	1540848713.1602414
1.22596	1798622409.0941656
1.22597	1940260310.7432067
1.2259799999999998	2024603577.8869765
1.22599	2063763845.970776
1.226	2054329014.542598
1.22601	2007751689.3492503
1.22602	1913771135.3312192
1.22603	1742207985.4237232
1.22604	1633503239.1682134
1.22605	1715773674.2478757
1.22606	1865090886.606932
1.22607	1946076910.799284
1.2260799999999998	2046256160.887872
1.22609	2159832142.3450727
1.2261	2184037042.6281705
1.22611	2087661105.028431
1.22612	2142199926.1361234
1.22613	2152137425.9545975
1.22614	2123195573.0526078
1.22615	2056553443.6423035
1.22616	1961597954.643163
1.22617	2089344239.2291625
1.2261799999999998	2162369962.7781525
1.22619	2193309905.4806547
1.2262	2204550237.4037037
1.22621	2228589089.4338074
1.22622	2213196628.730148
1.22623	2211260967.7334647
1.22624	2209784891.8160253
1.22625	2173902189.7277784
1.22626	2145161530.0382407
1.22627	2106832455.5431008
1.22628	2154170131.9192944
1.22629	2146545012.7215593
1.2263	2166107469.703556
1.22631	2204042679.389383
1.22632	2177910356.0725827
1.22633	2176556774.4173365
1.22634	2183936466.321309
1.22635	2129266395.3613288
1.22636	2092618208.8537169
1.2263700000000002	2115533953.5908122
1.22638	2078499861.9632926
1.22639	2005857145.935952
1.2264	1943837696.1998427
1.22641	1897186388.0017354
1.22642	1871414542.5197215
1.22643	1826080841.269136
1.22644	1747189455.448715
1.22645	1533204199.0349169
1.22646	1542019976.739575
1.2264700000000002	1832356613.4556966
1.22648	1952180633.2137847
1.22649	1995997532.1946712
1.2265	1994022249.9407547
1.22651	1993471357.3439426
1.22652	1986826756.5668516
1.22653	2080846287.582309
1.22654	2164910765.170999
1.22655	2189827977.170635
1.22656	2175604758.317101
1.2265700000000002	2165658628.00323
1.22658	2053099513.0985394
1.22659	2078547721.7422745
1.2266	2166905640.2060947
1.22661	2182579139.409844
1.22662	2207140601.9642386
1.22663	2165907973.020075
1.22664	2066712184.9561281
1.22665	1992691186.6854784
1.22666	2020551852.3941548
1.22667	2090258508.8579054
1.22668	2061816448.6796944
1.22669	1976104922.5225055
1.2267	1718660121.3303714
1.22671	1477950878.5276072
1.22672	1670552005.1616547
1.22673	1787187013.4790337
1.22674	1932902732.4175203
1.22675	2032684614.5842414
1.22676	2107220584.1704192
1.22677	2068759473.9986746
1.22678	2054802095.7424922
1.22679	2071237974.769316
1.2268	1995997532.1946712
1.22681	1958934883.714038
1.22682	2042678416.275537
1.22683	2067949838.3672981
1.22684	1988749117.7833395
1.22685	2121973715.146312
1.22686	2145606123.6303086
1.22687	2173952246.251828
1.22688	2195887062.5592327
1.22689	2184590295.11538
1.2269	2133732636.4272773
1.22691	2170551026.865832
1.22692	2184087332.518528
1.22693	2183986753.8957763
1.22694	2109599432.711186
1.22695	2003872106.3953874
1.22696	2039294744.4525812
1.22697	2055417264.176661
1.22698	2080463016.8325317
1.22699	2115290407.7634435
1.227	2118653817.8721316
1.22701	2137666739.5265574
1.22702	2151146558.216824
1.2270299999999998	2088478457.9378238
1.22704	2087420767.9966247
1.22705	2030906829.331928
1.22706	1874174393.9401343
1.22707	1917785364.4826527
1.22708	2044466505.9659207
1.22709	2124809502.846804
1.2271	2143828301.934282
1.22711	2138897633.664432
1.22712	2088622729.9016762
1.2271299999999998	1937626207.859759
1.22714	2009231600.6170614
1.22715	2049037940.589139
1.22716	2142594570.2923708
1.22717	2191997224.9523807
1.22718	2186150215.3505754
1.22719	2165110170.004013
1.2272	2171750849.183585
1.22721	2162768322.734683
1.22722	2169102125.924206
1.2272299999999998	2151097026.807101
1.22724	2079505148.7809067
1.22725	1990215022.2793336
1.22726	1987741934.8126683
1.22727	2023811223.2335289
1.22728	2005072127.939791
1.22729	1945091338.759723
1.2273	1897492202.963547
1.22731	1903399715.2295265
1.22732	1876030954.6787145
1.22733	1717512869.6706276
1.22734	1565488926.5797489
1.22735	1635497934.5641305
1.22736	1741405853.708328
1.22737	1888208724.6460009
1.22738	1966391553.2091546
1.22739	1934728369.974845
1.2274	1984449264.5995984
1.22741	2088382282.1650887
1.2274200000000002	2080271407.9314184
1.22743	2098118436.500615
1.22744	2087420767.9966247
1.22745	1958889778.0907176
1.22746	1938161667.7395136
1.22747	1981892070.193172
1.22748	2048094540.9881954
1.22749	1794237792.1103766
1.2275	2003180112.999226
1.22751	1876895097.8218079
1.2275200000000002	1661804765.3244927
1.22753	1748155254.8591151
1.22754	1840263447.6310773
1.22755	1889426490.3184032
1.22756	1872664596.291021
1.22757	1815223059.8036962
1.22758	1724884422.2031827
1.22759	1587157406.1675813
1.2276	1397011560.5412266
1.22761	1569206144.440301
1.2276200000000002	1736720777.2606983
1.22763	1759624499.1344364
1.22764	1641458850.7463644
1.22765	1409321248.8692641
1.22766	1538792284.1847286
1.22767	1663719090.5272658
1.22768	1824567774.121092
1.22769	1904671134.2220871
1.2277	1906470106.8753247
1.22771	1808214718.5395503
1.22772	1763031208.1705344
1.22773	1697891757.3784225
1.22774	1784801819.4442282
1.22775	1968248821.1470265
1.22776	2038027313.0598922
1.22777	2034745047.0472429
1.22778	2062861164.987886
1.22779	2093051912.6253226
1.2278	2142199926.1361234
1.22781	2160876766.3167696
1.22782	2116752103.4051952
1.22783	2099761652.3561976
1.22784	2119385701.3613925
1.22785	2132602922.3778481
1.22786	2140967131.5929275
1.22787	2151840117.7190933
1.22788	2136436553.7443964
1.22789	2095414766.1042228
1.2279	1978791335.233738
1.22791	1833411706.3625138
1.22792	1766851298.4538784
1.22793	1916284558.276869
1.22794	1925883445.171232
1.22795	2007844151.8604734
1.22796	2049698578.8561032
1.22797	2091462104.7681668
1.2279799999999998	2085451047.6931698
1.22799	2084586879.6603527
1.228	2103003521.900484
1.22801	2054423622.0682964
1.22802	1962094859.6526067
1.22803	1948094409.3058035
1.22804	1968475437.2115886
1.22805	1980204303.4465718
1.22806	1873138973.0187817
1.22807	2017390632.9411411
1.2280799999999998	2153376652.4872108
1.22809	2149166191.150435
1.2281	2165558898.034152
1.22811	2182428377.391316
1.22812	2175755048.960433
1.22813	2214267062.958402
1.22814	2227614314.6340475
1.22815	2192703955.276499
1.22816	2199733151.6179852
1.22817	1889121975.2911136
1.2281799999999998	2191694410.2625194
1.22819	2145457915.5290196
1.2282	2105377609.7852075
1.22821	2151394232.37371
1.22822	2171450831.440695
1.22823	2183282833.2124863
1.22824	2172250970.873114
1.22825	2229718308.946768
1.22826	2253720214.145981
1.22827	2216868844.868431
1.2282799999999998	2249106392.828085
1.22829	2222593295.729476
1.2283	2161374383.8678994
1.22831	2214980973.3873367
1.22832	2222132749.5340815
1.22833	2234446702.2900066
1.22834	2214318048.9287066
1.22835	2198366006.9914
1.22836	2205159461.308824
1.22837	2246984103.640153
1.22838	2163017334.9736805
1.22839	2019342566.343716
1.2284	2133880034.5469966
1.22841	2159086291.562206
1.22842	2179264779.5084524
1.22843	2152533900.834571
1.22844	2128776170.096668
1.22845	2162768322.734683
1.22846	2180770682.347477
1.2284700000000002	2160031079.398096
1.22848	2150651295.438468
1.22849	2085451047.6931698
1.2285	1989802627.4618523
1.22851	1888295681.8734906
1.22852	1799575202.0327153
1.22853	1970334673.3896887
1.22854	2069760049.782248
1.22855	2104214456.542068
1.22856	2045737941.83646
1.2285700000000002	2033574090.7045648
1.22858	2006272868.118733
1.22859	1943927215.2951262
1.2286	1837595844.145369
1.22861	1734842288.6432765
1.22862	1732447170.3178453
1.22863	1846417892.5990481
1.22864	1974240241.4542184
1.22865	2084154929.938268
1.22866	2096717886.2529304
1.2286700000000002	2126914343.203551
1.22868	2062291254.1235142
1.22869	1963089047.3260105
1.2287	2081613040.9176414
1.22871	2044701897.4208696
1.22872	2139242411.015932
1.22873	2109599432.711186
1.22874	2056979672.8422887
1.22875	2090643584.1702065
1.22876	2114267821.4218824
1.22877	2128139045.9827087
1.22878	2171950884.0406322
1.22879	2157346974.5499935
1.2288	2155956529.829053
1.22881	2146742725.9283602
1.22882	2175204034.0195236
1.22883	2179264779.5084524
1.22884	2178813211.466342
1.22885	2171300838.1118975
1.22886	2163316187.505489
1.22887	2180017600.897862
1.22888	2146297896.8195813
1.22889	2104069107.5770953
1.2289	2029037156.1642246
1.22891	1857034619.1259527
1.22892	1649719090.2212458
1.22893	1639003949.163734
1.22894	1911128988.3493762
1.22895	2027916178.5601718
1.22896	2095752534.2806704
1.22897	2108191218.5910497
1.22898	2138257480.2848327
1.22899	2149463129.9438205
1.229	2141065729.0432324
1.22901	2081565110.5578895
1.22902	2044796061.59124
1.2290299999999998	2015301369.4179773
1.22904	1897754369.3085737
1.22905	1713996773.2882512
1.22906	1826291088.6979036
1.22907	1886948294.7527325
1.22908	1916946533.8280878
1.22909	1827090249.7189984
1.2291	1554962786.8035884
1.22911	1480334974.7287476
1.22912	1803266854.17366
1.2291299999999998	1986415063.8359306
1.22914	2073385227.78772
1.22915	2090065997.8001823
1.22916	2152484337.480472
1.22917	2154864666.263684
1.22918	2103729999.035432
1.22919	2151691479.0036216
1.2292	2148424023.6204896
1.22921	2192502009.078976
1.22922	2108336852.3111987
1.2292299999999998	2134273145.9814112
1.22924	2111251640.316091
1.22925	2087324640.931181
1.22926	2065332599.2224648
1.22927	2045643734.2919
1.22928	2020598377.8555446
1.22929	1897404822.230361
1.2293	1865992956.083233
1.22931	1925395710.7853014
1.22932	1910688985.2966077
1.22933	1756709702.6646323
1.22934	1656608937.2222855
1.22935	1817481504.5845773
1.22936	1849694477.8405066
1.22937	1805843041.3558965
1.22938	1908578380.3668933
1.22939	2034698195.8505077
1.2294	2069235878.3172328
1.22941	2117190809.0261898
1.2294200000000002	2119629718.7040024
1.22943	2131817387.1359324
1.22944	2148572436.620344
1.22945	2149215678.10052
1.22946	2150255167.3152857
1.22947	2061958878.8335805
1.22948	1970198572.193102
1.22949	2058258890.542052
1.2295	2129903856.9821227
1.22951	2147929387.6567245
1.2295200000000002	2136338169.470584
1.22953	2051681771.9253836
1.22954	2027029177.185061
1.22955	1972150254.6662848
1.22956	2055085996.7537074
1.22957	2106250396.6405492
1.22958	2094016020.6289368
1.22959	2071333360.9993482
1.2296	2059301804.246037
1.22961	1984357879.43795
1.2296200000000002	1868357587.2377827
1.22963	1731649532.5890634
1.22964	1415956788.6230574
1.22965	1571628877.326518
1.22966	1692427213.5644965
1.22967	1565272661.2312405
1.22968	1730653001.8411825
1.22969	1857333961.865665
1.2297	1820874441.3875282
1.22971	1725361091.2333307
1.22972	1505393373.4727516
1.22973	1684845180.6594276
1.22974	1836326916.2286954
1.22975	1934104787.7513065
1.22976	1967025545.1339266
1.22977	1964897952.0601914
1.22978	2000552716.7503047
1.22979	2091365791.5965805
1.2298	2113635039.529959
1.22981	2015347773.981137
1.22982	1989069692.102949
1.22983	2079553031.7077477
1.22984	2115095591.2887995
1.22985	2090354771.0360718
1.22986	2083771049.770168
1.22987	1968566090.9429095
1.22988	1962772660.2541234
1.22989	2063288701.489187
1.2299	2064001459.2419922
1.22991	1934772919.2547786
1.22992	1928901274.2974887
1.22993	1970470783.9881454
1.22994	2079936134.8166304
1.22995	2144568881.884049
1.22996	2137420645.7147171
1.22997	2128286057.6975513
1.22998	2095945569.11188
1.22999	2086219497.7973492
1.23	2128972246.657213
1.23001	2149908615.060245
1.23002	2151889666.239313
1.23003	2109939487.3700378
1.23004	2035916677.640623
1.23005	1861744159.1266198
1.23006	1617707503.8368554
1.23007	1833749464.3873687
1.2300799999999998	2018505792.3062367
1.23009	2041878987.8015828
1.2301	2076538559.5552657
1.23011	2119580912.9879727
1.23012	2072573781.8080864
1.23013	2133192263.758416
1.23014	2116362219.1688516
1.23015	2096476506.5806735
1.23016	2166456633.1159205
1.23017	2197505648.1761503
1.2301799999999998	2177709772.3531537
1.23019	2144223246.0760653
1.2302	2127012293.4841332
1.23021	2110716961.0108962
1.23022	2064144040.336274
1.23023	1992415905.2403948
1.23024	1825996749.0749664
1.23025	1638551138.1974812
1.23026	1750491474.735393
1.23027	1941198736.6477852
1.2302799999999998	2067854607.9506536
1.23029	2093003718.8788488
1.2303	2144124503.2200754
1.23031	2166556404.428179
1.23032	2157595362.5972843
1.23033	2161872116.012897
1.23034	2139094642.4891546
1.23035	2087997623.361648
1.23036	2001059489.641384
1.23037	1996641069.497916
1.23038	1894043721.9448426
1.23039	1652951077.8053305
1.2304	1874605988.2294712
1.23041	1939456306.7663481
1.23042	2023252100.776275
1.23043	1972967811.959111
1.23044	2011175639.7192144
1.23045	2062861164.987886
1.23046	2069283524.7826524
1.2304700000000002	2016508235.3921328
1.23048	1834678619.8278594
1.23049	1762422383.9100509
1.2305	1944643516.4870331
1.23051	2026842489.4958198
1.23052	2023951027.9887712
1.23053	1925528717.0029688
1.23054	1890993343.1323645
1.23055	1993058287.7774067
1.23056	1935084792.9379032
1.2305700000000002	1932101777.2698324
1.23058	1767339564.9626489
1.23059	1913683004.942755
1.2306	2012565390.5811226
1.23061	2076873285.0014875
1.23062	1969881039.293534
1.23063	2083723069.7209985
1.23064	1997652761.6338704
1.23065	2104311361.4301667
1.23066	2066569426.466836
1.2306700000000002	2081708904.9481196
1.23068	2148572436.620344
1.23069	2146001395.289115
1.2307	2067188117.8146784
1.23071	1933125278.8789718
1.23072	1974967712.4350874
1.23073	2016693971.2175539
1.23074	2111640583.0623
1.23075	2029037156.1642246
1.23076	2017622906.991561
1.23077	2083962981.0150504
1.23078	2156750959.898167
1.23079	2212381407.1383104
1.2308	2207394723.0447536
1.23081	2198163539.3236566
1.23082	2171350834.7369237
1.23083	2187862376.4154963
1.23084	2140375642.233746
1.23085	2106007919.5606496
1.23086	2101551320.1629317
1.23087	2092329122.9339359
1.23088	2123977931.3156366
1.23089	2066236361.6725528
1.2309	2062481206.9149964
1.23091	2008954034.1871982
1.23092	2054849409.8539586
1.23093	2128629124.5272293
1.23094	2103003521.900484
1.23095	2091702907.1028469
1.23096	1955419762.142987
1.23097	1956275428.1775281
1.23098	2007474327.3625612
1.23099	2029270771.1473715
1.2309999999999999	2042631382.408328
1.23101	2001935127.0219336
1.23102	1908358659.8088968
1.2310299999999998	1896836945.53991
1.23104	1953844514.8397086
1.23105	1992278278.7790306
1.23106	2067473730.1363
1.23107	2092473660.9014895
1.23108	2130198134.401852
1.23109	2129217367.755174
1.2311	2080558827.901224
1.23111	1997606764.5087285
1.23112	1893215275.7774675
1.2311299999999998	1687057947.096736
1.23114	1556897423.746053
1.23115	1568953238.6753266
1.23116	1336810967.6531074
1.23117	1342703125.9500268
1.23118	1646493422.0884106
1.23119	1781435079.2368207
1.2312	1907787504.7305427
1.23121	1955419762.142987
1.23122	1911965273.3223605
1.2312299999999998	1956906158.5232067
1.23124	1989298705.3968587
1.23125	2048707701.3088024
1.23126	2050548283.9012809
1.23127	2122657868.9191387
1.23128	2150750338.8712687
1.23129	2159633223.6139846
1.2313	2160976280.660749
1.23131	2134371435.1551886
1.23132	2143137324.7200372
1.23133	2173551826.3301964
1.23134	2170750951.21007
1.23135	2148028305.7381525
1.23136	2158937152.316066
1.23137	2137666739.5265574
1.23138	2156105463.1739655
1.23139	2115582666.121093
1.2314	2116557152.309607
1.23141	2121778283.1446648
1.2314200000000002	2198214154.4923573
1.23143	2203890434.7732463
1.23144	2176055661.394029
1.23145	2116508417.3412194
1.23146	2075486916.4614031
1.23147	2125641399.951596
1.23148	2088815108.0233915
1.23149	2112467324.32314
1.2315	2161374383.8678994
1.23151	2130639626.768337
1.2315200000000002	2081900646.253698
1.23153	2029644611.068429
1.23154	2008214044.4888422
1.23155	2028429883.0659668
1.23156	1988337026.7176688
1.23157	1924996747.2543058
1.23158	1751378443.5983
1.23159	1479755626.5942788
1.2316	1668053592.9964802
1.23161	1856607070.3281
1.2316200000000002	1942540132.47822
1.23163	2042913601.8572023
1.23164	2061863924.3044739
1.23165	2081613040.9176414
1.23166	2050217801.2019827
1.23167	2064476767.8610148
1.23168	2024790059.3553414
1.23169	2105474568.2397254
1.2317	2087276579.058493
1.23171	2023298688.4138968
1.23172	2029130598.929982
1.23173	2027542656.9988253
1.23174	1981709539.5936828
1.23175	1872061017.839897
1.23176	1838950333.7517586
1.23177	1840136331.1261227
1.23178	1913683004.942755
1.23179	1927347389.7610567
1.2318	1888339161.9889526
1.23181	1828100216.142744
1.23182	1810547820.6460652
1.23183	1700121658.3438199
1.23184	1743853510.7145355
1.23185	1639645645.5785134
1.23186	1361977709.9623735
1.23187	1545112122.8989422
1.23188	1773535965.7193632
1.23189	1897317445.521122
1.2319	2003872106.3953874
1.23191	2060629913.27
1.23192	2069331172.3451848
1.23193	2066236361.6725528
1.23194	2055275285.8858995
1.23195	2029177321.926593
1.23196	1956230383.7897367
1.23197	2032918649.520732
1.23198	2087180458.6330414
1.23199	2096524780.2919602
1.232	2113586371.8449297
1.23201	2066759773.310691
1.23202	2007797920.072609
1.23203	1928723624.105905
1.23204	1965984094.8809817
1.23205	2030205500.0856
1.23206	2080415112.9527495
1.23207	2047387276.3416367
1.2320799999999998	2045690837.5218816
1.23209	2003825966.066197
1.2321	1965486204.913816
1.23211	2021389474.6283371
1.23212	2019528563.232687
1.23213	2028990436.3950202
1.23214	2086747971.4923878
1.23215	2119678525.543837
1.23216	1968294142.2727578
1.23217	2078404145.7112944
1.2321799999999998	2110376781.0482054
1.23219	2132946685.0599828
1.2322	2112321405.2899477
1.23221	2070046017.45394
1.23222	2043948740.1487093
1.23223	1983444259.2484496
1.23224	1922029282.7385309
1.23225	1897623281.608604
1.23226	1598195855.118669
1.23227	1421542996.3298235
1.2322799999999998	1354378341.0340002
1.23229	1436249862.1065428
1.2323	1642971386.6601696
1.23231	1830332536.836686
1.23232	1952765078.7454603
1.23233	2008907776.843643
1.23234	1999953968.7959676
1.23235	2025209705.4626613
1.23236	2031280970.6538
1.23237	2103875324.5747988
1.23238	2065855781.9227176
1.23239	2105523049.141424
1.2324	2067997455.2202122
1.23241	2068473684.057252
1.23242	2042819524.3753183
1.23243	1996595095.6675863
1.23244	1824693815.151076
1.23245	1831344295.5096798
1.23246	1908754175.027512
1.2324700000000002	1999493515.390138
1.23248	2068664206.2977984
1.23249	2133437870.7317688
1.2325	2138355952.9482188
1.23251	2044654816.961821
1.23252	2021063691.3950746
1.23253	2093389299.9241016
1.23254	2151840117.7190933
1.23255	2170351120.9344587
1.23256	2162668725.866008
1.2325700000000002	2150700816.5847287
1.23258	2111591961.3008
1.23259	2042584349.6241004
1.2326	1956275428.1775281
1.23261	1869089079.2917638
1.23262	1782583983.2000272
1.23263	1824357725.0848265
1.23264	1759097858.891256
1.23265	1873311503.4390357
1.23266	1955014577.2926664
1.2326700000000002	1971560007.3207679
1.23268	1971469215.7176852
1.23269	1872621477.0916095
1.2327	1779016597.9367108
1.23271	1504042124.7068546
1.23272	1476080354.000534
1.23273	1784925113.4445078
1.23274	1922914613.7728407
1.23275	2013677882.6818235
1.23276	2069855367.9497442
1.23277	2007844151.8604734
1.23278	2095414766.1042228
1.23279	2035635424.785781
1.2328	2000552716.7503047
1.23281	2118702602.240761
1.23282	2158042533.152524
1.23283	2174002303.9284945
1.23284	2173501779.02605
1.23285	2166556404.428179
1.23286	2149859112.15488
1.23287	2141657409.1067915
1.23288	2136682534.2519395
1.23289	2154070931.002821
1.2329	2170501048.6568513
1.23291	2167704104.819696
1.23292	2139390189.750541
1.23293	2016833284.313463
1.23294	1937626207.859759
1.23295	1823685730.6540406
1.23296	1702158508.39495
1.23297	1934683821.7206922
1.23298	2049698578.8561032
1.23299	2086507739.5829058
1.2329999999999999	2112126862.257944
1.23301	2118751387.7327046
1.23302	2111737829.9440465
1.2330299999999998	2129560584.7064047
1.23304	2057405990.3800285
1.23305	2100535375.65327
1.23306	2084346896.5414488
1.23307	2030065263.3016613
1.23308	1916284558.276869
1.23309	1907172605.816203
1.2331	1845610277.7542727
1.23311	2088526547.4851143
1.23312	2104456727.1300206
1.2331299999999998	2111300254.241321
1.23314	2127208207.5781574
1.23315	2098988214.0568204
1.23316	2073767194.6404927
1.23317	2033152711.4030406
1.23318	1930367512.8655055
1.23319	1760556633.5217304
1.2332	1976969640.1118574
1.23321	2005025959.979401
1.23322	1972695255.2107253
1.2332299999999998	1946704353.001433
1.23324	1867841412.2738273
1.23325	1788421985.02668
1.23326	1865864062.3081856
1.23327	1899503070.8601491
1.23328	1852123746.6580946
1.23329	1800072511.7395003
1.2333	1904890430.2135718
1.23331	1941779894.4097462
1.23332	1932057289.4945157
1.23333	1882478392.6126952
1.23334	1882305017.9296274
1.23335	1884256404.0960364
1.23336	1804055940.0917845
1.23337	1641836854.1319904
1.23338	1748960495.5044086
1.23339	1811757217.1105547
1.2334	1841619903.524671
1.23341	1763559025.9832423
1.2334200000000002	1803599058.8000684
1.23343	1717236061.612173
1.23344	1525105895.8433359
1.23345	1185823356.093412
1.23346	969460234.927874
1.23347	1363075776.7217538
1.23348	1610571463.9135456
1.23349	1774802370.063911
1.2335	1918227001.7252488
1.23351	2010851502.628964
1.2335200000000002	2028756853.6847472
1.23353	2063146179.4775789
1.23354	2080894201.390368
1.23355	2082907577.893945
1.23356	2078787037.1680708
1.23357	2032403808.2245605
1.23358	2010666304.889998
1.23359	1948812246.0315585
1.2336	1825702456.8901558
1.23361	1586865067.8950615
1.2336200000000002	1359596381.3159034
1.23363	1535323862.7895422
1.23364	1766607215.7872207
1.23365	1834340690.662003
1.23366	1803225332.8979235
1.23367	1882435047.444881
1.23368	1989390318.0971906
1.23369	2026142563.7803442
1.2337	1996181378.827524
1.23371	1863245152.3959253
1.23372	1798166903.8565981
1.23373	1959295766.0924184
1.23374	2073242008.3568718
1.23375	2117775891.294072
1.23376	2136190601.5547762
1.23377	2104844418.091675
1.23378	2091606582.8421586
1.23379	2113391712.3105664
1.2338	2090162251.1126828
1.23381	2006041900.7146032
1.23382	2055985275.4249816
1.23383	2168552795.8512588
1.23384	2199277342.3001904
1.23385	2160876766.3167696
1.23386	2058922501.7712421
1.23387	2219013784.116572
1.23388	2171900873.599119
1.23389	2118312358.7423441
1.2339	2173151480.161838
1.23391	2175204034.0195236
1.23392	2138946884.1695125
1.23393	2093003718.8788488
1.23394	1970652279.4123273
1.23395	1990535832.893875
1.23396	2076442933.6225095
1.23397	2125788239.1292036
1.23398	2130247184.591262
1.23399	2093437502.549009
1.234	2069760049.782248
1.23401	1987421574.4850023
1.23402	1927480530.800596
1.23403	2031842311.8763132
1.23404	2054802095.7424922
1.23405	2071047215.486858
1.23406	2099664956.9851203
1.23407	2153525407.614364
1.2340799999999998	2182227377.565917
1.23409	2161623235.614516
1.2341	2074817966.356377
1.23411	2093100107.48152
1.23412	2034604496.693332
1.23413	1923888948.931307
1.23414	1823055960.681068
1.23415	1650402983.2816925
1.23416	1599447538.8767312
1.23417	1654893308.8416588
1.2341799999999998	1751701089.1458564
1.23419	1933347850.9635067
1.2342	2034182903.88016
1.23421	2083291298.989997
1.23422	2089921626.1423683
1.23423	2091413947.6279504
1.23424	2095414766.1042228
1.23425	2121582869.1421328
1.23426	2138602154.4474823
1.23427	2107560255.3732774
1.2342799999999998	2014698207.3207183
1.23429	1929834206.2928267
1.2343	1988428595.1300488
1.23431	2038308896.3891392
1.23432	2057169136.3965175
1.23433	1964988441.0384312
1.23434	1895352532.992005
1.23435	1815641078.4838235
1.23436	1760313420.4351013
1.23437	1902830044.319971
1.23438	2015811878.3852363
1.23439	2065760647.9387238
1.2344	2059064732.0114527
1.23441	2102809837.037744
1.23442	2078356289.2382348
1.23443	1925484380.5762157
1.23444	1945897678.7459652
1.23445	2075869270.495196
1.23446	2109648008.5925007
1.2344700000000002	2090547308.6920094
1.23448	2062291254.1235142
1.23449	2106007919.5606496
1.2345	2126228817.526669
1.23451	2099084878.2620163
1.23452	2045031490.9898672
1.23453	1971242255.0014675
1.23454	1931034353.3370132
1.23455	1954294455.964504
1.23456	1987513100.7382789
1.2345700000000002	2078164874.3649683
1.23458	2106783944.491553
1.23459	2097731984.3964405
1.2346	2068711839.5998316
1.23461	2011638783.343288
1.23462	1956185340.4391198
1.23463	1848459757.2384605
1.23464	1725281637.2482688
1.23465	1474653547.7736564
1.23466	1394601089.0131884
1.2346700000000002	1642668768.0193787
1.23468	1675984508.3776991
1.23469	1624650692.477491
1.2347	1569459090.9721599
1.23471	1348869702.7552743
1.23472	1223883275.0962567
1.23473	1224728995.7796414
1.23474	1514293297.159693
1.23475	1759867617.036503
1.23476	1909281656.1675246
1.23477	1967025545.1339266
1.23478	1978563531.5758898
1.23479	2099278220.027583
1.2348	2127159227.3629825
1.23481	2149908615.060245
1.23482	2169951364.3035226
1.23483	2185344956.1904006
1.23484	2134715482.9108863
1.23485	2083771049.770168
1.23486	2075200197.1536567
1.23487	2093533911.1286163
1.23488	2106783944.491553
1.23489	2116362219.1688516
1.2349	2076251694.9676926
1.23491	2006226672.5105891
1.23492	1942495404.3536594
1.23493	2009324131.2822864
1.23494	2068330803.8921075
1.23495	2134273145.9814112
1.23496	2146396739.76635
1.23497	2166306984.7622066
1.23498	2187560132.9366035
1.23499	2154368547.457869
1.235	2130050990.6100008
1.23501	2160080816.52435
1.23502	2148671384.3159533
1.23503	2145260320.652189
1.23504	2164910765.170999
1.23505	2116167303.9812746
1.23506	2043337004.1436105
1.23507	1991406865.2602847
1.23508	1886817953.4841669
1.23509	1648466022.222352
1.2351	1599668525.9852288
1.23511	1864704418.9101465
1.23512	2002396142.6943488
1.2351299999999998	2068426056.2388895
1.23514	2087613035.4084516
1.23515	2051209409.1238887
1.23516	2012380034.9945114
1.23517	1884733717.2192762
1.23518	1761732637.2394016
1.23519	1751741424.018378
1.2352	1861058393.5614133
1.23521	1956816041.739261
1.23522	1987284293.0078692
1.2352299999999998	1998664966.3912358
1.23524	2002718916.8317585
1.23525	1965395693.0132306
1.23526	1977834736.0902824
1.23527	2027682719.5212836
1.23528	2031748744.234427
1.23529	2020505328.004041
1.2353	1953709552.7035773
1.23531	1760070240.9472804
1.23532	1704511752.4684744
1.2353299999999998	1439759656.3857894
1.23534	1629671235.1105266
1.23535	1829742602.4299505
1.23536	1856393332.8438706
1.23537	1886600738.043689
1.23538	2006873507.8306239
1.23539	2017204832.9537504
1.2354	1992507661.4963984
1.23541	1884213017.9884665
1.23542	2083962981.0150504
1.23543	2102470931.450145
1.23544	2125837187.7758446
1.23545	2149116705.3398237
1.23546	2110182417.1144664
1.23547	2105765470.3953485
1.23548	2165110170.004013
1.23549	2159633223.6139846
1.2355	2145704934.7190106
1.23551	2133290503.1545894
1.2355200000000002	2075869270.495196
1.23553	2115485242.1821747
1.23554	2144272619.2093148
1.23555	2194876052.007656
1.23556	2197606849.381327
1.23557	2142643905.9235435
1.23558	2117873420.7237093
1.23559	2146792157.0754454
1.2356	2170051296.5578146
1.23561	2187409026.8551245
1.2356200000000002	2192300081.4805284
1.23563	2168752536.1431427
1.23564	2191744876.4723034
1.23565	2189676714.437428
1.23566	2142051953.3185039
1.23567	2135354575.8842387
1.23568	2133536121.4388218
1.23569	2063858887.9965234
1.2357	2012333698.765272
1.23571	1957537092.2251008
1.2357200000000002	1872449010.222212
1.23573	1940081614.3938808
1.23574	1936734103.4457574
1.23575	1919287346.098037
1.23576	1908490489.1081343
1.23577	1928235170.4381573
1.23578	2004795136.1226203
1.23579	2012241029.5075426
1.2358	2047481564.1811247
1.23581	2061674028.3642027
1.23582	2095897308.7372696
1.23583	2068521312.9722981
1.23584	2050973268.507085
1.23585	2021110228.6421285
1.23586	1951910948.1219022
1.23587	1832905185.9683847
1.23588	1556969123.1729689
1.23589	1384618085.6678627
1.2359	1651049142.6017196
1.23591	1896138253.6956675
1.23592	1976742046.1723387
1.23593	2009231600.6170614
1.23594	1989802627.4618523
1.23595	2008722758.120193
1.23596	1913418638.1273966
1.23597	1737160717.1842606
1.23598	1400876983.954583
1.23599	1467438807.0673404
1.236	1760353953.616162
1.23601	1863330959.9819496
1.23602	1923003169.302384
1.23603	1963134249.6421835
1.23604	1970198572.193102
1.23605	1897710672.402448
1.23606	1804471387.151517
1.23607	1711433386.8290322
1.2360799999999998	1431034157.1615975
1.23609	1439958580.2739894
1.2361	1731370446.1533785
1.23611	1859559161.9015715
1.23612	1909457515.6052208
1.23613	1994848874.2958906
1.23614	2057785013.477372
1.23615	2065617955.1770024
1.23616	2039013024.9327905
1.23617	1946390606.6174207
1.2361799999999998	1838823307.9503648
1.23619	1884473349.6195567
1.2362	1969019422.2261558
1.23621	1956320473.602516
1.23622	2017994601.0991101
1.23623	2048141700.6507368
1.23624	1993654971.2967784
1.23625	2150453222.2556896
1.23626	2162917726.637832
1.23627	2187056486.588046
1.2362799999999998	2182076639.845397
1.23629	2181925912.5371103
1.2363	2181825433.4491444
1.23631	2155757968.0386314
1.23632	2149265166.1900887
1.23633	2169851436.651184
1.23634	2136731733.7518926
1.23635	2151097026.807101
1.23636	2095559517.2278168
1.23637	2111300254.241321
1.23638	2077829940.7559226
1.23639	2038402766.144153
1.2364	1994205914.6350093
1.23641	1958123141.37813
1.23642	1816979385.259807
1.23643	1732207840.428825
1.23644	1730852262.1014636
1.23645	1639419135.8083313
1.23646	1646531334.4369905
1.2364700000000002	1820161818.7522945
1.23648	1900728120.6145136
1.23649	1934995681.0418415
1.2365	2017483539.3523333
1.23651	2105813957.9953933
1.23652	2122853381.9373684
1.23653	2129217367.755174
1.23654	2129952900.3954577
1.23655	2160080816.52435
1.23656	2094739393.054775
1.2365700000000002	2030298996.6568305
1.23658	1988886500.4504864
1.23659	1927569296.6032305
1.2366	2031093891.3779414
1.23661	2010712602.7256238
1.23662	1989161294.2565863
1.23663	2004056678.3367286
1.23664	1944688294.074273
1.23665	1781147968.9657688
1.23666	1734882235.3231015
1.2366700000000002	1929834206.2928267
1.23668	2003549146.4007595
1.23669	1989710995.7744093
1.2367	1964264645.8798578
1.23671	1963360276.836043
1.23672	1869089079.2917638
1.23673	1730573304.1602356
1.23674	1635083740.9727142
1.23675	1480198637.1176045
1.23676	1556467296.5171573
1.23677	1760232356.8728585
1.23678	1885037524.8859348
1.23679	2002626690.3409047
1.2368	2080654643.3822808
1.23681	2140227795.4288423
1.23682	2171000882.53604
1.23683	2180620045.2484307
1.23684	2175354296.980846
1.23685	2101309384.053063
1.23686	2107172064.1819825
1.23687	2128237052.6642454
1.23688	2167454553.027439
1.23689	2171950884.0406322
1.2369	2177258526.525932
1.23691	2187358660.4808087
1.23692	2199226702.6509585
1.23693	2180569835.194403
1.23694	2197303259.7467327
1.23695	2173401687.874827
1.23696	2126571552.7416933
1.23697	2138897633.664432
1.23698	2151097026.807101
1.23699	2129462517.0753691
1.237	2071476448.5809538
1.23701	1938117040.4316683
1.23702	1927880009.1059961
1.23703	1953529617.6903331
1.23704	1896443899.7045648
1.23705	1854086535.320348
1.23706	2001612479.2063265
1.23707	2028056266.8854682
1.23708	1978381307.532011
1.23709	1874433338.5882523
1.2371	1762990613.3441188
1.23711	1894349030.3279004
1.23712	1988474380.91759
1.2371299999999998	1968838077.186753
1.23714	2016415373.8943048
1.23715	2019900608.4074304
1.23716	1967569129.473147
1.23717	1916505191.390179
1.23718	1821755125.1469886
1.23719	1858703000.4140172
1.2372	1956951218.4714644
1.23721	2052343262.6002593
1.23722	2117922187.1228235
1.2372299999999998	2161872116.012897
1.23724	2121143253.437148
1.23725	2119288102.2902691
1.23726	2195684823.200205
1.23727	2221211943.414499
1.23728	2207496379.669135
1.23729	2222286254.328203
1.2373	2218043197.5121
1.23731	2202469992.045808
1.23732	2210242878.86688
1.2373299999999998	2156552324.941401
1.23734	2142989287.1514547
1.23735	2145853159.8843703
1.23736	2120606069.0583215
1.23737	2125103076.4068801
1.23738	2084346896.5414488
1.23739	2039482579.0896976
1.2374	1981709539.5936828
1.23741	1832905185.9683847
1.23742	1536455548.0952175
1.23743	1324097604.9360015
1.23744	1657486500.6782634
1.23745	1864661482.9984894
1.23746	1986003456.4123573
1.23747	2003272364.9767306
1.23748	2013260626.097184
1.23749	2051587290.6636343
1.2375	2063858887.9965234
1.23751	2108822370.7071376
1.2375200000000002	2114121778.019052
1.23753	2092136421.1743906
1.23754	2035494812.928879
1.23755	1954519465.3809192
1.23756	1918668740.6702871
1.23757	1824861883.4019086
1.23758	1582158540.8495455
1.23759	1287211763.453731
1.2376	1543369807.4328465
1.23761	1678340211.5100224
1.2376200000000002	1784842916.4980066
1.23763	1814512648.909348
1.23764	1747229686.4358356
1.23765	1848459757.2384605
1.23766	1942897994.553645
1.23767	1937001691.6342077
1.23768	1847183327.3878667
1.23769	1705218359.8938675
1.2377	1427052661.9341285
1.23771	1430045975.1315224
1.2377200000000002	1670205848.0974429
1.23773	1742849956.8137474
1.23774	1660427815.2245574
1.23775	1401038275.1620913
1.23776	1481392017.0890992
1.23777	1743853510.7145355
1.23778	1835608246.068669
1.23779	1926859284.6278121
1.2378	2013260626.097184
1.23781	2070761109.5040922
1.23782	2057548115.8597262
1.23783	1989481935.0165489
1.23784	2032403808.2245605
1.23785	2039059975.483289
1.23786	2059965751.7250786
1.23787	2076012671.417152
1.23788	2145359115.8157089
1.23789	2120996735.1127024
1.2379	2092521842.4427872
1.23791	2088189943.9062715
1.23792	2026702485.012391
1.23793	2077877785.1092207
1.23794	2083675090.7765977
1.23795	2015208563.4971106
1.23796	2050973268.507085
1.23797	2111835081.304272
1.23798	2135797136.94453
1.23799	2180770682.347477
1.238	2216715714.2827816
1.23801	2221160798.708226
1.23802	2197252665.551918
1.23803	2151542850.5554028
1.23804	2144272619.2093148
1.23805	2096959293.7166488
1.23806	2051729014.1879122
1.23807	1954114467.0821593
1.2380799999999998	1897011658.724613
1.23809	2032310214.7254157
1.2381	2109550857.948368
1.23811	2076347312.0933805
1.23812	2088141862.109476
1.23813	2002949501.6412
1.23814	2046915902.2704575
1.23815	2100873969.2409906
1.23816	2097731984.3964405
1.23817	2070284354.0285125
1.2381799999999998	2030766544.1035547
1.23819	2041267871.2552922
1.2382	1864575614.141027
1.23821	1919640924.4573934
1.23822	2084826890.4099238
1.23823	2121924855.4583921
1.23824	2174102422.739737
1.23825	2161274851.1910033
1.23826	2156552324.941401
1.23827	2099036545.6029747
1.2382799999999998	2080223508.463552
1.23829	2064809549.0194266
1.2383	2050170593.7360184
1.23831	2006642471.2792802
1.23832	2033995557.3386905
1.23833	2003272364.9767306
1.23834	1965757765.6262946
1.23835	1977880277.9424038
1.23836	2077925630.5641887
1.23837	2134764637.117278
1.23838	2154021332.257702
1.23839	2139193153.7061641
1.2384	2134912106.5275505
1.23841	1793040090.3312836
1.23842	2133486995.5197234
1.23843	2170001329.8554173
1.23844	2139242411.015932
1.23845	2046774511.2126973
1.23846	2138602154.4474823
1.2384700000000002	2175905349.9858427
1.23848	2243933591.668296
1.23849	2213757267.819874
1.2385	2151295159.2892013
1.23851	2189979250.3530536
1.23852	2216970937.802302
1.23853	2234343804.585971
1.23854	2214471013.8837805
1.23855	2214674983.5946074
1.23856	2130001944.938072
1.2385700000000002	2145309717.6652386
1.23858	2139193153.7061641
1.23859	2206683257.739864
1.2386	2199935763.859012
1.23861	2187207568.3160734
1.23862	2181272881.1694827
1.23863	2201861511.16585
1.23864	2215644096.312857
1.23865	2201253198.392138
1.23866	2189676714.437428
1.2386700000000002	2149166191.150435
1.23868	2124222477.3886945
1.23869	2075678084.6742725
1.2387	2027729409.1788476
1.23871	2005302983.6882687
1.23872	2010064530.0270672
1.23873	1943255922.5557792
1.23874	1828226501.193606
1.23875	1963495905.6436136
1.23876	2032029460.0874214
1.23877	2087805320.529585
1.23878	2119727333.5075128
1.23879	2131473806.4604487
1.2388	2176406428.394676
1.23881	2156304056.971346
1.23882	2131473806.4604487
1.23883	2015811878.3852363
1.23884	1950293619.7623086
1.23885	1951596362.6015449
1.23886	2048896402.95122
1.23887	2142446570.214632
1.23888	2171150855.1439238
1.23889	2166805852.811304
1.2389	2148968254.7445173
1.23891	2122657868.9191387
1.23892	2075104632.8533475
1.23893	2043289955.1120288
1.23894	2028803568.0754485
1.23895	1960830258.0508368
1.23896	1919773533.134782
1.23897	1868615728.20885
1.23898	1750289953.5573509
1.23899	1523701868.0808694
1.239	1263979411.6762712
1.23901	1471905743.65267
1.23902	1745299643.598985
1.23903	1900859422.796572
1.23904	1976833080.6038368
1.23905	1975422517.9158726
1.23906	2012333698.765272
1.23907	1959476232.212015
1.23908	1945628861.6163626
1.23909	1978108002.9332414
1.2391	1990398336.298814
1.23911	2034745047.0472429
1.23912	2022693132.788915
1.2391299999999998	1964897952.0601914
1.23914	1969654261.4123664
1.23915	1940975260.748662
1.23916	1847055732.8910625
1.23917	1692622072.664919
1.23918	1590852812.1738768
1.23919	1565020389.41776
1.2392	1461066556.632817
1.23921	1621399370.2435784
1.23922	1700865609.2774231
1.2392299999999998	1643728177.18888
1.23924	1393285123.3380525
1.23925	1296343218.1418614
1.23926	1580192513.855552
1.23927	1680544434.7425387
1.23928	1681628271.1303618
1.23929	1564335856.5696242
1.2393	1391041221.9060373
1.23931	1180674001.0676744
1.23932	1102300488.8112
1.2393299999999998	1336626293.1498895
1.23934	1373440975.2600682
1.23935	1240223625.1188886
1.23936	1425738902.9608545
1.23937	1427019803.2105687
1.23938	1462884370.7695024
1.23939	1664983753.0215993
1.2394	1735401625.871896
1.23941	1748396788.11706
1.23942	1638966210.1376164
1.23943	1371544806.559157
1.23944	1490493203.3841891
1.23945	1735361667.2327993
1.23946	1863802972.3462007
1.23947	1935307590.6328173
1.23948	1984997663.9556203
1.23949	2001935127.0219336
1.2395	2042678416.275537
1.23951	2022134319.2287817
1.2395200000000002	2004056678.3367286
1.23953	1998895084.445516
1.23954	2025069813.764071
1.23955	1937135499.5923285
1.23956	1876895097.8218079
1.23957	1741967307.1214082
1.23958	1530981701.5599365
1.23959	1283659975.1486914
1.2396	1556431457.9458199
1.23961	1786281909.7083843
1.2396200000000002	1858959807.4624805
1.23963	1991819592.5626798
1.23964	2054139812.561204
1.23965	2106444398.4051328
1.23966	2106347395.2893136
1.23967	2089440459.3026786
1.23968	2094594698.581395
1.23969	2122706745.48552
1.2397	2104408270.781012
1.23971	1869691699.548658
1.2397200000000002	1898191393.7130296
1.23973	2030158753.4145925
1.23974	2051020494.45554
1.23975	2035729171.4200344
1.23976	2050501068.8257504
1.23977	2104892884.4834712
1.23978	2078547721.7422745
1.23979	2036760669.3818474
1.2398	2087420767.9966247
1.23981	2119629718.7040024
1.23982	2086507739.5829058
1.23983	2071285667.335249
1.23984	2060582466.0590558
1.23985	1956770984.9035184
1.23986	1803682119.5187247
1.23987	1819533265.685209
1.23988	1964988441.0384312
1.23989	2036104201.1319683
1.2399	2059633751.2316318
1.23991	2008399016.355877
1.23992	1982668012.8237991
1.23993	1992094791.6184227
1.23994	1941511646.1337843
1.23995	1857077379.420557
1.23996	1700552327.1088922
1.23997	1479380875.0984535
1.23998	1460393865.5229244
1.23999	1471804071.5176306
1.24	1683255336.4788058
1.24001	1847906529.378452
1.24002	1923490297.618232
1.24003	1944956981.2506835
1.24004	1906382312.7039125
1.24005	1795932459.8477185
1.24006	1807840036.221071
1.24007	1908710224.8444145
1.2400799999999998	1954429458.5057163
1.24009	1977015162.044179
1.2401	1955239669.6208858
1.24011	1845397806.2496989
1.24012	1633239970.7711616
1.24013	1602581038.7663033
1.24014	1767665150.9282296
1.24015	1878884137.9304347
1.24016	1930145283.8853161
1.24017	1930678676.4237866
1.2401799999999998	1935753262.9816282
1.24019	1896007277.629153
1.2402	1812299622.5580854
1.24021	1602728648.7322972
1.24022	1408250778.5282304
1.24023	1420659500.5896873
1.24024	1664562092.079234
1.24025	1839755034.2924109
1.24026	1921144359.320373
1.24027	1944016738.513019
1.2402799999999998	1938295555.8287046
1.24029	1703020987.0864875
1.2403	1716998833.0703154
1.24031	1631135350.5160046
1.24032	1824357725.0848265
1.24033	1958078054.445652
1.24034	2022739707.5556755
1.24035	2036010437.227356
1.24036	1969110101.0094812
1.24037	1951506490.3371005
1.24038	1928057581.5941808
1.24039	1878797614.1105888
1.2404	1858317856.3587134
1.24041	1993471357.3439426
1.24042	2007936618.6298423
1.24043	2010666304.889998
1.24044	2059254387.6155808
1.24045	2080558827.901224
1.24046	2071619546.0470328
1.2404700000000002	2010573712.4168177
1.24048	1976878599.3917143
1.24049	1890645041.3664968
1.2405	1725361091.2333307
1.24051	1527917833.8196075
1.24052	1672476406.7957952
1.24053	1850930023.202179
1.24054	1984951958.2215247
1.24055	1972604411.328749
1.24056	2020040143.0176399
1.2405700000000002	2036151084.7035449
1.24058	2041784957.9643397
1.24059	2018180473.8301852
1.2406	2023578236.7678835
1.24061	2003133988.6035886
1.24062	2018831163.2216504
1.24063	1994022249.9407547
1.24064	1908666275.6732953
1.24065	1825156040.0913684
1.24066	1743572457.3885
1.2406700000000002	1557220097.1710658
1.24068	1293689341.2597039
1.24069	1242510306.92901
1.2407	1238853636.5350494
1.24071	992384562.9964305
1.24072	1264590747.699697
1.24073	1567436659.8220446
1.24074	1737080719.8188546
1.24075	1827216465.0014415
1.24076	1827006111.0409226
1.2407700000000002	1873656611.9551191
1.24078	1914255925.0210855
1.24079	1863159348.7613962
1.2408	1786610985.3042054
1.24081	1663182857.293746
1.24082	1468452828.074075
1.24083	1549458682.730409
1.24084	1667439172.5298507
1.24085	1779139492.2942355
1.24086	1839966856.1114566
1.24087	1861744159.1266198
1.24088	1843826277.1546085
1.24089	1746143774.8672152
1.2409	1525035663.7384849
1.24091	1306983184.403449
1.24092	1529854048.0478895
1.24093	1594850577.5343542
1.24094	1542481628.0180607
1.24095	1443377729.1815095
1.24096	1340417224.7218823
1.24097	1414685818.5916321
1.24098	1395307729.2682102
1.24099	1335119072.6521409
1.2409999999999999	1487647374.0795
1.24101	1452379131.0710082
1.24102	1374959797.5012002
1.24103	1343414402.564004
1.24104	1071543978.1654557
1.24105	861370511.7550831
1.24106	1095569668.3827307
1.24107	1115603838.7828043
1.24108	1111322225.6147943
1.24109	1370692384.9320025
1.2411	1459116605.5593984
1.24111	1522895137.4820466
1.24112	1588254154.4224975
1.2411299999999998	1711748673.5474555
1.24114	1702981774.0305686
1.24115	1768845902.9412625
1.24116	1699143271.2765794
1.24117	1654398013.72896
1.24118	1702236897.4960554
1.24119	1737520750.921784
1.2412	1658517277.0621016
1.24121	1657257526.2731233
1.24122	1610793987.9552464
1.2412299999999998	1486448954.9167173
1.24124	1501239559.2129824
1.24125	1710133442.8434255
1.24126	1837722785.1536317
1.24127	1913330523.9716625
1.24128	1929301047.0578423
1.24129	1906601805.7134414
1.2413	1853745031.4136028
1.24131	1763356000.4343646
1.24132	1750813956.882198
1.2413299999999998	1840517706.9851863
1.24134	1900027995.4724355
1.24135	1859259460.5308921
1.24136	1757195166.5597515
1.24137	1808131449.0917933
1.24138	1828268598.149152
1.24139	1754284394.2496498
1.2414	1633728931.5706034
1.24141	1543405345.2451036
1.24142	1652798842.3956888
1.24143	1661422164.6866994
1.24144	1538260895.931296
1.24145	1480471324.8976276
1.24146	1562356001.4669912
1.24147	1493757160.0229528
1.24148	1577756579.7587097
1.24149	1603245390.6900413
1.2415	1511228029.274366
1.24151	1316133671.1857314
1.2415200000000002	1506780530.7205539
1.24153	1663834020.140047
1.24154	1719055903.012209
1.24155	1790853252.4653926
1.24156	1872276559.236861
1.24157	1875901367.5272453
1.24158	1665520566.8888936
1.24159	1767014038.9666965
1.2416	1649757076.8444345
1.24161	1423573844.3086832
1.2416200000000002	1346418282.106804
1.24163	1428729460.4841335
1.24164	1617037159.1108015
1.24165	1796759707.7759926
1.24166	1858103921.9243007
1.24167	1938027788.8986566
1.24168	1930145283.8853161
1.24169	1911172994.2272024
1.2417	1929301047.0578423
1.24171	1933837599.7572718
1.2417200000000002	1881135156.3993945
1.24173	1870466782.522527
1.24174	1783980077.0592496
1.24175	1827342689.002836
1.24176	1916990673.6613915
1.24177	1956050216.6100614
1.24178	1910996976.795362
1.24179	1891864378.2967966
1.2418	1912934060.48235
1.24181	1910557004.1358788
1.24182	1867970442.6440814
1.24183	1839797396.7052898
1.24184	1790770782.5242934
1.24185	1697383593.2056394
1.24186	1548959276.7643561
1.24187	1271920596.474452
1.24188	1164447733.7625446
1.24189	1446605127.0901065
1.2419	1611164929.6823132
1.24191	1622445062.1041052
1.24192	1549244631.8889554
1.24193	1350361352.8092902
1.24194	1212467203.4113991
1.24195	1333767098.5150087
1.24196	1217839342.7812498
1.24197	1412960431.3383815
1.24198	1602470340.2134323
1.24199	1685194371.7858102
1.242	1685504824.653842
1.24201	1571267038.0639307
1.24202	1542410595.7495966
1.24203	1403459872.921175
1.24204	1479789699.6190276
1.24205	1514084104.2602074
1.24206	1380320697.0219865
1.24207	1376195077.2177856
1.24208	1460158496.811788
1.24209	1356000969.3792396
1.2421	1183968096.6717405
1.24211	1425673246.7697635
1.24212	1579646828.9384546
1.24213	1629108463.7994175
1.24214	1660351351.4585106
1.24215	1668207233.4852805
1.24216	1546429052.0947125
1.24217	1572026996.7578118
1.2421799999999998	1501412405.7541404
1.24219	1403653781.4625125
1.2422	1590193595.4798574
1.24221	1737000726.1373787
1.24222	1822762142.4571452
1.24223	1833074010.5492492
1.24224	1841450291.8742218
1.24225	1828900168.8142745
1.24226	1830711880.8188684
1.24227	1792462175.6514895
1.2422799999999998	1695977162.945562
1.24229	1575433224.071111
1.2423	1543654132.8443024
1.24231	1609459304.730743
1.24232	1498511223.2986698
1.24233	1449105484.0012226
1.24234	1345581476.7342234
1.24235	1122121800.7798471
1.24236	1003136424.0439982
1.24237	1270369329.3623743
1.2423799999999998	1394215799.7239316
1.24239	1393734337.7967188
1.2424	1553030553.8859696
1.24241	1633954655.1557114
1.24242	1632074577.8070993
1.24243	1563183635.859942
1.24244	1371987011.6379988
1.24245	1190940323.2651205
1.24246	1362887473.8517106
1.24247	1517329844.2042189
1.24248	1547711465.9511292
1.24249	1583689363.9105961
1.2425	1610423131.630843
1.24251	1742047529.5276573
1.24252	1812299622.5580854
1.24253	1835608246.068669
1.24254	1833707241.2316747
1.24255	1787475097.2075129
1.24256	1736880742.5221553
1.2425700000000002	1629070952.622648
1.24258	1601326902.8172054
1.24259	1644788269.6049428
1.2426	1757276090.250991
1.24261	1801855667.0118692
1.24262	1805219432.965354
1.24263	1783322955.5638688
1.24264	1651467380.4918306
1.24265	1663029679.545784
1.24266	1684922772.4339745
1.2426700000000002	1616181011.7351134
1.24268	1587998178.7284687
1.24269	1592135404.8178954
1.2427	1450875008.5224097
1.24271	1372334558.5027227
1.24272	1530558734.1205034
1.24273	1611350432.5779848
1.24274	1579937837.4397414
1.24275	1644447451.074962
1.24276	1703962371.353716
1.2427700000000002	1663910644.2926135
1.24278	1679809372.1988735
1.24279	1674518692.913407
1.2428	1646834664.654339
1.24281	1569097751.263835
1.24282	1427874375.9663234
1.24283	1204176090.9733758
1.24284	929137524.4741447
1.24285	1104053197.8450387
1.24286	1267651865.8578446
1.24287	1380797525.2416387
1.24288	1475196930.306505
1.24289	1476896291.5802572
1.2429	1495546772.7443929
1.24291	1561456895.8654838
1.24292	1570218175.2347145
1.24293	1553996370.0284655
1.24294	1526300336.6079314
1.24295	1458881442.7016544
1.24296	1464873086.6134374
1.24297	1352352785.8204944
1.24298	1227778432.0117235
1.24299	1326477842.7465198
1.2429999999999999	1298314776.6330786
1.24301	1202485920.3095732
1.24302	1255133727.6802435
1.24303	1318590674.6596622
1.24304	1262059993.2219293
1.24305	1103976935.186034
1.24306	1212271792.536498
1.24307	1234525315.1706893
1.24308	1365117392.8406332
1.24309	1389376663.4233875
1.2431	1362448201.6445284
1.24311	1396657764.1693134
1.24312	1413676374.2179635
1.2431299999999998	1423868885.8708928
1.24314	1400296489.3374677
1.24315	1376416911.5339258
1.24316	1348000334.6009824
1.24317	1276526985.1260107
1.24318	1186396891.1749938
1.24319	1180211929.1099052
1.2432	1159604788.3056786
1.24321	1242195638.3528345
1.24322	1245345913.521227
1.2432299999999998	1212858119.663434
1.24324	1208954622.1017225
1.24325	1200715176.6232212
1.24326	1171358949.432948
1.24327	1125978246.0303109
1.24328	1090636429.6957684
1.24329	1112371875.739114
1.2433	1084950689.1188598
1.24331	1056574196.0029273
1.24332	1026147992.8520333
1.2433299999999998	987688506.4664264
1.24334	939247396.6813408
1.24335	932137542.83296
1.24336	896499393.3156897
1.24337	820748315.3897643
1.24338	819539706.7291436
1.24339	837452146.3815701
1.2434	822545631.1418178
1.24341	789332527.5760741
1.24342	747377467.0299354
1.24343	732892031.8811202
1.24344	704871579.3062626
1.24345	669946310.9105693
1.24346	636267880.3123128
1.24347	597778099.550929
1.24348	552980733.1981416
1.24349	507411142.63506866
1.2435	472661250.9034752
1.24351	443251281.6230462
1.2435200000000002	400682154.18221116
1.24353	352858025.82852626
1.24354	300095857.1553304
1.24355	241418195.81724763
1.24356	168942921.46535188
1.24357	132440252.47805277
1.24358	208545104.76931703
1.24359	272464546.9815868
1.2436	326670562.23914033
1.24361	375128447.76078993
1.2436200000000002	407896519.89040047
1.24363	449324396.8418853
1.24364	489620958.7767658
1.24365	522684955.58350873
1.24366	577138438.3709395
1.24367	616722793.7237204
1.24368	651328377.1823175
1.24369	688208448.8958527
1.2437	723719042.6074299
1.24371	754292865.5886438
1.2437200000000002	780746417.2815543
1.24373	793414256.7771244
1.24374	832453531.4145862
1.24375	867141557.1897236
1.24376	890368936.9621558
1.24377	921340155.9737756
1.24378	948265608.6247717
1.24379	933254300.7969924
1.2438	935233381.9238428
1.24381	969750472.7741102
1.24382	963429632.6949725
1.24383	1034999166.3823524
1.24384	1092521519.3331811
1.24385	1118664870.1923153
1.24386	1147624998.9433987
1.24387	1173410580.8287926
1.24388	1194015597.3728998
1.24389	1186861384.6449213
1.2439	1229504152.9140534
1.24391	1221462111.0790565
1.24392	1206368531.593825
1.24393	1166702154.8726304
1.24394	1012791388.5076752
1.24395	1007766691.3980062
1.24396	1168611080.8400948
1.24397	1194318061.1526432
1.24398	1232906096.229153
1.24399	1214674739.6410654
