1.21594	5638063981.563665
1.21595	5677406622.266134
1.21596	5675707424.053303
1.21597	5673878087.020482
1.2159799999999998	5675315373.615189
1.21599	5669437865.71021
1.216	5669176784.4595785
1.21601	5639622051.458349
1.21602	5615649583.57509
1.21603	5619400684.029163
1.21604	5601959955.104628
1.21605	5485800377.03148
1.21606	5456196466.651003
1.21607	5580974009.250248
1.2160799999999998	5111048475.259296
1.21609	5261868616.570396
1.2161	5536942328.175523
1.21611	5637414912.823921
1.21612	5636765918.806673
1.21613	5620694747.832727
1.21614	5651451436.291305
1.21615	5612676353.413576
1.21616	5595127660.489974
1.21617	5410034068.634677
1.2161799999999998	5542810104.367531
1.21619	5406173756.768842
1.2162	5392746430.061522
1.21621	5660698185.648494
1.21622	5611771769.77315
1.21623	5571600901.70758
1.21624	5628076603.94336
1.21625	5646768716.165358
1.21626	5656528765.345704
1.21627	5647808985.2122965
1.21628	5670612880.137059
1.21629	5675968806.057925
1.2163	5665392457.125376
1.21631	5672571778.710294
1.21632	5631057992.153994
1.21633	5582773392.719147
1.21634	5591006536.540394
1.21635	5650930942.348062
1.21636	5661480294.028869
1.2163700000000002	5654575406.876207
1.21638	5659394911.773384
1.21639	5626262618.7982645
1.2164	5560194707.250187
1.21641	5539492771.56486
1.21642	5640920771.939911
1.21643	5644688752.857184
1.21644	5660176840.087379
1.21645	5593839483.048133
1.21646	5649499831.166327
1.2164700000000002	5647808985.2122965
1.21648	5526243282.478356
1.21649	5230461382.93354
1.2165	5397964200.83758
1.21651	5635987224.607567
1.21652	5511883123.276065
1.21653	5457075972.494283
1.21654	5643649058.525351
1.21655	5638193804.279068
1.21656	5557762703.204182
1.2165700000000002	5578918281.143304
1.21658	5638453458.677902
1.21659	5642999346.816871
1.2166	5611513344.083207
1.21661	5596287273.819701
1.21662	5626910403.508798
1.21663	5592165295.75013
1.21664	5180718558.893287
1.21665	5290418154.313565
1.21666	5659785862.4269705
1.21667	5637025507.447413
1.21668	5617718846.486993
1.21669	5637674531.352629
1.2167	5585216341.114765
1.21671	5570446403.670324
1.21672	5603895137.702207
1.21673	5657831379.190225
1.21674	5665522909.109427
1.21675	5665653364.097281
1.21676	5661089226.33216
1.21677	5630020808.469826
1.21678	5511883123.276065
1.21679	5616684119.737965
1.2168	5611642555.440575
1.21681	5648199135.510787
1.21682	5664609808.2970295
1.21683	5558402601.116498
1.21684	5620047678.684783
1.21685	5583416170.259267
1.21686	5582259223.966188
1.21687	5637934161.837508
1.21688	5623672225.617036
1.21689	5619530077.001334
1.2169	5605572836.690469
1.21691	5602346938.154904
1.21692	5629502288.269453
1.2169299999999998	5586759806.64916
1.21694	5592551602.185964
1.21695	5558402601.116498
1.21696	5609704697.441734
1.21697	5644038921.456361
1.21698	5634819385.003904
1.21699	5607638386.507668
1.217	5591135275.705607
1.21701	5635208637.9815855
1.21702	5609833867.152992
1.2170299999999998	5537197319.664177
1.21704	5439387513.786827
1.21705	5378485473.536116
1.21706	5359570647.815239
1.21707	5488074522.266925
1.21708	5576349685.815798
1.21709	5605443765.091933
1.2171	5607638386.507668
1.21711	5598736135.7124
1.21712	5615908199.750289
1.2171299999999998	5633132932.779186
1.21714	5646378664.6733465
1.21715	5604540347.1130705
1.21716	5612417886.066999
1.21717	5646378664.6733465
1.21718	5630798678.3211355
1.21719	5629502288.269453
1.2172	5644818728.115338
1.21721	5657440563.542915
1.21722	5657310297.659608
1.21723	5638453458.677902
1.21724	5652752880.902997
1.21725	5645208671.847054
1.21726	5627299110.1345215
1.21727	5648719377.833735
1.21728	5613581082.86743
1.21729	5629502288.269453
1.2173	5660046511.1997
1.21731	5656659013.233383
1.2173200000000002	5656789264.120141
1.21733	5662784048.136297
1.21734	5649499831.166327
1.21735	5632743823.181165
1.21736	5575964498.530066
1.21737	5653013205.787525
1.21738	5612288656.857214
1.21739	5613581082.86743
1.2174	5554820121.503919
1.21741	5560322736.938664
1.2174200000000002	5623413251.90349
1.21743	5588561055.539432
1.21744	5549706298.465561
1.21745	5634300422.858654
1.21746	5620177086.5547285
1.21747	5594612353.919302
1.21748	5619659472.952898
1.21749	5550600877.5277
1.2175	5598993972.9766035
1.21751	5645858637.928119
1.2175200000000002	5631057992.153994
1.21753	5667349552.316943
1.21754	5658613091.479313
1.21755	5644168881.751421
1.21756	5632743823.181165
1.21757	5637674531.352629
1.21758	5655617114.101175
1.21759	5652232267.097796
1.2176	5645338659.076921
1.21761	5638323629.983807
1.21762	5628465391.1301365
1.21763	5646118645.313692
1.21764	5653533891.5231285
1.21765	5603508047.7097645
1.21766	5640790886.434482
1.21767	5660307171.976052
1.21768	5647288826.735747
1.21769	5648849445.9015255
1.2177	5635597917.848862
1.21771	5648849445.9015255
1.21772	5648199135.510787
1.21773	5650410496.341874
1.21774	5658873686.242703
1.21775	5640401247.862035
1.21776	5630539376.4298725
1.21777	5649239668.074953
1.21778	5554180636.0160675
1.21779	5454437880.186081
1.2178	5592680376.928037
1.21781	5635597917.848862
1.21782	5669829510.130438
1.21783	5666827594.170531
1.21784	5669698958.984375
1.21785	5657310297.659608
1.21786	5662262510.468997
1.21787	5651581567.267792
1.21788	5425003216.311512
1.21789	5459338209.992801
1.2179	5532991461.342019
1.21791	5618236281.342265
1.21792	5575579337.851189
1.21793	5634559897.956495
1.21794	5655877570.891532
1.21795	5656398520.457083
1.21796	5660958876.436254
1.21797	5641440343.869928
1.2179799999999998	5634040959.7097845
1.21799	5659916185.312922
1.218	5633132932.779186
1.21801	5632614125.954772
1.21802	5656919518.00607
1.21803	5651711701.24069
1.21804	5654184816.135732
1.21805	5647548899.985488
1.21806	5641959963.656468
1.21807	5635078884.0013895
1.2180799999999998	5642999346.816871
1.21809	5633003226.593315
1.2181	5593839483.048133
1.21811	5593968287.445101
1.21812	5614744520.745205
1.21813	5634040959.7097845
1.21814	5593453087.651738
1.21815	5493764010.740323
1.21816	5592294061.59709
1.21817	5647548899.985488
1.2181799999999998	5660698185.648494
1.21819	5461601385.304633
1.2182	5458332655.348249
1.21821	5628076603.94336
1.21822	5623801716.946218
1.21823	5615132386.952494
1.21824	5653143372.725499
1.21825	5658873686.242703
1.21826	5662653659.216104
1.21827	5657180034.7757225
1.21828	5636246777.387288
1.21829	5649499831.166327
1.2183	5669307323.581988
1.21831	5667219058.273362
1.21832	5647548899.985488
1.21833	5662001759.648055
1.21834	5675707424.053303
1.21835	5407792261.758539
1.21836	5170707845.159878
1.2183700000000002	5575579337.851189
1.21838	5568138125.22099
1.21839	5657310297.659608
1.2184	5650670713.353125
1.21841	5605314696.465371
1.21842	5628335792.41715
1.21843	5640271374.318951
1.21844	5642609555.694675
1.21845	5582644846.091189
1.21846	5622118562.213314
1.2184700000000002	5651451436.291305
1.21848	5654705609.785604
1.21849	5382573885.392077
1.2185	5528534193.369568
1.21851	5558274615.640293
1.21852	5630669025.882842
1.21853	5632614125.954772
1.21854	5631576655.6465645
1.21855	5599509683.1278925
1.21856	5617589495.219467
1.2185700000000002	5644818728.115338
1.21858	5576734899.710265
1.21859	5601572998.785245
1.2186	5619012522.988543
1.21861	5627687843.6121
1.21862	5627558262.802595
1.21863	5640401247.862035
1.21864	5585730782.240823
1.21865	5643779009.843383
1.21866	5654315010.05134
1.21867	5647028765.462568
1.21868	5613193323.816708
1.21869	5633522069.256873
1.2187	5646768716.165358
1.21871	5514041114.195279
1.21872	5365250454.31904
1.21873	5633781508.509382
1.21874	5649890098.26833
1.21875	5651711701.24069
1.21876	5600025440.780004
1.21877	5618753763.857267
1.21878	5641830054.2230425
1.21879	5648849445.9015255
1.2188	5641310446.401028
1.21881	5641570244.32984
1.21882	5555075936.314362
1.21883	5609833867.152992
1.21884	5645858637.928119
1.21885	5640271374.318951
1.21886	5616684119.737965
1.21887	5604411299.288235
1.21888	5606992820.442368
1.21889	5592422830.409004
1.2189	5613710341.836765
1.21891	5631576655.6465645
1.21892	5649760006.238906
1.2189299999999998	5645598642.516029
1.21894	5618236281.342265
1.21895	5616554792.29565
1.21896	5637285108.042951
1.21897	5516835062.550735
1.21898	5337403056.575729
1.21899	5640531124.3956
1.219	5665001119.195324
1.21901	5640790886.434482
1.21902	5629372665.681299
1.2190299999999998	5610608947.882634
1.21904	5620435911.23392
1.21905	5438636086.538528
1.21906	5059294962.546557
1.21907	5619530077.001334
1.21908	5639751910.05005
1.21909	5644948706.366319
1.2191	5645208671.847054
1.21911	5649890098.26833
1.21912	5652102121.138563
1.2191299999999998	5572370699.992976
1.21914	5090377610.11367
1.21915	5242277420.322727
1.21916	5598349402.078905
1.21917	5617460146.930353
1.21918	5600928130.983318
1.21919	5626392169.774117
1.2192	5648199135.510787
1.21921	5593324295.117522
1.21922	5460469680.397759
1.21923	5631446985.294887
1.21924	5650410496.341874
1.21925	5663436037.773822
1.21926	5659264600.890061
1.21927	5650410496.341874
1.21928	5640271374.318951
1.21929	5641830054.2230425
1.2193	5647548899.985488
1.21931	5647548899.985488
1.2193200000000002	5626780840.600307
1.21933	5571985787.556333
1.21934	5495914907.7354965
1.21935	5537452322.895894
1.21936	5576092891.335567
1.21937	5592680376.928037
1.21938	5632225052.1934185
1.21939	5620306497.404409
1.2194	5647028765.462568
1.21941	5647678941.101722
1.2194200000000002	5623154290.11585
1.21943	5596931607.292446
1.21944	5593581883.151521
1.21945	5623154290.11585
1.21946	5623931211.25706
1.21947	5643519110.199525
1.21948	5568138125.22099
1.21949	5613193323.816708
1.2195	5597833798.788529
1.21951	5624190208.824065
1.2195200000000002	5613968868.704501
1.21953	5654575406.876207
1.21954	5655877570.891532
1.21955	5582773392.719147
1.21956	5564164998.729974
1.21957	5619659472.952898
1.21958	5638583290.361449
1.21959	5607380151.162697
1.2196	5596416134.5797825
1.21961	5572114088.747573
1.21962	5629113429.458809
1.21963	5626392169.774117
1.21964	5638713125.034514
1.21965	5621341891.481525
1.21966	5609833867.152992
1.21967	5638713125.034514
1.21968	5624708239.741308
1.21969	5653143372.725499
1.2197	5662523273.298212
1.21971	5621212456.7912655
1.21972	5593968287.445101
1.21973	5620565328.043329
1.21974	5544597183.263886
1.21975	5442895547.250884
1.21976	5537962364.590699
1.21977	5585216341.114765
1.21978	5653273542.660711
1.21979	5629113429.458809
1.2198	5608284026.900785
1.21981	5579689090.431865
1.21982	5539110130.176614
1.21983	5622118562.213314
1.21984	5586373900.282594
1.21985	5507062432.226047
1.21986	5593839483.048133
1.21987	5659785862.4269705
1.21988	5636895711.63273
1.21989	5639881771.631888
1.2199	5626133070.805374
1.21991	5578019138.222775
1.21992	5610350575.741385
1.21993	5635078884.0013895
1.21994	5644558780.591786
1.21995	5645078687.610215
1.21996	5351062210.078512
1.21997	5209067678.327144
1.2199799999999998	5595771860.449615
1.21999	5565958962.740619
1.22	5544980203.697426
1.22001	5555971380.929621
1.22002	5657440563.542915
1.22003	5660176840.087379
1.22004	5656528765.345704
1.22005	5649499831.166327
1.22006	5393118960.654338
1.22007	5142212266.34178
1.2200799999999998	5194335534.664529
1.22009	5620306497.404409
1.2201	5605314696.465371
1.22011	5635468154.905266
1.22012	5554436421.376438
1.22013	5567240719.71626
1.22014	5657440563.542915
1.22015	5662262510.468997
1.22016	5644298845.038961
1.22017	5535540084.870935
1.2201799999999998	5636765918.806673
1.22019	5643908964.153711
1.2202	5640661003.919719
1.22021	5630928333.7448225
1.22022	5531335485.3254385
1.22023	5244933666.816729
1.22024	5605314696.465371
1.22025	5565446342.582576
1.22026	5640271374.318951
1.22027	5648979516.964281
1.22028	5641570244.32984
1.22029	5629243046.077783
1.2203	5593968287.445101
1.22031	5563652543.794514
1.22032	5409784933.095307
1.22033	5652362416.053807
1.22034	5655226451.404577
1.22035	5630669025.882842
1.22036	5578789823.281549
1.2203700000000002	5581359542.592695
1.22038	5616037512.304089
1.22039	5627687843.6121
1.2204	5412526055.151536
1.22041	5313981033.422583
1.22042	5555587601.278703
1.22043	5623672225.617036
1.22044	5614098136.603061
1.22045	5602733947.937971
1.22046	5628854205.1743355
1.2204700000000002	5515437911.457165
1.22048	5607638386.507668
1.22049	5559554603.025903
1.2205	5602604941.706535
1.22051	5628076603.94336
1.22052	5587017092.370329
1.22053	5152879658.86324
1.22054	5557378799.817378
1.22055	5526625035.02553
1.22056	5641050660.436099
1.2205700000000002	5635987224.607567
1.22058	5618106918.1605215
1.22059	5571600901.70758
1.2206	5306400191.947747
1.22061	5494523054.718944
1.22062	5530061994.883786
1.22063	5628335792.41715
1.22064	5646508678.843605
1.22065	5652232267.097796
1.22066	5646118645.313692
1.22067	5627428684.976768
1.22068	5626651280.675059
1.22069	5629761542.399942
1.2207	5585859399.925904
1.22071	5614098136.603061
1.22072	5645988640.124185
1.22073	5605830988.803615
1.22074	5613968868.704501
1.22075	5608671446.817575
1.22076	5600025440.780004
1.22077	5556099313.371297
1.22078	5541023601.4645
1.22079	5346505279.359131
1.2208	5612417886.066999
1.22081	5601315042.755271
1.22082	5615778890.1739645
1.22083	5561731258.096414
1.22084	5586502532.776187
1.22085	5606863716.1479
1.22086	5622765869.794238
1.22087	5620953596.351652
1.22088	5328929810.383646
1.22089	5517343205.238235
1.2209	5633522069.256873
1.22091	5627947014.1824
1.22092	5638713125.034514
1.2209299999999998	5645988640.124185
1.22094	5627817427.405344
1.22095	5616037512.304089
1.22096	5560706843.692465
1.22097	5605960069.318385
1.22098	5645728638.725432
1.22099	5647939032.317283
1.2209999999999999	5650930942.348062
1.22101	5640531124.3956
1.22102	5636506342.120154
1.2210299999999998	5641700147.780854
1.22104	5640920771.939911
1.22105	5645338659.076921
1.22106	5644168881.751421
1.22107	5526370530.397366
1.22108	5439512761.754828
1.22109	5467641107.291686
1.2211	5644558780.591786
1.22111	5645598642.516029
1.22112	5619400684.029163
1.2211299999999998	5610996528.404825
1.22114	5607509267.34866
1.22115	5583416170.259267
1.22116	5590362885.1773405
1.22117	5627817427.405344
1.22118	5631576655.6465645
1.22119	5642739483.076994
1.2212	5628724597.508675
1.22121	5619530077.001334
1.22122	5600670204.649898
1.22123	5601830966.694807
1.22124	5046031996.289389
1.22125	5498952901.904331
1.22126	5631317317.928946
1.22127	5616942783.556386
1.22128	5638713125.034514
1.22129	5633132932.779186
1.2213	5627687843.6121
1.22131	5614356681.329817
1.2213200000000002	5602733947.937971
1.22133	5621600769.803204
1.22134	5628206196.688246
1.22135	5621083025.081338
1.22136	5576606492.122147
1.22137	5429126988.250159
1.22138	5454437880.186081
1.22139	5521537168.666173
1.2214	5508964832.719473
1.22141	5611513344.083207
1.2214200000000002	5642089876.081229
1.22143	5557890676.893053
1.22144	5448538198.667603
1.22145	5419509725.736345
1.22146	5603120984.455647
1.22147	5628335792.41715
1.22148	5406298239.953044
1.22149	5552390468.277439
1.2215	5578276021.411998
1.22151	5565061908.447078
1.2215200000000002	5635597917.848862
1.22153	5629113429.458809
1.22154	5522300049.913423
1.22155	5578019138.222775
1.22156	5628076603.94336
1.22157	5592422830.409004
1.22158	5559298581.970008
1.22159	5590234163.796873
1.2216	5617977557.95744
1.22161	5632873523.394006
1.2216200000000002	5595771860.449615
1.22163	5615261681.64236
1.22164	5619788871.883949
1.22165	5603379023.654227
1.22166	5402813794.040425
1.22167	5325863114.5486
1.22168	5466508150.886849
1.22169	5574809096.306732
1.2217	5594483534.692326
1.22171	5638713125.034514
1.22172	5630798678.3211355
1.22173	5636765918.806673
1.22174	5623672225.617036
1.22175	5571087761.9316845
1.22176	5570959484.372221
1.22177	5587403043.168589
1.22178	5624060708.549653
1.22179	5635987224.607567
1.2218	5625873983.768329
1.22181	5582773392.719147
1.22182	5613451826.874358
1.22183	5635468154.905266
1.22184	5622377476.302824
1.22185	5611900987.081033
1.22186	5562115462.150789
1.22187	5623931211.25706
1.22188	5624319712.080365
1.22189	5587789020.628282
1.2219	5607380151.162697
1.22191	5616554792.29565
1.22192	5588689738.394738
1.22193	5331998272.05892
1.22194	5375018953.397468
1.22195	5600025440.780004
1.22196	5601315042.755271
1.22197	5620565328.043329
1.2219799999999998	5635468154.905266
1.22199	5604153212.552678
1.222	5589848017.438507
1.22201	5605572836.690469
1.22202	5596931607.292446
1.22203	5629113429.458809
1.22204	5649499831.166327
1.22205	5643129283.174564
1.22206	5623154290.11585
1.22207	5623283769.518966
1.2220799999999998	5609446366.941821
1.22209	5552646171.195639
1.2221	5563140136.055722
1.22211	5619141907.022847
1.22212	5628206196.688246
1.22213	5645988640.124185
1.22214	5637285108.042951
1.22215	5628465391.1301365
1.22216	5610867331.922611
1.22217	5525352629.080281
1.2221799999999998	5294805362.079833
1.22219	5592422830.409004
1.2222	5613064076.752014
1.22221	5504526920.1215725
1.22222	5590620336.830229
1.22223	5616425467.831154
1.22224	5604798451.677218
1.22225	5630020808.469826
1.22226	5619918273.794555
1.22227	5546001720.88039
1.22228	5605314696.465371
1.22229	5459212505.532238
1.2223	5583030494.8549185
1.22231	5624060708.549653
1.22232	5617848200.732954
1.22233	5641180551.923116
1.22234	5641440343.869928
1.22235	5611384135.701033
1.22236	5607380151.162697
1.2223700000000002	5577633835.619318
1.22238	5589333197.118537
1.22239	5615908199.750289
1.2224	5601315042.755271
1.22241	5560194707.250187
1.22242	5591779015.998503
1.22243	5571087761.9316845
1.22244	5615003095.239737
1.22245	5632873523.394006
1.22246	5570318140.87851
1.2224700000000002	5409411251.297664
1.22248	5628724597.508675
1.22249	5618236281.342265
1.2225	5340353429.65006
1.22251	5307255551.538285
1.22252	5621341891.481525
1.22253	5619012522.988543
1.22254	5455191490.6836605
1.22255	5418386742.692221
1.22256	5559298581.970008
1.2225700000000002	5597833798.788529
1.22258	5636506342.120154
1.22259	5633132932.779186
1.2226	5615778890.1739645
1.22261	5584573356.334247
1.22262	5599122896.061455
1.22263	5612417886.066999
1.22264	5559042572.704025
1.22265	5555715524.883401
1.22266	5580331512.85812
1.22267	5609058893.497291
1.22268	5620177086.5547285
1.22269	5559554603.025903
1.2227	5547406614.289341
1.22271	5538727515.219407
1.22272	5552518318.264606
1.22273	5602733947.937971
1.22274	5606863716.1479
1.22275	5614485958.158173
1.22276	5540130565.952479
1.22277	5593195505.548857
1.22278	5559938656.717081
1.22279	5596673865.001528
1.2228	5549961877.770304
1.22281	5536432380.425218
1.22282	5627558262.802595
1.22283	5643129283.174564
1.22284	5627428684.976768
1.22285	5621989109.639778
1.22286	5621989109.639778
1.22287	5576221287.097454
1.22288	5551751262.497652
1.22289	5602991969.312449
1.2229	5633392354.110886
1.22291	5619918273.794555
1.22292	5588947112.994572
1.22293	5617330801.619557
1.22294	5612030207.364288
1.22295	5586373900.282594
1.22296	5601444019.285344
1.22297	5610996528.404825
1.22298	5516453986.247521
1.22299	5593968287.445101
1.2229999999999999	5631317317.928946
1.22301	5567368911.6470175
1.22302	5587789020.628282
1.2230299999999998	5593324295.117522
1.22304	5559170575.863318
1.22305	5048356315.053185
1.22306	5416390902.915389
1.22307	5616554792.29565
1.22308	5609963039.838504
1.22309	5560962929.602724
1.2231	5531717589.641694
1.22311	5605314696.465371
1.22312	5575194203.777349
1.2231299999999998	5622765869.794238
1.22314	5627558262.802595
1.22315	5631317317.928946
1.22316	5627169538.275835
1.22317	5634949133.00885
1.22318	5621859660.046941
1.22319	5622248017.76764
1.2232	5638453458.677902
1.22321	5619918273.794555
1.22322	5623801716.946218
1.2232299999999998	5547278882.002175
1.22324	5575964498.530066
1.22325	5559298581.970008
1.22326	5604927508.416692
1.22327	5624319712.080365
1.22328	5616296146.344452
1.22329	5626392169.774117
1.2233	5612030207.364288
1.22331	5607251037.949688
1.22332	5620565328.043329
1.22333	5618753763.857267
1.22334	5567368911.6470175
1.22335	5411529122.830429
1.22336	5615003095.239737
1.22337	5623672225.617036
1.22338	5613064076.752014
1.22339	5589590601.351422
1.2234	5581231028.519443
1.22341	5518994992.233868
1.2234200000000002	5563652543.794514
1.22343	5541151189.716874
1.22344	5620565328.043329
1.22345	5612676353.413576
1.22346	5626392169.774117
1.22347	5632225052.1934185
1.22348	5610867331.922611
1.22349	5556611072.596465
1.2235	5565061908.447078
1.22351	5601315042.755271
1.2235200000000002	5386293320.208575
1.22353	5579817569.000251
1.22354	5595900709.341751
1.22355	5619400684.029163
1.22356	5609446366.941821
1.22357	5605443765.091933
1.22358	5589848017.438507
1.22359	5495408738.576247
1.2236	5532991461.342019
1.22361	5572755639.019324
1.2236200000000002	5526370530.397366
1.22363	5026897153.690665
1.22364	5557634732.462003
1.22365	5604411299.288235
1.22366	5588432375.647146
1.22367	5632614125.954772
1.22368	5601959955.104628
1.22369	5590362885.1773405
1.2237	5469781776.749888
1.22371	5435005651.294477
1.22372	5564805633.776235
1.22373	5538472453.264244
1.22374	5531335485.3254385
1.22375	5518486697.418165
1.22376	5598349402.078905
1.22377	5599767556.0160675
1.22378	5625614908.662407
1.22379	5596931607.292446
1.2238	5450796896.8215475
1.22381	5585602167.517239
1.22382	5594097094.807957
1.22383	5609833867.152992
1.22384	5577248559.630725
1.22385	5586759806.64916
1.22386	5547406614.289341
1.22387	5278372067.815769
1.22388	5587660358.512553
1.22389	5588432375.647146
1.2239	5317408188.271427
1.22391	5539110130.176614
1.22392	5625744444.72401
1.22393	5566087125.157491
1.22394	5612934832.66331
1.22395	5470537507.231558
1.22396	5398958634.177579
1.22397	5601315042.755271
1.2239799999999998	5383193612.78529
1.22399	5583801872.3060465
1.224	5603895137.702207
1.22401	5618883141.933378
1.22402	5618236281.342265
1.22403	5474948016.5583
1.22404	5539875439.385929
1.22405	5586116644.180835
1.22406	5623672225.617036
1.22407	5627169538.275835
1.2240799999999998	5616942783.556386
1.22409	5575065831.664657
1.2241	5589075804.739258
1.22411	5595771860.449615
1.22412	5575707721.787932
1.22413	5601572998.785245
1.22414	5622765869.794238
1.22415	5629243046.077783
1.22416	5626780840.600307
1.22417	5625226318.3731575
1.2241799999999998	5603250002.569546
1.22419	5577120140.215261
1.2242	5619918273.794555
1.22421	5601057098.604315
1.22422	5567240719.71626
1.22423	5600928130.983318
1.22424	5557762703.204182
1.22425	5524080516.0836
1.22426	5581102517.405324
1.22427	5474191676.78434
1.22428	5582387761.714766
1.22429	5554948027.4365635
1.2243	5579560614.8217745
1.22431	5575707721.787932
1.22432	5523826128.632166
1.22433	5498573060.814351
1.22434	5588175024.751297
1.22435	5607121927.709609
1.22436	5544086530.507862
1.2243700000000002	5478100557.267377
1.22438	5596416134.5797825
1.22439	5610996528.404825
1.2244	5594483534.692326
1.22441	5502752756.270127
1.22442	5589976729.927525
1.22443	5593839483.048133
1.22444	5616037512.304089
1.22445	5617718846.486993
1.22446	5584701947.368304
1.2244700000000002	5594870001.271963
1.22448	5619400684.029163
1.22449	5617977557.95744
1.2245	5627947014.1824
1.22451	5623283769.518966
1.22452	5610996528.404825
1.22453	5605314696.465371
1.22454	5515183922.003196
1.22455	5352417722.104683
1.22456	5621212456.7912655
1.2245700000000002	5624449218.318646
1.22458	5534647933.126139
1.22459	5424628483.308412
1.2246	5619271294.0363655
1.22461	5610996528.404825
1.22462	5608025761.823661
1.22463	5575579337.851189
1.22464	5281897876.106629
1.22465	5573140604.63726
1.22466	5630669025.882842
1.22467	5628206196.688246
1.22468	5625096794.241717
1.22469	5604540347.1130705
1.2247	5578918281.143304
1.22471	5527134079.444345
1.22472	5611384135.701033
1.22473	5622377476.302824
1.22474	5315204763.655524
1.22475	5443772909.066492
1.22476	5607121927.709609
1.22477	5610092215.498362
1.22478	5619141907.022847
1.22479	5593968287.445101
1.2248	5526243282.478356
1.22481	5567112530.737198
1.22482	5566343458.844574
1.22483	5508457461.673061
1.22484	5539110130.176614
1.22485	5565190050.208295
1.22486	5596544998.307053
1.22487	5605572836.690469
1.22488	5614356681.329817
1.22489	5618365647.502766
1.2249	5630928333.7448225
1.22491	5619659472.952898
1.22492	5599380751.137019
1.22493	5396100131.984198
1.22494	5520011722.3230715
1.22495	5615003095.239737
1.22496	5602088946.484528
1.22497	5577890701.064313
1.22498	5587660358.512553
1.22499	5597318242.984788
1.225	5571472612.332772
1.22501	5582387761.714766
1.22502	5572883957.937254
1.2250299999999998	5590234163.796873
1.22504	5609188048.338193
1.22505	5601444019.285344
1.22506	5534902818.951562
1.22507	5531462850.498101
1.22508	5599638618.087543
1.22509	5599638618.087543
1.2251	5589976729.927525
1.22511	5605056568.127818
1.22512	5596287273.819701
1.2251299999999998	5611513344.083207
1.22514	5591264017.835181
1.22515	5549961877.770304
1.22516	5602217940.834596
1.22517	5600670204.649898
1.22518	5613322573.857458
1.22519	5607767508.639787
1.2252	5613839603.782433
1.22521	5612159430.622985
1.22522	5601572998.785245
1.2252299999999998	5325495229.664586
1.22524	5552134777.134545
1.22525	5596544998.307053
1.22526	5541278780.907086
1.22527	5544341851.006767
1.22528	5556099313.371297
1.22529	5549706298.465561
1.2253	5515818917.569971
1.22531	5484158524.894243
1.22532	5581359542.592695
1.22533	5530826053.960661
1.22534	5573397263.156534
1.22535	5603379023.654227
1.22536	5595127660.489974
1.22537	5569805119.243812
1.22538	5325249987.192983
1.22539	5506808828.468289
1.2254	5602991969.312449
1.22541	5592036532.868103
1.2254200000000002	5607121927.709609
1.22543	5624449218.318646
1.22544	5606089152.805378
1.22545	5590362885.1773405
1.22546	5598349402.078905
1.22547	5619918273.794555
1.22548	5584830541.363316
1.22549	5587789020.628282
1.2255	5599380751.137019
1.22551	5561347080.580994
1.2255200000000002	5511502389.028884
1.22553	5544980203.697426
1.22554	5529170726.031617
1.22555	5564164998.729974
1.22556	5592165295.75013
1.22557	5595771860.449615
1.22558	5596416134.5797825
1.22559	5611771769.77315
1.2256	5614485958.158173
1.22561	5601315042.755271
1.2256200000000002	5593968287.445101
1.22563	5606605516.476973
1.22564	5584573356.334247
1.22565	5590491609.521786
1.22566	5615132386.952494
1.22567	5439011787.185978
1.22568	5519757522.2422
1.22569	5509218535.7671795
1.2257	5584573356.334247
1.22571	5599509683.1278925
1.22572	5608284026.900785
1.22573	5604153212.552678
1.22574	5596931607.292446
1.22575	5602604941.706535
1.22576	5549578513.22682
1.22577	5412899952.11964
1.22578	5517343205.238235
1.22579	5597962695.159075
1.2258	5567240719.71626
1.22581	5567112530.737198
1.22582	5596673865.001528
1.22583	5610350575.741385
1.22584	5598220496.804182
1.22585	5596029561.200753
1.22586	5583930445.575825
1.22587	5596158416.026714
1.22588	5566856161.633861
1.22589	5570318140.87851
1.2259	5574038961.167705
1.22591	5574809096.306732
1.22592	5556611072.596465
1.22593	5586245270.75084
1.22594	5528661494.039358
1.22595	5330402451.548342
1.22596	5581231028.519443
1.22597	5591135275.705607
1.2259799999999998	5600670204.649898
1.22599	5607121927.709609
1.226	5607121927.709609
1.22601	5600412290.194172
1.22602	5592036532.868103
1.22603	5547278882.002175
1.22604	5432628404.375988
1.22605	5516326966.66275
1.22606	5551239950.856899
1.22607	5579946050.526999
1.2260799999999998	5605056568.127818
1.22609	5630280086.479603
1.2261	5619918273.794555
1.22611	5568394553.3622675
1.22612	5592422830.409004
1.22613	5603120984.455647
1.22614	5601959955.104628
1.22615	5608413163.899495
1.22616	5537707337.871235
1.22617	5603508047.7097645
1.2261799999999998	5609446366.941821
1.22619	5606347328.69633
1.2262	5614356681.329817
1.22621	5615649583.57509
1.22622	5611771769.77315
1.22623	5602088946.484528
1.22624	5598478310.321791
1.22625	5594612353.919302
1.22626	5581873628.478099
1.22627	5567497106.529559
1.22628	5594870001.271963
1.22629	5588561055.539432
1.2263	5590749067.102761
1.22631	5609575530.704708
1.22632	5595900709.341751
1.22633	5602991969.312449
1.22634	5615261681.64236
1.22635	5592809154.635292
1.22636	5576606492.122147
1.2263700000000002	5603766104.733696
1.22638	5594354718.431489
1.22639	5584444768.261071
1.2264	5523063036.56389
1.22641	5411902950.930489
1.22642	5568779217.716675
1.22643	5562371612.931797
1.22644	5576734899.710265
1.22645	5416765066.866918
1.22646	5416889793.927855
1.2264700000000002	5603895137.702207
1.22648	5599251822.114903
1.22649	5580460006.218999
1.2265	5573268932.419453
1.22651	5380839028.218377
1.22652	5506682030.968927
1.22653	5576734899.710265
1.22654	5604927508.416692
1.22655	5609446366.941821
1.22656	5606476421.100403
1.2265700000000002	5599509683.1278925
1.22658	5569548626.14507
1.22659	5587017092.370329
1.2266	5599122896.061455
1.22661	5601572998.785245
1.22662	5616037512.304089
1.22663	5608284026.900785
1.22664	5567240719.71626
1.22665	5529425359.616525
1.22666	5550856498.030304
1.22667	5608413163.899495
1.22668	5616813450.158186
1.22669	5614873806.503996
1.2267	5580460006.218999
1.22671	5306522377.734247
1.22672	5549834086.6467
1.22673	5364262229.683378
1.22674	5565318194.920097
1.22675	5582773392.719147
1.22676	5590491609.521786
1.22677	5578276021.411998
1.22678	5571216042.444904
1.22679	5583287608.830979
1.2268	5551495600.790595
1.22681	5528025020.001434
1.22682	5573397263.156534
1.22683	5579046741.962969
1.22684	5555075936.314362
1.22685	5584187600.997079
1.22686	5579046741.962969
1.22687	5596029561.200753
1.22688	5606347328.69633
1.22689	5604927508.416692
1.2269	5570959484.372221
1.22691	5588947112.994572
1.22692	5610092215.498362
1.22693	5617072119.932654
1.22694	5611513344.083207
1.22695	5535540084.870935
1.22696	5573012279.809893
1.22697	5562243536.0667715
1.22698	5581359542.592695
1.22699	5586373900.282594
1.227	5579432142.169887
1.22701	5599122896.061455
1.22702	5606218239.264687
1.2270299999999998	5578661368.37761
1.22704	5584187600.997079
1.22705	5575707721.787932
1.22706	5515818917.569971
1.22707	5522172895.719609
1.22708	5586373900.282594
1.22709	5608025761.823661
1.2271	5604282254.434779
1.22711	5606089152.805378
1.22712	5584444768.261071
1.2271299999999998	5515564910.570447
1.22714	5576734899.710265
1.22715	5567368911.6470175
1.22716	5588046353.747597
1.22717	5596673865.001528
1.22718	5598993972.9766035
1.22719	5591521510.987696
1.2272	5592809154.635292
1.22721	5586373900.282594
1.22722	5595256494.548688
1.2272299999999998	5595385331.573927
1.22724	5572114088.747573
1.22725	5517089128.044268
1.22726	5570831209.766422
1.22727	5580588502.53858
1.22728	5579432142.169887
1.22729	5556099313.371297
1.2273	5533755925.1676
1.22731	5562115462.150789
1.22732	5595900709.341751
1.22733	5505794530.218
1.22734	5309333427.47109
1.22735	5490602456.017343
1.22736	5377494811.144349
1.22737	5521791450.704679
1.22738	5550984312.696072
1.22739	5488074522.266925
1.2274	5444525046.042075
1.22741	5484411085.5429535
1.2274200000000002	5527515893.5277405
1.22743	5553541224.147468
1.22744	5570446403.670324
1.22745	5506301655.988065
1.22746	5503766494.153338
1.22747	5535030266.266064
1.22748	5570574669.415554
1.22749	5476334910.895885
1.2275	5585602167.517239
1.22751	5584573356.334247
1.2275200000000002	5407543229.455814
1.22753	5533118864.645378
1.22754	5559042572.704025
1.22755	5560322736.938664
1.22756	5573910615.65515
1.22757	5560834885.173434
1.22758	5533373680.0529995
1.22759	5531335485.3254385
1.2276	5280803407.777235
1.22761	5524334915.250279
1.2276200000000002	5591779015.998503
1.22763	5600670204.649898
1.22764	5565446342.582576
1.22765	4987581438.228857
1.22766	5439638012.606807
1.22767	5508584300.0537
1.22768	5573910615.65515
1.22769	5603508047.7097645
1.2277	5599380751.137019
1.22771	5527388619.236074
1.22772	5338386333.113142
1.22773	5336665718.027649
1.22774	5436507606.346828
1.22775	5586759806.64916
1.22776	5598220496.804182
1.22777	5595643014.524322
1.22778	5578789823.281549
1.22779	5568907445.073065
1.2278	5601701981.255043
1.22781	5607638386.507668
1.22782	5576991723.756756
1.22783	5567497106.529559
1.22784	5588303698.7177925
1.22785	5580460006.218999
1.22786	5598736135.7124
1.22787	5598993972.9766035
1.22788	5605443765.091933
1.22789	5607251037.949688
1.2279	5571857489.3193035
1.22791	5457704277.751026
1.22792	5388650291.502107
1.22793	5585859399.925904
1.22794	5531590218.603512
1.22795	5582516302.42307
1.22796	5577633835.619318
1.22797	5586116644.180835
1.2279799999999998	5579689090.431865
1.22799	5558914572.4921
1.228	5587017092.370329
1.22801	5573653933.495664
1.22802	5531844963.612737
1.22803	5515310915.268086
1.22804	5536432380.425218
1.22805	5577248559.630725
1.22806	5495535276.495472
1.22807	5575322578.845975
1.2280799999999998	5602604941.706535
1.22809	5583930445.575825
1.2281	5588818424.213088
1.22811	5591907772.950914
1.22812	5578661368.37761
1.22813	5594483534.692326
1.22814	5596544998.307053
1.22815	5579946050.526999
1.22816	5588046353.747597
1.22817	5487569075.200608
1.2281799999999998	5578019138.222775
1.22819	5571857489.3193035
1.2282	5558402601.116498
1.22821	5575964498.530066
1.22822	5577120140.215261
1.22823	5582259223.966188
1.22824	5596673865.001528
1.22825	5597189361.453132
1.22826	5601444019.285344
1.22827	5587274389.940193
1.2282799999999998	5605056568.127818
1.22829	5583416170.259267
1.2283	5559682617.975267
1.22831	5584701947.368304
1.22832	5594225905.136721
1.22833	5593195505.548857
1.22834	5584316183.14869
1.22835	5588175024.751297
1.22836	5577120140.215261
1.22837	5603637074.736222
1.22838	5572627323.056015
1.22839	5518105507.027998
1.2284	5558658580.910023
1.22841	5582387761.714766
1.22842	5588432375.647146
1.22843	5581616579.616765
1.22844	5570318140.87851
1.22845	5580717001.816935
1.22846	5592680376.928037
1.2284700000000002	5596416134.5797825
1.22848	5603250002.569546
1.22849	5588689738.394738
1.2285	5571344325.911903
1.22851	5530316669.514087
1.22852	5345397423.6530075
1.22853	5587660358.512553
1.22854	5604153212.552678
1.22855	5604669397.909375
1.22856	5580331512.85812
1.2285700000000002	5581359542.592695
1.22858	5579946050.526999
1.22859	5581745102.5677395
1.2286	5535667546.859197
1.22861	5131566957.251475
1.22862	5503893224.519214
1.22863	5506428444.72887
1.22864	5565958962.740619
1.22865	5590105445.38029
1.22866	5593324295.117522
1.2286700000000002	5595643014.524322
1.22868	5548045319.844224
1.22869	5523317388.87285
1.2287	5564421243.897802
1.22871	5554820121.503919
1.22872	5575707721.787932
1.22873	5579946050.526999
1.22874	5492119775.157075
1.22875	5517470248.223036
1.22876	5569292144.857976
1.22877	5571344325.911903
1.22878	5592422830.409004
1.22879	5581873628.478099
1.2288	5590234163.796873
1.22881	5594097094.807957
1.22882	5589333197.118537
1.22883	5590234163.796873
1.22884	5576092891.335567
1.22885	5577890701.064313
1.22886	5586502532.776187
1.22887	5601572998.785245
1.22888	5597318242.984788
1.22889	5599896496.913531
1.2289	5593968287.445101
1.22891	5514675978.18387
1.22892	5453433228.1325035
1.22893	5440264310.128675
1.22894	5554692218.516406
1.22895	5571985787.556333
1.22896	5585988020.572553
1.22897	5572499010.047254
1.22898	5584830541.363316
1.22899	5593581883.151521
1.229	5596029561.200753
1.22901	5513279373.88335
1.22902	5540513277.832368
1.2290299999999998	5596931607.292446
1.22904	5573653933.495664
1.22905	5293464440.515545
1.22906	5534138196.687693
1.22907	5575450956.870558
1.22908	5577248559.630725
1.22909	5585216341.114765
1.2291	5448914583.35235
1.22911	5318632707.726793
1.22912	5574295661.058801
1.2291299999999998	5587403043.168589
1.22914	5575836108.680861
1.22915	5562755861.221847
1.22916	5589848017.438507
1.22917	5586888448.028701
1.22918	5544980203.697426
1.22919	5567625304.36391
1.2292	5585859399.925904
1.22921	5586502532.776187
1.22922	5575836108.680861
1.2292299999999998	5566856161.633861
1.22924	5568138125.22099
1.22925	5567497106.529559
1.22926	5559682617.975267
1.22927	5582130689.177265
1.22928	5580331512.85812
1.22929	5475200153.037683
1.2293	5428626970.202347
1.22931	5582516302.42307
1.22932	5589075804.739258
1.22933	5524462119.227028
1.22934	5400326279.155364
1.22935	5569420384.025109
1.22936	5559170575.863318
1.22937	5235281035.08859
1.22938	5473183386.28208
1.22939	5597060482.889048
1.2294	5583673301.996721
1.22941	5590105445.38029
1.2294200000000002	5574038961.167705
1.22943	5576349685.815798
1.22944	5581745102.5677395
1.22945	5574167309.635581
1.22946	5580845504.054148
1.22947	5548173069.779476
1.22948	5503259601.8695545
1.22949	5560962929.602724
1.2295	5594097094.807957
1.22951	5592551602.185964
1.2295200000000002	5586245270.75084
1.22953	5578532916.431421
1.22954	5545235565.352449
1.22955	5518867914.140921
1.22956	5563908765.362399
1.22957	5580460006.218999
1.22958	5580074535.012177
1.22959	5568522771.861333
1.2296	5583801872.3060465
1.22961	5574295661.058801
1.2296200000000002	5579046741.962969
1.22963	5581488059.625107
1.22964	5269021855.538265
1.22965	5512771605.471313
1.22966	5571472612.332772
1.22967	5419010593.430355
1.22968	5532736663.535838
1.22969	5578661368.37761
1.2297	5551879097.766392
1.22971	5558658580.910023
1.22972	5311289818.55012
1.22973	5532354488.826882
1.22974	5558018653.528639
1.22975	5552134777.134545
1.22976	5537834849.762916
1.22977	5516199950.002679
1.22978	5557506764.666423
1.22979	5578276021.411998
1.2298	5586502532.776187
1.22981	5547534349.517685
1.22982	5521155767.564196
1.22983	5552646171.195639
1.22984	5568009915.578618
1.22985	5557762703.204182
1.22986	5553157612.360035
1.22987	5500852500.981431
1.22988	5486810991.883378
1.22989	5502245957.350755
1.2299	5531462850.498101
1.22991	5488959166.659807
1.22992	5511502389.028884
1.22993	5526879551.374358
1.22994	5572499010.047254
1.22995	5586631168.231686
1.22996	5571472612.332772
1.22997	5574937462.507807
1.22998	5563908765.362399
1.22999	5552646171.195639
1.23	5568907445.073065
1.23001	5581359542.592695
1.23002	5589075804.739258
1.23003	5585730782.240823
1.23004	5587145739.674137
1.23005	5563652543.794514
1.23006	5356979692.114323
1.23007	5550856498.030304
1.2300799999999998	5593324295.117522
1.23009	5572114088.747573
1.2301	5568907445.073065
1.23011	5572499010.047254
1.23012	5561859323.165666
1.23013	5568522771.861333
1.23014	5556611072.596465
1.23015	5537324819.812119
1.23016	5579946050.526999
1.23017	5596416134.5797825
1.2301799999999998	5579046741.962969
1.23019	5523444569.419896
1.2302	5539237674.369152
1.23021	5581359542.592695
1.23022	5587660358.512553
1.23023	5582259223.966188
1.23024	5508457461.673061
1.23025	5178452536.0002365
1.23026	5471041385.560252
1.23027	5579689090.431865
1.2302799999999998	5589204499.44724
1.23029	5583544734.647825
1.2303	5580717001.816935
1.23031	5594097094.807957
1.23032	5594097094.807957
1.23033	5594998829.397763
1.23034	5585730782.240823
1.23035	5571857489.3193035
1.23036	5528788797.640389
1.23037	5527643170.750041
1.23038	5478100557.267377
1.23039	5062674433.318167
1.2304	5495535276.495472
1.23041	5553796980.061154
1.23042	5570702938.114224
1.23043	5528916104.172728
1.23044	5545490938.767606
1.23045	5572499010.047254
1.23046	5585988020.572553
1.2304700000000002	5578661368.37761
1.23048	5508964832.719473
1.23049	5445151906.236827
1.2305	5559810635.872297
1.23051	5572627323.056015
1.23052	5576092891.335567
1.23053	5517216165.178678
1.23054	5506048087.264543
1.23055	5570318140.87851
1.23056	5543703571.804948
1.2305700000000002	5554180636.0160675
1.23058	5323411028.602619
1.23059	5557122878.958593
1.2306	5568522771.861333
1.23061	5546512550.040114
1.23062	5512263883.824322
1.23063	5552134777.134545
1.23064	5510233464.800695
1.23065	5551623430.172416
1.23066	5485547752.404983
1.2306700000000002	5545107883.054957
1.23068	5584701947.368304
1.23069	5589976729.927525
1.2307	5558146633.111032
1.23071	5464997907.522826
1.23072	5524589326.132767
1.23073	5536304900.826216
1.23074	5570446403.670324
1.23075	5538982588.920856
1.23076	5516326966.66275
1.23077	5528916104.172728
1.23078	5567753505.150157
1.23079	5531462850.498101
1.2308	5543448280.699188
1.23081	5574295661.058801
1.23082	5562371612.931797
1.23083	5575322578.845975
1.23084	5564421243.897802
1.23085	5546640264.681631
1.23086	5557762703.204182
1.23087	5551623430.172416
1.23088	5553157612.360035
1.23089	5529043413.636439
1.2309	5551623430.172416
1.23091	5497433694.962703
1.23092	5550728686.307546
1.23093	5590105445.38029
1.23094	5586502532.776187
1.23095	5584573356.334247
1.23096	5529043413.636439
1.23097	5537452322.895894
1.23098	5549578513.22682
1.23099	5542810104.367531
1.2309999999999999	5574809096.306732
1.23101	5579046741.962969
1.23102	5321205116.533114
1.2310299999999998	5278979797.840779
1.23104	5567240719.71626
1.23105	5553796980.061154
1.23106	5565702646.7598505
1.23107	5571344325.911903
1.23108	5580845504.054148
1.23109	5587531699.359344
1.2311	5587274389.940193
1.23111	5580845504.054148
1.23112	5582644846.091189
1.2311299999999998	5488832780.159365
1.23114	5413398521.588849
1.23115	5527897733.98681
1.23116	5313613969.295328
1.23117	5309944722.259562
1.23118	5545618629.885385
1.23119	5512136960.719111
1.2312	5560322736.938664
1.23121	5578532916.431421
1.23122	5513914150.1683
1.2312299999999998	5537452322.895894
1.23124	5547278882.002175
1.23125	5524589326.132767
1.23126	5371554667.486636
1.23127	5569035675.382032
1.23128	5575836108.680861
1.23129	5568650993.312772
1.2313	5562755861.221847
1.23131	5538599982.773561
1.23132	5549450730.930387
1.23133	5562115462.150789
1.23134	5549578513.22682
1.23135	5541661572.105571
1.23136	5552390468.277439
1.23137	5535795011.782434
1.23138	5542810104.367531
1.23139	5537962364.590699
1.2314	5530444011.227403
1.23141	5519757522.2422
1.2314200000000002	5543448280.699188
1.23143	5536942328.175523
1.23144	5519503333.867382
1.23145	5482012228.91072
1.23146	5445778838.6056795
1.23147	5472931342.676123
1.23148	5429251999.958111
1.23149	5444775781.459607
1.2315	5481759778.730896
1.23151	5499459397.5081215
1.2315200000000002	5498952901.904331
1.23153	5303957066.945365
1.23154	5484663657.822803
1.23155	5526879551.374358
1.23156	5543958874.667547
1.23157	5543575924.782506
1.23158	5532991461.342019
1.23159	5234557804.244621
1.2316	5479740595.764988
1.23161	5521282898.337497
1.2316200000000002	5526243282.478356
1.23163	5548300822.656335
1.23164	5547406614.289341
1.23165	5538472453.264244
1.23166	5512136960.719111
1.23167	5523826128.632166
1.23168	5530061994.883786
1.23169	5559042572.704025
1.2317	5560194707.250187
1.23171	5524589326.132767
1.23172	5549706298.465561
1.23173	5560578805.159725
1.23174	5536687348.429369
1.23175	5491361063.180861
1.23176	5355623024.758796
1.23177	5329052514.939754
1.23178	5547151152.65612
1.23179	5537962364.590699
1.2318	5532736663.535838
1.23181	5509345391.672397
1.23182	5526370530.397366
1.23183	5470789440.59478
1.23184	5548428578.474826
1.23185	5535795011.782434
1.23186	5219032484.306944
1.23187	5453056531.321589
1.23188	5521410032.038149
1.23189	5533628507.195548
1.2319	5561731258.096414
1.23191	5572755639.019324
1.23192	5559554603.025903
1.23193	5543831221.766607
1.23194	5550984312.696072
1.23195	5555203848.1374035
1.23196	5473687508.316463
1.23197	5546384838.339279
1.23198	5554436421.376438
1.23199	5558402601.116498
1.232	5574424015.437454
1.23201	5568009915.578618
1.23202	5546767982.263921
1.23203	5206669366.284368
1.23204	5456447739.569693
1.23205	5556866969.885153
1.23206	5561603195.975929
1.23207	5530953407.403121
1.2320799999999998	5532991461.342019
1.23209	5510233464.800695
1.2321	5475578379.5286045
1.23211	5532481877.463239
1.23212	5532227103.123723
1.23213	5514422023.817439
1.23214	5553413350.607316
1.23215	5553924862.434802
1.23216	5510994784.275661
1.23217	5527388619.236074
1.2321799999999998	5545490938.767606
1.23219	5552646171.195639
1.2322	5540513277.832368
1.23221	5531080763.778015
1.23222	5511883123.276065
1.23223	5494776092.682904
1.23224	5492752115.212956
1.23225	5506682030.968927
1.23226	5410283215.647428
1.23227	5293098793.575371
1.2322799999999998	5293952009.061007
1.23229	5295780791.109157
1.2323	5378980873.1687355
1.23231	5385301219.690783
1.23232	5380467345.863945
1.23233	5313858675.896166
1.23234	5285426039.541075
1.23235	5342936343.8962755
1.23236	5382449948.47506
1.23237	5448538198.667603
1.23238	5471041385.560252
1.23239	5473183386.28208
1.2324	5468396542.008511
1.23241	5486810991.883378
1.23242	5502119264.914171
1.23243	5528661494.039358
1.23244	5339861587.572631
1.23245	5412027566.035757
1.23246	5472679310.676935
1.2324700000000002	5498952901.904331
1.23248	5536942328.175523
1.23249	5545746323.943391
1.2325	5548173069.779476
1.23251	5495788361.075041
1.23252	5470663472.462924
1.23253	5496927385.92442
1.23254	5536177424.162483
1.23255	5549578513.22682
1.23256	5555459680.6194935
1.2325700000000002	5557378799.817378
1.23258	5541661572.105571
1.23259	5504653667.997105
1.2326	5512898543.189926
1.23261	5500345877.073979
1.23262	5334208658.444209
1.23263	5536814836.834653
1.23264	5447534633.2754345
1.23265	5516835062.550735
1.23266	5531717589.641694
1.2326700000000002	5536432380.425218
1.23268	5561347080.580994
1.23269	5545874020.941696
1.2327	5555203848.1374035
1.23271	5350815790.231038
1.23272	5306155828.814881
1.23273	5556483128.371255
1.23274	5548939631.166686
1.23275	5544469515.665517
1.23276	5546384838.339279
1.23277	5535412625.817561
1.23278	5558786575.227454
1.23279	5520393044.394475
1.2328	5502245957.350755
1.23281	5552518318.264606
1.23282	5554820121.503919
1.23283	5556483128.371255
1.23284	5543448280.699188
1.23285	5541406375.035228
1.23286	5531208123.08543
1.23287	5535540084.870935
1.23288	5540640854.333946
1.23289	5550089671.836464
1.2329	5566215290.525445
1.23291	5563780653.103515
1.23292	5558274615.640293
1.23293	5532736663.535838
1.23294	5527643170.750041
1.23295	5508076964.0540285
1.23296	5368092614.363628
1.23297	5567881708.8883705
1.23298	5565446342.582576
1.23299	5554052747.753084
1.2329999999999999	5559810635.872297
1.23301	5554308527.223846
1.23302	5552518318.264606
1.2330299999999998	5552774027.070628
1.23304	5538727515.219407
1.23305	5559938656.717081
1.23306	5559298581.970008
1.23307	5526116037.489282
1.23308	5172613155.278152
1.23309	5382697825.16288
1.2331	5424753391.433268
1.23311	5524589326.132767
1.23312	5526116037.489282
1.2331299999999998	5532864060.972196
1.23314	5546640264.681631
1.23315	5546512550.040114
1.23316	5544852527.279785
1.23317	5555715524.883401
1.23318	5420632941.523347
1.23319	5207268840.755575
1.2332	5544469515.665517
1.23321	5553157612.360035
1.23322	5537834849.762916
1.2332299999999998	5544469515.665517
1.23324	5510994784.275661
1.23325	5101289845.367155
1.23326	5474443778.432186
1.23327	5552901885.889642
1.23328	5521028639.718153
1.23329	5462355985.545385
1.2333	5553285480.011528
1.23331	5559170575.863318
1.23332	5532609269.032861
1.23333	5219272835.169161
1.23334	5494776092.682904
1.23335	5550217468.845203
1.23336	5543575924.782506
1.23337	5274605702.933926
1.23338	5514168081.145746
1.23339	5538599982.773561
1.2334	5517216165.178678
1.23341	5489591142.81624
1.2334200000000002	5539492771.56486
1.23343	5553924862.434802
1.23344	5554308527.223846
1.23345	5339492735.741755
1.23346	4879103153.288125
1.23347	5521537168.666173
1.23348	5524207714.2025
1.23349	5527515893.5277405
1.2335	5572755639.019324
1.23351	5578404467.442915
1.2335200000000002	5560578805.159725
1.23353	5566087125.157491
1.23354	5569805119.243812
1.23355	5561475136.804132
1.23356	5562115462.150789
1.23357	5549834086.6467
1.23358	5558530589.539733
1.23359	5556099313.371297
1.2336	5562371612.931797
1.23361	5484158524.894243
1.2336200000000002	5193020057.313774
1.23363	5324146535.821182
1.23364	5543958874.667547
1.23365	5527897733.98681
1.23366	5471545310.299993
1.23367	5517343205.238235
1.23368	5561347080.580994
1.23369	5569035675.382032
1.2337	5563652543.794514
1.23371	5494017013.748213
1.23372	5317775514.5031185
1.23373	5562883949.883732
1.23374	5570574669.415554
1.23375	5573012279.809893
1.23376	5568009915.578618
1.23377	5546257129.579103
1.23378	5534010769.913615
1.23379	5553541224.147468
1.2338	5527770450.903041
1.23381	5476713215.775811
1.23382	5534902818.951562
1.23383	5571216042.444904
1.23384	5567368911.6470175
1.23385	5537069822.452001
1.23386	5509345391.672397
1.23387	5575322578.845975
1.23388	5559298581.970008
1.23389	5528916104.172728
1.2339	5557250837.914776
1.23391	5544469515.665517
1.23392	5551879097.766392
1.23393	5567881708.8883705
1.23394	5513025483.831446
1.23395	5531080763.778015
1.23396	5551495600.790595
1.23397	5564805633.776235
1.23398	5555459680.6194935
1.23399	5549322951.576239
1.234	5534902818.951562
1.23401	5510867890.392215
1.23402	5470285585.470007
1.23403	5531335485.3254385
1.23404	5530571355.87288
1.23405	5538855050.60181
1.23406	5538982588.920856
1.23407	5565190050.208295
1.2340799999999998	5577505407.332673
1.23409	5569163908.643647
1.2341	5547662087.687275
1.23411	5550345268.796609
1.23412	5555331762.90576
1.23413	5540130565.952479
1.23414	5526243282.478356
1.23415	5126842785.315215
1.23416	5265504642.335957
1.23417	5434880507.10531
1.2341799999999998	5481633558.000578
1.23419	5538472453.264244
1.2342	5551367774.3521185
1.23421	5558274615.640293
1.23422	5556611072.596465
1.23423	5550473071.690754
1.23424	5549706298.465561
1.23425	5537707337.871235
1.23426	5558018653.528639
1.23427	5560578805.159725
1.2342799999999998	5533883346.073593
1.23429	5472679310.676935
1.2343	5530189330.732911
1.23431	5549067401.694455
1.23432	5568522771.861333
1.23433	5515691912.608026
1.23434	5514041114.195279
1.23435	5402440593.775374
1.23436	5154066289.862786
1.23437	5533755925.1676
1.23438	5505033929.1350565
1.23439	5498446452.948361
1.2344	5533501092.157371
1.23441	5546129423.759497
1.23442	5551751262.497652
1.23443	5486179335.785226
1.23444	5482390925.979447
1.23445	5556355187.092034
1.23446	5554948027.4365635
1.2344700000000002	5534265626.395914
1.23448	5495535276.495472
1.23449	5535540084.870935
1.2345	5566471630.114898
1.23451	5548811863.580887
1.23452	5540258133.64169
1.23453	5525607086.831301
1.23454	5511629297.52237
1.23455	5490476031.679197
1.23456	5499459397.5081215
1.2345700000000002	5564549370.907004
1.23458	5567497106.529559
1.23459	5555843451.433685
1.2346	5545746323.943391
1.23461	5529425359.616525
1.23462	5508457461.673061
1.23463	5462104440.548178
1.23464	5495914907.7354965
1.23465	5380467345.863945
1.23466	5284939256.230266
1.2346700000000002	5532481877.463239
1.23468	5522045744.453596
1.23469	5498066646.841428
1.2347	5522935864.801865
1.23471	5384681249.664303
1.23472	5291027271.2753725
1.23473	5184298508.819236
1.23474	5495282203.570632
1.23475	5542299616.199975
1.23476	5555971380.929621
1.23477	5545107883.054957
1.23478	5532736663.535838
1.23479	5561090976.980358
1.2348	5559170575.863318
1.23481	5559170575.863318
1.23482	5566856161.633861
1.23483	5574167309.635581
1.23484	5566215290.525445
1.23485	5531208123.08543
1.23486	5519757522.2422
1.23487	5538217403.054871
1.23488	5549450730.930387
1.23489	5555587601.278703
1.2349	5542044389.747271
1.23491	5529298041.358282
1.23492	5483779705.728324
1.23493	5539747880.508478
1.23494	5531590218.603512
1.23495	5547278882.002175
1.23496	5545235565.352449
1.23497	5553669100.63205
1.23498	5564677500.86645
1.23499	5549706298.465561
1.235	5529680004.928012
1.23501	5555587601.278703
1.23502	5542044389.747271
1.23503	5548939631.166686
1.23504	5570959484.372221
1.23505	5559938656.717081
1.23506	5531335485.3254385
1.23507	5533628507.195548
1.23508	5544852527.279785
1.23509	5403187020.086104
1.2351	5346012870.701498
1.23511	5549067401.694455
1.23512	5561219027.306425
1.2351299999999998	5549195175.164283
1.23514	5556227248.758739
1.23515	5554436421.376438
1.23516	5549450730.930387
1.23517	5518994992.233868
1.23518	5356486318.77205
1.23519	5300294488.35795
1.2352	5440890679.759838
1.23521	5552390468.277439
1.23522	5535030266.266064
1.2352299999999998	5516326966.66275
1.23524	5527388619.236074
1.23525	5505667756.073447
1.23526	5516326966.66275
1.23527	5538982588.920856
1.23528	5531208123.08543
1.23529	5536049950.433999
1.2353	5536049950.433999
1.23531	5500725840.629997
1.23532	5517851394.729565
1.2353299999999998	5207388743.932103
1.23534	5493258039.676886
1.23535	5554820121.503919
1.23536	5491234621.375343
1.23537	5438636086.538528
1.23538	5520520157.605225
1.23539	5546512550.040114
1.2354	5496547684.747315
1.23541	5455945205.303569
1.23542	5546129423.759497
1.23543	5530953407.403121
1.23544	5540003001.200589
1.23545	5557122878.958593
1.23546	5529934661.966642
1.23547	5519376244.069595
1.23548	5558530589.539733
1.23549	5548939631.166686
1.2355	5547278882.002175
1.23551	5553796980.061154
1.2355200000000002	5513406323.2939
1.23553	5514295051.019793
1.23554	5486053013.292017
1.23555	5532609269.032861
1.23556	5558402601.116498
1.23557	5523317388.87285
1.23558	5516072936.267241
1.23559	5536687348.429369
1.2356	5540768433.773115
1.23561	5545107883.054957
1.2356200000000002	5554308527.223846
1.23563	5531717589.641694
1.23564	5549450730.930387
1.23565	5553413350.607316
1.23566	5538727515.219407
1.23567	5540640854.333946
1.23568	5554820121.503919
1.23569	5538982588.920856
1.2357	5531590218.603512
1.23571	5526625035.02553
1.2357200000000002	5459966775.714254
1.23573	5544086530.507862
1.23574	5362039389.716134
1.23575	5480623896.779389
1.23576	5390760034.785107
1.23577	5437383938.465029
1.23578	5532481877.463239
1.23579	5520901514.799306
1.2358	5528279600.823415
1.23581	5528025020.001434
1.23582	5546384838.339279
1.23583	5546257129.579103
1.23584	5547917572.850489
1.23585	5539747880.508478
1.23586	5544214189.287572
1.23587	5553413350.607316
1.23588	5424253776.190058
1.23589	5188836663.548669
1.2359	5483905975.87609
1.23591	5554436421.376438
1.23592	5547662087.687275
1.23593	5546001720.88039
1.23594	5554948027.4365635
1.23595	5563908765.362399
1.23596	5559426591.024179
1.23597	5553924862.434802
1.23598	5277521363.317577
1.23599	5365744634.905205
1.236	5550473071.690754
1.23601	5532736663.535838
1.23602	5527134079.444345
1.23603	5543320639.554972
1.23604	5548684098.937033
1.23605	5504526920.1215725
1.23606	5416515621.360761
1.23607	5545490938.767606
1.2360799999999998	5326231024.84606
1.23609	5325863114.5486
1.2361	5535285169.699007
1.23611	5516835062.550735
1.23612	5500472528.676328
1.23613	5532481877.463239
1.23614	5549834086.6467
1.23615	5556866969.885153
1.23616	5553541224.147468
1.23617	5519122073.252904
1.2361799999999998	5318387781.2787285
1.23619	5497686866.9696865
1.2362	5528916104.172728
1.23621	5368834294.997826
1.23622	5435506256.867561
1.23623	5480497702.203418
1.23624	5503259601.8695545
1.23625	5543958874.667547
1.23626	5551623430.172416
1.23627	5552134777.134545
1.2362799999999998	5549195175.164283
1.23629	5541789175.04793
1.2363	5540003001.200589
1.23631	5532736663.535838
1.23632	5531844963.612737
1.23633	5546895702.78705
1.23634	5532864060.972196
1.23635	5526879551.374358
1.23636	5518359631.029007
1.23637	5543575924.782506
1.23638	5533373680.0529995
1.23639	5519630426.591578
1.2364	5536177424.162483
1.23641	5529170726.031617
1.23642	5443647563.00608
1.23643	5329052514.939754
1.23644	5507442859.761283
1.23645	5014065465.855747
1.23646	5359447240.561242
1.2364700000000002	5522554367.084717
1.23648	5455819578.968927
1.23649	5430627318.743454
1.2365	5530826053.960661
1.23651	5544214189.287572
1.23652	5535667546.859197
1.23653	5535540084.870935
1.23654	5534775374.571608
1.23655	5542299616.199975
1.23656	5519757522.2422
1.2365700000000002	5477974420.792755
1.23658	5460218222.26609
1.23659	5446531252.729815
1.2366	5511248580.808269
1.23661	5512517738.802468
1.23662	5503386320.563669
1.23663	5524334915.250279
1.23664	5526497781.246403
1.23665	5409037595.312151
1.23666	5330034253.108866
1.2366700000000002	5550089671.836464
1.23668	5546001720.88039
1.23669	5508076964.0540285
1.2367	5518994992.233868
1.23671	5532481877.463239
1.23672	5531972340.516706
1.23673	5354883169.202958
1.23674	5438636086.538528
1.23675	5259324892.56981
1.23676	5410158640.706846
1.23677	5452930971.500358
1.23678	5485295139.412034
1.23679	5518867914.140921
1.2368	5525861556.300779
1.23681	5534138196.687693
1.23682	5538344926.69137
1.23683	5539237674.369152
1.23684	5536942328.175523
1.23685	5518232567.565647
1.23686	5490096776.1304455
1.23687	5486305661.187173
1.23688	5515564910.570447
1.23689	5507316047.662977
1.2369	5511629297.52237
1.23691	5512517738.802468
1.23692	5501992575.394756
1.23693	5494396540.106719
1.23694	5510867890.392215
1.23695	5514929944.245625
1.23696	5481507340.176543
1.23697	5497813457.34536
1.23698	5524207714.2025
1.23699	5532354488.826882
1.237	5528788797.640389
1.23701	5468900223.1379385
1.23702	5480245321.768497
1.23703	5498952901.904331
1.23704	5445778838.6056795
1.23705	5412650684.604476
1.23706	5529043413.636439
1.23707	5544341851.006767
1.23708	5527643170.750041
1.23709	5452177673.283473
1.2371	5099410806.887619
1.23711	5505667756.073447
1.23712	5548300822.656335
1.2371299999999998	5526625035.02553
1.23714	5520774392.807585
1.23715	5518232567.565647
1.23716	5487316369.124425
1.23717	5489843953.652035
1.23718	5324514327.537487
1.23719	5424753391.433268
1.2372	5508584300.0537
1.23721	5537069822.452001
1.23722	5540513277.832368
1.2372299999999998	5546001720.88039
1.23724	5522300049.913423
1.23725	5512771605.471313
1.23726	5540130565.952479
1.23727	5546640264.681631
1.23728	5541916780.928466
1.23729	5549067401.694455
1.2373	5550600877.5277
1.23731	5539365221.498561
1.23732	5543065366.083509
1.2373299999999998	5539110130.176614
1.23734	5526625035.02553
1.23735	5536177424.162483
1.23736	5532609269.032861
1.23737	5544980203.697426
1.23738	5542172001.50441
1.23739	5529807331.981416
1.2374	5536942328.175523
1.23741	5549322951.576239
1.23742	5436132078.676086
1.23743	5142685903.405622
1.23744	5500725840.629997
1.23745	5546512550.040114
1.23746	5543575924.782506
1.23747	5519503333.867382
1.23748	5505160688.685036
1.23749	5522300049.913423
1.2375	5527006813.94417
1.23751	5547789828.7982025
1.2375200000000002	5559938656.717081
1.23753	5549067401.694455
1.23754	5531972340.516706
1.23755	5511502389.028884
1.23756	5531208123.08543
1.23757	5545490938.767606
1.23758	5499712662.804279
1.23759	5134403549.657804
1.2376	5492878591.960486
1.23761	5473687508.316463
1.2376200000000002	5508330626.212954
1.23763	5515056931.662396
1.23764	5428501972.886071
1.23765	5509599112.245918
1.23766	5556227248.758739
1.23767	5550217468.845203
1.23768	5528279600.823415
1.23769	5519249157.198125
1.2377	5275212999.315193
1.23771	5300172445.972253
1.2377200000000002	5523953320.893512
1.23773	5539110130.176614
1.23774	5535030266.266064
1.23775	5253152395.538184
1.23776	5359200434.577758
1.23777	5531335485.3254385
1.23778	5503259601.8695545
1.23779	5516708034.19146
1.2378	5541406375.035228
1.23781	5552518318.264606
1.23782	5542299616.199975
1.23783	5484411085.5429535
1.23784	5528025020.001434
1.23785	5527388619.236074
1.23786	5510614111.390646
1.23787	5511121681.080984
1.23788	5545107883.054957
1.23789	5529425359.616525
1.2379	5522681530.062355
1.23791	5540768433.773115
1.23792	5469529889.790211
1.23793	5530316669.514087
1.23794	5530571355.87288
1.23795	5490096776.1304455
1.23796	5498826285.292279
1.23797	5503386320.563669
1.23798	5513406323.2939
1.23799	5541023601.4645
1.238	5558018653.528639
1.23801	5556994922.948742
1.23802	5550473071.690754
1.23803	5531462850.498101
1.23804	5536559862.9595785
1.23805	5515564910.570447
1.23806	5514802959.7527895
1.23807	5503132886.093214
1.2380799999999998	5454814672.420467
1.23809	5534265626.395914
1.2381	5548556337.235035
1.23811	5521918596.1152935
1.23812	5523317388.87285
1.23813	5473687508.316463
1.23814	5500472528.676328
1.23815	5525479856.491003
1.23816	5522172895.719609
1.23817	5506428444.72887
1.2381799999999998	5519122073.252904
1.23819	5524970964.424761
1.2382	5268051355.2330475
1.23821	5436382427.574289
1.23822	5537707337.871235
1.23823	5541789175.04793
1.23824	5543193001.349769
1.23825	5531590218.603512
1.23826	5540258133.64169
1.23827	5518105507.027998
1.2382799999999998	5491866859.518263
1.23829	5510867890.392215
1.2383	5521410032.038149
1.23831	5348598522.191814
1.23832	5523317388.87285
1.23833	5534902818.951562
1.23834	5400823690.493162
1.23835	5437884763.096547
1.23836	5535540084.870935
1.23837	5539620324.568146
1.23838	5535540084.870935
1.23839	5526752291.73484
1.2384	5506048087.264543
1.23841	5371430984.293566
1.23842	5498826285.292279
1.23843	5522300049.913423
1.23844	5522045744.453596
1.23845	5491866859.518263
1.23846	5512010040.536385
1.2384700000000002	5532736663.535838
1.23848	5555971380.929621
1.23849	5543575924.782506
1.2385	5513914150.1683
1.23851	5537324819.812119
1.23852	5542299616.199975
1.23853	5550600877.5277
1.23854	5538217403.054871
1.23855	5538855050.60181
1.23856	5528916104.172728
1.2385700000000002	5515437911.457165
1.23858	5508457461.673061
1.23859	5535030266.266064
1.2386	5531972340.516706
1.23861	5524334915.250279
1.23862	5525734320.101197
1.23863	5534138196.687693
1.23864	5538855050.60181
1.23865	5535030266.266064
1.23866	5530826053.960661
1.2386700000000002	5534647933.126139
1.23868	5529807331.981416
1.23869	5526625035.02553
1.2387	5378485473.536116
1.23871	5467515211.652049
1.23872	5499586028.698288
1.23873	5459338209.992801
1.23874	5450671389.029725
1.23875	5462984898.721089
1.23876	5508584300.0537
1.23877	5527261347.874949
1.23878	5529552680.806414
1.23879	5533628507.195548
1.2388	5548811863.580887
1.23881	5540130565.952479
1.23882	5540003001.200589
1.23883	5505414216.541425
1.23884	5441266536.154449
1.23885	5475830545.037943
1.23886	5516835062.550735
1.23887	5546640264.681631
1.23888	5551239950.856899
1.23889	5543831221.766607
1.2389	5538089882.354653
1.23891	5536432380.425218
1.23892	5507696492.717955
1.23893	5497307113.331282
1.23894	5522935864.801865
1.23895	5489338343.622569
1.23896	5494776092.682904
1.23897	5494649572.244332
1.23898	5504273433.125775
1.23899	5458206974.04117
1.239	5139844735.265903
1.23901	5419884105.135984
1.23902	5527006813.94417
1.23903	5537579828.91559
1.23904	5526243282.478356
1.23905	5476208815.0763035
1.23906	5498573060.814351
1.23907	5501865888.792439
1.23908	5497053958.812218
1.23909	5509472250.498636
1.2391	5506428444.72887
1.23911	5517216165.178678
1.23912	5511248580.808269
1.2391299999999998	5483527174.15506
1.23914	5508837985.576825
1.23915	5510740999.430572
1.23916	5468144718.839803
1.23917	5109754090.546747
1.23918	4985859086.0851965
1.23919	5393864099.044895
1.2392	5164996124.648561
1.23921	5475830545.037943
1.23922	5525225404.599046
1.2392299999999998	5531844963.612737
1.23924	5351678309.347186
1.23925	5187403133.053161
1.23926	5508330626.212954
1.23927	5513025483.831446
1.23928	5519122073.252904
1.23929	5481128704.141674
1.2393	5439512761.754828
1.23931	5096945619.213135
1.23932	4917110861.136952
1.2393299999999998	5481759778.730896
1.23934	5464368762.604237
1.23935	5116111489.652636
1.23936	5482769649.208546
1.23937	5380095689.183557
1.23938	5358460084.818606
1.23939	5526752291.73484
1.2394	5529425359.616525
1.23941	5537197319.664177
1.23942	5513914150.1683
1.23943	5212667217.896279
1.23944	5377866288.156265
1.23945	5531462850.498101
1.23946	5524334915.250279
1.23947	5516326966.66275
1.23948	5523953320.893512
1.23949	5507062432.226047
1.2395	5519630426.591578
1.23951	5490728883.266547
1.2395200000000002	5464746240.863394
1.23953	5512644670.675517
1.23954	5530953407.403121
1.23955	5523571752.895413
1.23956	5507696492.717955
1.23957	5502879463.293556
1.23958	5445904233.741071
1.23959	4942424001.588806
1.2396	5470915411.627215
1.23961	5522681530.062355
1.2396200000000002	5484916241.734279
1.23963	5517851394.729565
1.23964	5525607086.831301
1.23965	5531972340.516706
1.23966	5529425359.616525
1.23967	5512644670.675517
1.23968	5527515893.5277405
1.23969	5539110130.176614
1.2397	5544724853.8019705
1.23971	5451173437.537047
1.2397200000000002	5438009976.46206
1.23973	5524334915.250279
1.23974	5510740999.430572
1.23975	5478226696.646412
1.23976	5505921307.2816925
1.23977	5528279600.823415
1.23978	5503386320.563669
1.23979	5490602456.017343
1.2398	5522681530.062355
1.23981	5534393059.038346
1.23982	5515691912.608026
1.23983	5517216165.178678
1.23984	5532609269.032861
1.23985	5524970964.424761
1.23986	5336419961.147868
1.23987	5377866288.156265
1.23988	5527134079.444345
1.23989	5538599982.773561
1.2399	5536177424.162483
1.23991	5498446452.948361
1.23992	5501359171.55282
1.23993	5508076964.0540285
1.23994	5511121681.080984
1.23995	5475452301.128624
1.23996	5473435441.495363
1.23997	5209907348.505652
1.23998	5338632180.54976
1.23999	5237089549.400318
1.24	5488959166.659807
1.24001	5527770450.903041
1.24002	5529298041.358282
1.24003	5527770450.903041
1.24004	5521918596.1152935
1.24005	5370936279.999387
1.24006	5396224383.211925
1.24007	5509852844.503949
1.2400799999999998	5499712662.804279
1.24009	5511248580.808269
1.2401	5522681530.062355
1.24011	5527261347.874949
1.24012	5346997733.3713455
1.24013	5312757584.931502
1.24014	5483527174.15506
1.24015	5507442859.761283
1.24016	5514548999.538775
1.24017	5501865888.792439
1.2401799999999998	5513025483.831446
1.24019	5518359631.029007
1.2402	5534138196.687693
1.24021	5444775781.459607
1.24022	5213507468.298779
1.24023	5179525791.688488
1.24024	5503639766.705504
1.24025	5532481877.463239
1.24026	5520774392.807585
1.24027	5528661494.039358
1.2402799999999998	5504019957.803196
1.24029	5406173756.768842
1.2403	5425128133.065012
1.24031	5274362803.957673
1.24032	5501865888.792439
1.24033	5522935864.801865
1.24034	5535795011.782434
1.24035	5529552680.806414
1.24036	5500092582.617897
1.24037	5481381125.25877
1.24038	5488327263.258131
1.24039	5452303215.759172
1.2404	5467641107.291686
1.24041	5502372652.704596
1.24042	5506935628.887307
1.24043	5510614111.390646
1.24044	5512898543.189926
1.24045	5533628507.195548
1.24046	5534393059.038346
1.2404700000000002	5512010040.536385
1.24048	5509725976.914332
1.24049	5501359171.55282
1.2405	5455568334.977436
1.24051	5171303179.169622
1.24052	5435255948.317584
1.24053	5516835062.550735
1.24054	5531208123.08543
1.24055	5499332769.233688
1.24056	5511629297.52237
1.2405700000000002	5517216165.178678
1.24058	5519249157.198125
1.24059	5510233464.800695
1.2406	5519884620.819343
1.24061	5521537168.666173
1.24062	5526116037.489282
1.24063	5532481877.463239
1.24064	5523826128.632166
1.24065	5497560279.50883
1.24066	5511756208.938068
1.2406700000000002	5504019957.803196
1.24068	5169636416.648795
1.24069	5196728165.459886
1.2407	5451801063.200222
1.24071	4800870595.637511
1.24072	5381458555.867277
1.24073	5520774392.807585
1.24074	5522045744.453596
1.24075	5514548999.538775
1.24076	5493131554.192371
1.2407700000000002	5519249157.198125
1.24078	5536432380.425218
1.24079	5476965433.547494
1.2408	5468774298.506421
1.24081	5470789440.59478
1.24082	5261020571.8999
1.24083	5419884105.135984
1.24084	5462230211.598772
1.24085	5520647273.742897
1.24086	5517089128.044268
1.24087	5510740999.430572
1.24088	5523063036.56389
1.24089	5534265626.395914
1.2409	5451926597.004053
1.24091	5126724736.756593
1.24092	5493258039.676886
1.24093	5505921307.2816925
1.24094	5195770980.91805
1.24095	5307011149.015559
1.24096	5296756399.835717
1.24097	5397964200.83758
1.24098	5394485126.346818
1.24099	5199361332.280885
1.2409999999999999	5490602456.017343
1.24101	5418511507.094029
1.24102	5382821767.787536
1.24103	5489717546.7788315
1.24104	5180718558.893287
1.24105	4670786324.757714
1.24106	5400574979.097614
1.24107	5188239311.038132
1.24108	4994016811.550772
1.24109	5474948016.5583
1.2411	5439137026.502479
1.24111	5422630344.412875
1.24112	5420508128.274265
1.2411299999999998	5461727144.771819
1.24114	5429001979.420653
1.24115	5502879463.293556
1.24116	5466508150.886849
1.24117	5341829227.713529
1.24118	5373039087.961873
1.24119	5516453986.247521
1.2412	5307622176.426454
1.24121	5447158343.910944
1.24122	5482517164.14901
1.2412299999999998	5270842025.529273
1.24124	5304201328.819174
1.24125	5475578379.5286045
1.24126	5502626052.164203
1.24127	5512898543.189926
1.24128	5516453986.247521
1.24129	5507062432.226047
1.2413	5489464741.764175
1.24131	5413273874.916502
1.24132	5428501972.886071
1.2413299999999998	5494902616.034752
1.24134	5513660230.884537
1.24135	5510740999.430572
1.24136	5416765066.866918
1.24137	5490981746.498409
1.24138	5518359631.029007
1.24139	5499332769.233688
1.2414	5339000972.933537
1.24141	5244088351.517687
1.24142	5454940275.6160145
1.24143	5498319847.997594
1.24144	5361915925.617909
1.24145	5267202314.103128
1.24146	5476965433.547494
1.24147	5282992571.269111
1.24148	5454186699.822682
1.24149	5471419324.763771
1.2415	5399953250.715842
1.24151	5041154409.609356
1.2415200000000002	5385301219.690783
1.24153	5469655831.820062
1.24154	5460092497.542729
1.24155	5482390925.979447
1.24156	5508457461.673061
1.24157	5504780418.791169
1.24158	5359570647.815239
1.24159	5471923284.314602
1.2416	5493764010.740323
1.24161	5236366068.718122
1.2416200000000002	5208228143.47655
1.24163	5299684304.529763
1.24164	5443898258.013116
1.24165	5521410032.038149
1.24166	5496421123.516798
1.24167	5517089128.044268
1.24168	5510233464.800695
1.24169	5483779705.728324
1.2417	5483022145.895696
1.24171	5492752115.212956
1.2417200000000002	5463613884.307265
1.24173	5491234621.375343
1.24174	5422755206.528375
1.24175	5459338209.992801
1.24176	5487063674.685542
1.24177	5511248580.808269
1.24178	5498952901.904331
1.24179	5451047921.075154
1.2418	5456950320.123064
1.24181	5503006173.234577
1.24182	5505540984.847946
1.24183	5504146694.005378
1.24184	5499839299.826163
1.24185	5499586028.698288
1.24186	5499839299.826163
1.24187	5226608856.060043
1.24188	4910096188.386332
1.24189	5486305661.187173
1.2419	5527006813.94417
1.24191	5507950137.355101
1.24192	5504400175.164487
1.24193	5323043313.09685
1.24194	5041154409.609356
1.24195	5472175281.49671
1.24196	5025508362.554089
1.24197	5405675852.694422
1.24198	5514295051.019793
1.24199	5508330626.212954
1.242	5505667756.073447
1.24201	5406796201.354068
1.24202	5461475628.733132
1.24203	5231184047.796895
1.24204	5411030725.531281
1.24205	5492499170.454479
1.24206	5263080346.0943365
1.24207	5269264508.54909
1.24208	5495282203.570632
1.24209	5387657756.854143
1.2421	4885286070.155497
1.24211	5454061113.978661
1.24212	5493384528.073867
1.24213	5471419324.763771
1.24214	5439888522.962971
1.24215	5465627124.878547
1.24216	5363274187.068678
1.24217	5443396879.543732
1.2421799999999998	5409660369.627954
1.24219	5138543057.834667
1.2422	5455693955.526904
1.24221	5488200891.307632
1.24222	5515691912.608026
1.24223	5490855313.42688
1.24224	5499079521.431871
1.24225	5497560279.50883
1.24226	5505921307.2816925
1.24227	5494143519.621419
1.2422799999999998	5468270628.9745455
1.24229	5351431861.127945
1.2423	5356362982.536536
1.24231	5504019957.803196
1.24232	5413273874.916502
1.24233	5444399682.66329
1.24234	5450043893.41761
1.24235	5213987672.195798
1.24236	4891026321.245925
1.24237	5384681249.664303
1.2423799999999998	5430627318.743454
1.24239	5286399740.676219
1.2424	5488580015.888758
1.24241	5496041457.309833
1.24242	5477848287.222521
1.24243	5492246237.344271
1.24244	5377494811.144349
1.24245	4929921454.758407
1.24246	5335437046.796199
1.24247	5456573380.368434
1.24248	5422505485.172421
1.24249	5424003985.824035
1.2425	5409411251.297664
1.24251	5492372702.443375
1.24252	5502879463.293556
1.24253	5511375483.457539
1.24254	5499332769.233688
1.24255	5471419324.763771
1.24256	5458458339.549279
1.2425700000000002	5402067419.289195
1.24258	5239984471.861789
1.24259	5344905117.027958
1.2426	5468900223.1379385
1.24261	5476334910.895885
1.24262	5463739690.114487
1.24263	5440389578.2858925
1.24264	5362656752.852092
1.24265	5370441621.26706
1.24266	5417887713.812026
1.2426700000000002	5383565483.470073
1.24268	5366238861.009177
1.24269	5419260153.836886
1.2427	5271448888.576221
1.24271	5106225616.299565
1.24272	5408290360.770414
1.24273	5428626970.202347
1.24274	5366856707.654946
1.24275	5434129702.479984
1.24276	5454814672.420467
1.2427700000000002	5455945205.303569
1.24278	5457829947.48296
1.24279	5466256414.679764
1.2428	5489085556.07044
1.24281	5486810991.883378
1.24282	5470411544.900615
1.24283	5395478918.758582
1.24284	4761677740.47352
1.24285	5203073968.453674
1.24286	5389518909.3108425
1.24287	5428002012.40165
1.24288	5478352838.929945
1.24289	5237813130.04199
1.2429	5326844265.154334
1.24291	5485674063.263995
1.24292	5490728883.266547
1.24293	5476334910.895885
1.24294	5482643405.225347
1.24295	5423129810.125607
1.24296	5489970363.435876
1.24297	5416266187.341731
1.24298	5051379530.118914
1.24299	5448663657.340337
1.2429999999999999	5423129810.125607
1.24301	5140436515.824265
1.24302	5340230464.883769
1.24303	5474065630.314002
1.24304	5444274322.171047
1.24305	5102699578.594397
1.24306	5403062608.539586
1.24307	5345028189.4333315
1.24308	5486305661.187173
1.24309	5472049281.455031
1.2431	5380343457.451235
1.24311	5477722156.556585
1.24312	5491740406.066488
1.2431299999999998	5502879463.293556
1.24314	5493384528.073867
1.24315	5485042538.052053
1.24316	5496547684.747315
1.24317	5454312288.558461
1.24318	5249041422.610138
1.24319	5331384438.407847
1.2432	5362533274.538697
1.24321	5482390925.979447
1.24322	5478983593.917478
1.2432299999999998	5447910948.633967
1.24324	5476334910.895885
1.24325	5495155671.478537
1.24326	5469152081.099729
1.24327	5436382427.574289
1.24328	5407792261.758539
1.24329	5488453638.1184845
1.2433	5474065630.314002
1.24331	5459715340.741693
1.24332	5449667430.725581
1.2433299999999998	5442644898.419344
1.24334	5377494811.144349
1.24335	5448789118.901896
1.24336	5437383938.465029
1.24337	5126842785.315215
1.24338	5256298253.016074
1.24339	5415143876.395046
1.2434	5432128063.850682
1.24341	5398337091.873681
1.24342	5290783616.075365
1.24343	5405426917.853693
1.24344	5402440593.775374
1.24345	5370565281.678943
1.24346	5364509268.776532
1.24347	5215428549.285852
1.24348	5248799700.885393
1.24349	5073994591.962476
1.2435	5025855524.363689
1.24351	5110930790.373918
1.2435200000000002	5004722478.297229
1.24353	4821475896.722987
1.24354	4517311092.1092825
1.24355	3968076168.6407094
1.24356	2703398073.686172
1.24357	2302024810.4552264
1.24358	3451357921.990605
1.24359	4315190768.27765
1.2436	4688241770.965982
1.24361	4914394315.934598
1.2436200000000002	4766614173.18934
1.24363	4930262013.430279
1.24364	5152286445.81756
1.24365	5158696762.3736
1.24366	5299562276.193904
1.24367	5324391727.475802
1.24368	5330402451.548342
1.24369	5368587056.734461
1.2437	5387037515.536936
1.24371	5394857777.048666
1.2437200000000002	5390884163.051135
1.24373	5327212243.229615
1.24374	5392498090.629001
1.24375	5410656957.680315
1.24376	5397218496.036154
1.24377	5425377975.201121
1.24378	5456699024.060194
1.24379	5304201328.819174
1.2438	5256298253.016074
1.24381	5405924798.9993105
1.24382	5305300646.464397
1.24383	5416765066.866918
1.24384	5466382281.334197
1.24385	5462481762.3880825
1.24386	5455191490.6836605
1.24387	5457955620.1086035
1.24388	5444650412.307492
1.24389	5381582469.956374
1.2439	5484284803.764742
1.24391	5472175281.49671
1.24392	5470663472.462924
1.24393	5486053013.292017
1.24394	5076565570.0441065
1.24395	5103522102.879089
1.24396	5483905975.87609
1.24397	5400574979.097614
1.24398	5453558799.518754
1.24399	5422130924.70054
