1.21594	15837622.97180363
1.21595	31701513.7272524
1.21596	34645752.613598555
1.21597	34468310.77500135
1.2159799999999998	40058068.0510524
1.21599	44310841.73201961
1.216	37354248.18927402
1.21601	23287346.219319753
1.21602	15446496.84336308
1.21603	17059252.60244231
1.21604	15399265.260594916
1.21605	27964689.39733813
1.21606	32882891.53946655
1.21607	33032390.1950702
1.2160799999999998	18666375.58530369
1.21609	12082588.921453748
1.2161	16677847.561891176
1.21611	24385406.522866014
1.21612	20355416.8246862
1.21613	26146887.60305285
1.21614	32478801.87635367
1.21615	32912433.90791617
1.21616	30941402.83179864
1.21617	24589517.10271596
1.2161799999999998	33924230.07941594
1.21619	25877957.78137947
1.2162	31837576.38968052
1.21621	29136004.800098654
1.21622	14941699.57406702
1.21623	8530804.708876854
1.21624	5253515.282983631
1.21625	20977802.870165054
1.21626	24531833.024071503
1.21627	19115250.77730029
1.21628	29267120.79203207
1.21629	39268110.1000065
1.2163	38234023.25781045
1.21631	37878258.18934775
1.21632	27212597.61996825
1.21633	22599560.84434379
1.21634	38271897.95436373
1.21635	37028830.86431825
1.21636	36413296.71430095
1.2163700000000002	34043170.50778785
1.21638	25487662.04824949
1.21639	18274689.21723777
1.2164	8967884.371609997
1.21641	10721116.123340124
1.21642	13566880.51067588
1.21643	27123766.68636129
1.21644	37550005.071849175
1.21645	39377668.63076387
1.21646	40493004.33716153
1.2164700000000002	25920298.583946355
1.21648	22617781.279493444
1.21649	25497053.77987413
1.2165	21963421.692275405
1.21651	36010570.35350891
1.21652	27208838.320360195
1.21653	24566879.74699391
1.21654	23862723.00249705
1.21655	35812942.05222727
1.21656	25227255.16726667
1.2165700000000002	27287264.4624022
1.21658	39607734.303492
1.21659	34622625.64585449
1.2166	28797182.58540454
1.21661	18687878.42003667
1.21662	5222157.90902947
1.21663	13072239.617789615
1.21664	21897271.341875143
1.21665	25491770.50509117
1.21666	31415212.374606024
1.21667	33302742.547589604
1.21668	40177230.81243528
1.21669	42941775.78595775
1.2167	33576853.82440642
1.21671	22618302.07914944
1.21672	54748219.52672797
1.21673	62831872.1171791
1.21674	46477204.6792388
1.21675	35700146.63996016
1.21676	39786890.62162766
1.21677	26151102.323063694
1.21678	17984567.574769367
1.21679	29885463.789893314
1.2168	31775324.90929478
1.21681	33394888.67179401
1.21682	39296149.73731527
1.21683	36348793.48307192
1.21684	15432987.342631444
1.21685	29968154.56691729
1.21686	23600434.570668045
1.21687	13239451.713406134
1.21688	19725135.71630184
1.21689	17877632.27373338
1.2169	15396428.872353362
1.21691	16317739.662478145
1.21692	21696515.95151483
1.2169299999999998	20515872.906636346
1.21694	16292585.17144069
1.21695	7188362.99806327
1.21696	13257144.804542068
1.21697	24930443.24443481
1.21698	24612175.31781768
1.21699	26239164.36450513
1.217	18712421.86807987
1.21701	16603131.20895949
1.21702	1236630.6319944935
1.2170299999999998	4700780.797085001
1.21704	9362891.70094567
1.21705	21760055.56437613
1.21706	21716008.351310126
1.21707	21109113.741802152
1.21708	38405197.25005333
1.21709	34182986.22504932
1.2171	31937432.529771756
1.21711	27295433.74731138
1.21712	29680417.11323764
1.2171299999999998	25492357.48155653
1.21714	34659316.98313581
1.21715	25725865.812234525
1.21716	25894647.29681636
1.21717	35858325.07376372
1.21718	33646508.179541685
1.21719	34270465.22018637
1.2172	34812883.76067285
1.21721	39830889.02816288
1.21722	35746209.80185936
1.21723	29588299.085293774
1.21724	22228491.959695213
1.21725	7390945.502523311
1.21726	12951796.1386104
1.21727	29283973.15107828
1.21728	23333506.05040325
1.21729	20422081.26334637
1.2173	27630579.91158131
1.21731	20098794.047676183
1.2173200000000002	33624822.46545479
1.21733	44223183.19647423
1.21734	40609720.45978563
1.21735	22363511.647914734
1.21736	16646770.799265174
1.21737	30180053.13089396
1.21738	43921786.849438734
1.21739	33404886.46253783
1.2174	24607642.00512456
1.21741	25211576.308074117
1.2174200000000002	20975870.832093146
1.21743	17362809.487529278
1.21744	21327502.424569894
1.21745	31556585.111210085
1.21746	36213458.22512772
1.21747	35829438.31964278
1.21748	30210645.16704155
1.21749	16057576.5104966
1.2175	12177832.604982773
1.21751	36633633.81911824
1.2175200000000002	51110484.75259297
1.21753	56691767.84459578
1.21754	42786819.007947534
1.21755	33611662.95865426
1.21756	26279070.499378454
1.21757	24613875.52537991
1.21758	28942097.35085795
1.21759	26098166.650517866
1.2176	24448938.044135436
1.21761	27991746.730923407
1.21762	25937612.63503545
1.21763	31695674.630434863
1.21764	33709320.63491203
1.21765	27037715.87733305
1.21766	38460063.77003503
1.21767	13370572.400154375
1.21768	26448436.268543586
1.21769	37687731.74453474
1.2177	33618629.114703864
1.21771	40078365.355884776
1.21772	39072392.05260833
1.21773	22285377.748644352
1.21774	39111997.81555586
1.21775	31705163.709004886
1.21776	23599347.75551641
1.21777	11043328.726700513
1.21778	2511597.256543527
1.21779	4027912.2437759936
1.2178	11535329.383014346
1.21781	19443301.022438534
1.21782	25850562.640339427
1.21783	26456963.61142692
1.21784	45129445.76710921
1.21785	47658459.47670928
1.21786	38323926.62550147
1.21787	36181785.94724177
1.21788	24237063.461824946
1.21789	16686298.178018816
1.2179	18589170.0382386
1.21791	16136152.88393966
1.21792	14553920.557576304
1.21793	2936499.964982136
1.21794	540148.2831086472
1.21795	16350460.922116868
1.21796	24649607.02768902
1.21797	29169568.18218829
1.2179799999999998	23950247.18349416
1.21799	48878739.76347983
1.218	50019575.30501362
1.21801	44383341.91218076
1.21802	45557512.1847254
1.21803	45939895.18630161
1.21804	47879543.38518105
1.21805	37413643.18085571
1.21806	22422808.09278496
1.21807	20603452.463913184
1.2180799999999998	21034878.12110318
1.21809	17312907.15433661
1.2181	15229302.038421778
1.21811	5295902.732372122
1.21812	9011560.443397054
1.21813	16668249.783824008
1.21814	7646276.523594666
1.21815	544116.6305243915
1.21816	5478478.984118045
1.21817	16046857.648125565
1.2181799999999998	18680134.547482345
1.21819	11276387.721142199
1.2182	6339280.9550350085
1.21821	14314955.424326198
1.21822	16363266.36539686
1.21823	17896578.099571567
1.21824	30159907.137153924
1.21825	29613517.76964745
1.21826	33971912.74871285
1.21827	47507261.85572869
1.21828	31140816.82894831
1.21829	45910286.18714853
1.2183	57299390.18952994
1.21831	54715453.10299993
1.21832	45569052.65150105
1.21833	56466386.96007586
1.21834	66013080.56477954
1.21835	63622393.00022311
1.21836	49623797.96464495
1.2183700000000002	32109238.056599706
1.21838	24821041.459952757
1.21839	36209289.23666485
1.2184	25903592.53584367
1.21841	15093153.88512195
1.21842	21825791.39409844
1.21843	30455097.906376645
1.21844	28679395.955770146
1.21845	23799070.74558151
1.21846	44170264.509694695
1.2184700000000002	43703880.49879424
1.21848	41971066.02338399
1.21849	51509816.17494699
1.2185	48718061.57662936
1.21851	39684416.58793248
1.21852	37939359.95718528
1.21853	31476758.35352313
1.21854	22186050.64317382
1.21855	17483967.8811706
1.21856	27883674.22015921
1.2185700000000002	39607734.303492
1.21858	34553337.32863036
1.21859	24318120.15696989
1.2186	21820766.39845397
1.21861	26103575.60340792
1.21862	28485247.679252453
1.21863	23429876.531506225
1.21864	31066333.49090011
1.21865	34089450.442086965
1.21866	37684260.73601088
1.21867	42405286.32914024
1.21868	16831778.214907546
1.21869	33609341.227422506
1.2187	51468320.89061325
1.21871	50359336.55705471
1.21872	44000741.97886016
1.21873	33921105.68624286
1.21874	28579853.61370608
1.21875	37264045.37374079
1.21876	39625978.53977507
1.21877	28211098.67582559
1.21878	24447249.22965725
1.21879	38516782.39608657
1.2188	35689461.897893004
1.21881	47844277.42792095
1.21882	26799704.165565554
1.21883	31508664.796006426
1.21884	37572491.94360854
1.21885	38814142.86010791
1.21886	24555003.47903947
1.21887	15633276.170239205
1.21888	16722068.57172528
1.21889	13567192.903240684
1.2189	18741743.939401347
1.21891	31051315.21814009
1.21892	40639653.83412167
1.2189299999999998	42758257.66035309
1.21894	30330530.04884617
1.21895	20502650.09754952
1.21896	37297523.82125013
1.21897	51868059.45574421
1.21898	47936906.01562198
1.21899	35765969.346677616
1.219	51321577.84740559
1.21901	29936429.42739857
1.21902	21749536.18815711
1.2190299999999998	36281062.75087625
1.21904	36404074.96365064
1.21905	43494065.08305402
1.21906	38686549.83849779
1.21907	28193565.343686607
1.21908	22204448.964600407
1.21909	16645620.92079234
1.2191	1906514.0054772054
1.21911	5833510.716121089
1.21912	16781469.965749826
1.2191299999999998	23315245.888796177
1.21914	22780853.96250561
1.21915	12857010.541989665
1.21916	9702865.247929223
1.21917	20943053.39618337
1.21918	21983153.883262068
1.21919	24645634.30062334
1.2192	34163314.57891837
1.21921	35228974.39914563
1.21922	35465819.54600436
1.21923	40810319.98529439
1.21924	55700616.24154792
1.21925	57829574.9192171
1.21926	58526155.92265737
1.21927	48169262.82619306
1.21928	27373479.18515164
1.21929	15638316.555422658
1.2193	37417950.83367251
1.21931	43763293.67000981
1.2193200000000002	27987879.79532307
1.21933	14809486.493975775
1.21934	2226947.609126728
1.21935	8000552.879143391
1.21936	10125815.268017117
1.21937	18455252.862170327
1.21938	30162685.095184755
1.21939	22211607.98708226
1.2194	46132819.69123756
1.21941	38011061.68244018
1.2194200000000002	22724796.352708466
1.21943	20174835.39352333
1.21944	20178087.454867665
1.21945	32737838.35385484
1.21946	36631946.81678058
1.21947	41319970.23481075
1.21948	38707934.724325664
1.21949	27883032.18222503
1.2195	16599308.636824396
1.21951	25302299.95934229
1.2195200000000002	32259675.90796854
1.21953	40485545.93707419
1.21954	40251308.21349353
1.21955	28567352.914848875
1.21956	26983606.81426304
1.21957	28384418.40596857
1.21958	39770403.75225786
1.21959	25590572.39255255
1.2196	29864826.771461684
1.21961	16282459.252188202
1.21962	32000738.43319804
1.21963	32549925.58276356
1.21964	44838388.95642424
1.21965	29592387.142264266
1.21966	23988329.190194946
1.21967	34475454.474851154
1.21968	35657426.85496331
1.21969	47883953.45718361
1.2197	51034045.91292843
1.21971	45400433.53345314
1.21972	43731059.56051317
1.21973	28254654.42964442
1.21974	36944517.58576575
1.21975	32016215.90379571
1.21976	45747777.4793209
1.21977	40965664.132080585
1.21978	35007411.534405045
1.21979	29725556.91692817
1.2198	20504066.419361454
1.21981	26720833.443735324
1.21982	27356466.437513985
1.21983	28183829.31264449
1.21984	42703158.656680815
1.21985	45237646.23324995
1.21986	35592623.44787007
1.21987	32933660.180035945
1.21988	25094583.962119274
1.21989	22397007.735685393
1.2199	20216687.591964707
1.21991	29245563.923315197
1.21992	23615655.239177205
1.21993	25410312.142816484
1.21994	27982724.712154213
1.21995	31195359.86849176
1.21996	19775159.72485707
1.21997	19474665.190746628
1.2199799999999998	19020415.50675872
1.21999	11993888.302683424
1.22	5163925.8796698665
1.22001	25221447.045808505
1.22002	31735109.41535511
1.22003	48106083.41479538
1.22004	52739984.76466213
1.22005	52644135.70867991
1.22006	37878258.18934775
1.22007	38145209.10849976
1.2200799999999998	32568668.22016701
1.22009	35932712.284736805
1.2201	44412988.771644175
1.22011	49727886.32333996
1.22012	49271978.32116144
1.22013	45184554.01270888
1.22014	54471583.43910945
1.22015	47849786.021014504
1.22016	50872139.16193892
1.22017	47587183.35087651
1.2201799999999998	35630342.740595184
1.22019	15189728.101728667
1.2202	18453978.062496994
1.22021	18816983.322745897
1.22022	28972768.74667845
1.22023	20882380.26810204
1.22024	29726925.86093385
1.22025	28196811.43470697
1.22026	34065126.02779102
1.22027	14607974.430140086
1.22028	27665594.047012214
1.22029	32522955.132191356
1.2203	34677677.23057269
1.22031	27799052.90181424
1.22032	14151093.48459383
1.22033	42168679.36195456
1.22034	35235464.41378305
1.22035	32013267.23713006
1.22036	21720008.9563369
1.2203700000000002	24079640.56761664
1.22038	29023514.45704673
1.22039	32779324.530022744
1.2204	37033094.21142949
1.22041	20780691.73539372
1.22042	12494819.882780032
1.22043	24460199.789104983
1.22044	22228491.959695213
1.22045	19931959.68121753
1.22046	19450017.660557996
1.2204700000000002	12855530.40915388
1.22048	7020369.972655358
1.22049	11242683.89521057
1.2205	18438687.333123986
1.22051	24100164.11488365
1.22052	30116881.48962806
1.22053	25710469.06276455
1.22054	27813138.59985851
1.22055	19699263.98002902
1.22056	12484179.373228535
1.2205700000000002	21664566.331159204
1.22058	20678069.943868816
1.22059	18163101.08609211
1.2206	20526740.87911061
1.22061	12243060.624125555
1.22062	27840049.299936645
1.22063	35565588.55586721
1.22064	35359002.11003873
1.22065	26234935.451714054
1.22066	22436752.641372174
1.22067	15715203.167993672
1.22068	13766070.836939836
1.22069	19377154.408988547
1.2207	12590123.78284441
1.22071	27086319.69128255
1.22072	31153726.2925365
1.22073	19334368.86972441
1.22074	14843625.886155812
1.22075	17836925.566160638
1.22076	16099782.16745384
1.22077	17437732.051416945
1.22078	28338052.464163896
1.22079	17954362.93921527
1.2208	34920463.54253528
1.22081	30247535.840642586
1.22082	28871543.34744433
1.22083	22613094.62218347
1.22084	17044332.58608831
1.22085	29586255.26859345
1.22086	44688934.49197669
1.22087	40879916.49513833
1.22088	31416659.131912675
1.22089	41929530.55024
1.2209	40658373.39634986
1.22091	46610096.27650623
1.22092	45378485.78431105
1.2209299999999998	58686741.96165188
1.22094	50483563.15053184
1.22095	58681336.9618772
1.22096	34000084.78258594
1.22097	34258630.664707474
1.22098	41067663.98748219
1.22099	42044578.20921952
1.2209999999999999	49880408.32611218
1.22101	47903803.80847689
1.22102	38126768.723346256
1.2210299999999998	44662188.47948209
1.22104	35455204.9359897
1.22105	33514288.20182493
1.22106	34741614.74323925
1.22107	16737862.660019893
1.22108	9011560.443397054
1.22109	18200779.991329167
1.2211	26215008.32699177
1.22111	41427621.52884855
1.22112	33700007.69209929
1.2211299999999998	33354159.405633986
1.22114	25827953.747303937
1.22115	15764492.709066087
1.22116	20181804.73830185
1.22117	31109282.87828844
1.22118	32946554.237840913
1.22119	46388464.79718123
1.2212	36262688.55363132
1.22121	34135007.29493117
1.22122	16577918.490976948
1.22123	50115261.40354163
1.22124	44520496.60106155
1.22125	42930900.68305562
1.22126	32500496.828407384
1.22127	19992633.284429148
1.22128	33086436.88311944
1.22129	22355788.898381
1.2213	17814760.98767655
1.22131	23154744.86504368
1.2213200000000002	11741132.79355775
1.22133	15123419.535711898
1.22134	33299675.39289761
1.22135	31455746.77431893
1.22136	12404806.665904693
1.22137	20033646.21202685
1.22138	34816891.97275922
1.22139	27145634.67022731
1.2214	24980435.18714152
1.22141	21916944.102625195
1.2214200000000002	26256691.4092214
1.22143	16622640.023931315
1.22144	8272370.9340450335
1.22145	28173447.91864719
1.22146	37355108.3125269
1.22147	35252506.39128625
1.22148	29839394.0739521
1.22149	18720610.178398967
1.2215	5586502.532776187
1.22151	444270.01243639796
1.2215200000000002	10794685.653805643
1.22153	20776385.743589103
1.22154	20473872.76341637
1.22155	27147509.889006317
1.22156	18811351.563993946
1.22157	33545942.636485346
1.22158	30769468.89137847
1.22159	24248785.95497585
1.2216	36563688.46920134
1.22161	32268590.817414064
1.2216200000000002	27326876.87338336
1.22163	25854134.27426431
1.22164	23985015.308963
1.22165	37856459.98581306
1.22166	47880645.86510251
1.22167	30881614.69184506
1.22168	35220052.58082954
1.22169	25407386.840916216
1.2217	28484591.78973695
1.22171	43223506.89349884
1.22172	38050467.76128028
1.22173	36767152.80194998
1.22174	37589798.70030183
1.22175	23398068.064885154
1.22176	3971275.349146808
1.22177	20058109.59900055
1.22178	32130686.15012148
1.22179	42129858.45339184
1.2218	46036256.37759879
1.22181	19242433.75015307
1.22182	41991365.74058244
1.22183	42686446.22623383
1.22184	23215604.68520817
1.22185	40300459.69189156
1.22186	45794149.75230032
1.22187	39175089.74016976
1.22188	38319514.67437104
1.22189	25196487.35724961
1.2219	26478903.69117908
1.22191	21683031.463554602
1.22192	21829812.223771743
1.22193	25054168.851137884
1.22194	14222960.371692458
1.22195	29934361.56353673
1.22196	35354117.42079908
1.22197	35935194.514298625
1.2219799999999998	31791425.37262741
1.22199	17819273.759499066
1.222	13770192.13517044
1.22201	22127889.80391883
1.22202	22243852.16257845
1.22203	38809674.47399633
1.22204	48813505.80775292
1.22205	48128242.18676017
1.22206	34934939.86327733
1.22207	19642646.458798576
1.2220799999999998	14637941.257877527
1.22209	17430907.570670478
1.2221	22332122.42534982
1.22211	31676704.99243997
1.22212	28736905.51167429
1.22213	60099381.14345885
1.22214	56388429.62697169
1.22215	48058476.59597823
1.22216	29514130.960188475
1.22217	22625073.566049524
1.2221799999999998	28526599.18004221
1.22219	22965716.53283253
1.2222	16437660.25864603
1.22221	14295521.40037037
1.22222	34018095.81176425
1.22223	59980488.71144232
1.22224	57195254.92133579
1.22225	55858593.99925905
1.22226	51605976.46630202
1.22227	37633967.02123136
1.22228	49088526.95299901
1.22229	36795948.30147839
1.2223	32810284.787340574
1.22231	34833731.50360116
1.22232	29187708.48197139
1.22233	62716238.06709115
1.22234	45405660.75242375
1.22235	51987627.68142828
1.22236	34934939.86327733
1.2223700000000002	26755926.85415649
1.22238	24817612.54321592
1.22239	35162520.63196364
1.2224	19103370.557935145
1.22241	13857344.057685368
1.22242	17164454.272451077
1.22243	12175589.571914382
1.22244	15558223.284737865
1.22245	26010577.81570601
1.22246	16781083.5625726
1.2224700000000002	28360899.441180266
1.22248	50948335.49752665
1.22249	34781635.53874756
1.2225	36605808.21262922
1.22251	27300462.21514447
1.22252	33238391.585770026
1.22253	33385662.597741336
1.22254	25994412.11775809
1.22255	25478860.44171747
1.22256	18945671.378748465
1.2225700000000002	32221073.08561167
1.22258	41514518.00405685
1.22259	30367567.11568111
1.2226	15082731.503956694
1.22261	1866207.7988285532
1.22262	1744777.2906599387
1.22263	14140344.816835785
1.22264	23550492.838960085
1.22265	34198731.69720312
1.22266	35280928.00580297
1.22267	32363091.41708177
1.22268	25190106.28921582
1.22269	13400469.049194032
1.2227	10534889.871819
1.22271	19564556.161009107
1.22272	25444856.15146633
1.22273	25618871.77433395
1.22274	33891438.29908491
1.22275	25413822.94968572
1.22276	38359240.52651854
1.22277	34689656.544605434
1.22278	22251536.24385592
1.22279	17299358.54823157
1.2228	16371934.557545325
1.22281	17867755.458352525
1.22282	32238141.7103287
1.22283	44071719.98179872
1.22284	32754426.51990854
1.22285	23942527.78028245
1.22286	32582919.84210811
1.22287	23885811.46406934
1.22288	17629500.19452423
1.22289	30850343.215591405
1.2229	49998848.22151698
1.22291	47103155.27869598
1.22292	33016421.479418244
1.22293	49936718.49005574
1.22294	45783606.47353015
1.22295	26593775.61038952
1.22296	31410149.248677302
1.22297	14730924.376478914
1.22298	16672472.125510607
1.22299	36910506.092857
1.2229999999999999	39305199.05197583
1.22301	29382584.91991855
1.22302	9748325.006190864
1.2230299999999998	27917723.39450717
1.22304	43156876.01573946
1.22305	43992637.48912939
1.22306	40305099.72087433
1.22307	37521483.42231943
1.22308	28976104.55197009
1.22309	30642909.60215837
1.2231	29161509.446051195
1.22311	39648795.65330838
1.22312	41606386.58544488
1.2231299999999998	52527895.33159228
1.22314	47759525.13223808
1.22315	67070261.55974512
1.22316	58464198.47185756
1.22317	67577169.9355287
1.22318	52186719.78766574
1.22319	66492092.44279768
1.2232	56261330.70805375
1.22321	25484141.04083633
1.22322	47186742.80459189
1.2232299999999998	38634918.46069232
1.22324	18655203.891005933
1.22325	15034534.984742878
1.22326	41420944.72328594
1.22327	39498445.14728447
1.22328	43546173.64143482
1.22329	37979566.20458719
1.2233	29071671.32516921
1.22331	14013931.811894465
1.22332	24474847.813114826
1.22333	25226093.43598296
1.22334	15160027.880536705
1.22335	24750273.36228821
1.22336	35114783.89454079
1.22337	31447056.430956084
1.22338	17750884.574628305
1.22339	26168570.54474288
1.2234	27052661.60057529
1.22341	27300462.21514447
1.2234200000000002	41176554.15249372
1.22343	38882125.70527516
1.22344	33026305.964325786
1.22345	33229973.88710293
1.22346	39851071.22205514
1.22347	42708075.32252875
1.22348	28851606.478590515
1.22349	13221782.235610733
1.2235	12379126.473348536
1.22351	23857778.379334696
1.2235200000000002	36619296.77529099
1.22353	23318467.231570885
1.22354	22900765.51737851
1.22355	31646085.71090311
1.22356	21594343.232031453
1.22357	12371717.653355574
1.22358	16755214.80716868
1.22359	14366467.674411887
1.2236	20621488.010107573
1.22361	21327502.424569894
1.2236200000000002	30107174.5187598
1.22363	34199519.16116712
1.22364	37728540.05060498
1.22365	30460007.08381005
1.22366	17344428.724302802
1.22367	37097957.55567268
1.22368	34061204.36097553
1.22369	30250321.869947083
1.2237	36917305.88561021
1.22371	39572182.19927746
1.22372	41596807.46377169
1.22373	25334363.64241824
1.22374	10903602.235262597
1.22375	24133482.732447434
1.22376	17919257.073785406
1.22377	12364597.969601067
1.22378	7722537.039869225
1.22379	19897568.110906564
1.2238	27990457.69302989
1.22381	31979377.08325755
1.22382	26904814.37159177
1.22383	13097849.623996867
1.22384	10607425.73854501
1.22385	20691882.329488933
1.22386	28124836.08466333
1.22387	29310282.209801394
1.22388	26687015.01643405
1.22389	29056279.202006496
1.2239	40873327.96208281
1.22391	27310521.93007116
1.22392	54345050.91826721
1.22393	49855146.87036247
1.22394	40781199.91682733
1.22395	35321570.066211045
1.22396	20557959.209033474
1.22397	44704372.16897301
1.2239799999999998	34285461.52616861
1.22399	39801551.35426723
1.224	25499989.405656524
1.22401	33515059.905713595
1.22402	46296696.17507018
1.22403	40759608.13268713
1.22404	49392385.30061635
1.22405	55468957.02787049
1.22406	58155393.67900901
1.22407	47529144.79666685
1.2240799999999998	35897979.068826504
1.22409	18577189.0200477
1.2241	31524630.143446814
1.22411	38612684.81383499
1.22412	34296515.63475101
1.22413	45845846.92493267
1.22414	53092111.76958522
1.22415	46060643.38610712
1.22416	43648567.98361598
1.22417	45682514.42197924
1.2241799999999998	38592241.15947283
1.22419	17105666.477581065
1.2242	16866695.32368344
1.22421	27076966.023305006
1.22422	39862084.00136095
1.22423	29232098.944073927
1.22424	32389183.49968779
1.22425	25706325.35872081
1.22426	20190636.031287953
1.22427	34235762.1112321
1.22428	34085525.97498098
1.22429	37080023.43912914
1.2243	34649741.58289286
1.22431	44337377.3400354
1.22432	37427429.41574824
1.22433	46373513.33294796
1.22434	34814486.990132056
1.22435	22321326.497147046
1.22436	23309341.24946564
1.2243700000000002	19919113.213568285
1.22438	31861043.82755572
1.22439	34134221.316390544
1.2244	34252320.57292422
1.22441	33903926.66668328
1.22442	27138759.976179875
1.22443	30946390.398642484
1.22444	28086007.016022854
1.22445	14384010.784360318
1.22446	20466802.559334528
1.2244700000000002	26452090.507468726
1.22448	30408150.07517093
1.22449	33980518.39269078
1.2245	29375143.713105705
1.22451	22512306.86530152
1.22452	22473980.51533094
1.22453	34984043.14964548
1.22454	31092811.93280304
1.22455	35998963.78801868
1.22456	40746470.90502025
1.2245700000000002	42056197.16064605
1.22458	44555364.40673
1.22459	53506925.84562767
1.2246	46453666.74342842
1.22461	31165205.863942195
1.22462	14377719.283024987
1.22463	11665678.410550153
1.22464	12171665.258126475
1.22465	17199665.468010705
1.22466	37251177.05084205
1.22467	38677642.95668408
1.22468	44745565.38461708
1.22469	51649961.2464856
1.2247	45579546.52173983
1.22471	25037444.52243483
1.22472	33107013.04935097
1.22473	59463435.9165687
1.22474	61697845.69098636
1.22475	57129444.34153397
1.22476	45614193.44219833
1.22477	33391044.164464
1.22478	50708410.80166478
1.22479	49727886.32333996
1.2248	37296665.02391375
1.22481	22442436.239663433
1.22482	26351175.8986384
1.22483	18613155.260419376
1.22484	16778765.33034279
1.22485	2755814.6212469945
1.22486	2471724.1450161343
1.22487	8908611.089997532
1.22488	18619585.126829546
1.22489	32025063.53346159
1.2249	42664828.08378769
1.22491	43558207.55633916
1.22492	38559376.25109309
1.22493	43965295.85548247
1.22494	48850610.99598061
1.22495	52856694.48009908
1.22496	45767796.10657559
1.22497	32789138.03263988
1.22498	40252235.04478665
1.22499	32917739.19303842
1.225	29499183.810831405
1.22501	30613994.511283696
1.22502	18579755.73085613
1.2250299999999998	8505307.114782492
1.22504	895181.297182317
1.22505	13276695.65716613
1.22506	22340351.399040416
1.22507	16477829.317987468
1.22508	11567779.454821998
1.22509	22470358.429568414
1.2251	16538647.847713305
1.22511	37357688.80111928
1.22512	32622707.33602682
1.2251299999999998	11585905.983637808
1.22514	8886689.372526418
1.22515	33458772.19316117
1.22516	46908333.05114778
1.22517	38194427.08400472
1.22518	52842091.65323399
1.22519	41835985.13368342
1.2252	43749188.32457755
1.22521	38509687.99600712
1.22522	47864111.33146773
1.2252299999999998	32380235.27385567
1.22524	26019563.102631547
1.22525	22419194.25437767
1.22526	17470285.40763433
1.22527	14905961.66563312
1.22528	14158263.801889267
1.22529	14383348.39143637
1.2253	11261338.16419945
1.22531	10147521.963826558
1.22532	19526301.91171557
1.22533	31312662.714199863
1.22534	34191645.33740858
1.22535	41951742.08303475
1.22536	38372491.627083175
1.22537	51454101.63255364
1.22538	42602001.17356555
1.22539	41339003.16646993
1.2254	35046931.521287546
1.22541	11694186.076541428
1.2254200000000002	27112527.15516928
1.22543	28373309.79870589
1.22544	13786372.22355922
1.22545	11504559.64439666
1.22546	24317000.29193671
1.22547	30514762.911703154
1.22548	28018185.09394615
1.22549	19210558.89390222
1.2255	25032256.483831733
1.22551	18861229.520931568
1.2255200000000002	10338796.806374092
1.22553	16762160.70189757
1.22554	14999265.756200485
1.22555	21306886.871235926
1.22556	28516091.52821798
1.22557	31681081.59328049
1.22558	25189526.27226124
1.22559	35075995.04059139
1.2256	24385968.02406596
1.22561	9712924.211189115
1.2256200000000002	12516416.314772384
1.22563	18348053.59314452
1.22564	15797923.264883833
1.22565	30787895.22979668
1.22566	31388459.37852684
1.22567	19482289.835481808
1.22568	29881335.245684456
1.22569	27389871.83050192
1.2257	36022180.66111693
1.22571	32046455.400702275
1.22572	41192675.43590252
1.22573	31927138.777170565
1.22574	33113874.61462138
1.22575	32201789.000342377
1.22576	35703434.89640635
1.22577	20395295.404522054
1.22578	30697994.221137583
1.22579	31763620.60312617
1.2258	26492930.488760345
1.22581	27948596.26052555
1.22582	38453865.239725016
1.22583	52472287.80980449
1.22584	47047873.6423495
1.22585	39888710.78409952
1.22586	38836492.50892347
1.22587	58348540.86257829
1.22588	41427621.52884855
1.22589	34798458.01746998
1.2259	51840597.68547204
1.22591	49651228.66751841
1.22592	27763869.85815716
1.22593	46259400.47661606
1.22594	56754460.54085464
1.22595	38618019.72189618
1.22596	51412651.23074812
1.22597	54474092.00599138
1.2259799999999998	47625549.54720092
1.22599	48923779.48487148
1.226	39130013.70417471
1.22601	33269019.37821681
1.22602	23872615.3234149
1.22603	40591957.95151653
1.22604	22679840.71000376
1.22605	10020052.568747597
1.22606	15308054.509237507
1.22607	20205053.280040406
1.2260799999999998	19862778.518836886
1.22609	44225219.79621628
1.2261	49415136.57290858
1.22611	40779321.91641023
1.22612	39571271.02659935
1.22613	52067892.55657325
1.22614	44205875.88487076
1.22615	57684615.21284722
1.22616	57092623.49851147
1.22617	53732865.31253595
1.2261799999999998	55566110.72596465
1.22619	38923331.04894435
1.2262	42999162.811415
1.22621	43209575.52672091
1.22622	53880299.35921703
1.22623	42183246.42332561
1.22624	59823249.56967329
1.22625	47411096.54590441
1.22626	29146740.878487434
1.22627	33486518.692763656
1.22628	36050392.70929556
1.22629	27906797.434340503
1.2263	27171273.87562571
1.22631	46265791.89046598
1.22632	45296015.43389785
1.22633	42915087.26786245
1.22634	52764278.01850614
1.22635	38085529.68135192
1.22636	28409919.294349104
1.2263700000000002	46787517.22396035
1.22638	33464165.544708073
1.22639	38510574.72455104
1.2264	29103150.15412747
1.22641	31047025.61672977
1.22642	21950782.16872683
1.22643	22196270.049995247
1.22644	22511270.159128755
1.22645	25749571.12530824
1.22646	29383938.06911628
1.2264700000000002	38130280.4902389
1.22648	46514675.97789068
1.22649	34355794.78998742
1.2265	38821293.34801161
1.22651	33650382.09994645
1.22652	15309464.498093534
1.22653	29894410.925971355
1.22654	37965576.59245031
1.22655	46557537.31303975
1.22656	43579274.91008625
1.2265700000000002	43060592.37289427
1.22658	27957607.27580833
1.22659	31432577.86035479
1.2266	41097934.91142172
1.22661	48075078.27259141
1.22662	59463435.9165687
1.22663	53834415.23720907
1.22664	40273558.05572968
1.22665	23428797.57066171
1.22666	29051596.260542683
1.22667	60275385.96467496
1.22668	47396906.81881964
1.22669	37581144.325698204
1.2267	65495279.52651726
1.22671	64514895.77505611
1.22672	66622358.02467057
1.22673	55474066.14289342
1.22674	51178788.37152689
1.22675	45448546.65567943
1.22676	63235360.6774459
1.22677	43763293.67000981
1.22678	25500576.57137124
1.22679	32895008.27625458
1.2268	20507843.755870987
1.22681	20332463.437014848
1.22682	15228951.374820467
1.22683	35869060.37023497
1.22684	31265112.80783825
1.22685	28100238.11286973
1.22686	31249998.43999184
1.22687	54343799.59163252
1.22688	55502174.68845202
1.22689	52231199.54670801
1.2269	43463030.037174
1.22691	44951066.48184829
1.22692	57087365.31571192
1.22693	63559430.90642362
1.22694	61894206.56559187
1.22695	52172302.05607637
1.22696	46490048.57984663
1.22697	29907492.328004405
1.22698	56779295.54821914
1.22699	54011967.79062633
1.227	31036304.20560345
1.22701	27205705.967400573
1.22702	15069540.152263552
1.2270299999999998	3188893.387796172
1.22704	23129700.007379856
1.22705	31458644.089087646
1.22706	31561671.84171346
1.22707	37918399.68413399
1.22708	32459363.542218626
1.22709	51930200.57313775
1.2271	51208257.7314721
1.22711	46793981.60487551
1.22712	45704609.21754997
1.2271299999999998	37022010.52979678
1.22714	24811898.73459913
1.22715	26797852.97152509
1.22716	34676878.75673888
1.22717	47318394.42214443
1.22718	39386736.71800452
1.22719	26466103.10117264
1.2272	39473896.67557485
1.22721	43508088.173212826
1.22722	53165511.92401063
1.2272299999999998	43048695.93515229
1.22724	32146966.67394596
1.22725	19526301.91171557
1.22726	32273049.1959521
1.22727	20842509.11029757
1.22728	25657834.53008817
1.22729	36801032.20077623
1.2273	36994741.75176082
1.22731	23415853.915447313
1.22732	27840049.299936645
1.22733	26420437.20277536
1.22734	20941124.55850891
1.22735	16037622.99252564
1.22736	25621231.468290094
1.22737	33515831.6273716
1.22738	24516021.864287887
1.22739	12999899.653754525
1.2274	18448879.74431291
1.22741	34168821.498433165
1.2274200000000002	20635262.600542244
1.22743	37569031.54857381
1.22744	39473896.67557485
1.22745	30115494.587915644
1.22746	28472788.360603586
1.22747	20790742.520503104
1.22748	41466750.15156982
1.22749	49730176.4298662
1.2275	40201291.00191321
1.22751	35616398.34763722
1.2275200000000002	26946973.79336286
1.22753	18240216.969229463
1.22754	13601913.228556687
1.22755	21183611.35248504
1.22756	15720993.929433504
1.22757	28373963.12582947
1.22758	34748815.08646591
1.22759	13985564.483576592
1.2276	27995614.200797547
1.22761	25525249.74392484
1.2276200000000002	34625017.37471161
1.22763	45973757.42578499
1.22764	30161990.58169005
1.22765	28852935.17476444
1.22766	37786789.997594535
1.22767	14960978.54043858
1.22768	24108489.454330496
1.22769	20661887.85369849
1.2277	25852943.674795587
1.22771	20545655.415261734
1.22772	24279514.599766403
1.22773	16861259.019788325
1.22774	20467745.112126976
1.22775	22773511.46637618
1.22776	18137189.892740265
1.22777	5791219.153767058
1.22778	10627472.748479424
1.22779	20422551.504559036
1.2278	27299833.60600825
1.22781	35509127.39215034
1.22782	19211001.238460235
1.22783	21277960.58137993
1.22784	30664790.36161271
1.22785	32083371.49247984
1.22786	51692793.23150048
1.22787	31714655.628423475
1.22788	44959347.536985904
1.22789	55052874.51153818
1.2279	40705210.03475679
1.22791	40023954.85376661
1.22792	44040272.75218165
1.22793	60507610.13900071
1.22794	54136478.2354395
1.22795	30011658.77587469
1.22796	28206551.95038951
1.22797	31977904.41242813
1.2279799999999998	40557390.096969694
1.22799	31990424.27647365
1.228	45673048.49393316
1.22801	30007512.798388496
1.22802	29860013.51802942
1.22803	28113829.0682812
1.22804	37538766.6833109
1.22805	30494393.49022031
1.22806	41007189.01185807
1.22807	47714458.55640505
1.2280799999999998	43115159.79123653
1.22809	40736151.76809869
1.2281	48278081.10605304
1.22811	40347813.0616574
1.22812	37503344.56236812
1.22813	41227784.75653334
1.22814	57748405.85120344
1.22815	56830306.72122956
1.22816	57889526.85656612
1.22817	51216512.19264766
1.2281799999999998	48388259.38327173
1.22819	22820229.092995346
1.2282	19227375.14947676
1.22821	38255157.99909707
1.22822	30481757.24058809
1.22823	34293356.95439014
1.22824	58225067.40853726
1.22825	48007600.52779524
1.22826	61140642.75018447
1.22827	55371973.19664177
1.2282799999999998	69791093.01999335
1.22829	58569295.47924252
1.2283	49412860.97416963
1.22831	49010597.82348217
1.22832	33114637.09854046
1.22833	57419578.48070634
1.22834	38946640.33883829
1.22835	40524717.86944351
1.22836	43954161.54378251
1.22837	55322271.03123723
1.22838	56806757.41067727
1.22839	39693555.314632826
1.2284	24877687.033351347
1.22841	36450207.08303043
1.22842	44554338.49336238
1.22843	38651824.59415485
1.22844	33828286.493723586
1.22845	26681485.168370586
1.22846	48544496.39090209
1.2284700000000002	46975347.34027906
1.22848	62995568.56472721
1.22849	38685659.05802377
1.2285	22524751.06397125
1.22851	47666141.7318934
1.22852	39646056.90612775
1.22853	46087165.65680645
1.22854	53984613.94609906
1.22855	39094890.404405184
1.22856	19361544.5584496
1.2285700000000002	18501204.34771862
1.22858	26949455.815668784
1.22859	17724337.046729326
1.2286	28591043.086195145
1.22861	33122262.903434284
1.22862	36370561.00763277
1.22863	46155132.2813628
1.22864	42511849.54070229
1.22865	61367721.66672877
1.22866	68210306.34001738
1.2286700000000002	61788834.02264558
1.22868	30965635.688649304
1.22869	25332613.667019
1.2287	36425875.59360154
1.22871	43303200.91398143
1.22872	49778293.03698453
1.22873	35737979.88041837
1.22874	29356886.92143396
1.22875	42448270.483164206
1.22876	31425341.07503092
1.22877	44411966.13655897
1.22878	32386946.21142881
1.22879	9140711.459690783
1.2288	4274742.903383588
1.22881	2096766.1655222531
1.22882	15397492.45671607
1.22883	25258060.5483196
1.22884	34506427.62018256
1.22885	45709871.45805633
1.22886	24981585.6051842
1.22887	35133385.41866517
1.22888	27270933.22683905
1.22889	26100570.49119649
1.2289	12808550.94536278
1.22891	18401787.023187947
1.22892	13909771.63565417
1.22893	13243110.41454969
1.22894	20154869.94081824
1.22895	27098172.30943096
1.22896	40427789.89619999
1.22897	31058465.87091172
1.22898	46056401.23943477
1.22899	50390654.58878961
1.229	55663434.58844573
1.22901	39516639.04246075
1.22902	44555364.40673
1.2290299999999998	46260465.65093874
1.22904	46509321.08617334
1.22905	39660665.74415035
1.22906	31087084.952673096
1.22907	20933892.999241017
1.22908	27419529.60562249
1.22909	24117372.9863862
1.2291	8549485.892125707
1.22911	27272189.128643394
1.22912	50756305.18231784
1.2291299999999998	55007258.40629998
1.22914	57370680.33099322
1.22915	43969345.39536167
1.22916	56732248.95266812
1.22917	39938339.092973135
1.22918	21090651.71831353
1.22919	36161796.67715938
1.2292	56898392.91528677
1.22921	52760633.3171908
1.22922	46244490.611098796
1.2292299999999998	24974683.89154148
1.22924	26014770.56340413
1.22925	26396114.28367164
1.22926	35282552.789992675
1.22927	50673394.76792624
1.22928	56219891.09639779
1.22929	51653529.22264238
1.2293	41711902.62692787
1.22931	21679536.853443187
1.22932	22902347.50085664
1.22933	12388251.112043027
1.22934	26943871.58693575
1.22935	23779898.68711196
1.22936	26959386.191235274
1.22937	33518918.69170539
1.22938	56100922.15498361
1.22939	59112591.59995545
1.2294	57635491.35953002
1.22941	55639087.65362399
1.2294200000000002	33981300.83204991
1.22943	38435275.64217848
1.22944	44192645.45233389
1.22945	47250890.74746027
1.22946	41891894.38987884
1.22947	24551611.31426908
1.22948	14142298.512620287
1.22949	13145284.806692213
1.2295	21785122.180894405
1.22951	3750679.890712907
1.2295200000000002	12017662.409568427
1.22953	20037336.88595016
1.22954	23191027.98676632
1.22955	18537877.159617797
1.22956	27052038.69719351
1.22957	40575137.47879914
1.22958	48379346.7574015
1.22959	37889598.21514749
1.2296	31745341.25502522
1.22961	14886753.594923655
1.2296200000000002	11929163.74655252
1.22963	32747639.436304554
1.22964	25682659.858132847
1.22965	25270858.73303921
1.22966	22154910.503269184
1.22967	16122782.674761228
1.22968	17230187.361378685
1.22969	25212156.832755387
1.2297	22780329.419997185
1.22971	34648943.75229383
1.22972	43184709.25337581
1.22973	45111783.77799112
1.22974	27171899.524530545
1.22975	38063612.19709051
1.22976	34690455.31266194
1.22977	25024764.54810985
1.22978	44431400.23029472
1.22979	39442097.28881815
1.2298	52337141.6120224
1.22981	35442961.25656678
1.22982	15297835.972875835
1.22983	28250100.68441591
1.22984	49924071.90192
1.22985	41985564.8197378
1.22986	42335042.49077909
1.22987	37168924.94794288
1.22988	31864712.176947184
1.22989	39634191.1875834
1.2299	45354459.94711985
1.22991	32709205.85189155
1.22992	46344691.97362883
1.22993	52066693.66284368
1.22994	57344266.23886856
1.22995	47381630.32367872
1.22996	31990424.27647365
1.22997	44514346.2920113
1.22998	33586906.092035644
1.22999	23146748.88042706
1.23	31067048.82789957
1.23001	44368015.09596074
1.23002	64359105.58987434
1.23003	48657523.38043616
1.23004	51623803.61758283
1.23005	55962872.73819702
1.23006	20764907.46038421
1.23007	27430896.405054685
1.2300799999999998	54587097.16633486
1.23009	29259708.82677361
1.2301	26610314.04726069
1.23011	37232311.548487894
1.23012	29255666.72783618
1.23013	38305399.8436569
1.23014	43441018.60128392
1.23015	25397443.333251193
1.23016	54521776.73283474
1.23017	63300916.79448243
1.2301799999999998	44705401.53703343
1.23019	46711089.82390712
1.2302	37344788.14051123
1.23021	32963248.159616914
1.23022	53148376.14998899
1.23023	59265233.52402156
1.23024	46116888.73113749
1.23025	59039136.91904336
1.23026	36363861.91973247
1.23027	34918855.43278785
1.2302799999999998	42436543.21284045
1.23029	27004118.18285534
1.2303	35393213.836896844
1.23031	42637329.9179021
1.23032	29483565.33931869
1.23033	36058694.574731335
1.23034	43608384.67476645
1.23035	41758029.811547294
1.23036	25933432.32272373
1.23037	48382688.79970986
1.23038	35051773.76829494
1.23039	41725351.12317939
1.2304	47188915.88444001
1.23041	28665531.59063087
1.23042	34135793.29156969
1.23043	25295892.094025075
1.23044	20409388.84261237
1.23045	24228693.72215723
1.23046	33984430.76965613
1.2304700000000002	21441738.74079661
1.23048	14399585.802739898
1.23049	20135851.51523554
1.2305	32050883.08797833
1.23051	42042642.02942144
1.23052	46585418.35776896
1.23053	26919066.78889539
1.23054	23065347.39236273
1.23055	41210700.81026191
1.23056	22711195.722169824
1.2305700000000002	28304142.36511855
1.23058	10448164.45940262
1.23059	7089734.9602602925
1.2306	10867008.33087738
1.23061	28791215.48701399
1.23062	42390642.59114479
1.23063	37323296.93865152
1.23064	32390675.111055106
1.23065	48585871.81191113
1.23066	41314262.064275816
1.2306700000000002	22943517.45182387
1.23068	50845204.68600946
1.23069	58919628.51818416
1.2307	55960295.61200754
1.23071	48948569.0195165
1.23072	46606876.67632242
1.23073	36077796.1212207
1.23074	34847369.469898105
1.23075	24963760.0776338
1.23076	32715984.96997647
1.23077	28543025.13786585
1.23078	47837667.95329823
1.23079	50381373.14206225
1.2308	39518458.89284365
1.23081	47162845.52998382
1.23082	46444041.02399433
1.23083	44907615.96007467
1.23084	28807793.81407965
1.23085	30091927.02816425
1.23086	13370264.53489184
1.23087	15883272.979134705
1.23088	22224909.43882426
1.23089	10032288.205780007
1.2309	32453384.857163105
1.23091	45808914.42167523
1.23092	58024312.041964896
1.23093	54033114.3449734
1.23094	57344266.23886856
1.23095	47021881.20918428
1.23096	48850610.99598061
1.23097	42812441.95287609
1.23098	36857850.1474018
1.23099	37626168.842247136
1.2309999999999999	46318021.50152466
1.23101	57142600.39681383
1.23102	50048377.17617692
1.2310299999999998	43004113.55796244
1.23104	30221081.35638553
1.23105	25455404.34761027
1.23106	36706248.46284547
1.23107	50241199.5510165
1.23108	40436168.72272529
1.23109	53231658.8210979
1.2311	43227488.10894338
1.23111	33091770.21646803
1.23112	44450842.82813494
1.2311299999999998	52097873.87336802
1.23114	44863174.41370957
1.23115	39451180.21301366
1.23116	30429162.537703495
1.23117	36870582.59653764
1.23118	30821942.080644406
1.23119	23415314.75169306
1.2312	38146087.44451053
1.23121	40977928.46815024
1.23122	17315299.18608428
1.2312299999999998	25653108.617589634
1.23124	30734064.615434237
1.23125	50919015.71778996
1.23126	65346149.19704972
1.23127	55360499.50433999
1.23128	40327379.29761138
1.23129	59611493.12481064
1.2313	57130759.81074788
1.23131	34190070.79020689
1.23132	40989252.65263991
1.23133	42615736.64994058
1.23134	32877591.87066967
1.23135	44218092.10742687
1.23136	47054373.99531794
1.23137	31471685.30835408
1.23138	31552952.234216176
1.23139	15067111.42510516
1.2314	12050914.356054705
1.23141	25507036.286631554
1.2314200000000002	48088363.74299154
1.23143	43947077.54090073
1.23144	36252670.18665224
1.23145	34896349.6704925
1.23146	34211333.29672979
1.23147	37179196.52044856
1.23148	26837372.85923938
1.23149	32578418.65631533
1.2315	55160729.36267241
1.23151	48771936.53507336
1.2315200000000002	56553566.69305
1.23153	67368984.34853902
1.23154	42946719.92519938
1.23155	58487088.146145105
1.23156	62784147.25982168
1.23157	62494241.30657115
1.23158	59991538.54347248
1.23159	48354845.49992738
1.2316	37455879.57089216
1.23161	31368229.013102926
1.2316200000000002	31831712.23150264
1.23163	40006448.55672731
1.23164	38666067.0759762
1.23165	37411058.82720536
1.23166	33436437.56663718
1.23167	29310282.209801394
1.23168	24244877.82742772
1.23169	42324321.04447125
1.2317	36815440.39694636
1.23171	20677593.819194395
1.23172	12986436.61109547
1.23173	13498017.908310115
1.23174	29226714.688376267
1.23175	20400931.611536805
1.23176	33790918.74377233
1.23177	33514288.20182493
1.23178	11851409.3773238
1.23179	17866109.853042055
1.2318	20050259.59979401
1.23181	11533204.692513155
1.23182	22712764.610178124
1.23183	41614051.47102713
1.23184	38231382.236269295
1.23185	35284990.10657646
1.23186	24303006.3295146
1.23187	45454826.03819542
1.23188	40724897.50830681
1.23189	30029631.298671626
1.2319	48052943.97787735
1.23191	61215302.50945114
1.23192	52341962.26290163
1.23193	39366789.68188103
1.23194	50059902.56775736
1.23195	57424867.26287829
1.23196	51250723.42311755
1.23197	50115261.40354163
1.23198	62528786.44488976
1.23199	50589454.90902157
1.232	59292532.45799993
1.23201	39222023.901115626
1.23202	52078683.84247807
1.23203	38934087.44874853
1.23204	37527531.65832432
1.23205	30491584.98212403
1.23206	51094011.33429676
1.23207	32898038.158011306
1.2320799999999998	33990691.50976853
1.23209	33776916.48185867
1.2321	32027275.822887354
1.23211	47655167.46066234
1.23212	54280020.12401651
1.23213	58382138.651968606
1.23214	32578418.65631533
1.23215	35379362.24738548
1.23216	38530975.11735807
1.23217	19080950.285281926
1.2321799999999998	18674113.754063547
1.23219	24454568.26834206
1.2322	25751349.90410313
1.23221	23540733.99897626
1.23222	28401416.453650266
1.23223	24746284.41103388
1.23224	34000084.78258594
1.23225	44479510.58599397
1.23226	31485456.90496441
1.23227	36139321.9483596
1.2322799999999998	42229894.844353504
1.23229	41379953.66205832
1.2323	29432015.260173347
1.23231	27916437.76543567
1.23232	35776676.99361102
1.23233	46595073.37823973
1.23234	39026535.55412413
1.23235	32750655.744264293
1.23236	26592550.94996279
1.23237	47750728.31283046
1.23238	65087861.08404085
1.23239	45385800.52153697
1.2324	39774066.91050286
1.23241	45527101.32523139
1.23242	36588112.013864905
1.23243	56405311.24395601
1.23244	38233142.89702607
1.23245	36684280.03170734
1.23246	37782439.88304405
1.2324700000000002	33293541.93093487
1.23248	27796492.632328354
1.23249	51118723.45335595
1.2325	46634787.26799662
1.23251	21379620.89502232
1.23252	20227862.83394872
1.23253	27318069.14879136
1.23254	39567626.54568554
1.23255	50445217.62987359
1.23256	51089305.61865268
1.2325700000000002	58835574.70603406
1.23258	57567848.66648461
1.23259	26285122.17567565
1.2326	26046537.59136245
1.23261	24613308.77647624
1.23262	35216808.84348954
1.23263	41822500.9789884
1.23264	24074096.6637651
1.23265	29560379.14009321
1.23266	32605435.1013622
1.2326700000000002	24855356.69465403
1.23268	9515902.859258084
1.23269	2835175.84408158
1.2327	11089705.16527974
1.23271	26286332.678158026
1.23272	36358001.23001441
1.23273	47052207.11121033
1.23274	48098330.25510439
1.23275	40079288.20497559
1.23276	44005808.04310871
1.23277	60758913.62015498
1.23278	51869253.77569928
1.23279	23080222.966185603
1.2328	11451437.31215196
1.23281	36989631.09234823
1.23282	41193623.94322653
1.23283	49967773.6993045
1.23284	49829898.20803521
1.23285	56119009.87081033
1.23286	47612391.93942347
1.23287	46047918.11814858
1.23288	36096076.63401592
1.23289	38182995.82558689
1.2329	63300916.79448243
1.23291	58117911.59518609
1.23292	55342656.26395914
1.23293	63464373.91035461
1.23294	54445250.46042076
1.23295	40162431.69986058
1.23296	62187056.37987504
1.23297	62846341.35615802
1.23298	37608845.34034053
1.23299	33139045.856272466
1.2329999999999999	33524321.73850364
1.23301	21826293.95730344
1.23302	21887693.574314147
1.2330299999999998	25035138.59476737
1.23304	22747307.579431593
1.23305	7598537.305391765
1.23306	19146085.764730603
1.23307	41549901.63738521
1.23308	41793620.99473825
1.23309	41764760.95318572
1.2331	56805449.40180843
1.23311	53792285.90096057
1.23312	50462643.8000126
1.2331299999999998	47422014.61125978
1.23314	40987365.07126087
1.23315	33705439.92934825
1.23316	37921019.08485979
1.23317	52469871.42729016
1.23318	49820720.04693705
1.23319	37570761.70625182
1.2332	47580609.3926597
1.23321	41045920.533690535
1.23322	27496030.4448531
1.2332299999999998	39834557.75756422
1.23324	41920842.28243738
1.23325	41313310.7791884
1.23326	42954631.73204881
1.23327	27155637.33406994
1.23328	21648609.16832348
1.23329	43287250.36357715
1.2333	35839339.72717768
1.23331	41095096.06470469
1.23332	27551801.44530025
1.23333	53083555.0218379
1.23334	34416761.31908081
1.23335	43228483.47010028
1.23336	29779678.16957443
1.23337	5773378.093538263
1.23338	12483317.026453573
1.23339	20375580.93951796
1.2334	27832998.74379637
1.23341	22616739.71615633
1.2334200000000002	22715902.71133818
1.23343	33694576.33035283
1.23344	20798882.430686247
1.23345	21672549.32278712
1.23346	31505037.43572499
1.23347	26504523.447578475
1.23348	17923383.610273793
1.23349	25874382.856342785
1.2335	31702973.66952717
1.23351	40222587.02602212
1.2335200000000002	29026187.744623706
1.23353	42434588.98280268
1.23354	35829438.31964278
1.23355	46123260.45490205
1.23356	49951668.58816217
1.23357	47530239.20826975
1.23358	43516103.39743983
1.23359	50762149.0542961
1.2336	58765170.4265515
1.23361	59360834.81913706
1.2336200000000002	47651875.67201196
1.23363	35727283.81519295
1.23364	39240994.01716413
1.23365	28900809.01155337
1.23366	19388312.00681692
1.23367	34666500.2698116
1.23368	52307022.60128088
1.23369	28544996.88829258
1.2337	58547721.72764988
1.23371	45912400.48264333
1.23372	54986996.71595626
1.23373	46223199.13907471
1.23374	57946872.33257112
1.23375	61418612.34063014
1.23376	54366327.88001748
1.23377	34043954.38978185
1.23378	34941375.70976284
1.23379	41444795.39986838
1.2338	41174657.94576046
1.23381	27563857.75215763
1.23382	22362481.793857276
1.23383	40094056.68071179
1.23384	45912400.48264333
1.23385	45801531.49204199
1.23386	54146451.46180122
1.23387	59643071.40906782
1.23388	44779578.36111768
1.23389	33451839.16125392
1.2339	49129234.80640513
1.23391	57557245.25351094
1.23392	32232945.95455149
1.23393	30177968.438684113
1.23394	37115045.73087803
1.23395	38179479.203656025
1.23396	37780699.97745019
1.23397	43296221.82510132
1.23398	39344134.8573192
1.23399	38344228.14430922
1.234	46094594.62893826
1.23401	38814142.86010791
1.23402	38013687.48425114
1.23403	45566954.16739394
1.23404	30107174.5187598
1.23405	30011658.77587469
1.23406	30211340.800862387
1.23407	43797568.44535158
1.2340799999999998	50612757.57919503
1.23409	33353391.4065736
1.2341	30622454.63932752
1.23411	41122546.46580509
1.23412	37588067.66595787
1.23413	21709508.939688686
1.23414	22981586.168341
1.23415	19508775.00358259
1.23416	8361034.202385622
1.23417	9312150.793945653
1.2341799999999998	17977943.035577282
1.23419	25597644.30599002
1.2342	28207850.94002049
1.23421	33904707.34243244
1.23422	23150479.99623607
1.23423	19422717.79178735
1.23424	34504838.57705481
1.23425	27723623.99221569
1.23426	53782377.90829767
1.23427	58327048.42501245
1.2342799999999998	36743455.782360375
1.23429	51340488.89875206
1.2343	38988811.79214114
1.23431	35186818.43191197
1.23432	55454909.38767606
1.23433	26357244.17972896
1.23434	34423894.33509286
1.23435	36855304.18524789
1.23436	35144712.90967731
1.23437	33602376.99592692
1.23438	36407428.057277374
1.23439	28620683.42898241
1.2344	32904856.41237203
1.23441	44277184.79120614
1.23442	31987477.98519514
1.23443	21004386.44651739
1.23444	18554104.57298183
1.23445	39930982.85658955
1.23446	29035546.190354906
1.2344700000000002	33393350.81574789
1.23448	22831792.03571278
1.23449	30200212.581607256
1.2345	29935050.83561925
1.23451	28026573.202508144
1.23452	13600660.503742225
1.23453	6532057.514098923
1.23454	15948873.007488035
1.23455	26511847.92991692
1.23456	38718631.59970284
1.2345700000000002	41089418.95953868
1.23458	48389373.57694658
1.23459	50980019.8225605
1.2346	50147582.324531
1.23461	31132213.491924245
1.23462	34162527.948586084
1.23463	32832201.16091987
1.23464	36999853.11728588
1.23465	43998715.716465786
1.23466	41346618.79366966
1.2346700000000002	30611174.98803357
1.23468	18207905.889514208
1.23469	15857327.65589132
1.2347	22556411.038374923
1.23471	34320215.012976624
1.23472	35245201.67758635
1.23473	33082627.88556981
1.23474	52047515.11705224
1.23475	54038091.20790767
1.23476	63298001.74665658
1.23477	44542029.37533114
1.23478	42321397.48492727
1.23479	53741526.72517155
1.2348	52596882.06410994
1.23481	49433345.13593837
1.23482	49927520.65374666
1.23483	49445867.41491682
1.23484	35716590.951206274
1.23485	32979191.1574719
1.23486	18774137.747571733
1.23487	27091309.635334805
1.23488	40150411.43485073
1.23489	46059582.81280915
1.2349	39487532.83122706
1.23491	46875941.11168902
1.23492	57984244.10775075
1.23493	50196102.79419082
1.23494	31633700.60818457
1.23495	46223199.13907471
1.23496	52049912.04889185
1.23497	47530239.20826975
1.23498	61092795.7607536
1.23499	43811689.38920617
1.235	34897956.74378741
1.23501	50874481.96446911
1.23502	41360901.87634064
1.23503	50491700.79532743
1.23504	69337790.75132234
1.23505	62953517.33557759
1.23506	31708814.11100124
1.23507	46542531.35505067
1.23508	50170681.45799678
1.23509	43018969.21791889
1.2351	32593425.02762505
1.23511	55200117.22323072
1.23512	38924227.3020812
1.2351299999999998	34044738.28982562
1.23514	58187540.41887836
1.23515	47975554.16871455
1.23516	47896083.24977892
1.23517	50919015.71778996
1.23518	52632015.34393041
1.23519	68498332.6096741
1.2352	65655331.73154449
1.23521	44557416.30433435
1.23522	28382457.747527204
1.2352299999999998	35062267.5987366
1.23524	42197818.516850375
1.23525	28364817.91490933
1.23526	30302607.45910656
1.23527	26648943.74199711
1.23528	42936832.21589842
1.23529	40473428.96679538
1.2353	36055373.59916621
1.23531	49469782.39302568
1.23532	43087371.37934385
1.2353299999999998	48243632.44140712
1.23534	33091008.25907244
1.23535	34081601.959669955
1.23536	43194654.04504551
1.23537	36601594.05580488
1.23538	57251912.6502341
1.23539	51413835.06442077
1.2354	53090889.29260846
1.23541	60247634.51413377
1.23542	55205201.57605224
1.23543	47880645.86510251
1.23544	42754319.66063979
1.23545	53740289.29503498
1.23546	26390644.71349436
1.23547	22957785.82501535
1.23548	18150976.729677197
1.23549	29713239.25736312
1.2355	22680362.93864749
1.23551	24050826.20228025
1.2355200000000002	24080195.02821421
1.23553	29732402.2674218
1.23554	49308296.6349707
1.23555	46810146.464959994
1.23556	64642776.24126748
1.23557	55123908.09852077
1.23558	46540388.04162498
1.23559	56024759.38445521
1.2356	46535030.189867295
1.23561	40178155.93801357
1.2356200000000002	65264948.55251358
1.23563	43290240.64417878
1.23564	57906857.87334114
1.23565	67300764.87182738
1.23566	28562748.772641044
1.23567	28559460.553952824
1.23568	34660115.05259005
1.23569	25301134.77219786
1.2357	22880736.5158742
1.23571	30533036.719097994
1.2357200000000002	32422761.375760093
1.23573	20186917.121219303
1.23574	31203262.165980063
1.23575	22675141.19328551
1.23576	35482972.93702349
1.23577	24332683.09639822
1.23578	32189927.60793463
1.23579	15539963.700284654
1.2358	36536757.27095536
1.23581	36023839.58203879
1.23582	54665081.50886849
1.23583	44011888.09015025
1.23584	50332673.58670069
1.23585	40522851.68018906
1.23586	60744924.97384241
1.23587	65733990.84698956
1.23588	40164281.2907792
1.23589	55463848.3833928
1.2359	37445531.55859528
1.23591	69628974.67544356
1.23592	57261141.31199948
1.23593	58297509.24916676
1.23594	62560469.59640029
1.23595	48473011.26243653
1.23596	53307706.75422921
1.23597	48372663.36532541
1.23598	47225873.55729588
1.23599	35875668.30392618
1.236	55933242.95117524
1.23601	39328737.0240443
1.23602	23245559.30046472
1.23603	34317844.3383934
1.23604	46958044.17031253
1.23605	42834134.89083395
1.23606	27649036.3838576
1.23607	51767834.69170494
1.2360799999999998	67959472.62120631
1.23609	46124322.49444896
1.2361	50874481.96446911
1.23611	37213455.60038713
1.23612	30665496.45263349
1.23613	59496305.70705965
1.23614	51934983.74163608
1.23615	67829716.20347993
1.23616	59296628.38250751
1.23617	47524767.40224492
1.2361799999999998	40736151.76809869
1.23619	36796795.569253415
1.2362	62116932.36200225
1.23621	62655615.40602942
1.23622	54827696.49208546
1.23623	51207078.63133819
1.23624	47210652.18787864
1.23625	31791425.37262741
1.23626	20595863.26957901
1.23627	33679062.97687408
1.2362799999999998	36306969.46851864
1.23629	45409842.96092208
1.2363	62361994.98613668
1.23631	55186137.66733149
1.23632	34113792.22538178
1.23633	67714238.68013349
1.23634	44904513.9590032
1.23635	50888541.0455676
1.23636	42218227.90511338
1.23637	44727023.7423865
1.23638	48774182.61747148
1.23639	30109254.320529997
1.2364	49428792.36626008
1.23641	44550235.07610889
1.23642	31312662.714199863
1.23643	29944012.817110065
1.23644	23137157.34363781
1.23645	23966797.143631224
1.23646	40153185.02281128
1.2364700000000002	54482872.89988322
1.23648	36023010.11202834
1.23649	25293562.36355277
1.2365	33552122.59665889
1.23651	64890332.57435814
1.23652	48127134.00578855
1.23653	41770531.36674154
1.23654	45749884.29084081
1.23655	61366308.63898571
1.23656	48662005.11034402
1.2365700000000002	19575821.66701312
1.23658	25095739.63702835
1.23659	32775550.88805415
1.2366	29226714.688376267
1.23661	17043547.68363887
1.23662	14437433.604886038
1.23663	30528818.715562504
1.23664	30678208.871580094
1.23665	15096629.612378687
1.23666	4121544.5640658927
1.2366700000000002	16228186.86899018
1.23668	29022177.90558755
1.23669	21518896.66239313
1.2367	4104592.0533690536
1.23671	18869048.46662803
1.23672	19030491.283359457
1.23673	23590655.035857514
1.23674	27508695.75088749
1.23675	34649741.58289286
1.23676	29278579.340678483
1.23677	21444701.231113
1.23678	31186023.36975833
1.23679	51727322.60468824
1.2368	63270315.48665004
1.23681	61462468.6813008
1.23682	60894770.77437188
1.23683	60407380.0225661
1.23684	57195254.92133579
1.23685	44473365.93897965
1.23686	25388672.88177882
1.23687	41440978.36892902
1.23688	59240675.22986951
1.23689	49061407.12467893
1.2369	39046310.184485495
1.23691	25937612.63503545
1.23692	36695262.603290506
1.23693	34904385.77710307
1.23694	47085805.03121756
1.23695	61888506.16101398
1.23696	33236095.638320826
1.23697	51642826.03353086
1.23698	58960342.81627869
1.23699	59783315.94841293
1.237	49395797.32356518
1.23701	37510253.570061736
1.23702	40909107.05278957
1.23703	33304276.23087469
1.23704	27656677.150501534
1.23705	24114041.27832653
1.23706	43246403.89063355
1.23707	48456272.16837029
1.23708	51297948.82858581
1.23709	39143531.06634263
1.2371	29618973.283668865
1.23711	20828116.58663809
1.23712	17071433.86745634
1.2371299999999998	8326835.786063601
1.23714	18528488.82902307
1.23715	19257947.57003138
1.23716	39012160.29526763
1.23717	27490965.955338597
1.23718	20755824.983669367
1.23719	23729577.18490749
1.2372	13874265.46912112
1.23721	13658090.937938385
1.23722	33623274.020810105
1.2372299999999998	46237037.48053621
1.23724	38979835.31995276
1.23725	44966594.711663455
1.23726	52721772.16463925
1.23727	62569113.24175055
1.23728	65198859.67376739
1.23729	67465229.17972267
1.2373	55762212.87097453
1.23731	33655031.393192634
1.23732	52393812.31081166
1.2373299999999998	58238475.76939793
1.23734	44103189.66650511
1.23735	41739765.03795539
1.23736	25154749.68399234
1.23737	46198726.06471428
1.23738	43057617.95528533
1.23739	45156471.59726787
1.2374	57534719.48520059
1.23741	73209931.41583213
1.23742	60614984.71718912
1.23743	48968860.70848931
1.23744	38607350.64276783
1.23745	50095648.15133979
1.23746	59035058.78080162
1.23747	41554685.52196872
1.23748	44454937.09060232
1.23749	39417583.83757068
1.2375	33509658.35162597
1.23751	37131286.78797338
1.2375200000000002	47422014.61125978
1.23753	42852878.54631632
1.23754	36272709.68917013
1.23755	14659190.88316783
1.23756	31537698.717312545
1.23757	51003502.39594457
1.23758	40895921.64013173
1.23759	40267067.24823163
1.2376	53497070.4133884
1.23761	30856737.07671313
1.2376200000000002	46030956.562802896
1.23763	41851400.91971701
1.23764	30888726.265127584
1.23765	29812610.08172241
1.23766	42232812.08290068
1.23767	54614756.28733133
1.23768	50215755.37600126
1.23769	59932169.62163806
1.2377	41045920.533690535
1.23771	33535902.62886071
1.2377200000000002	43135019.62862553
1.23773	51078719.34298397
1.23774	44767207.015608266
1.23775	45731979.4851257
1.23776	54276270.72256211
1.23777	43602360.36993124
1.23778	29963324.660354245
1.23779	34892332.31102719
1.2378	46429071.64698962
1.23781	53888984.53732874
1.23782	58561204.39096714
1.23783	56047984.51677218
1.23784	46818770.00682932
1.23785	30993455.57236277
1.23786	39534841.31816477
1.23787	47801332.16061127
1.23788	63593100.55083574
1.23789	44539978.18630474
1.2379	35694392.91988464
1.23791	52565403.20069877
1.23792	59045934.44216138
1.23793	60697387.66228554
1.23794	41128228.14802157
1.23795	30015805.32618841
1.23796	33292775.327627216
1.23797	37089416.41864035
1.23798	39201257.62951642
1.23799	35157663.08576845
1.238	54540611.13978659
1.23801	46786439.91396644
1.23802	32237399.40822955
1.23803	28660911.62516552
1.23804	41893823.62733154
1.23805	31615496.02652295
1.23806	25272604.44241129
1.23807	13107202.224670652
1.2380799999999998	15443296.156414615
1.23809	25640707.238377176
1.2381	36248496.68400533
1.23811	37829447.63435152
1.23812	33638761.67660849
1.23813	29103150.15412747
1.23814	25035138.59476737
1.23815	48410548.13199818
1.23816	50860426.76750143
1.23817	28807130.497750435
1.2381799999999998	45135681.06116279
1.23819	54904760.31679198
1.2382	43173772.62701761
1.23821	36425036.866476394
1.23822	41357092.57192452
1.23823	55493229.51576237
1.23824	62076897.00296976
1.23825	59659553.67572735
1.23826	71743077.12173966
1.23827	51970871.55122977
1.2382799999999998	43041757.86432236
1.23829	42080413.62319802
1.2383	52644135.70867991
1.23831	57236095.54747449
1.23832	63883690.9457001
1.23833	49599808.53140721
1.23834	70496896.76409139
1.23835	60380958.10744289
1.23836	71587962.18249731
1.23837	56143566.81329817
1.23838	69213370.70756015
1.23839	63111717.63481236
1.2384	48321454.69010551
1.23841	39784142.33551388
1.23842	57942869.64268808
1.23843	54494164.70044441
1.23844	55871457.39674138
1.23845	49133759.98454193
1.23846	50267814.06438765
1.2384700000000002	64645753.21967316
1.23848	36840880.38787143
1.23849	58732704.56472816
1.2385	37091978.55325283
1.23851	44915889.010593176
1.23852	44323086.96171841
1.23853	59733780.26011375
1.23854	40076519.72145008
1.23855	52990741.90947539
1.23856	63069588.87304778
1.2385700000000002	40160582.19411665
1.23858	40365468.73532566
1.23859	61113900.10925682
1.2386	55041466.94005376
1.23861	50233102.27899713
1.23862	56626536.59216104
1.23863	68208735.75775383
1.23864	65418412.35692379
1.23865	67040925.33033804
1.23866	65982687.41654755
1.2386700000000002	38555824.96484032
1.23868	50296758.87440481
1.23869	62343330.58573713
1.2387	64696382.83373053
1.23871	66490561.4234157
1.23872	42517723.17549089
1.23873	24645634.30062334
1.23874	28583802.33916151
1.23875	53822020.83202096
1.23876	40896863.3143684
1.23877	32777815.02110037
1.23878	43405023.93081933
1.23879	48034137.84012842
1.2388	61259013.67547696
1.23881	55541806.36016069
1.23882	49275382.02640332
1.23883	51284957.50575446
1.23884	38288645.2348152
1.23885	29412368.60174579
1.23886	41779188.4819857
1.23887	49715292.62242813
1.23888	65691624.2357593
1.23889	56148738.06503996
1.2389	65307039.98706792
1.23891	66832852.85583714
1.23892	50759811.42476849
1.23893	46402352.61601864
1.23894	62442459.38031362
1.23895	34923679.98420738
1.23896	38415810.46441724
1.23897	46029896.67306144
1.23898	48122701.53706118
1.23899	55426824.77917699
1.239	51991218.9835617
1.23901	49312838.3060707
1.23902	45080632.42227332
1.23903	49148469.69223434
1.23904	50717752.49650422
1.23905	31491257.27467895
1.23906	39098491.3427063
1.23907	27192554.02229049
1.23908	20699030.286796115
1.23909	20614841.499131884
1.2391	27560049.92752089
1.23911	34664903.85523565
1.23912	51623803.61758283
1.2391299999999998	28800498.17442859
1.23914	47722149.83830205
1.23915	42333092.93491468
1.23916	48899002.50464919
1.23917	45860628.26219346
1.23918	32045717.512292694
1.23919	35575417.04894497
1.2392	41495404.26343632
1.23921	57709857.24369338
1.23922	68860472.75719081
1.2392299999999998	63024585.77709475
1.23924	62709018.00897601
1.23925	62952067.79396048
1.23926	57382570.64157847
1.23927	39725557.43429572
1.23928	53062780.08974648
1.23929	22642271.83114935
1.2393	32201789.000342377
1.23931	39131815.74939282
1.23932	45259525.86396361
1.2393299999999998	62737903.22954602
1.23934	31331414.34497984
1.23935	39054402.69363169
1.23936	43849030.94650632
1.23937	43018969.21791889
1.23938	32320643.57904617
1.23939	32905614.0834136
1.2394	21563537.082787488
1.23941	28144270.74487775
1.23942	39558516.8118176
1.23943	45060914.35730979
1.23944	59257046.29499368
1.23945	43366063.36007831
1.23946	39975140.60778913
1.23947	36816288.11354848
1.23948	53186327.07726794
1.23949	48972243.47438508
1.2395	73832912.42318088
1.23951	52838441.57692906
1.2395200000000002	43423017.53641605
1.23953	66441587.41214524
1.23954	71011714.77150956
1.23955	64474799.46017898
1.23956	52168698.24559948
1.23957	40173530.52313263
1.23958	64268771.73170193
1.23959	55607068.43692464
1.2396	36749378.6050192
1.23961	58562552.828054294
1.2396200000000002	58627314.33534505
1.23963	55564831.28371254
1.23964	58488434.87662277
1.23965	55240805.160835996
1.23966	71001904.81822087
1.23967	56895772.70779277
1.23968	54637396.90114488
1.23969	51659476.39730212
1.2397	49624940.60797452
1.23971	54924991.70454479
1.2397200000000002	44053457.56724753
1.23973	36074473.38641916
1.23974	49304890.65614653
1.23975	40319951.40397381
1.23976	23930953.340290233
1.23977	63549187.16212547
1.23978	49197156.26029722
1.23979	42232812.08290068
1.2398	51036396.17171172
1.23981	48411662.83889656
1.23982	33939074.87744288
1.23983	40187408.36549044
1.23984	62612349.3854959
1.23985	61504940.11797565
1.23986	49802368.79600167
1.23987	55223000.49913422
1.23988	51242463.44818772
1.23989	44796078.80676216
1.2399	60045435.63258288
1.23991	29273186.52376378
1.23992	24742865.82165161
1.23993	33935167.72196701
1.23994	58742171.92118671
1.23995	37259755.43892493
1.23996	37583740.42884435
1.23997	29125943.31820675
1.23998	25174450.518227845
1.23999	63059424.07559432
1.24	42989263.02808336
1.24001	48149302.47414124
1.24002	45893375.32794074
1.24003	56445587.80591787
1.24004	55242077.14202501
1.24005	37833803.16118092
1.24006	52571455.3647735
1.24007	41142435.78820807
1.2400799999999998	34627409.26878935
1.24009	42774998.20613204
1.2401	61370547.81982475
1.24011	46284971.43090866
1.24012	38240186.35092372
1.24013	26687015.01643405
1.24014	33882855.2148445
1.24015	40232776.06855197
1.24016	47616777.40473521
1.24017	41670623.62747666
1.2401799999999998	57554594.70544433
1.24019	51404365.15824264
1.2402	63821939.80336572
1.24021	57865538.62696959
1.24022	62106921.10226246
1.24023	71132815.69666524
1.24024	74987694.25789706
1.24025	56144859.58158172
1.24026	40039624.87600651
1.24027	59698030.01340594
1.2402799999999998	53688342.94997825
1.24029	54802453.21768498
1.2403	47821148.26114532
1.24031	35762675.33086079
1.24032	26128230.578126915
1.24033	52272106.26282001
1.24034	60795299.17845784
1.24035	59883889.45673261
1.24036	39894221.99384157
1.24037	38392818.87246385
1.24038	31528259.759551823
1.24039	37588933.17316529
1.2404	50478913.65665414
1.24041	36358838.41356921
1.24042	14837133.351251336
1.24043	23774423.793433607
1.24044	35442961.25656678
1.24045	42821315.00839497
1.24046	35372031.247733034
1.2404700000000002	28008509.62663685
1.24048	50119877.40226656
1.24049	55899767.29927523
1.2405	39953055.63157071
1.24051	36572950.65257641
1.24052	35577874.59657395
1.24053	43099278.504982494
1.24054	60013644.31483287
1.24055	33063589.47433909
1.24056	55803315.1285812
1.2405700000000002	52665959.39932992
1.24058	53144704.91703108
1.24059	45160630.85353987
1.2406	48638480.63276111
1.24061	47601430.04311454
1.24062	42925958.36496671
1.24063	41127281.14647389
1.24064	23356082.46625216
1.24065	6766903.761230753
1.24066	27907440.01949614
1.2406700000000002	26942630.804364827
1.24068	32090020.90380749
1.24069	34398539.214711115
1.2407	37149245.69853787
1.24071	37032241.502739936
1.24072	29818788.86836367
1.24073	38279829.96337494
1.24074	47652972.90963004
1.24075	36663168.93946409
1.24076	15188678.86872354
1.2407700000000002	15797195.760383135
1.24078	38766804.13199119
1.24079	36061185.50714217
1.2408	39667058.80339674
1.24081	36153471.07432016
1.24082	50215755.37600126
1.24083	39662492.22736086
1.24084	27691086.73880504
1.24085	10434941.051122855
1.24086	12817401.835540876
1.24087	36983669.54868432
1.24088	49325330.05868828
1.24089	61082949.55902857
1.2409	62515829.78081849
1.24091	55235717.52895415
1.24092	44440608.82160683
1.24093	34497688.7884903
1.24094	34592344.70958544
1.24095	37575952.65737196
1.24096	26170378.26799188
1.24097	26518563.81683708
1.24098	39473896.67557485
1.24099	59318478.09233811
1.2409999999999999	46475064.37414844
1.24101	29689986.49159616
1.24102	37325015.77957198
1.24103	48240300.00444011
1.24104	60471396.76056141
1.24105	59753039.25980749
1.24106	53170408.87412857
1.24107	47755126.51998001
1.24108	41239177.98840562
1.24109	34784038.25199848
1.2411	21862005.538990848
1.24111	28990786.65861092
1.24112	39270822.73864509
1.2411299999999998	27773460.81529041
1.24114	25682068.499843776
1.24115	37075754.68940177
1.24116	31104985.26890309
1.24117	46016120.32703436
1.24118	47419830.79706595
1.24119	41771493.17984325
1.2412	39562160.45365543
1.24121	27418898.25488997
1.24122	25027069.52024829
1.2412299999999998	36290253.34051067
1.24124	42937820.88437881
1.24125	38925123.57585528
1.24126	57684615.21284722
1.24127	49888448.74600126
1.24128	60760312.66194986
1.24129	57591713.48834503
1.2413	61009856.00850476
1.24131	60806499.11794779
1.24132	57240049.41344635
1.2413299999999998	44402763.48033145
1.24134	48678815.2743239
1.24135	59914232.44674682
1.24136	30350091.16930767
1.24137	33824392.09249756
1.24138	48338147.21182229
1.24139	46213621.1751067
1.2414	53324893.89864872
1.24141	45173110.92109283
1.24142	51152869.36362043
1.24143	46127508.75981929
1.24144	49606661.47156498
1.24145	52634439.19362021
1.24146	52165094.68405662
1.24147	47347821.31851523
1.24148	37341348.71680617
1.24149	44456984.36325136
1.2415	51106954.28732363
1.24151	50125647.99857087
1.2415200000000002	28453126.84682109
1.24153	28084713.637382746
1.24154	21292173.677551746
1.24155	16256610.485588798
1.24156	29755003.11045374
1.24157	31784837.833634254
1.24158	36560320.98412155
1.24159	45624697.70768505
1.2416	57017740.09494351
1.24161	58843703.7025876
1.2416200000000002	50214599.12881552
1.24163	40630297.28526524
1.24164	58630014.28511373
1.24165	67928183.33266723
1.24166	36717237.611356616
1.24167	54009480.50486095
1.24168	46605803.52568295
1.24169	30977045.95214949
1.2417	41810946.59128295
1.24171	50821794.99463162
1.2417200000000002	35283365.210146904
1.24173	32219589.284526426
1.24174	34091805.33923383
1.24175	26659991.094119914
1.24176	48085042.03123562
1.24177	48613848.13941392
1.24178	50456834.40786617
1.24179	42730699.27760715
1.2418	45760419.80389743
1.24181	42570622.42083821
1.24182	28635844.80189187
1.24183	37132996.78629617
1.24184	50627910.07047071
1.24185	66246051.82241006
1.24186	40553654.795315385
1.24187	36059524.86641637
1.24188	33043040.296066314
1.24189	40000921.8433836
1.2419	59607375.45096839
1.24191	58536937.83201148
1.24192	41540335.52035486
1.24193	56801525.55590496
1.24194	62629652.207339
1.24195	38583355.99053508
1.24196	34943789.45785484
1.24197	52778859.34169845
1.24198	48240300.00444011
1.24199	48014233.48109236
1.242	50184546.0449598
1.24201	37462779.83440605
1.24202	57058453.96552083
1.24203	44640597.61717964
1.24204	36327038.986221336
1.24205	58549069.85428343
1.24206	59881131.76520792
1.24207	56561380.39676666
1.24208	52881041.49313062
1.24209	49509666.39644361
1.2421	45954706.84602699
1.24211	34984043.14964548
1.24212	27048924.39541861
1.24213	39068793.51802998
1.24214	49505106.59764116
1.24215	53787331.67648916
1.24216	44849747.25746401
1.24217	40732400.00264422
1.2421799999999998	42563761.40014491
1.24219	46038376.474368796
1.2422	41018521.282452
1.24221	47858601.08920682
1.24222	34995322.49063764
1.24223	35290677.83339664
1.24224	53720494.28739029
1.24225	60442163.31622889
1.24226	62197080.55693652
1.24227	64194822.15080346
1.2422799999999998	38539848.22376534
1.24229	32204755.031303875
1.2423	35239521.28006575
1.24231	44838388.95642424
1.24232	31534068.014569923
1.24233	40337594.88574619
1.24234	44337377.3400354
1.24235	45656225.02022351
1.24236	49376465.64288578
1.24237	43282267.0215767
1.2423799999999998	49729031.36342017
1.24239	30334022.18118325
1.2424	38479551.37081543
1.24241	53726679.44389639
1.24242	52712061.34973275
1.24243	52043919.92625401
1.24244	51749957.80244345
1.24245	53553763.948828995
1.24246	46873782.44453015
1.24247	29989553.51335817
1.24248	20447489.789639983
1.24249	40895921.64013173
1.2425	38137304.994435705
1.24251	51878809.32541326
1.24252	51488471.5662764
1.24253	38326574.04000352
1.24254	49145074.75348314
1.24255	49199421.92523805
1.24256	48374891.06009117
1.2425700000000002	45479952.24534521
1.24258	45196000.00304816
1.24259	30246142.92221349
1.2426	48675452.77702984
1.24261	63620928.05735171
1.24262	61395989.05525603
1.24263	54501693.86760647
1.24264	60400425.76625562
1.24265	41983631.35754416
1.24266	54931315.54192371
1.2426700000000002	50464967.74415023
1.24268	54178877.13812026
1.24269	44859042.55292651
1.2427	43951125.40273388
1.24271	38088160.62740769
1.24272	26358458.00362895
1.24273	39037320.47432715
1.24274	43091340.055666745
1.24275	29737194.95069291
1.24276	42672687.95945808
1.2427700000000002	57794964.32599217
1.24278	45685670.16727501
1.24279	53784854.73536116
1.2428	62707574.09709887
1.24281	59714527.46778744
1.24282	56715269.48608322
1.24283	27284751.32820288
1.24284	53531572.37022886
1.24285	59033699.46398831
1.24286	49917175.11291976
1.24287	54628591.10293382
1.24288	45686722.130816996
1.24289	36669078.82036968
1.2429	35471536.42143546
1.24291	49828750.84543682
1.24292	45789932.14946842
1.24293	35983218.003888085
1.24294	54342548.29381014
1.24295	58168785.99505342
1.24296	44359842.958252415
1.24297	39022042.7168077
1.24298	45469481.30489604
1.24299	44842518.91485316
1.2429999999999999	31336464.779318813
1.24301	33310411.67035068
1.24302	40048845.40185488
1.24303	44022023.36871561
1.24304	51021121.42411406
1.24305	47066293.64179777
1.24306	38803419.59763988
1.24307	25977658.302294247
1.24308	39970538.56456643
1.24309	39269918.50494526
1.2431	39058899.25674261
1.24311	45323141.01452869
1.24312	45789932.14946842
1.2431299999999998	46264726.59350352
1.24314	34442922.93943157
1.24315	44453913.48963251
1.24316	44508196.83259896
1.24317	33633340.185757995
1.24318	21324556.124748573
1.24319	26632381.29658675
1.2432	27684073.90777409
1.24321	34861815.489403196
1.24322	36370561.00763277
1.2432299999999998	25348367.798288345
1.24324	21562544.06807193
1.24325	25608255.840649616
1.24326	31540603.58048176
1.24327	31467337.63468101
1.24328	39048108.37492532
1.24329	37607113.42888658
1.2433	29604654.70243776
1.24331	28741537.726894263
1.24332	21833833.79417747
1.2433299999999998	28859579.573542
1.24334	23711553.04129787
1.24335	19217195.131854508
1.24336	17400430.772681504
1.24337	23585223.712123826
1.24338	22873888.51128631
1.24339	23913877.48790784
1.2434	28472788.360603586
1.24341	24547654.38097336
1.24342	26298440.769490026
1.24343	24247110.966036666
1.24344	26180021.567904826
1.24345	25707509.206010986
1.24346	21844896.93330877
1.24347	20121946.964789946
1.24348	11301601.765540993
1.24349	10583516.71407332
1.2435	14220995.532829994
1.24351	17649402.19772562
1.2435200000000002	17720664.365808144
1.24353	17347623.98042992
1.24354	15233159.870989066
1.24355	15179938.078380212
1.24356	14508750.085224096
1.24357	14268555.20941284
1.24358	14691630.596682055
1.24359	14402238.548788473
1.2436	14075699.935133966
1.24361	16413076.73761208
1.2436200000000002	17920082.305071194
1.24363	17106848.135972694
1.24364	12818287.260873973
1.24365	14140996.018773826
1.24366	19731949.71348844
1.24367	22343952.528456576
1.24368	22701784.66965345
1.24369	21890213.633224826
1.2437	25786357.53599824
1.24371	28979440.741332617
1.2437200000000002	30633033.087190196
1.24373	32220331.1765276
1.24374	27095676.59046053
1.24375	30607650.949137125
1.24376	29954356.89899743
1.24377	32284941.21712637
1.24378	34657720.89935482
1.24379	36873129.614123255
1.2438	35487058.300418384
1.24381	38587798.31926824
1.24382	37488667.14605393
1.24383	34873055.42250153
1.24384	36370561.00763277
1.24385	34589158.78361459
1.24386	36328711.94671117
1.24387	39533931.00528247
1.24388	39627803.42554401
1.24389	40354316.88489198
1.2439	44494875.91804288
1.24391	44839421.41037078
1.24392	42913111.00056396
1.24393	45717239.61264712
1.24394	26584592.03173565
1.24395	40874269.11607484
1.24396	42973428.11536809
1.24397	33478038.15533938
1.24398	23073315.25704564
1.24399	26746071.42197393
