1.21594	1468114743.2398555
1.21595	1836200071.6403124
1.21596	1819952276.9411879
1.21597	1785829529.730495
1.2159799999999998	1796221953.2892148
1.21599	1782625029.1856587
1.216	1763680852.5326512
1.21601	1513735513.645925
1.21602	1274970099.9437115
1.21603	1408056234.932141
1.21604	1225998672.6902375
1.21605	1325073595.63028
1.21606	1331772368.6687407
1.21607	1633164759.022786
1.2160799999999998	1151144916.5633116
1.21609	951502645.2575916
1.2161	1272184207.274335
1.21611	1532074908.5293775
1.21612	1493172558.9436204
1.21613	1340046904.9194028
1.21614	1631323152.7236984
1.21615	1522684756.2764964
1.21616	1434663337.0035145
1.21617	1194620601.5514288
1.2161799999999998	1465581586.83054
1.21619	1137836863.8160613
1.2162	1179777203.051192
1.21621	1678533448.6910346
1.21622	1315345974.4546616
1.21623	1119180153.0423007
1.21624	1455559623.6060278
1.21625	1652418315.2095606
1.21626	1651771620.0462213
1.21627	1450207009.7133362
1.21628	1746948088.9784136
1.21629	1834256218.0964785
1.2163	1749967567.9266362
1.21631	1783856848.3375156
1.21632	1622445062.1041052
1.21633	1523386140.007898
1.21634	1792420903.1597984
1.21635	1726394326.0763865
1.21636	1793205243.032049
1.2163700000000002	1782460850.9137185
1.21638	1754122826.1264472
1.21639	1475061065.9049487
1.2164	1064265539.2695855
1.21641	1103849842.460517
1.21642	1557973261.9243913
1.21643	1632375244.7461808
1.21644	1729059745.3542626
1.21645	1664293817.9899845
1.21646	1762219489.2143953
1.2164700000000002	1634293299.0103695
1.21648	1349988285.7222536
1.21649	878840373.531628
1.2165	1091163926.688025
1.21651	1599631692.6802742
1.21652	1438169254.2576857
1.21653	1268060574.4108613
1.21654	1569748222.649911
1.21655	1550350879.6169426
1.21656	1508759438.5899718
1.2165700000000002	1504908170.1947627
1.21658	1691492202.1000044
1.21659	1669629079.044449
1.2166	1431396661.638984
1.21661	1466493019.2239106
1.21662	1310026255.9293122
1.21663	1449772975.4221375
1.21664	1179641383.9996755
1.21665	1270398581.0339484
1.21666	1694727981.0629914
1.21667	1608088699.3706505
1.21668	1532815911.5659068
1.21669	1637419658.0144033
1.2167	1423541065.6869369
1.21671	1458814260.275347
1.21672	1747752773.5752568
1.21673	1841619903.524671
1.21674	1754769187.9146972
1.21675	1718818423.0673368
1.21676	1722106476.354045
1.21677	1527812292.6400864
1.21678	1103900677.7948804
1.21679	1536844757.543988
1.2168	1489189618.5503066
1.21681	1568122549.5410042
1.21682	1777788121.1568246
1.21683	1383024902.4720323
1.21684	1624351448.3224747
1.21685	1560881739.8401568
1.21686	1453717437.904108
1.21687	1504734921.2120168
1.21688	1411692150.852523
1.21689	1463389720.3970025
1.2169	1361444682.465951
1.21691	1293183039.294792
1.21692	1591145885.0836992
1.2169299999999998	1245890860.5551498
1.21694	1428926860.389184
1.21695	952905865.0506283
1.21696	1388928853.4865742
1.21697	1754244000.8237488
1.21698	1634105154.8716311
1.21699	1570001256.56149
1.217	1475196930.306505
1.21701	1792585998.8286989
1.21702	1549280304.975602
1.2170299999999998	1288190226.9748714
1.21704	1292587643.6024766
1.21705	1393477626.088681
1.21706	1487202134.2142687
1.21707	1529572264.4718778
1.21708	1783692556.6160636
1.21709	1707025465.531115
1.2171	1605240099.3653796
1.21711	1566390353.8728893
1.21712	1598932021.0044525
1.2171299999999998	1616404310.8180294
1.21714	1706357399.1570725
1.21715	1508551010.1684914
1.21716	1469196888.7872787
1.21717	1691024890.0969768
1.21718	1605942531.373542
1.21719	1535535990.2728193
1.2172	1667247212.5510607
1.21721	1770679666.0097435
1.21722	1739201895.2356374
1.21723	1617968268.4942641
1.21724	1702119315.1981075
1.21725	1563543613.636078
1.21726	1490836441.6425686
1.21727	1697891757.3784225
1.21728	1369462044.4600694
1.21729	1470347542.4303849
1.2173	1754324788.6056542
1.21731	1714115176.0802824
1.2173200000000002	1742970352.7819214
1.21733	1808297991.8220875
1.21734	1724328474.774057
1.21735	1487339116.901033
1.21736	1376955800.8989108
1.21737	1706671750.7578874
1.21738	1587157406.1675813
1.21739	1552959035.8327024
1.2174	1281061560.6243222
1.21741	1431726290.8490171
1.2174200000000002	1455827772.2939806
1.21743	1307946560.0796838
1.21744	1083577553.5809019
1.21745	1623379285.422942
1.21746	1606534291.4663553
1.21747	1488127012.2372894
1.21748	1552422755.401493
1.21749	1206007476.0293198
1.2175	1402167833.7057607
1.21751	1735801262.8714485
1.2175200000000002	1804679146.5567188
1.21753	1893651254.8966746
1.21754	1752790456.7597005
1.21755	1619160870.8883722
1.21756	1601732545.2465742
1.21757	1585586720.9297388
1.21758	1737000726.1373787
1.21759	1683255336.4788058
1.2176	1632863946.6631944
1.21761	1670128934.0467026
1.21762	1506988714.5243554
1.21763	1621548713.5217745
1.21764	1745380019.4685335
1.21765	1646607161.753079
1.21766	1780081964.4531398
1.21767	1702354487.9165885
1.21768	1652646621.006801
1.21769	1684185794.8251824
1.2177	1611721502.4459062
1.21771	1725520010.1808555
1.21772	1725480279.071749
1.21773	1682596572.850525
1.21774	1781353043.0086405
1.21775	1716247825.5375092
1.21776	1634594374.6906455
1.21777	1646038541.9901867
1.21778	1020304964.9578984
1.21779	638043075.8579501
1.2178	1438235485.9244385
1.21781	1656380084.0486426
1.21782	1877716402.493416
1.21783	1867583378.2710786
1.21784	1891036885.3644874
1.21785	1810756279.6668067
1.21786	1793989926.1211376
1.21787	1690285243.4494867
1.21788	1215094345.8925755
1.21789	1299960032.3449185
1.2179	1465244163.04794
1.21791	1397526333.4391208
1.21792	1372587375.1550386
1.21793	1575687174.3705068
1.21794	1612055538.3877926
1.21795	1815139467.617336
1.21796	1752629026.2268965
1.21797	1640778663.9505293
1.2179799999999998	1539146644.9979365
1.21799	1804014400.6468828
1.218	1730413919.808568
1.21801	1664102220.1126735
1.21802	1771536072.5744226
1.21803	1756264811.9158
1.21804	1769864425.6195054
1.21805	1707104078.7690475
1.21806	1634594374.6906455
1.21807	1682480347.2112749
1.2180799999999998	1640665326.8903267
1.21809	1512725054.6500535
1.2181	1363201326.4220073
1.21811	1251699273.0317252
1.21812	1548174821.1525936
1.21813	1661192646.5870404
1.21814	1328158787.3731132
1.21815	759066805.7581121
1.21816	1350268076.3733506
1.21817	1682015524.9317975
1.2181799999999998	1778893712.0681267
1.21819	1336749406.6504846
1.2182	894540483.7788668
1.21821	1553567044.279601
1.21822	1492278905.6853285
1.21823	1304217430.0972373
1.21824	1779426278.811013
1.21825	1790028723.934104
1.21826	1811173269.7143764
1.21827	1789740228.6427948
1.21828	1588144445.5015552
1.21829	1756628805.0559046
1.2183	1861787027.8636386
1.21831	1848417195.3696554
1.21832	1706711048.7796385
1.21833	1789781439.4089632
1.21834	1885775547.403848
1.21835	1500237441.6013527
1.21836	1087476798.5504284
1.2183700000000002	1593785972.0609329
1.21838	1579355874.0379715
1.21839	1752104479.6676486
1.2184	1711630434.221982
1.21841	1239995188.524827
1.21842	1541629456.6547039
1.21843	1659128409.975411
1.21844	1649111423.1909618
1.21845	1426329944.7615614
1.21846	1649149395.821932
1.2184700000000002	1733644315.8582995
1.21848	1726593096.0102766
1.21849	1195446101.3127933
1.2185	1488161278.0225408
1.21851	1322848167.3639634
1.21852	1630234200.8295312
1.21853	1642139319.5144644
1.21854	1515235022.9404259
1.21855	1383247837.7146676
1.21856	1477780732.939109
1.2185700000000002	1767014038.9666965
1.21858	1675135722.0522318
1.21859	1397333271.3775375
1.2186	1417979656.0211961
1.21861	1496063405.5143
1.21862	1545717059.1531851
1.21863	1651847688.6919374
1.21864	1374326750.8901205
1.21865	1673709187.0707145
1.21866	1764696401.1129434
1.21867	1775170205.1895492
1.21868	1465176687.6142793
1.21869	1612204021.0276372
1.2187	1787763227.3733382
1.21871	1546607101.5680034
1.21872	1225913986.6271894
1.21873	1639456885.2635741
1.21874	1686164726.9094927
1.21875	1778320356.9069445
1.21876	1615585698.3138025
1.21877	1448972022.6000216
1.21878	1674210263.5792494
1.21879	1728980121.043806
1.2188	1641685642.3330386
1.21881	1765102784.2604222
1.21882	1407245925.8560555
1.21883	1604870521.7238646
1.21884	1706986160.269734
1.21885	1712339992.7055762
1.21886	1539252969.153824
1.21887	1397719422.175056
1.21888	1381433552.4406898
1.21889	1300588770.7479694
1.2189	1517015436.4858794
1.21891	1601806309.4546814
1.21892	1759421926.538628
1.2189299999999998	1732407279.7068186
1.21894	1431726290.8490171
1.21895	1471770182.3666475
1.21896	1642290573.100553
1.21897	1612018419.864614
1.21898	1438103025.6409485
1.21899	1683022802.223339
1.219	1862644609.9253855
1.21901	1602322754.0374432
1.21902	1566210026.899612
1.2190299999999998	1466155385.6004062
1.21904	1466729409.0217154
1.21905	1512829553.6040995
1.21906	1093452696.7309203
1.21907	1601695664.4163668
1.21908	1673901891.054642
1.21909	1707143386.7456338
1.2191	1553316659.036608
1.21911	1674094617.2257125
1.21912	1725877631.3337471
1.2191299999999998	1468790990.764167
1.21914	940307716.2870805
1.21915	1272565074.8860552
1.21916	1350952253.2217364
1.21917	1510288793.8592672
1.21918	1380733938.6298265
1.21919	1567400568.6746912
1.2192	1703060201.045331
1.21921	1539891068.3490846
1.21922	1167723445.3891668
1.21923	1651049142.6017196
1.21924	1807590291.1421669
1.21925	1874778653.7730415
1.21926	1848757717.7623415
1.21927	1771984831.7846313
1.21928	1680467044.5932515
1.21929	1599963222.9591248
1.2193	1768682993.715307
1.21931	1826964043.154889
1.2193200000000002	1746143774.8672152
1.21933	1573874141.337017
1.21934	1582595767.8124135
1.21935	1710054690.1013408
1.21936	1478427390.4006708
1.21937	1375023118.197869
1.21938	1705768145.9567614
1.21939	1574200333.2569075
1.2194	1790193599.2650082
1.21941	1755011634.984384
1.2194200000000002	1570905282.1083276
1.21943	1366941724.162318
1.21944	1310991874.649776
1.21945	1630384357.8631694
1.21946	1659510482.3958519
1.21947	1766891982.1768844
1.21948	1413611273.514065
1.21949	1612723817.976901
1.2195	1234582168.4715257
1.21951	1648959541.4102936
1.2195200000000002	1607200282.2158206
1.21953	1820245642.2318046
1.21954	1835101118.8320324
1.21955	1303767047.1382127
1.21956	1223235284.7589796
1.21957	1501204992.292645
1.21958	1732766328.274781
1.21959	1547497656.479915
1.2196	1503349647.1728222
1.21961	1243741140.0150795
1.21962	1635271997.7818267
1.21963	1635083740.9727142
1.21964	1771291342.7270086
1.21965	1636401993.9012485
1.21966	1519567512.465642
1.21967	1681008850.4886127
1.21968	1511019259.828043
1.21969	1800196860.6382601
1.2197	1857890012.1185837
1.21971	1741445951.5215638
1.21972	1666633089.1112552
1.21973	1617782003.735933
1.21974	1415533005.1238675
1.21975	1348217624.0952795
1.21976	1530241585.2281792
1.21977	1532251305.3256845
1.21978	1804845371.3035548
1.21979	1676409062.805884
1.2198	1322574058.4247642
1.21981	1420365124.048012
1.21982	1355688774.5615585
1.21983	1565741273.9185894
1.21984	1535076417.7630374
1.21985	1285197878.5529466
1.21986	1550279484.9643939
1.21987	1844505693.003921
1.21988	1706043105.4566288
1.21989	1683255336.4788058
1.2199	1659930863.6824393
1.21991	1579246779.767233
1.21992	1568158657.312773
1.21993	1654931414.6070054
1.21994	1696563033.8760872
1.21995	1720045756.0115426
1.21996	1140958898.9489322
1.21997	966451356.5596576
1.2199799999999998	1544116273.357867
1.21999	1393638065.364593
1.22	1237998162.264648
1.22001	1422230539.524333
1.22002	1812090985.8636637
1.22003	1852081100.4237792
1.22004	1826795781.2969038
1.22005	1769986687.7455356
1.22006	1512829553.6040995
1.22007	1202264434.6174128
1.2200799999999998	1309031206.536512
1.22009	1725083018.2929578
1.2201	1621287371.8113248
1.22011	1714944224.6753387
1.22012	1418404172.0008545
1.22013	1472143005.9488893
1.22014	1850290845.0087507
1.22015	1868099481.9277527
1.22016	1797670120.6159925
1.22017	1376131702.551652
1.2201799999999998	1753597832.4859438
1.22019	1609607548.2376194
1.2202	1642404022.4326644
1.22021	1515723555.7390482
1.22022	1514816405.8680346
1.22023	1208008527.38593
1.22024	1563327617.0239205
1.22025	1385766313.849751
1.22026	1787392782.8326235
1.22027	1727587289.0157044
1.22028	1739322039.1959484
1.22029	1703609291.2878625
1.2203	1529079268.0964985
1.22031	1584929686.3956554
1.22032	1266455691.298228
1.22033	1814094890.0298207
1.22034	1807631912.9259453
1.22035	1672014348.3253546
1.22036	1191242008.0273762
1.2203700000000002	1422721845.3908312
1.22038	1567292300.2186663
1.22039	1721908222.9315984
1.2204	1531898532.0403328
1.22041	1264969341.974902
1.22042	1350641220.780083
1.22043	1714075707.5741627
1.22044	1539217526.9524586
1.22045	1382642811.3594642
1.22046	1674325917.921622
1.2204700000000002	1278085771.4442382
1.22048	1460730172.3546581
1.22049	1255133727.6802435
1.2205	1606904252.2491202
1.22051	1668975648.2273016
1.22052	1597607166.453514
1.22053	1167669670.9754179
1.22054	1534652319.0679948
1.22055	1220843513.274734
1.22056	1677258494.3293526
1.2205700000000002	1744857642.473692
1.22058	1556395620.1996806
1.22059	1204065187.3640966
1.2206	1061353362.1461506
1.22061	1151754718.1215506
1.22062	1315527708.7701075
1.22063	1710448490.0812616
1.22064	1808756063.4307857
1.22065	1827637245.5831347
1.22066	1724328474.774057
1.22067	1599152936.8866045
1.22068	1539501087.4151313
1.22069	1657562832.5100186
1.2207	1179179716.1698787
1.22071	1670282765.6902807
1.22072	1810381070.7084289
1.22073	1621100724.949092
1.22074	1566823223.3226929
1.22075	1565561021.6691024
1.22076	1458612731.5586305
1.22077	1058327302.2400769
1.22078	1483440050.1997573
1.22079	1141826189.5482244
1.2208	1628208433.9025064
1.22081	1551850927.0634918
1.22082	1588254154.4224975
1.22083	1489326784.2995794
1.22084	1373029916.3724642
1.22085	1548139173.5203595
1.22086	1667592756.4258285
1.22087	1625211923.86301
1.22088	971650324.3950547
1.22089	1407407950.357309
1.2209	1661613453.9934642
1.22091	1669436866.957867
1.22092	1748557828.8283842
1.2209299999999998	1830290392.35775
1.22094	1769619926.7027004
1.22095	1687912774.378433
1.22096	1496407926.5067933
1.22097	1578337953.8501446
1.22098	1791719416.182767
1.22099	1832272232.2582
1.2209999999999999	1865047941.7966304
1.22101	1781024935.8723745
1.22102	1721194699.5701413
1.2210299999999998	1781558140.662893
1.22104	1736640800.154808
1.22105	1744897819.7682235
1.22106	1789822651.1240485
1.22107	1274236379.3591983
1.22108	869060477.811991
1.22109	1375213097.784959
1.2211	1804139021.8510933
1.22111	1823937699.5537028
1.22112	1651505407.3713467
1.2211299999999998	1605942531.373542
1.22114	1529783597.2875836
1.22115	1326019772.6409452
1.22116	1303737027.1381586
1.22117	1694767004.066116
1.22118	1724606426.0865815
1.22119	1829574084.6689837
1.2212	1662264002.3931315
1.22121	1609718739.8283765
1.22122	1399490645.8445938
1.22123	1690947017.3160045
1.22124	1198339845.2172766
1.22125	1587705685.5941837
1.22126	1720204185.3760555
1.22127	1593932771.9340415
1.22128	1783774700.5853148
1.22129	1672707483.9122345
1.2213	1611164929.6823132
1.22131	1592795426.4913368
1.2213200000000002	1403169060.3347676
1.22133	1585185167.4672947
1.22134	1746385030.2097325
1.22135	1618080037.6430645
1.22136	1415695983.7653036
1.22137	1096755952.0957355
1.22138	1207007587.0244539
1.22139	1333982093.6978052
1.2214	1223939638.3017516
1.22141	1643236223.7025564
1.2214200000000002	1733444734.1694536
1.22143	1449172219.311565
1.22144	1166406684.8843
1.22145	1139987265.5699785
1.22146	1648466022.222352
1.22147	1690985953.258219
1.22148	1424459152.4537346
1.22149	1616032162.817756
1.2215	1368673945.5926726
1.22151	1135742820.1329918
1.2215200000000002	1733324996.1849694
1.22153	1695781917.598331
1.22154	1233190016.0351975
1.22155	1460024017.4373598
1.22156	1669744416.9188814
1.22157	1720006150.9503453
1.22158	1581867123.3172474
1.22159	1369777411.0554955
1.2216	1688068244.0496693
1.22161	1738801475.3016887
1.2216200000000002	1445140259.455055
1.22163	1613652443.686818
1.22164	1677104020.2270107
1.22165	1671321499.95961
1.22166	1116811815.5115387
1.22167	1188775921.697216
1.22168	1248015559.7874115
1.22169	1343228815.8255546
1.2217	1457840462.686989
1.22171	1788257272.8599632
1.22172	1727746413.013065
1.22173	1758733354.1355748
1.22174	1762909426.495425
1.22175	1454521013.8643668
1.22176	1332968848.301896
1.22177	1532180744.1701365
1.22178	1706868249.915667
1.22179	1742849956.8137474
1.2218	1720560704.8022885
1.22181	1454554505.8339944
1.22182	1650061001.320225
1.22183	1747994251.2245162
1.22184	1593785972.0609329
1.22185	1639419135.8083313
1.22186	1420823069.474702
1.22187	1663297749.8635685
1.22188	1682286655.6529346
1.22189	1337765525.806981
1.2219	1546927642.2812195
1.22191	1548923611.069572
1.22192	1256811077.7633395
1.22193	1013234572.7323617
1.22194	1025297739.7953633
1.22195	1560163092.7222571
1.22196	1475978393.5035875
1.22197	1724090266.4467998
1.2219799999999998	1764208864.8364441
1.22199	1413774030.8952367
1.222	1351574532.9998744
1.22201	1466054110.6723096
1.22202	1462951740.6356347
1.22203	1714944224.6753387
1.22204	1881525029.4344254
1.22205	1826585475.7665985
1.22206	1670244306.4510887
1.22207	1668629817.8018816
1.2220799999999998	1658784620.0079198
1.22209	1391585836.923807
1.2221	1249539530.37495
1.22211	1653217523.5135214
1.22212	1653598234.745351
1.22213	1870983683.0033195
1.22214	1825029967.133113
1.22215	1775333711.9372785
1.22216	1575542054.9016562
1.22217	1318165679.7520561
1.2221799999999998	1044143044.9858732
1.22219	1504111390.0012438
1.2222	1587011230.299984
1.22221	1212243879.2682776
1.22222	1575034242.0049615
1.22223	1862987753.3460839
1.22224	1860929840.6420965
1.22225	1811423509.8342524
1.22226	1724963857.8953938
1.22227	1331373780.8311362
1.22228	1652760785.7340665
1.22229	1496407926.5067933
1.2223	1554533194.060783
1.22231	1691803815.178108
1.22232	1652646621.006801
1.22233	1846715523.9867086
1.22234	1804139021.8510933
1.22235	1746385030.2097325
1.22236	1599852705.232318
1.2223700000000002	1421542996.3298235
1.22238	1469704419.0578241
1.22239	1709542885.6690304
1.2224	1605535822.7555542
1.22241	1197209074.478692
1.22242	1492931907.3570805
1.22243	1228541976.6992884
1.22244	1481733159.480603
1.22245	1725400819.598011
1.22246	1440058052.5244405
1.2224700000000002	1106445431.671551
1.22248	1715971221.3636465
1.22249	1580410840.600268
1.2225	1074484116.6445553
1.22251	989486788.6430619
1.22252	1603725371.6860814
1.22253	1604094685.6166966
1.22254	1388001706.278902
1.22255	1320018445.696604
1.22256	1330546325.6877248
1.2225700000000002	1620428974.1419878
1.22258	1814596212.228975
1.22259	1756709702.6646323
1.2226	1632563189.710191
1.22261	1368484869.360441
1.22262	1564191782.5476284
1.22263	1576231491.435167
1.22264	1622220928.518211
1.22265	1636138258.3177884
1.22266	1699847653.1915412
1.22267	1657600999.744127
1.22268	1722423729.3093069
1.22269	1160753495.0264616
1.2227	1106139751.733881
1.22271	1294941054.9320722
1.22272	1450140226.7502391
1.22273	1484875357.837962
1.22274	1635799232.1669154
1.22275	1708952532.4306364
1.22276	1385925865.276925
1.22277	1575614612.9653318
1.22278	1386117351.238243
1.22279	1512829553.6040995
1.2228	1169634042.3640766
1.22281	1142483666.757931
1.22282	1764777670.2567546
1.22283	1867712390.8163593
1.22284	1739562352.0157475
1.22285	1657219366.9476926
1.22286	1701727432.8607945
1.22287	1355439070.4598172
1.22288	1248734182.1096444
1.22289	1617223338.1107895
1.2229	1790482167.6369095
1.22291	1707772437.4801786
1.22292	1523912389.815316
1.22293	1720085361.9846904
1.22294	1714983713.1800413
1.22295	1486004073.7278678
1.22296	1555106010.764517
1.22297	1535323862.7895422
1.22298	1242481697.4012856
1.22299	1643993136.2213194
1.2229999999999999	1786281909.7083843
1.22301	1699612826.7811544
1.22302	1588619905.563523
1.2230299999999998	1659204817.4216313
1.22304	1664178856.6165829
1.22305	754466567.9369031
1.22306	1281504100.031675
1.22307	1758692858.269759
1.22308	1739682520.876391
1.22309	1466189145.4644272
1.2231	1435952255.0675492
1.22311	1739722579.0079644
1.22312	1546963262.0165946
1.2231299999999998	1750491474.735393
1.22314	1779836054.028684
1.22315	1828942281.2817621
1.22316	1798373937.389554
1.22317	1855794998.7830172
1.22318	1761002611.4595387
1.22319	1793866005.967416
1.2232	1839458524.7127273
1.22321	1627983504.1323726
1.22322	1760029714.2988696
1.2232299999999998	1648086492.5900855
1.22324	1575288127.9908636
1.22325	1306501762.690501
1.22326	1650935096.1064818
1.22327	1744014132.9552765
1.22328	1727308857.2835596
1.22329	1755092458.11797
1.2233	1720402242.6026347
1.22331	1617223338.1107895
1.22332	1700004222.156363
1.22333	1689896085.6942015
1.22334	1281858241.6243696
1.22335	1335672547.8916948
1.22336	1741285565.808182
1.22337	1709542885.6690304
1.22338	1588510171.3782592
1.22339	1504423123.3026226
1.2234	1537658877.742442
1.22341	1518098670.757214
1.2234200000000002	1545752651.0135324
1.22343	1428038775.54238
1.22344	1711985176.7028565
1.22345	1658708231.9120667
1.22346	1757721237.1732512
1.22347	1821084089.3728518
1.22348	1718858000.7797742
1.22349	1186588131.1724198
1.2235	1162733003.9367595
1.22351	1710960565.6342065
1.2235200000000002	1457907600.2672215
1.22353	1557363529.0475378
1.22354	1552816009.6063654
1.22355	1718185303.5908554
1.22356	1608570130.3606455
1.22357	1601253160.6860812
1.22358	1415858981.1714356
1.22359	1496545757.1174154
1.2236	1275381167.996954
1.22361	1418371512.4138415
1.2236200000000002	1594336541.3085024
1.22363	1202652061.3552027
1.22364	1687951640.4538176
1.22365	1627683646.1073034
1.22366	1341096410.1728153
1.22367	1795394952.9490273
1.22368	1605572792.009693
1.22369	1501792738.198867
1.2237	1438798578.2558436
1.22371	1399522870.6785822
1.22372	1720600322.6327069
1.22373	1549494360.745815
1.22374	1201489555.9094405
1.22375	1325470297.3129733
1.22376	1518203540.9203312
1.22377	1374769852.9064202
1.22378	1634255668.4497313
1.22379	1652418315.2095606
1.2238	1490218669.6759467
1.22381	1649415228.722006
1.22382	1631773966.2478142
1.22383	1564191782.5476284
1.22384	1389216714.731264
1.22385	1519007786.2170346
1.22386	1474144308.4297733
1.22387	1003228820.5780008
1.22388	1515235022.9404259
1.22389	1552780255.108049
1.2239	1049929165.6076363
1.22391	1557040825.9018354
1.22392	1789822651.1240485
1.22393	1533698525.3452675
1.22394	1684108236.9889276
1.22395	1241223530.1297956
1.22396	1097463284.7820175
1.22397	1676138879.364434
1.2239799999999998	1337549920.8561215
1.22399	1719095486.1928866
1.224	1514746647.600791
1.22401	1715813181.8515732
1.22402	1784596348.3691516
1.22403	1476930298.7656255
1.22404	1756992873.6350925
1.22405	1821084089.3728518
1.22406	1828352794.968239
1.22407	1803682119.5187247
1.2240799999999998	1703373945.2238646
1.22409	1300648666.4534187
1.2241	1564119750.5126145
1.22411	1618266336.7157922
1.22412	1507856456.6940086
1.22413	1662072638.1935186
1.22414	1779016597.9367108
1.22415	1816184646.6851487
1.22416	1785089518.69386
1.22417	1808547834.6802008
1.2241799999999998	1754324788.6056542
1.22419	1568339208.643332
1.2242	1720045756.0115426
1.22421	1659816203.680835
1.22422	1695547652.851275
1.22423	1632375244.7461808
1.22424	1462076174.3242235
1.22425	1305298984.0824473
1.22426	1504527048.75976
1.22427	1308428514.173723
1.22428	1670398148.721347
1.22429	1537694284.0541756
1.2243	1642063697.9453704
1.22431	1746545885.6227727
1.22432	1703334724.0408704
1.22433	1765306010.926797
1.22434	1839119715.136944
1.22435	1771821633.4659586
1.22436	1559875726.5280766
1.2243700000000002	1279116202.0386505
1.22438	1616478750.701462
1.22439	1699612826.7811544
1.2244	1648921573.150833
1.22441	1211602051.459885
1.22442	1574889182.6706285
1.22443	1518343379.07367
1.22444	1726036597.8585641
1.22445	1737560759.276199
1.22446	1502207756.2016885
1.2244700000000002	1541168060.4236574
1.22448	1712970958.293215
1.22449	1755052046.0859182
1.2245	1838188310.5462148
1.22451	1720323016.9757266
1.22452	1623678350.4824393
1.22453	1755658324.2822444
1.22454	1422689086.3868597
1.22455	997447394.0001936
1.22456	1759381414.8180363
1.2245700000000002	1771495281.918522
1.22458	1616739317.2913027
1.22459	1430078903.5360682
1.2246	1787680899.729877
1.22461	1725361091.2333307
1.22462	1645659571.241554
1.22463	1577611269.6993494
1.22464	1057596488.0825084
1.22465	1558009135.9974856
1.22466	1841916761.5055285
1.22467	1838103660.7953184
1.22468	1856136880.3424962
1.22469	1804720701.3081448
1.2247	1665942470.6286778
1.22471	1398009105.3014338
1.22472	1679809372.1988735
1.22473	1828689621.0213487
1.22474	1577538619.6883442
1.22475	1678649401.6787698
1.22476	1714865250.3936648
1.22477	1655198179.5335016
1.22478	1779098526.5651414
1.22479	1751459099.4133794
1.2248	1622034174.182484
1.22481	1315103701.0869145
1.22482	1510914885.920342
1.22483	1517609372.4353654
1.22484	1580083361.7937775
1.22485	1272623680.0229018
1.22486	1446938258.5819287
1.22487	1598122257.1742995
1.22488	1710330340.5661776
1.22489	1788216097.1886296
1.2249	1872104124.1341007
1.22491	1760151297.043637
1.22492	1636778832.7684975
1.22493	1334903894.2247574
1.22494	1578665070.9136255
1.22495	1741806873.3916125
1.22496	1666709842.1686726
1.22497	1531440048.1900287
1.22498	1592978814.3980515
1.22499	1611869954.3184874
1.225	1470245977.9283555
1.22501	1555571579.7512295
1.22502	1483337581.3305671
1.2250299999999998	1580701989.8506734
1.22504	1564840220.1583905
1.22505	1717987501.5841205
1.22506	1627346371.846663
1.22507	1615697302.8748071
1.22508	1692661047.1771526
1.22509	1633051947.894331
1.2251	1512272309.2540624
1.22511	1726513585.2906046
1.22512	1712142863.6263895
1.2251299999999998	1663259451.458458
1.22514	1556108947.935677
1.22515	1707182695.62733
1.22516	1774679775.2938204
1.22517	1685155569.1981518
1.22518	1773781005.6943336
1.22519	1718976739.3851027
1.2252	1746586101.790987
1.22521	1708480396.6265125
1.22522	1729059745.3542626
1.2252299999999998	1184568009.8113241
1.22524	1585221668.1248837
1.22525	1641345466.7021384
1.22526	1307103567.5471013
1.22527	1578774124.9999526
1.22528	1701492346.7671807
1.22529	1521948650.9036505
1.2253	1233900101.6315892
1.22531	914407964.2646369
1.22532	1596026139.9072757
1.22533	1417555267.0954685
1.22534	1546571490.033431
1.22535	1717315145.0762525
1.22536	1661192646.5870404
1.22537	1696289602.2600815
1.22538	1252881510.070872
1.22539	1576775996.5327446
1.2254	1728303462.4329104
1.22541	1580119744.976597
1.2254200000000002	1736600812.9829905
1.22543	1833960594.749825
1.22544	1630647165.9527125
1.22545	1497579891.4390292
1.22546	1606460309.5316494
1.22547	1788833831.820745
1.22548	1525843528.2486231
1.22549	1584893192.4611106
1.2255	1676640683.2763555
1.22551	1437838141.6712887
1.2255200000000002	1035809762.6819398
1.22553	1348279713.2409945
1.22554	1150164608.836209
1.22555	1505774714.362046
1.22556	1693401733.4451852
1.22557	1632036998.3338172
1.22558	1614172707.6276474
1.22559	1755415787.8752933
1.2256	1767298870.9337945
1.22561	1594777133.6421704
1.2256200000000002	1557291811.4579847
1.22563	1682751552.858956
1.22564	1424951228.1888132
1.22565	1638362503.8851075
1.22566	1820664817.5374312
1.22567	1400135283.5262926
1.22568	1616218226.1066155
1.22569	1519497535.406892
1.2257	1627533737.8069546
1.22571	1624538469.4596045
1.22572	1721551424.2845345
1.22573	1661843030.2338314
1.22574	1648200342.3039668
1.22575	1753678590.510012
1.22576	1598895204.6579568
1.22577	955256496.68346
1.22578	1455827772.2939806
1.22579	1663182857.293746
1.2258	1347969296.1035707
1.22581	1483576686.3698273
1.22582	1731968543.6021662
1.22583	1822930032.786155
1.22584	1762381803.1021702
1.22585	1736960730.6780546
1.22586	1724447591.2793865
1.22587	1810047616.904316
1.22588	1591878803.5906222
1.22589	1623603579.0528185
1.2259	1705375423.5418375
1.22591	1709188649.2581801
1.22592	1521107823.3480792
1.22593	1709857824.1121945
1.22594	1527355031.7655435
1.22595	1021997891.9710934
1.22596	1645432230.6742275
1.22597	1696914653.5759735
1.2259799999999998	1712616011.5473669
1.22599	1744536257.4195065
1.226	1719055903.012209
1.22601	1651011126.2279663
1.22602	1545539112.1439161
1.22603	1483405893.1235485
1.22604	1198174299.8851662
1.22605	1152630215.074716
1.22606	1419024847.0583177
1.22607	1448104823.0513728
1.2260799999999998	1569965106.362794
1.22609	1908622327.5141325
1.2261	1850844786.6872406
1.22611	1675251440.325226
1.22612	1754849999.8829188
1.22613	1735961143.4386
1.22614	1693128811.3295515
1.22615	1801316387.349003
1.22616	1456062442.9185452
1.22617	1751338117.0836153
1.2261799999999998	1799285168.1549413
1.22619	1713602156.3799849
1.2262	1784185477.1793852
1.22621	1802353606.9214683
1.22622	1781722235.7883177
1.22623	1701570705.1897106
1.22624	1731410312.8901556
1.22625	1698947661.4386382
1.22626	1561960331.2373607
1.22627	1526862750.0263488
1.22628	1661116147.6000118
1.22629	1593675881.0287695
1.2263	1631661251.1886091
1.22631	1789534189.0450754
1.22632	1694962132.5603814
1.22633	1707064771.6975505
1.22634	1807340580.5644445
1.22635	1607903571.974276
1.22636	1449105484.0012226
1.2263700000000002	1731370446.1533785
1.22638	1637118061.9456372
1.22639	1587157406.1675813
1.2264	1540103826.8587105
1.22641	1443178332.95306
1.22642	1469805946.1490002
1.22643	1339244896.2863991
1.22644	1440091211.4682481
1.22645	1219775763.9654214
1.22646	1219916203.924185
1.2264700000000002	1717868831.3105586
1.22648	1705493230.7715502
1.22649	1588693065.8983526
1.2265	1627458788.8342745
1.22651	1515618856.8813279
1.22652	1474721459.6429048
1.22653	1689662634.0487056
1.22654	1837553532.4245203
1.22655	1856136880.3424962
1.22656	1818904929.6751761
1.2265700000000002	1747632047.260561
1.22658	1390688937.53604
1.22659	1584637758.4464898
1.2266	1737680789.8669312
1.22661	1765427958.1578188
1.22662	1840602467.9095786
1.22663	1790193599.2650082
1.22664	1538721421.8129148
1.22665	1306110738.12454
1.22666	1401167321.4986887
1.22667	1788463165.4388108
1.22668	1837045867.759659
1.22669	1829110740.848807
1.2267	1745621169.2870536
1.22671	1019342190.4967043
1.22672	1658402714.7042289
1.22673	1435158937.7477903
1.22674	1692076523.7123823
1.22675	1710251578.7568266
1.22676	1842722760.1160488
1.22677	1696602099.1333506
1.22678	1569965106.362794
1.22679	1606904252.2491202
1.2268	1374864821.923586
1.22681	1241652307.5924091
1.22682	1464030080.5402732
1.22683	1565849435.2298124
1.22684	1495443467.6013277
1.22685	1601585027.020877
1.22686	1576050031.5242755
1.22687	1752992265.8353848
1.22688	1809922587.5629144
1.22689	1773740163.3475254
1.2269	1448338248.7832613
1.22691	1665827395.3743205
1.22692	1848630014.514259
1.22693	1887947876.9894254
1.22694	1847396004.4699922
1.22695	1505566698.2669795
1.22696	1648390109.304546
1.22697	1478938109.3241575
1.22698	1714904737.079889
1.22699	1724447591.2793865
1.227	1612723817.976901
1.22701	1663029679.545784
1.22702	1770312761.3740594
1.2270299999999998	1499339560.0605626
1.22704	1615213738.7843306
1.22705	1584054063.8487432
1.22706	1499719367.4193985
1.22707	1428729460.4841335
1.22708	1596320165.8670607
1.22709	1818653656.0303476
1.2271	1821084089.3728518
1.22711	1800279764.6763012
1.22712	1816519231.0760531
1.2271299999999998	1465480351.5376892
1.22714	1597864691.0582066
1.22715	1426198580.9684393
1.22716	1732327501.2402575
1.22717	1848928002.4825823
1.22718	1773699321.941143
1.22719	1669705970.0754855
1.2272	1715102184.1498132
1.22721	1668783511.365392
1.22722	1765509260.9918523
1.2272299999999998	1713917842.6373215
1.22724	1580920386.9869616
1.22725	1202929014.110196
1.22726	1661345655.1302154
1.22727	1565344746.360977
1.22728	1576921229.6570597
1.22729	1591585595.6846552
1.2273	1506745836.2161016
1.22731	1462177174.456715
1.22732	1717987501.5841205
1.22733	1571737445.353017
1.22734	1111117531.349193
1.22735	1167185812.6735587
1.22736	1352539633.169059
1.22737	1622519780.1808274
1.22738	1643349738.3601599
1.22739	1432253855.4823735
1.2274	1450307189.9246705
1.22741	1739281990.287038
1.2274200000000002	1656723375.6661196
1.22743	1697031876.3362155
1.22744	1735721328.1097856
1.22745	1295090149.112928
1.22746	1297149402.6713054
1.22747	1373251240.4838412
1.22748	1649719090.2212458
1.22749	1652190040.9517462
1.2275	1770312761.3740594
1.22751	1663450952.302856
1.2275200000000002	1170846602.320242
1.22753	1404300336.7805386
1.22754	1399812927.5771153
1.22755	1490184356.5180528
1.22756	1504215293.9238634
1.22757	1576957540.0282574
1.22758	1496545757.1174154
1.22759	1264299598.4403422
1.2276	971180603.3832912
1.22761	1311958205.126595
1.2276200000000002	1637080366.3431778
1.22763	1725202186.9221144
1.22764	1619720205.829209
1.22765	1000990601.9122783
1.22766	1419940021.1725338
1.22767	1144432018.9342606
1.22768	1565236619.9112215
1.22769	1696797438.9129064
1.2277	1734402935.8670433
1.22771	1318985435.4798505
1.22772	1297597499.5821414
1.22773	1154968128.555328
1.22774	1191187150.568726
1.22775	1653027200.7683346
1.22776	1712221712.53464
1.22777	1547533289.340509
1.22778	1582522888.2620785
1.22779	1517155165.205723
1.2278	1744616598.1330132
1.22781	1830754035.0030465
1.22782	1569061621.8688715
1.22783	1526722127.2460752
1.22784	1636590402.4885752
1.22785	1633202364.464017
1.22786	1798870915.1287906
1.22787	1695547652.851275
1.22788	1776110574.6788187
1.22789	1835946408.7483594
1.2279	1594226412.2456765
1.22791	1443012190.4713745
1.22792	1415728581.7452893
1.22793	1756992873.6350925
1.22794	1538331737.0946212
1.22795	1648693781.952424
1.22796	1579355874.0379715
1.22797	1621735411.9635599
1.2279799999999998	1664178856.6165829
1.22799	1517609372.4353654
1.228	1717156981.789931
1.22801	1570471284.899812
1.22802	1243683864.9377232
1.22803	1282182957.389984
1.22804	1391938348.4931688
1.22805	1634368562.7311287
1.22806	1358344723.2701776
1.22807	1727030470.4256845
1.2280799999999998	1804886929.8824832
1.22809	1680931438.9526894
1.2281	1744375587.09154
1.22811	1706789647.5378046
1.22812	1604390197.994427
1.22813	1717473322.9306226
1.22814	1787639737.3298726
1.22815	1704825764.0572903
1.22816	1776683217.3755445
1.22817	1616553194.013057
1.2281799999999998	1747873508.2297118
1.22819	1596099641.3196547
1.2282	1502484498.584704
1.22821	1668207233.4852805
1.22822	1587632570.7288506
1.22823	1619682910.822573
1.22824	1789616602.037636
1.22825	1762868834.4730964
1.22826	1829616212.6541352
1.22827	1754567174.2750735
1.2282799999999998	1837976693.4780078
1.22829	1772392893.3485188
1.2283	1679538640.7364693
1.22831	1689195827.504178
1.22832	1709346078.6001546
1.22833	1768723719.6151335
1.22834	1686397695.2678752
1.22835	1727706630.639729
1.22836	1716129275.4323676
1.22837	1824021696.9229465
1.22838	1756345692.7616382
1.22839	1509941077.0468962
1.2284	1493447636.8284874
1.22841	1654283735.9098904
1.22842	1718501834.1728704
1.22843	1652798842.3956888
1.22844	1506780530.7205539
1.22845	1654321827.6391332
1.22846	1761489261.6930773
1.2284700000000002	1798705240.6243641
1.22848	1835523715.1313968
1.22849	1663680782.4205327
1.2285	1508203693.449538
1.22851	1635686239.0617876
1.22852	1277791515.1985517
1.22853	1721551424.2845345
1.22854	1832905185.9683847
1.22855	1822384445.7496862
1.22856	1554211077.392153
1.2285700000000002	1526616668.6601918
1.22858	1747591807.008847
1.22859	1590083752.5917065
1.2286	1548210469.6056602
1.22861	1246464746.6317608
1.22862	1530946449.8093536
1.22863	1460024017.4373598
1.22864	1583033115.602248
1.22865	1791966968.4677887
1.22866	1840051591.6676364
1.2286700000000002	1798415346.9564946
1.22868	1533521961.941189
1.22869	1373156382.925083
1.2287	1571846020.8793955
1.22871	1621623390.3191614
1.22872	1731888785.3396773
1.22873	1673362375.8030913
1.22874	1498959848.8888028
1.22875	1607829526.9833179
1.22876	1663489255.1174874
1.22877	1771209773.6243944
1.22878	1787269318.3776762
1.22879	1619272722.4220793
1.2288	1633390404.6591856
1.22881	1602470340.2134323
1.22882	1695625737.5042222
1.22883	1702001741.0221698
1.22884	1692855933.2002141
1.22885	1720362629.3331249
1.22886	1669090940.9627664
1.22887	1797752908.2906754
1.22888	1722979062.622062
1.22889	1766932666.8366716
1.2289	1766363166.8395
1.22891	1488743917.1047695
1.22892	1050557917.1206727
1.22893	1063310249.0963553
1.22894	1504388483.0788634
1.22895	1626934242.6571429
1.22896	1757883136.7376225
1.22897	1637080366.3431778
1.22898	1758935847.451992
1.22899	1816686546.3851953
1.229	1850205637.928386
1.22901	1680080147.3015435
1.22902	1751539758.94289
1.2290299999999998	1821377637.1047816
1.22904	1756062626.0960116
1.22905	1197595071.298219
1.22906	1639079429.8229446
1.22907	1610089433.9418988
1.22908	1763965147.2102652
1.22909	1745862352.423961
1.2291	1307043374.5893106
1.22911	1125408005.1162577
1.22912	1790440940.7360706
1.2291299999999998	1857162902.9636066
1.22914	1794733626.8325245
1.22915	1664447112.1747618
1.22916	1858660202.6885376
1.22917	1784637440.6917288
1.22918	1505150752.2823784
1.22919	1657944544.4014206
1.2292	1842807622.5892282
1.22921	1798001294.1910195
1.22922	1790688316.3809812
1.2292299999999998	1578774124.9999526
1.22924	1616515971.9287293
1.22925	1620988747.1458118
1.22926	1488161278.0225408
1.22927	1784473077.0783746
1.22928	1809297570.390332
1.22929	1565993661.9342878
1.2293	1456464823.4279675
1.22931	1671052136.4703233
1.22932	1685970611.1956804
1.22933	1452211929.369268
1.22934	1187162036.144965
1.22935	1613912554.6930695
1.22936	1588034744.158781
1.22937	1338196839.9769466
1.22938	1650250982.5494218
1.22939	1811048162.61832
1.2294	1750410863.4800508
1.22941	1785089518.69386
1.2294200000000002	1622258281.9655306
1.22943	1678108356.2572598
1.22944	1717631515.3543816
1.22945	1731689405.7521176
1.22946	1741686557.790972
1.22947	1513770369.095495
1.22948	1182687481.7207887
1.22949	1491145423.656041
1.2295	1799658077.4416602
1.22951	1729378279.2669857
1.2295200000000002	1678301566.743413
1.22953	1612389643.560008
1.22954	1410230164.8253546
1.22955	1251094169.0820944
1.22956	1574164086.372011
1.22957	1728661660.4677837
1.22958	1757559352.5197012
1.22959	1672784516.712312
1.2296	1729099558.8845751
1.22961	1606719261.2094104
1.2296200000000002	1594116290.7900276
1.22963	1725917371.5923324
1.22964	981092599.9750713
1.22965	1500686583.988225
1.22966	1637004977.7421288
1.22967	952905865.0506283
1.22968	1347317652.7235448
1.22969	1658326344.1953602
1.2297	1455358544.5029256
1.22971	1577901903.2022302
1.22972	1057279958.691184
1.22973	1611647281.636801
1.22974	1520407488.5787222
1.22975	1548994943.2803822
1.22976	1459620653.6221385
1.22977	1327608425.681419
1.22978	1625249346.181336
1.22979	1683216578.5385644
1.2298	1768153642.343813
1.22981	1483508366.7117133
1.22982	1286411755.2143738
1.22983	1526792437.0172358
1.22984	1741405853.708328
1.22985	1667016889.7468872
1.22986	1591732192.886277
1.22987	1476352283.0948966
1.22988	1400393221.7331135
1.22989	1621548713.5217745
1.2299	1704276281.7334692
1.22991	1400070806.3983064
1.22992	1480369061.0936337
1.22993	1540990637.1070745
1.22994	1753799734.5195448
1.22995	1783487213.2422388
1.22996	1640287593.2277555
1.22997	1742528941.5548606
1.22998	1518588126.8356314
1.22999	1510080154.164149
1.23	1618489923.916903
1.23001	1731250851.4506853
1.23002	1839882124.4573965
1.23003	1805344137.4131238
1.23004	1794485692.3459263
1.23005	1738921591.6010149
1.23006	1039489244.2953273
1.23007	1565488926.5797489
1.2300799999999998	1803308376.40547
1.23009	1619384581.6824832
1.2301	1608125727.4076226
1.23011	1661192646.5870404
1.23012	1598932021.0044525
1.23013	1656113128.636991
1.23014	1595732168.1040866
1.23015	1414490386.0233185
1.23016	1771780836.2348511
1.23017	1860501395.039596
1.2301799999999998	1744616598.1330132
1.23019	1717236061.612173
1.2302	1675212866.6793823
1.23021	1724924139.5920198
1.23022	1794940265.0721009
1.23023	1767176794.4691594
1.23024	1547675828.987914
1.23025	1193850649.4164462
1.23026	1508655220.7798002
1.23027	1757154706.1116061
1.2302799999999998	1826627534.935695
1.23029	1725758416.0481615
1.2303	1732008424.1108046
1.23031	1842722760.1160488
1.23032	1781558140.662893
1.23033	1805011611.360961
1.23034	1780942918.5315595
1.23035	1683720501.3782055
1.23036	1399265092.781585
1.23037	1700082512.0466435
1.23038	1678224279.8796427
1.23039	1245116533.4536712
1.2304	1627608690.231249
1.23041	1616069373.7618456
1.23042	1691531150.595707
1.23043	1322178223.561073
1.23044	1468148548.220273
1.23045	1660695466.1375694
1.23046	1791348151.8754716
1.2304700000000002	1705061310.711328
1.23048	1199278367.5617642
1.23049	1159604788.3056786
1.2305	1640967576.4496238
1.23051	1706357399.1570725
1.23052	1717473322.9306226
1.23053	1449238957.695246
1.23054	1376987506.8429449
1.23055	1712655446.4423563
1.23056	1522754880.115565
1.2305700000000002	1702668102.0859852
1.23058	1229900562.1150336
1.23059	1572642470.6181831
1.2306	1603983882.5084164
1.23061	1626746945.712308
1.23062	1679654663.1628165
1.23063	1735481545.9103947
1.23064	1566823223.3226929
1.23065	1684379705.0425873
1.23066	1517819052.402287
1.2306700000000002	1492725665.4388132
1.23068	1789122181.0063653
1.23069	1841959173.6945965
1.2307	1696445843.5012095
1.23071	1439958580.2739894
1.23072	1640967576.4496238
1.23073	1596871610.545335
1.23074	1661192646.5870404
1.23075	1478563564.8664498
1.23076	1323122333.1133733
1.23077	1429716732.7839403
1.23078	1748155254.8591151
1.23079	1838145985.18348
1.2308	1769660674.1764548
1.23081	1746706755.8518267
1.23082	1736200991.9014153
1.23083	1789080985.4200149
1.23084	1655922472.5421338
1.23085	1504457764.3240118
1.23086	1556610659.0549333
1.23087	1515932975.1527731
1.23088	1674171713.9071176
1.23089	1520897689.0520456
1.2309	1686591860.1543887
1.23091	1502968920.4373322
1.23092	1737280720.1401162
1.23093	1858360646.201295
1.23094	1845440298.5937
1.23095	1801026072.8479304
1.23096	1561205239.0311458
1.23097	1579064972.7284255
1.23098	1579574085.1886408
1.23099	1560199017.2186494
1.2309999999999999	1738801475.3016887
1.23101	1773699321.941143
1.23102	1559480684.433752
1.2310299999999998	1516072604.1696515
1.23104	1653712465.2100422
1.23105	1497855781.25933
1.23106	1684224575.0827036
1.23107	1821755125.1469886
1.23108	1843614011.0288718
1.23109	1852507606.9585664
1.2311	1803266854.17366
1.23111	1733085545.0282
1.23112	1795601667.3309698
1.2311299999999998	1519182678.518685
1.23114	1298583857.7358742
1.23115	1463693013.9640722
1.23116	1014518567.9531039
1.23117	1055091198.0231457
1.23118	1547533289.340509
1.23119	1362259985.4711912
1.2312	1647934705.204667
1.23121	1776233268.2884352
1.23122	1506988714.5243554
1.2312299999999998	1607866549.0525632
1.23124	1594263121.0880167
1.23125	1711196959.9009538
1.23126	1658670039.1832955
1.23127	1824189703.266552
1.23128	1755860463.5523865
1.23129	1767217485.6870675
1.2313	1745701559.9637554
1.23131	1542694744.4514616
1.23132	1637570476.883584
1.23133	1754728783.3261385
1.23134	1705336156.273633
1.23135	1668245645.8185945
1.23136	1709936567.7880564
1.23137	1582377139.2296984
1.23138	1653902866.8537555
1.23139	1583908173.7963805
1.2314	1512655392.690882
1.23141	1577829239.807372
1.2314200000000002	1800362672.5322945
1.23143	1776601399.9736443
1.23144	1711512203.0639164
1.23145	1542410595.7495966
1.23146	1374168534.7834713
1.23147	1723733015.6559086
1.23148	1424688766.6466534
1.23149	1632788752.230977
1.2315	1840560086.9594634
1.23151	1739762638.061922
1.2315200000000002	1766729252.905395
1.23153	1568628134.0121331
1.23154	1557076678.5045562
1.23155	1692037562.6591444
1.23156	1767014038.9666965
1.23157	1751741424.018378
1.23158	1702746514.6552882
1.23159	996024451.29004
1.2316	1420790354.191158
1.23161	1481392017.0890992
1.2316200000000002	1618825362.6421034
1.23163	1693869702.285041
1.23164	1646607161.753079
1.23165	1627084095.7394044
1.23166	1510845307.3206015
1.23167	1519182678.518685
1.23168	1554318442.1981068
1.23169	1763599633.8979926
1.2317	1743211169.6696956
1.23171	1377050920.9212244
1.23172	1532004355.497015
1.23173	1621810097.3589327
1.23174	1593565797.6011562
1.23175	1311082437.8881135
1.23176	1424196781.5469267
1.23177	1471634633.5657065
1.23178	1568844862.9683626
1.23179	1499305036.888825
1.2318	1383343392.3905046
1.23181	1254931440.3283436
1.23182	1431792225.7995026
1.23183	1375086441.810625
1.23184	1633014345.9165294
1.23185	1515723555.7390482
1.23186	913250671.0489028
1.23187	1394183697.0883608
1.23188	1498545728.1919634
1.23189	1495960064.6847336
1.2319	1692972875.584308
1.23191	1786693263.6751595
1.23192	1682247920.0171435
1.23193	1571194680.2088685
1.23194	1649111423.1909618
1.23195	1739962947.168207
1.23196	1429387566.2384837
1.23197	1658631847.3339276
1.23198	1717908387.1575856
1.23199	1691648001.4639
1.232	1798953758.1033707
1.23201	1719887341.238241
1.23202	1682519088.1989677
1.23203	1415695983.7653036
1.23204	1623640964.33721
1.23205	1675212866.6793823
1.23206	1753194098.1465433
1.23207	1594887300.7488034
1.2320799999999998	1615213738.7843306
1.23209	1427775745.3053598
1.2321	1308579161.245098
1.23211	1671552417.5087445
1.23212	1715299653.9529788
1.23213	1663374349.3194075
1.23214	1672823034.4426801
1.23215	1730732703.1924202
1.23216	1721273965.3404338
1.23217	1575832307.205976
1.2321799999999998	1607866549.0525632
1.23219	1745058538.1978052
1.2322	1630572073.604662
1.23221	1656456364.9268556
1.23222	1587925050.3936386
1.23223	1471092563.1897602
1.23224	1472041317.424923
1.23225	1761692072.3133426
1.23226	1516107513.4333386
1.23227	1135167634.043766
1.2322799999999998	1249827280.611723
1.23229	1194675617.129976
1.2323	1183286745.9765568
1.23231	1431594430.056941
1.23232	1639381387.2222981
1.23233	1603614594.088223
1.23234	1433441586.7835214
1.23235	1422230539.524333
1.23236	1427479894.1981688
1.23237	1706553862.121703
1.23238	1762057190.2755933
1.23239	1621287371.8113248
1.2324	1523456296.1476247
1.23241	1630121592.1298792
1.23242	1621698070.5556285
1.23243	1776969607.9556656
1.23244	1337981165.512059
1.23245	1377241180.6789727
1.23246	1349646398.1022048
1.2324700000000002	1475502670.966616
1.23248	1663182857.293746
1.23249	1784925113.4445078
1.2325	1828016030.9550667
1.23251	1416119816.0571811
1.23252	1397333271.3775375
1.23253	1566534630.4001136
1.23254	1702981774.0305686
1.23255	1765102784.2604222
1.23256	1778934673.0811386
1.2325700000000002	1804803813.6815367
1.23258	1773454293.2504272
1.23259	1622108873.3366756
1.2326	1476522264.2175615
1.23261	1546357838.0448372
1.23262	1342703125.9500268
1.23263	1695508611.873255
1.23264	1228853186.5785036
1.23265	1478189115.2629762
1.23266	1569928956.9964776
1.2326700000000002	1608088699.3706505
1.23268	1690985953.258219
1.23269	1469941326.513843
1.2327	1693869702.285041
1.23271	1230750440.829008
1.23272	1141431884.8517225
1.23273	1698517399.058809
1.23274	1677412982.659941
1.23275	1616329874.3625948
1.23276	1701453168.9091005
1.23277	1781312026.3112442
1.23278	1774312041.7907429
1.23279	1473838849.2375705
1.2328	1270574105.208539
1.23281	1735121934.7189627
1.23282	1744937997.9878752
1.23283	1795064259.4355829
1.23284	1712182287.6266205
1.23285	1716880231.089203
1.23286	1634594374.6906455
1.23287	1639192657.3294756
1.23288	1608459018.1102724
1.23289	1656532649.3180206
1.2329	1827426843.181249
1.23291	1795394952.9490273
1.23292	1743973976.0081582
1.23293	1762300644.2895715
1.23294	1688456980.8804028
1.23295	1574707877.2898493
1.23296	1216214004.6863306
1.23297	1806924472.9245691
1.23298	1747793017.5334058
1.23299	1667938371.9159925
1.2329999999999999	1718185303.5908554
1.23301	1653484012.171155
1.23302	1604353255.9702015
1.2330299999999998	1731091404.69748
1.23304	1739642463.6671784
1.23305	1674750052.201585
1.23306	1744777290.6599386
1.23307	1794981595.5749114
1.23308	1399297312.4219682
1.23309	1531157972.4888947
1.2331	1644030990.9980195
1.23311	1740243418.663051
1.23312	1690985953.258219
1.2331299999999998	1715141676.291701
1.23314	1776192369.4768512
1.23315	1711433386.8290322
1.23316	1672938592.9553561
1.23317	1789863863.7880793
1.23318	1681241106.4871438
1.23319	1390720959.7008722
1.2332	1715062692.917254
1.23321	1717829276.3743274
1.23322	1529994959.3020134
1.2332299999999998	1639494635.588034
1.23324	1569567509.109951
1.23325	1281710670.7354712
1.23326	1668437720.7528794
1.23327	1647100124.4337606
1.23328	1467303657.1824362
1.23329	1345364612.1024384
1.2333	1665520566.8888936
1.23331	1698712959.3581116
1.23332	1699925935.8713892
1.23333	1488881041.801532
1.23334	1563939684.9371624
1.23335	1677760633.4325671
1.23336	1663910644.2926135
1.23337	1135638219.1706328
1.23338	1550029629.5706599
1.23339	1459217401.2450671
1.2334	1461874194.9885554
1.23341	1355969746.662525
1.2334200000000002	1575505777.1228259
1.23343	1631548543.9152088
1.23344	1569386816.3742144
1.23345	1219158020.195467
1.23346	717909995.366205
1.23347	1478087009.1029994
1.23348	1409548422.9237573
1.23349	1493103797.3894124
1.2335	1749041039.966307
1.23351	1849992637.3938746
1.2335200000000002	1654245645.057732
1.23353	1744094449.623509
1.23354	1768357220.273424
1.23355	1729736700.0620894
1.23356	1747873508.2297118
1.23357	1666671465.1981378
1.23358	1705807423.1720035
1.23359	1694259775.1047056
1.2336	1733843920.5261593
1.23361	1552136814.8988245
1.2336200000000002	991402477.806078
1.23363	1146542083.4642491
1.23364	1623678350.4824393
1.23365	1496201204.3918989
1.23366	1118278563.7507915
1.23367	1509176381.829218
1.23368	1749886980.797538
1.23369	1740083143.7019384
1.2337	1816853877.1053567
1.23371	1642593122.0688415
1.23372	1303797067.829511
1.23373	1775456351.881265
1.23374	1803599058.8000684
1.23375	1828479097.467238
1.23376	1793700792.4109304
1.23377	1621922131.901035
1.23378	1551958128.8304055
1.23379	1693908705.5253394
1.2338	1577211736.038159
1.23381	1254295892.3023171
1.23382	1532568870.7408035
1.23383	1808173083.336331
1.23384	1778893712.0681267
1.23385	1682829048.2161524
1.23386	1687485306.6089895
1.23387	1858660202.6885376
1.23388	1717947943.9154375
1.23389	1542836838.4318898
1.2339	1722820377.6936786
1.23391	1832103481.5204446
1.23392	1673439438.762756
1.23393	1769619926.7027004
1.23394	1516910648.3912814
1.23395	1510740945.428699
1.23396	1664178856.6165829
1.23397	1753759352.2532113
1.23398	1684224575.0827036
1.23399	1649073451.4343338
1.234	1705925260.2442307
1.23401	1616404310.8180294
1.23402	1415141932.93143
1.23403	1696133375.4086404
1.23404	1591768844.2964327
1.23405	1560989565.4550636
1.23406	1630046523.9848404
1.23407	1803391423.7374067
1.2340799999999998	1877975836.521904
1.23409	1764858943.1432414
1.2341	1686747208.159326
1.23411	1734962131.442231
1.23412	1781599163.0273468
1.23413	1586499720.773826
1.23414	1616367092.1618185
1.23415	1296343218.1418614
1.23416	1257534764.6502755
1.23417	1184949930.9761794
1.2341799999999998	1113755854.6631289
1.23419	1569748222.649911
1.2342	1676023099.7914472
1.23421	1738120972.9774756
1.23422	1666594713.9080038
1.23423	1612278267.4761224
1.23424	1691336417.0850995
1.23425	1669936664.4155
1.23426	1753476702.4228275
1.23427	1769212503.5644746
1.2342799999999998	1552959035.8327024
1.23429	1450407377.0564468
1.2343	1584127013.9139495
1.23431	1612538156.9734876
1.23432	1816268287.0049
1.23433	1500479270.7957914
1.23434	1471092563.1897602
1.23435	1491214095.0217226
1.23436	1235833603.721205
1.23437	1643652482.4518704
1.23438	1677297115.078049
1.23439	1674865743.8325224
1.2344	1642555300.3999152
1.23441	1694298787.3268654
1.23442	1691024890.0969768
1.23443	1251583992.5771873
1.23444	1273679034.1234052
1.23445	1728343258.5489647
1.23446	1637344253.7887554
1.2344700000000002	1621100724.949092
1.23448	1431561466.756509
1.23449	1595695425.4360785
1.2345	1749766107.062122
1.23451	1646796745.3214102
1.23452	1536526306.1172945
1.23453	1391714012.6185744
1.23454	1426362787.6003606
1.23455	1460562009.2591026
1.23456	1577720250.9891472
1.2345700000000002	1797504556.7037413
1.23458	1848630014.514259
1.23459	1791636906.3542657
1.2346	1758247465.2822347
1.23461	1627646167.7377956
1.23462	1624725512.1295776
1.23463	1500271986.2427561
1.23464	1544614117.8724144
1.23465	1326752760.7611527
1.23466	1101539309.5414145
1.2346700000000002	1616478750.701462
1.23468	1359095579.75501
1.23469	1191296868.012359
1.2347	1436415226.001586
1.23471	1223235284.7589796
1.23472	1108715196.025969
1.23473	933555194.9345297
1.23474	1568122549.5410042
1.23475	1658211795.0262074
1.23476	1758976348.9128976
1.23477	1646379690.2803352
1.23478	1620839455.44005
1.23479	1803765184.0625641
1.2348	1762503548.3290954
1.23481	1750249652.1057873
1.23482	1844165953.7910125
1.23483	1881091842.1603816
1.23484	1743411875.825709
1.23485	1469670578.252569
1.23486	1485080515.1212316
1.23487	1584236445.3109643
1.23488	1656380084.0486426
1.23489	1715181169.3429475
1.2349	1625286769.3613524
1.23491	1594813855.1654856
1.23492	1429617974.861872
1.23493	1703295503.7609744
1.23494	1588144445.5015552
1.23495	1697266346.1504886
1.23496	1694532879.5248609
1.23497	1711275765.247725
1.23498	1813259660.7930036
1.23499	1693362741.8782165
1.235	1549208959.6237028
1.23501	1750048158.7670012
1.23502	1631248029.2460232
1.23503	1711748673.5474555
1.23504	1868357587.2377827
1.23505	1781147968.9657688
1.23506	1547533289.340509
1.23507	1654778996.8100033
1.23508	1697266346.1504886
1.23509	1285020334.1689599
1.2351	1117120444.656834
1.23511	1717631515.3543816
1.23512	1769823673.454255
1.2351299999999998	1808422908.9365144
1.23514	1850376056.0131443
1.23515	1743492164.7583375
1.23516	1726394326.0763865
1.23517	1620839455.44005
1.23518	1384458684.7957134
1.23519	1476420273.1955929
1.2352	1657868194.991588
1.23521	1705885980.3157141
1.23522	1559372963.0450535
1.2352299999999998	1520792632.7901962
1.23524	1608199786.0394278
1.23525	1315467127.8752143
1.23526	1410879749.3772874
1.23527	1602322754.0374432
1.23528	1627084095.7394044
1.23529	1635761566.9312847
1.2353	1691297473.07325
1.23531	1657143050.9327471
1.23532	1591658892.5977066
1.2353299999999998	973890209.7212526
1.23534	1461806874.744085
1.23535	1689195827.504178
1.23536	1536809370.7931066
1.23537	1395307729.2682102
1.23538	1797173474.6227136
1.23539	1740764414.2475648
1.2354	1581284449.271201
1.23541	1594997475.465767
1.23542	1740043077.2681506
1.23543	1644447451.074962
1.23544	1695899062.1092482
1.23545	1774352897.305691
1.23546	1548531342.6235287
1.23547	1495512336.9038053
1.23548	1737040722.5176358
1.23549	1708480396.6265125
1.2355	1645545897.0318582
1.23551	1679035969.491192
1.2355200000000002	1375118104.71058
1.23553	1576594473.9369955
1.23554	1696992801.1830802
1.23555	1776274168.0417676
1.23556	1813510189.1783774
1.23557	1642139319.5144644
1.23558	1564984353.9064415
1.23559	1680931438.9526894
1.2356	1706828948.2742605
1.23561	1691141705.9927256
1.2356200000000002	1812049261.4071245
1.23563	1643917429.282783
1.23564	1748155254.8591151
1.23565	1822552301.2899413
1.23566	1618266336.7157922
1.23567	1622781320.548046
1.23568	1765590567.5701137
1.23569	1618340862.3506672
1.2357	1516736017.6517086
1.23571	1672283866.9173613
1.2357200000000002	1381624417.72318
1.23573	1668629817.8018816
1.23574	1549387329.1640995
1.23575	1542872363.971947
1.23576	1515828261.8293655
1.23577	1492519452.0119514
1.23578	1627646167.7377956
1.23579	1507787018.9368956
1.2358	1619720205.829209
1.23581	1572244195.3167205
1.23582	1708873834.070234
1.23583	1705257624.4496722
1.23584	1732886027.6665206
1.23585	1678494799.475026
1.23586	1708991882.9699314
1.23587	1733085545.0282
1.23588	1352633066.5240085
1.23589	980911892.6836977
1.2359	1476046366.3856418
1.23591	1771168990.4817176
1.23592	1727308857.2835596
1.23593	1755496629.6212366
1.23594	1850248240.978077
1.23595	1781763261.9312449
1.23596	1794113854.8352633
1.23597	1718303995.7262962
1.23598	1091465468.0805798
1.23599	1243225759.2606425
1.236	1748155254.8591151
1.23601	1546393444.6598337
1.23602	1563687627.9567618
1.23603	1673747726.0926495
1.23604	1716089760.5504305
1.23605	1590193595.4798574
1.23606	1401683625.717562
1.23607	1681086265.5895581
1.2360799999999998	1205924170.8615193
1.23609	1185086361.2319355
1.2361	1638588867.6661036
1.23611	1524298421.8758974
1.23612	1422754605.1491218
1.23613	1678533448.6910346
1.23614	1736280948.7529275
1.23615	1816602886.804332
1.23616	1813635466.3510718
1.23617	1697813568.3737998
1.2361799999999998	1320717705.4453182
1.23619	1633917032.3925395
1.2362	1782912377.549877
1.23621	1498131721.9050887
1.23622	1681395961.6467528
1.23623	1616441530.3312352
1.23624	1700591484.2240913
1.23625	1806591655.790657
1.23626	1746264398.372145
1.23627	1770353524.8011124
1.2362799999999998	1735121934.7189627
1.23629	1721392870.8404462
1.2363	1744214931.5611765
1.23631	1700630642.2409198
1.23632	1670052023.537911
1.23633	1797752908.2906754
1.23634	1672091349.2046235
1.23635	1677297115.078049
1.23636	1540564904.478589
1.23637	1716801167.6531847
1.23638	1735042031.2407901
1.23639	1596687774.4896991
1.2364	1700748121.701431
1.23641	1691258529.9581096
1.23642	1496166753.482639
1.23643	1322787249.3572507
1.23644	1587376695.2142024
1.23645	1212271792.536498
1.23646	1363358279.8094456
1.2364700000000002	1718343561.593477
1.23648	1549708446.0909743
1.23649	1318469233.5630672
1.2365	1696875581.121954
1.23651	1819826563.433748
1.23652	1721273965.3404338
1.23653	1692816954.2006161
1.23654	1697461762.408711
1.23655	1820539054.8111234
1.23656	1775497233.7452297
1.2365700000000002	1476998315.4855466
1.23658	1405044243.5826118
1.23659	1256290281.0954454
1.2366	1607644429.4235494
1.23661	1513561248.436207
1.23662	1448038136.8953195
1.23663	1664447112.1747618
1.23664	1672861553.0599625
1.23665	1395018605.897167
1.23666	1228117726.6026533
1.2366700000000002	1764493244.6264527
1.23668	1785295046.550537
1.23669	1566931459.3749142
1.2367	1536667831.9373922
1.23671	1668706662.8141706
1.23672	1631661251.1886091
1.23673	1388193479.048065
1.23674	1430704687.3028886
1.23675	1037480636.968895
1.23676	1262030933.5512252
1.23677	1227919793.3647332
1.23678	1393477626.088681
1.23679	1634142781.9665322
1.2368	1707929736.3782141
1.23681	1767624449.4025598
1.23682	1839839760.093611
1.23683	1808839361.6437578
1.23684	1794155166.309049
1.23685	1686591860.1543887
1.23686	1524544129.554706
1.23687	1545752651.0135324
1.23688	1767827966.4030755
1.23689	1695196316.4092321
1.2369	1737080719.8188546
1.23691	1742288218.91388
1.23692	1727269084.9852006
1.23693	1664293817.9899845
1.23694	1792255822.6960714
1.23695	1824315718.179432
1.23696	1531263744.7877743
1.23697	1637796731.2344472
1.23698	1777706252.873403
1.23699	1796097878.9578364
1.237	1751902772.79624
1.23701	1496649138.4065733
1.23702	1537977563.8992915
1.23703	1542907890.3300133
1.23704	1259998418.4747286
1.23705	1072506665.6157039
1.23706	1720600322.6327069
1.23707	1788380805.5627453
1.23708	1763883915.4836614
1.23709	1633728931.5706034
1.2371	1194263062.0397732
1.23711	1610348970.6125536
1.23712	1745540782.312401
1.2371299999999998	1514607140.703408
1.23714	1619906693.7441485
1.23715	1579610456.6447976
1.23716	1646114346.6118221
1.23717	1620279733.9908507
1.23718	1338166027.2107422
1.23719	1443078645.1687176
1.2372	1520162447.5939267
1.23721	1651847688.6919374
1.23722	1761529821.9491954
1.2372299999999998	1824273712.2412634
1.23724	1680273584.8115985
1.23725	1669167807.211058
1.23726	1776315068.7368548
1.23727	1845695273.205608
1.23728	1826206986.821705
1.23729	1863073549.0781703
1.2373	1854684318.5488727
1.23731	1749161863.6141248
1.23732	1795188262.3645878
1.2373299999999998	1776683217.3755445
1.23734	1666287744.0902905
1.23735	1731290715.433661
1.23736	1626522217.8402758
1.23737	1744696942.5464385
1.23738	1688107113.7049165
1.23739	1726275075.1000185
1.2374	1808631123.303664
1.23741	1817900043.3507078
1.23742	1469738260.642301
1.23743	910709779.0862149
1.23744	1558152640.550466
1.23745	1777174200.9192562
1.23746	1770435054.4710953
1.23747	1600810779.2072105
1.23748	1482142634.051181
1.23749	1628208433.9025064
1.2375	1639645645.5785134
1.23751	1730374076.0143256
1.2375200000000002	1851271008.5174856
1.23753	1777747186.5438418
1.23754	1706278820.3042145
1.23755	1452111617.5877445
1.23756	1649757076.8444345
1.23757	1756507465.6278524
1.23758	1586865067.8950615
1.23759	873514261.6605028
1.2376	1558188518.7539535
1.23761	1449706212.446592
1.2376200000000002	1621847441.346407
1.23763	1578592372.3744044
1.23764	1289436619.9598713
1.23765	1568050336.4916553
1.23766	1807298965.4887712
1.23767	1822174648.06392
1.23768	1730095195.1413846
1.23769	1707379253.6131985
1.2377	1151197929.966474
1.23771	1167669670.9754179
1.2377200000000002	1599373883.2915282
1.23773	1708401720.0082662
1.23774	1645697464.3897808
1.23775	1099815915.2669961
1.23776	1321478190.5346732
1.23777	1669014078.2542222
1.23778	1420070808.5044494
1.23779	1543440883.8756585
1.2378	1757073788.0101838
1.23781	1835735049.7737782
1.23782	1792668552.3655305
1.23783	1578410640.6726894
1.23784	1737040722.5176358
1.23785	1582595767.8124135
1.23786	1555535761.804289
1.23787	1613763914.6987052
1.23788	1796594227.7119942
1.23789	1659701551.5993896
1.2379	1594960749.7144866
1.23791	1755173284.9736776
1.23792	1531404785.8857462
1.23793	1775047585.0111864
1.23794	1661116147.6000118
1.23795	1580629197.5100222
1.23796	1608014645.8544574
1.23797	1526686973.5746865
1.23798	1577756579.7587097
1.23799	1736320928.5595074
1.238	1873872337.0622196
1.23801	1857847233.1126351
1.23802	1795022927.0293958
1.23803	1659586907.4375627
1.23804	1742328337.0445595
1.23805	1603799227.6693444
1.23806	1592135404.8178954
1.23807	1380733938.6298265
1.2380799999999998	1318833590.4108374
1.23809	1740043077.2681506
1.2381	1822678203.091185
1.23811	1663604168.8532596
1.23812	1632525598.9863267
1.23813	1268089772.9207757
1.23814	1460562009.2591026
1.23815	1723653636.644765
1.23816	1689195827.504178
1.23817	1500064730.3251553
1.2381799999999998	1677876533.0342786
1.23819	1739882820.7583125
1.2382	1350236985.6598508
1.23821	1473262043.445375
1.23822	1694298787.3268654
1.23823	1801191961.1187415
1.23824	1816561058.4586318
1.23825	1748235762.2374506
1.23826	1810464443.757468
1.23827	1663834020.140047
1.2382799999999998	1504908170.1947627
1.23829	1564443920.7946966
1.2383	1701727432.8607945
1.23831	1531827987.1302214
1.23832	1784185477.1793852
1.23833	1719055903.012209
1.23834	1548602656.769293
1.23835	1549993939.2303693
1.23836	1766932666.8366716
1.23837	1785007314.1763985
1.23838	1781147968.9657688
1.23839	1734323065.4992292
1.2384	1606090450.9586987
1.23841	1437738822.761545
1.23842	1673015636.398643
1.23843	1665060430.122534
1.23844	1720798425.4688985
1.23845	1578483330.8426704
1.23846	1670013569.6116922
1.2384700000000002	1854513503.6767519
1.23848	1855196857.5711899
1.23849	1816351931.176511
1.2385	1485012126.210839
1.23851	1744295257.4767394
1.23852	1767787261.1284914
1.23853	1849353782.9061368
1.23854	1694649937.7522972
1.23855	1757559352.5197012
1.23856	1744937997.9878752
1.2385700000000002	1612389643.560008
1.23858	1586499720.773826
1.23859	1768112929.5703492
1.2386	1743291449.3592505
1.23861	1710763595.3582888
1.23862	1754405580.1080678
1.23863	1785623940.3427098
1.23864	1781065945.9591935
1.23865	1767176794.4691594
1.23866	1749524384.6388412
1.2386700000000002	1736161014.8564472
1.23868	1713168182.715812
1.23869	1714746795.790125
1.2387	1585513703.644094
1.23871	1695625737.5042222
1.23872	1532145464.8108952
1.23873	1328342291.9663641
1.23874	1482040254.8012278
1.23875	1556825727.6209476
1.23876	1591035976.4159784
1.23877	1657677336.8488805
1.23878	1681976795.5389507
1.23879	1734802342.8832474
1.2388	1853275566.24589
1.23881	1786446439.9290452
1.23882	1779385306.478491
1.23883	1732167955.3285086
1.23884	1440522347.2245538
1.23885	1250921335.9742386
1.23886	1592612059.6967196
1.23887	1812132711.280961
1.23888	1886774508.3954215
1.23889	1800528499.6988714
1.2389	1797214856.5476594
1.23891	1784390900.9484448
1.23892	1622258281.9655306
1.23893	1547675828.987914
1.23894	1715497146.4920056
1.23895	1446205470.5391152
1.23896	1494617283.3048918
1.23897	1545966219.3866725
1.23898	1588473595.0009565
1.23899	1429223011.386092
1.239	930743474.4235756
1.23901	1441650543.3836048
1.23902	1658059075.1089165
1.23903	1758611869.3354433
1.23904	1742970352.7819214
1.23905	1552529996.6702669
1.23906	1700004222.156363
1.23907	1457437702.126895
1.23908	1378541992.7595663
1.23909	1605572792.009693
1.2391	1592648731.366797
1.23911	1647175977.9441998
1.23912	1706043105.4566288
1.2391299999999998	1489806963.9225295
1.23914	1704354768.3638868
1.23915	1765631222.2633765
1.23916	1731569789.0172436
1.23917	1446705058.4836097
1.23918	1247412236.640471
1.23919	1423934458.9661748
1.2392	1084401226.2186196
1.23921	1663412650.3701696
1.23922	1775660770.614782
1.2392299999999998	1761245919.7680047
1.23924	1346139289.1761472
1.23925	1039202062.4802016
1.23926	1678185637.782434
1.23927	1598674324.3803687
1.23928	1683798041.3581645
1.23929	1350236985.6598508
1.2393	1261943758.5537407
1.23931	1021621443.381966
1.23932	863515226.591463
1.2393299999999998	1601806309.4546814
1.23934	1504596336.3862414
1.23935	935168780.5218136
1.23936	1558583233.5214696
1.23937	1354877404.3797529
1.23938	1294404457.985674
1.23939	1676100285.2847939
1.2394	1588290725.7469366
1.23941	1691375361.9936786
1.23942	1626334968.3288202
1.23943	1054775418.4432533
1.23944	1391649923.2955165
1.23945	1645886943.2193034
1.23946	1633616081.4718413
1.23947	1590926075.3402233
1.23948	1711354574.2236931
1.23949	1608681250.2866395
1.2395	1755779605.0516572
1.23951	1669898213.145492
1.2395200000000002	1583871703.3827615
1.23953	1740724332.1271167
1.23954	1779672132.6190195
1.23955	1714194115.8189628
1.23956	1612166899.0855591
1.23957	1527847472.2232027
1.23958	1550850734.2550669
1.23959	879366668.2881429
1.2396	1558511459.7637427
1.23961	1709936567.7880564
1.2396200000000002	1663067972.6601398
1.23963	1678146996.5749822
1.23964	1751781759.8196552
1.23965	1818402417.0978577
1.23966	1797752908.2906754
1.23967	1697852662.4260225
1.23968	1766932666.8366716
1.23969	1801274910.9839077
1.2397	1847693793.5233579
1.23971	1672668968.842478
1.2397200000000002	1494204362.3375034
1.23973	1666633089.1112552
1.23974	1665520566.8888936
1.23975	1467405018.429129
1.23976	1550529380.6333115
1.23977	1788751454.8752546
1.23978	1635912233.0775993
1.23979	1550779316.5838914
1.2398	1731011686.8278074
1.23981	1789451779.8476925
1.23982	1636665771.9972954
1.23983	1682402867.9119833
1.23984	1838103660.7953184
1.23985	1741004926.3526075
1.23986	1353723599.3551385
1.23987	1422394289.2923017
1.23988	1726155832.3609385
1.23989	1811173269.7143764
1.2399	1847438542.8247368
1.23991	1558152640.550466
1.23992	1554891179.7697554
1.23993	1641005361.5594337
1.23994	1740443783.1244345
1.23995	1610460213.4207294
1.23996	1472685463.3935518
1.23997	1102630496.4878957
1.23998	1259766339.5645945
1.23999	1124579079.2785668
1.24	1583944645.0497649
1.24001	1711433386.8290322
1.24002	1737760814.8672273
1.24003	1754001659.799315
1.24004	1730812408.2141328
1.24005	1427447025.6373355
1.24006	1493550804.0996914
1.24007	1667439172.5298507
1.2400799999999998	1636439673.8834321
1.24009	1733045639.7182214
1.2401	1847736338.735036
1.24011	1719808139.3228786
1.24012	1359846851.2931428
1.24013	1268294181.3162456
1.24014	1423344409.8055258
1.24015	1632826349.014232
1.24016	1603097733.1325462
1.24017	1513387003.2883575
1.2401799999999998	1687213338.0318372
1.24019	1646758826.861596
1.2402	1771944030.7957864
1.24021	1556538976.13552
1.24022	1118922481.9552429
1.24023	1088779662.4730537
1.24024	1717631515.3543816
1.24025	1755739177.1976516
1.24026	1689934997.4375432
1.24027	1766281824.6825469
1.2402799999999998	1762868834.4730964
1.24029	1628095965.1330366
1.2403	1546037415.401433
1.24031	1188365403.9377673
1.24032	1593382342.1193926
1.24033	1777747186.5438418
1.24034	1825366181.0423362
1.24035	1794196478.7340765
1.24036	1546963262.0165946
1.24037	1412635122.629744
1.24038	1483713335.1251335
1.24039	1438864838.9047053
1.2404	1667554359.1256757
1.24041	1747108996.2534714
1.24042	1521317986.6772444
1.24043	1570941453.9556258
1.24044	1631698822.009894
1.24045	1780573887.2351363
1.24046	1776192369.4768512
1.2404700000000002	1767705853.3910894
1.24048	1768316502.8124595
1.24049	1657982720.4248714
1.2405	1430078903.5360682
1.24051	1050678874.0333427
1.24052	1488503979.2734401
1.24053	1720441856.7842839
1.24054	1814261982.0386093
1.24055	1557399389.0808525
1.24056	1679809372.1988735
1.2405700000000002	1721511784.5544431
1.24058	1732088187.882982
1.24059	1615064978.9520016
1.2406	1624725512.1295776
1.24061	1681279818.9399295
1.24062	1768031506.8357074
1.24063	1848885429.8321488
1.24064	1767705853.3910894
1.24065	1512585733.9396818
1.24066	1672245361.6016407
1.2406700000000002	1508134239.70195
1.24068	1113704565.4915533
1.24069	1181870792.2582884
1.2407	1457974740.939331
1.24071	711885258.8374152
1.24072	1369682793.4520905
1.24073	1675174293.921727
1.24074	1740483858.7849214
1.24075	1779754091.4366407
1.24076	1568086442.6006382
1.2407700000000002	1629258517.144069
1.24078	1838569282.6699634
1.24079	1636552719.035784
1.2408	1552029600.7891407
1.24081	1451042056.2965887
1.24082	1095948130.0950034
1.24083	1487578866.9636054
1.24084	1505740043.0171106
1.24085	1584382365.5996435
1.24086	1615734506.1083658
1.24087	1693791698.4986358
1.24088	1761489261.6930773
1.24089	1818486159.5520551
1.2409	1592612059.6967196
1.24091	948877175.1806461
1.24092	1593675881.0287695
1.24093	1537057095.1611555
1.24094	1319137298.0316744
1.24095	1127067690.2426078
1.24096	741293172.1983237
1.24097	975685835.1089008
1.24098	1110324697.120025
1.24099	883690121.1414582
1.2409999999999999	1570218175.2347145
1.24101	1091063431.40441
1.24102	1010997309.8876524
1.24103	1531969080.199226
1.24104	1197374486.4507673
1.24105	637969622.6625793
1.24106	988666912.5896713
1.24107	1104994203.9172695
1.24108	905044638.5993668
1.24109	1459620653.6221385
1.2411	1090008789.5662286
1.24111	979354673.2136011
1.24112	1377526619.6051676
1.2411299999999998	1585805792.9631903
1.24114	1526722127.2460752
1.24115	1583215379.5166855
1.24116	1192284779.878458
1.24117	989577927.9412876
1.24118	1535818872.5089085
1.24119	1696836509.5676074
1.2412	1336257020.6758132
1.24121	1422230539.524333
1.24122	1397236750.3484738
1.2412299999999998	1071519305.2376047
1.24124	901550378.4023404
1.24125	1473737043.57294
1.24126	1645697464.3897808
1.24127	1666134280.3848555
1.24128	1724804990.1690288
1.24129	1686630695.814249
1.2413	1554712176.611609
1.24131	1306471679.7220135
1.24132	984464363.9803779
1.2413299999999998	1541948965.7304413
1.24134	1671860357.2044663
1.24135	1715971221.3636465
1.24136	1281150056.2783964
1.24137	1532780617.581564
1.24138	1688340350.4324965
1.24139	1476896291.5802572
1.2414	1351667899.6857634
1.24141	916579205.1842527
1.24142	1529431392.1475935
1.24143	1562499906.399515
1.24144	1371418488.4313715
1.24145	1219270313.97004
1.24146	1578446985.3392448
1.24147	1169903391.563879
1.24148	1360253963.4232855
1.24149	1315103701.0869145
1.2415	1530840699.4276774
1.24151	825011495.612546
1.2415200000000002	1203455400.0654092
1.24153	1394023194.997891
1.24154	1305840097.3679233
1.24155	1411562135.1879587
1.24156	1669283113.2208605
1.24157	1660771945.7510476
1.24158	1503591978.0359542
1.24159	1649111423.1909618
1.2416	1421281162.549353
1.24161	1210124350.398536
1.2416200000000002	872308290.357337
1.24163	1179559900.074085
1.24164	1564299836.8200755
1.24165	1772801048.8828726
1.24166	1575396948.7981806
1.24167	1744978177.132675
1.24168	1672784516.712312
1.24169	1455224507.2000835
1.2417	1575106776.6824508
1.24171	1632300072.818993
1.2417200000000002	1292468597.3632653
1.24173	1530770203.2314422
1.24174	1002859285.4967157
1.24175	1367886300.2608962
1.24176	1570869111.093914
1.24177	1708244377.6409266
1.24178	1707064771.6975505
1.24179	1375719838.3528714
1.2418	1528093751.9874506
1.24181	1670205848.0974429
1.24182	1546927642.2812195
1.24183	1592428714.0117693
1.24184	1548210469.6056602
1.24185	1538331737.0946212
1.24186	1541877957.9914176
1.24187	908092314.2761356
1.24188	856702432.4452362
1.24189	1576158904.9638355
1.2419	1776805950.5432837
1.24191	1643879577.1209073
1.24192	1573620483.2404635
1.24193	1376575386.5094154
1.24194	995313741.3464104
1.24195	1548780956.502476
1.24196	920619140.4475657
1.24197	1446138871.8494575
1.24198	1664408787.3049035
1.24199	1612278267.4761224
1.242	1684069459.410159
1.24201	1009927039.4231293
1.24202	1400489960.811027
1.24203	1064927396.7167275
1.24204	1329841862.1331608
1.24205	1604944430.4444563
1.24206	1212411368.5188904
1.24207	1212606801.8925948
1.24208	1597643953.1414993
1.24209	1380384264.6028864
1.2421	848125263.6313922
1.24211	1526757281.726923
1.24212	1507196927.0918
1.24213	1423082244.2229965
1.24214	1483986670.39609
1.24215	1566895379.8600972
1.24216	1085000654.0950034
1.24217	1324311041.4549694
1.2421799999999998	1437838141.6712887
1.24219	1047900385.1985537
1.2422	1469602898.9796484
1.24221	1594116290.7900276
1.24222	1724407884.8633535
1.24223	1604685764.8125565
1.24224	1682712806.5186346
1.24225	1554891179.7697554
1.24226	1670052023.537911
1.24227	1633578466.5045276
1.2422799999999998	1506294880.3479679
1.24229	1293391492.572903
1.2423	1267155753.993861
1.24231	1656113128.636991
1.24232	1026431567.1960557
1.24233	1303136772.2737837
1.24234	1415695983.7653036
1.24235	1080463250.6705508
1.24236	821523516.8132794
1.24237	1344683265.0614533
1.2423799999999998	1411919707.0820706
1.24239	1013071271.7756137
1.2424	1595621942.6381063
1.24241	1666402851.1455095
1.24242	1623416665.542729
1.24243	1620466286.3275585
1.24244	1146858928.521178
1.24245	928688355.2544104
1.24246	1361225261.1935337
1.24247	1461739557.599762
1.24248	1231260649.924977
1.24249	1196878319.0841696
1.2425	986733788.7185596
1.24251	1678494799.475026
1.24252	1712813195.102857
1.24253	1767665150.9282296
1.24254	1728383055.5813758
1.24255	1604057750.3968234
1.24256	1554032152.5291858
1.2425700000000002	1083876998.491475
1.24258	1271013021.7515113
1.24259	1426855520.941284
1.2426	1645508007.3735585
1.24261	1646038541.9901867
1.24262	1680621828.4558494
1.24263	1607348317.6494515
1.24264	1584783715.6991832
1.24265	1066301450.5429127
1.24266	1585148667.650155
1.2426700000000002	1277144389.9062364
1.24268	1192614265.8558192
1.24269	1627046631.1748886
1.2427	1359658994.4848194
1.24271	1100322515.8534436
1.24272	1493206940.9082096
1.24273	1633766550.002543
1.24274	976629863.370394
1.24275	1505185410.0582368
1.24276	1631435844.427082
1.2427700000000002	1683604198.1034114
1.24278	1590742923.7502158
1.24279	1669359988.3192086
1.2428	1768112929.5703492
1.24281	1729457921.9137278
1.24282	1526089484.9892259
1.24283	1340417224.7218823
1.24284	623576873.2091931
1.24285	1161716078.0585654
1.24286	1266922356.7752259
1.24287	1177633089.2125854
1.24288	1549672763.146122
1.24289	1413904250.292307
1.2429	1455224507.2000835
1.24291	1597092241.7515981
1.24292	1653484012.171155
1.24293	1522158930.4054658
1.24294	1633503239.1682134
1.24295	996391467.8614498
1.24296	1685039166.795809
1.24297	1511019259.828043
1.24298	1030718331.2257248
1.24299	1458982222.1422813
1.2429999999999999	1417947006.2089126
1.24301	1062796217.2955316
1.24302	1252333505.358432
1.24303	1522193979.8136075
1.24304	1509836777.614851
1.24305	928966386.779936
1.24306	1329137771.5599039
1.24307	762992027.4338522
1.24308	1640892008.8400562
1.24309	1670552005.1616547
1.2431	1390913108.1747305
1.24311	1661613453.9934642
1.24312	1668130411.4720256
1.2431299999999998	1721432507.8324168
1.24314	1640023231.4101493
1.24315	1589973917.290965
1.24316	1644106703.1663933
1.24317	1404656069.1417274
1.24318	1107771021.180403
1.24319	1196933438.6368506
1.2432	820653828.687155
1.24321	1558224397.783577
1.24322	1571411763.7710528
1.2432299999999998	1291873530.6078715
1.24324	1456967955.4394193
1.24325	1558762682.3771687
1.24326	1476046366.3856418
1.24327	1298015863.0230324
1.24328	1018685208.1084617
1.24329	1572171792.46294
1.2433	1435125892.3724806
1.24331	1380352480.4465091
1.24332	1318347803.6510954
1.2433299999999998	1331588390.225614
1.24334	887421609.5745418
1.24335	1280973071.0830948
1.24336	1232026360.1734548
1.24337	938188272.7242627
1.24338	1024471780.310382
1.24339	1231203949.5821955
1.2434	1285197878.5529466
1.24341	1241938241.5199196
1.24342	1095519216.6966949
1.24343	1186342256.8370874
1.24344	1179016817.7245755
1.24345	1033760657.692023
1.24346	1087401680.908973
1.24347	1013888039.8330373
1.24348	900678923.3421453
1.24349	670301204.8065926
1.2435	634278513.9306291
1.24351	763466525.5142972
1.2435200000000002	687859912.308808
1.24353	584238267.7978891
1.24354	471606736.50692254
1.24355	345223220.76905674
1.24356	148692820.66875383
1.24357	84631102.78828478
1.24358	265870406.75910792
1.24359	417157446.120627
1.2436	527679229.7159701
1.24361	630710411.2071887
1.2436200000000002	643798558.5864097
1.24363	724552734.7666407
1.24364	740286790.4919362
1.24365	661058661.6028084
1.24366	984509701.283684
1.24367	1036788090.8581488
1.24368	1029034653.0372517
1.24369	1139934768.4250982
1.2437	1203732537.817274
1.24371	1240080847.3164392
1.2437200000000002	1215430135.256749
1.24373	857590576.1092433
1.24374	1217054425.7952015
1.24375	1272623680.0229018
1.24376	1197677801.0923321
1.24377	1343538141.3013792
1.24378	1450173617.8473544
1.24379	1285671450.1789837
1.2438	1182496870.383107
1.24381	1233701236.460043
1.24382	900367893.578806
1.24383	1330546325.6877248
1.24384	1507405168.4268606
1.24385	1480709967.9136946
1.24386	1478087009.1029994
1.24387	1507821737.4157364
1.24388	1538473429.2087214
1.24389	1469298380.8182886
1.2439	1625024825.1960402
1.24391	1481255582.1252394
1.24392	1439925424.384099
1.24393	1570435123.8784382
1.24394	1019342190.4967043
1.24395	989053991.5918523
1.24396	1540990637.1070745
1.24397	934716695.6362042
1.24398	1341714150.1222484
1.24399	1247555858.548899
