1.2563799999999998	3740675196.7814455
1.25639	3786517776.148922
1.2564	3805222009.042574
1.25641	3806711814.6784225
1.25642	3823842536.581122
1.25643	3865894517.917492
1.25644	3874895546.9053717
1.25645	3853186233.606171
1.2564600000000001	3842819625.481502
1.25647	3852653933.0261216
1.2564799999999998	3838574730.5206113
1.2564899999999999	3804170732.591654
1.2565	3847512150.3755407
1.25651	3857447286.7247567
1.25652	3742915305.2256904
1.25653	3674007174.0861626
1.25654	3508568823.52904
1.25655	3787825818.9347754
1.2565600000000001	3855138631.696373
1.25657	3864559515.814255
1.25658	3802244146.7065053
1.2565899999999999	3702456800.8014746
1.2566	3839989174.2472243
1.25661	3866428647.878327
1.25662	3883023331.0358686
1.25663	3860201720.859274
1.25664	3861624133.7314568
1.25665	3827542308.876812
1.25666	3832216178.409561
1.2566700000000002	3841581046.441724
1.25668	3726490341.997332
1.2566899999999999	3769467472.073119
1.2567	3865449465.982831
1.25671	3510589099.5231214
1.25672	3481448699.013206
1.25673	3726318734.726544
1.25674	3785297343.7559505
1.25675	3722716806.986208
1.25676	3786517776.148922
1.2567700000000002	3693346041.4343443
1.25678	3565824790.701141
1.25679	3790181434.741375
1.2568	3761317546.793019
1.25681	3789134313.580615
1.25682	3829040853.2691393
1.25683	3820938081.6688886
1.25684	3754827587.0027485
1.25685	3617845363.5064344
1.25686	3719203997.7858996
1.2568700000000002	3789919627.3258553
1.25688	3572975185.376869
1.25689	3586493102.975808
1.2569	3807237767.681796
1.25691	3780419546.4916115
1.25692	3852121705.9810195
1.2569299999999999	3847777936.2790375
1.25694	3843704569.27898
1.25695	3873735824.513376
1.25696	3860468383.3575063
1.2569700000000001	3761663992.895724
1.25698	3724603096.60308
1.25699	3779810263.9567823
1.257	3682561428.456621
1.25701	3845917820.453542
1.25702	3884454153.2489324
1.2570299999999999	3805397250.02708
1.25704	3690115842.279486
1.25705	3766517590.25663
1.25706	3625433972.225341
1.2570700000000001	3692580738.8164854
1.25708	3640239853.2645535
1.25709	3746623044.2845426
1.2571	3839370290.9965777
1.25711	3893050165.1908336
1.25712	3859135255.05114
1.2571299999999999	3774331138.1020436
1.25714	3680018483.5450273
1.25715	3723745573.776078
1.25716	3724946161.024242
1.2571700000000001	3629610310.9679174
1.25718	3705185877.094687
1.25719	3776591401.452658
1.2572	3823402325.7810454
1.25721	3809166883.819951
1.25722	3786517776.148922
1.2572299999999998	3649471697.961673
1.25724	3804170732.591654
1.25725	3711162746.62563
1.25726	3598156095.3615813
1.25727	3224333830.3630414
1.25728	3436687157.49901
1.25729	3693090922.9397726
1.2573	3652582213.86337
1.25731	3755000507.184918
1.25732	3811360247.7811265
1.2573299999999998	3718690206.257196
1.25734	3781899641.5643277
1.25735	3764696757.793669
1.25736	3648379442.9587073
1.25737	3785384504.4517965
1.25738	3863847703.206075
1.25739	3868833146.0980086
1.2574	3868922230.298916
1.2574100000000001	3853452411.47499
1.25742	3828776361.63278
1.2574299999999998	3677138602.052662
1.25744	3786430589.358847
1.25745	3832392662.5501466
1.25746	3721688324.4158535
1.25747	3427993580.8017755
1.25748	3472641891.790059
1.25749	3579398073.387975
1.2575	3803907958.8630333
1.2575100000000001	3846360623.594963
1.25752	3883380987.1718035
1.25753	3870347856.5173893
1.2575399999999999	3811974615.9823556
1.25755	3832392662.5501466
1.25756	3840166016.35574
1.25757	3827277920.752672
1.25758	3691645584.30147
1.25759	3736543133.6505313
1.2576	3781028927.239081
1.2576100000000001	3715865621.3185353
1.2576200000000002	3722631089.250825
1.25763	3784251571.932976
1.2576399999999999	3674430184.1436415
1.25765	3790705103.8306155
1.25766	3823754490.3665714
1.25767	3835217514.4051213
1.25768	3830187194.8418655
1.25769	3857180832.9092784
1.2577	3859046396.2010713
1.25771	3835924052.651854
1.2577200000000002	3742915305.2256904
1.25773	3520221572.2037926
1.2577399999999999	3766864515.3231096
1.25775	3364960728.0184994
1.25776	3490117111.2411275
1.25777	3465373101.146065
1.25778	3753963105.530818
1.25779	3855671275.5739436
1.2578	3819530655.33143
1.25781	3779027044.984727
1.2578200000000002	3723059697.6656756
1.25783	3469285172.7188425
1.25784	3785123028.385022
1.25785	3836365705.152017
1.25786	3670033259.1383996
1.25787	3790617820.6248517
1.2578799999999999	3817420487.802161
1.25789	3841581046.441724
1.2579	3708343879.27782
1.25791	3745587957.0892167
1.2579200000000001	3788785337.4843707
1.25793	3826396758.895353
1.25794	3768686396.2432485
1.25795	3329430855.1894293
1.25796	3642755310.5790143
1.25797	3806010657.029182
1.2579799999999999	3841934885.4264064
1.25799	3837867704.0459237
1.258	3816014357.155469
1.25801	3801456279.182973
1.2580200000000001	3795945775.763369
1.25803	3738350349.3374195
1.25804	3737059391.822705
1.25805	3636135007.989789
1.25806	3653591599.0714636
1.25807	3655274527.6607275
1.2580799999999999	3795159213.332772
1.25809	3722716806.986208
1.2581	3751716385.0558987
1.25811	3746968136.911237
1.2581200000000001	3796907351.231531
1.25813	3835129206.275043
1.25814	3844943832.971989
1.25815	3867942416.8979707
1.25816	3893229450.90455
1.25817	3862602346.607407
1.2581799999999999	3821817986.4745936
1.25819	3813906132.267562
1.2582	3724431576.2411523
1.25821	3343104868.3952284
1.2582200000000001	3741622771.30332
1.25823	3756211171.4573436
1.25824	3716635749.824519
1.25825	3853363683.475708
1.25826	3869991400.7218704
1.25827	3883738676.250603
1.2582799999999998	3886153939.4258013
1.25829	3871060866.6083636
1.2583	3806273576.0120625
1.25831	3788610861.4890933
1.25832	3724946161.024242
1.25833	3680526932.008734
1.25834	3680950692.724293
1.25835	3598653233.3371077
1.2583600000000001	3735510831.25269
1.25837	3834422814.4309225
1.2583799999999998	3848043740.5430083
1.25839	3785297343.7559505
1.2584	3440091546.369131
1.25841	3748607761.0110507
1.25842	3685445557.027786
1.25843	3755173435.3305545
1.25844	3691050609.2856994
1.25845	3836012379.0841727
1.2584600000000001	3830892806.384142
1.25847	3855493719.43831
1.2584799999999998	3824899249.303386
1.2584899999999999	3808640664.3177276
1.2585	3834775994.0877094
1.25851	3803995548.0890465
1.25852	3815399337.877365
1.25853	3784251571.932976
1.25854	3808991469.2413754
1.25855	3797869170.2825522
1.2585600000000001	3774678782.8560023
1.25857	3582283890.104511
1.25858	3695047281.8370085
1.2585899999999999	3642839189.08545
1.2586	3758460583.641231
1.25861	3647707448.524077
1.25862	3832745655.214424
1.25863	3872665619.6108193
1.25864	3862157673.6761575
1.25865	3657126644.4737506
1.2586600000000001	3825075396.47916
1.2586700000000002	3850082183.344945
1.25868	3828688201.814018
1.2586899999999999	3838663117.987731
1.2587	3842377229.989089
1.25871	3875966368.044759
1.25872	3889914001.338478
1.25873	3861979818.837715
1.25874	3864292570.7203655
1.25875	3842288757.0023646
1.25876	3828600044.0251865
1.2587700000000002	3815662905.429728
1.25878	3838397961.6918297
1.2587899999999999	3813028049.0238895
1.2588	3775808849.464924
1.25881	3589219346.450049
1.25882	3813115848.250157
1.25883	3812589083.216036
1.25884	3534435006.662125
1.25885	3508407251.6839733
1.25886	3721431248.1733522
1.2588700000000002	3818563350.4597764
1.25888	3823842536.581122
1.25889	3817508388.1692333
1.2589	3778330986.588854
1.25891	3800581062.293898
1.25892	3834952596.114863
1.2589299999999999	3842642661.1726003
1.25894	3840166016.35574
1.25895	3839723926.353781
1.25896	3680865936.6781588
1.2589700000000001	3740072319.762681
1.25898	3528986524.4864974
1.25899	3652161719.0016365
1.259	3706807217.8257666
1.25901	3467208829.9813766
1.25902	3586410521.871015
1.2590299999999999	3737833912.8252096
1.25904	3817068906.572965
1.25905	3632369329.6360707
1.25906	3674599401.8033457
1.2590700000000001	3790006894.454924
1.25908	3750248102.58886
1.25909	3645608263.577386
1.2591	3859935076.780782
1.25911	3858602132.6401763
1.25912	3670033259.1383996
1.2591299999999999	3723831317.173712
1.25914	3769814668.846267
1.25915	3791490743.1286263
1.25916	3515523456.431976
1.2591700000000001	3669779750.9781737
1.25918	3814784417.720653
1.25919	3858690981.2605805
1.2592	3854339803.843811
1.25921	3822170005.1303573
1.25922	3826484865.9511003
1.2592299999999998	3847512150.3755407
1.25924	3681883138.0474544
1.25925	3720317456.3055367
1.25926	3639736970.2820206
1.2592700000000001	3809868622.921189
1.25928	3823226255.6512504
1.25929	3817332589.459031
1.2593	3821466000.239454
1.25931	3846094935.5925765
1.25932	3852831358.381747
1.2593299999999998	3845829265.9426327
1.25934	3847689338.937887
1.25935	3838397961.6918297
1.25936	3848575404.1574297
1.25937	3840785027.872498
1.25938	3589301992.231163
1.25939	3544622582.4272876
1.2594	3263247395.0452538
1.2594100000000001	3498807106.83191
1.25942	3780419546.4916115
1.2594299999999998	3806974782.097215
1.25944	3823666446.179337
1.25945	3848220953.5865345
1.25946	3770595978.515282
1.25947	3472162161.722191
1.25948	3628106275.0876245
1.25949	3838928292.600613
1.2595	3817420487.802161
1.2595100000000001	3775721909.2541595
1.25952	3749816364.1733966
1.2595299999999998	3797082209.3030787
1.2595399999999999	3641329671.430095
1.25955	3810044077.895115
1.25956	3839193485.5317254
1.25957	3643929785.442405
1.25958	3053795845.979636
1.25959	3613765770.940054
1.2596	3726919394.750652
1.2596100000000001	3834246236.8005404
1.25962	3862869174.9407187
1.25963	3814608744.4510527
1.2596399999999999	3825780066.3066626
1.25965	3827013550.891171
1.25966	3831245660.9001994
1.25967	3518924913.517231
1.25968	3714154795.9234366
1.25969	3822874139.715699
1.2597	3654264677.5065174
1.25971	3709197855.3252835
1.2597200000000002	3527849096.980948
1.25973	3763743339.731958
1.2597399999999999	3757335709.216742
1.25975	3761144335.707108
1.25976	3659569505.128163
1.25977	3550585703.126238
1.25978	3497357273.1098175
1.25979	3702371549.564588
1.2598	3759499228.1661577
1.25981	3850614128.600101
1.2598200000000002	3867051892.772315
1.25983	3846272058.888252
1.25984	3846537759.1263046
1.25985	3817156798.8444867
1.25986	3818915069.33868
1.25987	3791752659.0767293
1.2598799999999999	3574620980.1859355
1.25989	3787476963.349792
1.2599	3832657404.000352
1.25991	3591534147.8031936
1.2599200000000002	3710650065.9600916
1.25993	3774939537.434935
1.25994	3737661783.175708
1.25995	3790355983.0659046
1.25996	3673922577.918613
1.25997	3539321383.689685
1.2599799999999999	3829746253.6280594
1.25999	3830981016.9664006
1.26	3664291372.0800457
1.26001	3724688859.746133
1.2600200000000001	3811799072.1059275
1.26003	3607281213.377812
1.26004	3678662964.3438854
1.26005	3848752641.685534
1.26006	3801806422.3698215
1.26007	3851855620.0309205
1.2600799999999999	3863402886.906102
1.26009	3880520660.229725
1.2601	3880341959.763988
1.26011	3858690981.2605805
1.2601200000000001	3847334969.972857
1.26013	3766170697.1416736
1.26014	3769380677.876269
1.26015	3828688201.814018
1.26016	3817772101.414676
1.26017	3762963450.0063453
1.2601799999999999	3543480115.2645288
1.26019	3660665110.22165
1.2602	3831333879.607311
1.26021	3762963450.0063453
1.2602200000000001	3728550245.7839184
1.26023	3592443942.44557
1.26024	3662688627.5878396
1.26025	3757681788.5617795
1.26026	3804959162.696858
1.26027	3831069229.5797906
1.2602799999999998	3828952687.360302
1.26029	3814784417.720653
1.2603	3798393901.545063
1.26031	3729408875.0549126
1.26032	3618095284.0423584
1.26033	3808552968.1351924
1.26034	3759672363.490322
1.26035	3706892571.1988506
1.2603600000000001	3480166322.1500444
1.26037	2944082664.243715
1.2603799999999998	3213290573.5951133
1.26039	3629192460.6920047
1.2604	3695047281.8370085
1.26041	3735854900.3596067
1.26042	3796120589.551725
1.26043	3722802526.695338
1.26044	3814520910.8499756
1.26045	3644601083.941698
1.2604600000000001	3451198984.7442546
1.26047	3736887297.840392
1.2604799999999998	3755692267.5518126
1.2604899999999999	3781377188.9106417
1.2605	3656284656.8854003
1.26051	3426967612.2647796
1.26052	3817508388.1692333
1.26053	3828159285.5283527
1.26054	3843350567.307897
1.26055	3877662440.0781746
1.2605600000000001	3801456279.182973
1.26057	3533702632.188435
1.26058	3746881860.774775
1.2605899999999999	3754568221.6601496
1.2606	3817420487.802161
1.26061	3855138631.696373
1.26062	3853008791.908314
1.26063	3822522056.20973
1.26064	3602881680.3205924
1.26065	3727434323.262299
1.2606600000000001	3665303993.0951266
1.2606700000000002	3798306441.3002434
1.26068	3801018645.5476685
1.2606899999999999	3826661086.1489005
1.2607	3834069667.301687
1.26071	3845829265.9426327
1.26072	3806098294.6721673
1.26073	3817068906.572965
1.26074	3794023355.32896
1.26075	3743001490.0277834
1.26076	3843704569.27898
1.2607700000000002	3865271459.5552573
1.26078	3810658233.9377255
1.2607899999999999	3526955661.1308646
1.2608	3422157551.5373907
1.26081	3783031869.960194
1.26082	3819706555.268622
1.26083	3865805503.431436
1.26084	3855138631.696373
1.26085	3826749199.2910624
1.26086	3636637393.3084793
1.2608700000000002	3846449190.34096
1.26088	3832039702.3961983
1.26089	3809517737.2124376
1.2609	3856914397.4991264
1.26091	3868298683.9664145
1.26092	3861979818.837715
1.2609299999999999	3837425878.6317167
1.26094	3755519315.51362
1.26095	3673837983.69894
1.26096	3528986524.4864974
1.2609700000000001	3643761980.1382236
1.26098	3643342500.684972
1.26099	3801281219.6826863
1.261	3808377581.827843
1.26101	3833275205.174249
1.26102	3842465705.013002
1.2610299999999999	3846537759.1263046
1.26104	3822786115.7990537
1.26105	3708941641.864035
1.26106	3770509158.3339252
1.2610700000000001	3809605455.609858
1.26108	3580222355.1478434
1.26109	3748607761.0110507
1.2611	3769293885.6779213
1.26111	3746364245.672117
1.26112	3528499010.657645
1.2611299999999999	3751111728.551261
1.26114	3812589083.216036
1.26115	3636135007.989789
1.26116	3827630442.31011
1.2611700000000001	3792713172.3595033
1.26118	3656789826.173252
1.26119	3829129021.2080946
1.2612	3849816238.275197
1.26121	3831863234.50967
1.26122	3826396758.895353
1.2612299999999999	3808903764.981351
1.26124	3799093656.006858
1.26125	3825075396.47916
1.26126	3831598547.9168553
1.2612700000000001	3768599620.031142
1.26128	3767645213.560631
1.26129	3829129021.2080946
1.2613	3784687275.076466
1.26131	3695813095.6561017
1.26132	3576761646.8360724
1.2613299999999998	3809956349.3981595
1.26134	3835040900.1782947
1.26135	3850170835.784008
1.26136	3868476829.8060503
1.26137	3844766770.8419695
1.26138	3659316719.753477
1.26139	3633289468.5013113
1.2614	3790617820.6248517
1.2614100000000001	3567795882.885626
1.26142	3680950692.724293
1.2614299999999998	3421842373.693526
1.26144	3813467065.372458
1.26145	3584016496.7972536
1.26146	3690625685.8412085
1.26147	3818651277.1425524
1.26148	3754135985.9012275
1.26149	3401183002.4057636
1.2615	3759326100.815002
1.2615100000000001	3775721909.2541595
1.26152	3793848638.119585
1.2615299999999998	3784600130.4347506
1.2615399999999999	3763483358.532251
1.26155	3844058603.8563504
1.26156	3849550311.5756493
1.26157	3837956075.2329693
1.26158	3760711342.8886576
1.26159	3741105882.720536
1.2616	3831333879.607311
1.2616100000000001	3832039702.3961983
1.26162	3814081773.1799464
1.26163	3558524825.81111
1.2616399999999999	3850525465.953961
1.26165	3838663117.987731
1.26166	3825868159.1623588
1.26167	3675699506.5603385
1.26168	3691305586.835529
1.26169	3783293201.569873
1.2617	3506630452.3851194
1.26171	3741881242.375002
1.2617200000000002	3771290611.9387717
1.26173	3829746253.6280594
1.2617399999999999	3839370290.9965777
1.26175	3842465705.013002
1.26176	3848752641.685534
1.26177	3867942416.8979707
1.26178	3853097511.7358065
1.26179	3837072454.9227834
1.2618	3584099022.776948
1.26181	3702286300.290676
1.2618200000000002	3825780066.3066626
1.26183	3814169596.669388
1.26184	3826749199.2910624
1.26185	3786256221.801232
1.26186	3825251551.767013
1.26187	3846892054.6621213
1.26188	3834599400.193177
1.26189	3706380480.439084
1.2619	3454935945.7647114
1.26191	3778069997.7450194
1.2619200000000002	3789047066.543233
1.26193	3727434323.262299
1.26194	3434076772.0553327
1.26195	3592774833.998229
1.26196	3819003004.1201754
1.26197	3841757961.8603516
1.2619799999999999	3853363683.475708
1.26199	3835747405.8885045
1.262	3838839899.027677
1.26201	3843173578.5487833
1.2620200000000001	3624682741.747966
1.26203	3554921376.778433
1.26204	3609690778.646457
1.26205	3749902707.8800893
1.26206	3542093328.7403097
1.26207	3413029169.514387
1.2620799999999999	3561229809.4276247
1.26209	3641161985.862817
1.2621	3798131526.8520274
1.26211	3866161573.673812
1.2621200000000001	3868387755.8607345
1.26213	3860557274.950432
1.26214	3818211663.9739027
1.26215	3840519725.0053325
1.26216	3856381581.8897786
1.26217	3816453717.3352594
1.2621799999999999	3689351208.995029
1.26219	3774852617.24059
1.2622	3654853722.852756
1.26221	3727605981.9090056
1.2622200000000001	3856559178.9139304
1.26223	3883917533.1445327
1.26224	3864114617.568545
1.26225	3717919652.044856
1.26226	3618011975.278832
1.26227	3813906132.267562
1.2622799999999998	3757508744.904867
1.26229	3623597905.8630757
1.2623	3812589083.216036
1.26231	3860201720.859274
1.26232	3852831358.381747
1.26233	3817068906.572965
1.26234	3802244146.7065053
1.26235	3690370755.255653
1.26236	3284959352.146481
1.26237	3423891548.6667585
1.2623799999999998	3790879676.2715373
1.26239	3832039702.3961983
1.2624	3762097095.398389
1.26241	3619345145.713319
1.26242	3625851389.7643685
1.26243	3746019208.6632996
1.26244	3803470042.9839225
1.26245	3819178879.7575717
1.2624600000000001	3651909445.3210144
1.26247	3746105464.9362345
1.2624799999999998	3788523626.5044866
1.26249	3647455482.522932
1.2625	3787215342.7460694
1.26251	3690965620.6830697
1.26252	3853008791.908314
1.26253	3817068906.572965
1.26254	3839812340.282417
1.26255	3812501296.118842
1.2625600000000001	3811623536.3134084
1.26257	3811623536.3134084
1.26258	3828600044.0251865
1.2625899999999999	3855493719.43831
1.2626	3842554182.0741515
1.26261	3803820371.6538143
1.26262	3784251571.932976
1.26263	3761144335.707108
1.26264	3778591993.461797
1.26265	3782073808.4894047
1.2626600000000001	3784512987.7995915
1.2626700000000002	3747831007.546673
1.26268	3723745573.776078
1.2626899999999999	3756124682.4945965
1.2627	3568206664.2123837
1.26271	3488911875.6449537
1.26272	3567303007.716123
1.26273	3801368748.425114
1.26274	3837779334.8936763
1.26275	3826396758.895353
1.26276	3832039702.3961983
1.2627700000000002	3781899641.5643277
1.26278	3699048281.988552
1.2627899999999999	3721345560.0387135
1.2628	3775374168.4291177
1.26281	3740502936.2889943
1.26282	3865182459.415485
1.26283	3817860009.878044
1.26284	3733962912.3743334
1.26285	3784164437.3235803
1.26286	3759326100.815002
1.2628700000000002	3847246382.831265
1.26288	3805660126.6358423
1.26289	3790355983.0659046
1.2629	3830451783.9384804
1.26291	3813730499.44357
1.26292	3809079175.520888
1.2629299999999999	3822786115.7990537
1.26294	3820674149.7328463
1.26295	3807237767.681796
1.26296	3715181196.615334
1.2629700000000001	3647203533.92638
1.26298	3664460122.819434
1.26299	3643761980.1382236
1.263	3412636252.628552
1.26301	3800843606.2006917
1.26302	3821553993.7589808
1.2630299999999999	3839812340.282417
1.26304	3870169624.5157886
1.26305	3784512987.7995915
1.26306	3543316935.7320967
1.2630700000000001	3790094163.593415
1.26308	3827806715.264882
1.26309	3825603886.680391
1.2631	3825075396.47916
1.26311	3855671275.5739436
1.26312	3838221201.0033817
1.2631299999999999	3739986202.406449
1.26314	3628524000.3045993
1.26315	3636804870.505758
1.26316	3763396702.123136
1.2631700000000001	3823930584.8230343
1.26318	3753876668.3310905
1.26319	3762270350.3614993
1.2632	3697174934.3631406
1.26321	3540136436.3882313
1.26322	3753444512.1856046
1.2632299999999999	3740589065.543601
1.26324	3401966243.9042997
1.26325	3748780394.7530675
1.26326	3834864294.084683
1.2632700000000001	3793062510.2393537
1.26328	3708770842.7221456
1.26329	3779027044.984727
1.2633	3827982996.3374944
1.26331	3772419664.1941442
1.26332	3840873466.234181
1.2633299999999998	3708258492.4875183
1.26334	3787040939.050057
1.26335	3840608157.258121
1.26336	3835659085.557364
1.26337	3617345574.2232733
1.26338	3654769567.7046413
1.26339	3797781722.1199775
1.2634	3801806422.3698215
1.2634100000000001	3774070425.5483956
1.26342	3545112323.9637814
1.2634299999999998	3705868460.422399
1.26344	3828688201.814018
1.26345	3789657837.9947114
1.26346	3807676117.361214
1.26347	3817420487.802161
1.26348	3748003605.5170474
1.26349	3815575047.555977
1.2635	3801981506.057127
1.2635100000000001	3813642686.0645995
1.26352	3817684194.975436
1.2635299999999998	3739727862.2349696
1.2635399999999999	3493896212.840076
1.26355	3691730588.561021
1.26356	3607281213.377812
1.26357	3741105882.720536
1.26358	3791316142.5476685
1.26359	3701178238.338541
1.2636	3593353967.5539002
1.2636100000000001	3448895216.9927297
1.26362	3733361117.1608195
1.26363	3551403349.8288207
1.2636399999999999	3663363381.911824
1.26365	3804258327.868325
1.26366	3802156597.807535
1.26367	3808816062.7407684
1.26368	3805046776.1280274
1.26369	3822346026.616914
1.2637	3794809682.348307
1.26371	3829393537.2061563
1.2637200000000002	3824370856.4446974
1.26373	3804696334.507312
1.2637399999999999	3775634971.0452437
1.26375	3834687696.123879
1.26376	3827806715.264882
1.26377	3791403441.833058
1.26378	3732587522.971615
1.26379	3769814668.846267
1.2638	3539810392.787899
1.26381	3777896015.1979957
1.2638200000000002	3607115095.763869
1.26383	3697600611.8611536
1.26384	3789832362.2061644
1.26385	3782944763.4351516
1.26386	3696919551.3871655
1.26387	3719032726.055951
1.26388	3802069050.9244146
1.26389	3822786115.7990537
1.2639	3699048281.988552
1.26391	3734048891.03759
1.2639200000000002	3800231031.961686
1.26393	3767905482.2610283
1.26394	3506468969.8032875
1.26395	3791141550.0071945
1.26396	3825868159.1623588
1.26397	3816453717.3352594
1.2639799999999999	3851855620.0309205
1.26399	3834687696.123879
1.264	3640994308.0175815
1.26401	3510831610.802919
1.2640200000000001	3729580624.635184
1.26403	3609192115.883024
1.26404	3644517164.866601
1.26405	3555903773.5715938
1.26406	3775374168.4291177
1.26407	3810131808.412117
1.2640799999999999	3790966965.5068035
1.26409	3810395012.0838823
1.2641	3803995548.0890465
1.26411	3831333879.607311
1.2641200000000001	3826132449.9002695
1.26413	3805397250.02708
1.26414	3827454177.472837
1.26415	3829040853.2691393
1.26416	3641329671.430095
1.26417	3519005940.6905766
1.2641799999999999	3384854460.923563
1.26419	3487305542.2501526
1.2642	3722545373.489143
1.26421	3469205290.395293
1.2642200000000001	3626686369.027166
1.26423	3470643453.678624
1.26424	3584594218.5619683
1.26425	3732845369.88888
1.26426	3716036747.1945767
1.26427	3421369661.3536787
1.2642799999999998	3570261280.3901505
1.26429	3686209380.8497324
1.2643	3671216528.7909474
1.26431	3645608263.577386
1.26432	3432416650.1212053
1.26433	3766517590.25663
1.26434	3722373947.886685
1.26435	3768512845.8170934
1.26436	3817596290.5603094
1.26437	3815399337.877365
1.2643799999999998	3808377581.827843
1.26439	3775374168.4291177
1.2644	3542419582.6164975
1.26441	3337259668.9231305
1.26442	3491483548.240005
1.26443	3660159405.580488
1.26444	3807851471.3641872
1.26445	3823226255.6512504
1.2644600000000001	3689606069.1503754
1.26447	3776765323.9186153
1.2644799999999998	3830804597.832999
1.26449	3839635514.4609118
1.2645	3793586577.39138
1.26451	3699985311.7285876
1.26452	3539891900.872713
1.26453	3833981385.6014605
1.26454	3837867704.0459237
1.26455	3804345925.161976
1.2645600000000001	3551566901.7629733
1.26457	3755951710.5434175
1.26458	3612767388.494798
1.2645899999999999	3728292695.5530524
1.2646	3853807343.9031367
1.26461	3850436805.3493147
1.26462	3816277967.193341
1.26463	3810921473.974934
1.26464	3503240879.3505206
1.26465	3517790728.9691105
1.2646600000000001	3794372813.8866944
1.2646700000000002	3810833725.2754197
1.26468	3829040853.2691393
1.2646899999999999	3848664021.9012203
1.2647	3841138793.537784
1.26471	3796120589.551725
1.26472	3721431248.1733522
1.26473	3293062701.7520833
1.26474	3698366954.868431
1.26475	3787302547.605967
1.26476	3792014593.1179857
1.2647700000000002	3787564174.233795
1.26478	3775895791.677583
1.2647899999999999	3501144214.3618274
1.2648	3721945418.417151
1.26481	3829922624.0217714
1.26482	3827982996.3374944
1.26483	3839723926.353781
1.26484	3824546979.2865205
1.26485	3586823446.4106555
1.26486	3499935170.796814
1.2648700000000002	3719375277.403399
1.26488	3855671275.5739436
1.26489	3828952687.360302
1.2649	3671554675.9010544
1.26491	3787302547.605967
1.26492	3733533048.752757
1.2649299999999999	3760624750.3068266
1.26494	3814872257.389285
1.26495	3772506528.367031
1.26496	3737661783.175708
1.2649700000000001	3830099002.5378265
1.26498	3801368748.425114
1.26499	3523384179.804343
1.265	3708685446.1007595
1.26501	3562788156.8720536
1.26502	3754914046.0984244
1.2650299999999999	3816541595.441378
1.26504	3766604318.527693
1.26505	3759066424.73681
1.26506	3805397250.02708
1.2650700000000001	3828600044.0251865
1.26508	3820234303.685789
1.26509	3821729986.876496
1.2651	3832833908.4605794
1.26511	3844678242.834667
1.26512	3862958121.814534
1.2651299999999999	3865805503.431436
1.26514	3849638951.767772
1.26515	3777200165.1263356
1.26516	3839281887.246385
1.2651700000000001	3830275389.1766157
1.26518	3776852288.1551666
1.26519	3754135985.9012275
1.2652	3782596357.39129
1.26521	3789483321.820226
1.26522	3623264175.5313325
1.2652299999999999	3581376668.5186205
1.26524	3524195562.403561
1.26525	3846272058.888252
1.26526	3837337519.652759
1.2652700000000001	3819003004.1201754
1.26528	3808991469.2413754
1.26529	3812852456.636194
1.2653	3823138223.6269298
1.26531	3722373947.886685
1.26532	3820234303.685789
1.2653299999999998	3808728362.5195813
1.26534	3763396702.123136
1.26535	3667752315.9949436
1.26536	3821641989.3046403
1.26537	3839458696.782365
1.26538	3828776361.63278
1.26539	3773983525.3658605
1.2654	3727520151.5975056
1.2654100000000001	3515523456.431976
1.26542	3472402018.47148
1.2654299999999998	3377302799.4483385
1.26544	3535981629.052388
1.26545	3787564174.233795
1.26546	3838221201.0033817
1.26547	3844589716.8657584
1.26548	3831686774.7495847
1.26549	3794460183.555353
1.2655	3824987321.877288
1.2655100000000001	3833363470.613883
1.26552	3829129021.2080946
1.2655299999999998	3830716391.31291
1.2655399999999999	3815662905.429728
1.26555	3839547104.603794
1.26556	3843793074.866362
1.26557	3832745655.214424
1.26558	3846714902.8152266
1.26559	3840519725.0053325
1.2656	3745932954.3764668
1.2656100000000001	3723659832.3527374
1.26562	3824635043.7490125
1.26563	3816981016.3252144
1.2656399999999999	3793848638.119585
1.26565	3799706046.90776
1.26566	3805134391.576579
1.26567	3818739205.8499227
1.26568	3750766254.3032627
1.26569	3835305824.568593
1.2657	3857269648.8026705
1.2657100000000001	3761663992.895724
1.2657200000000002	3716036747.1945767
1.26573	3436845426.43563
1.2657399999999999	3612684202.409173
1.26575	3745760451.760906
1.26576	3757335709.216742
1.26577	3666992316.683331
1.26578	3762183721.8826084
1.26579	3707490099.8429728
1.2658	3744380716.784589
1.26581	3667161191.808679
1.2658200000000002	3785210185.0670466
1.26583	3676969267.4611716
1.2658399999999999	3590376560.575675
1.26585	3801456279.182973
1.26586	3709027044.3846145
1.26587	3769901473.0362287
1.26588	3821993991.749719
1.26589	3816541595.441378
1.2659	3804258327.868325
1.26591	3821114046.4219666
1.2659200000000002	3766083978.8549976
1.26593	3733275154.3339434
1.26594	3627521540.5731797
1.26595	3804083139.3318996
1.26596	3766430863.982552
1.26597	3810044077.895115
1.2659799999999999	3821114046.4219666
1.26599	3819354763.4945273
1.266	3847600743.6367426
1.26601	3826044350.959124
1.2660200000000001	3719717860.302445
1.26603	3825515799.909707
1.26604	3866873812.5519595
1.26605	3664882033.668741
1.26606	3744553155.8595276
1.26607	3782857658.9157715
1.2660799999999999	3587566830.3926177
1.26609	3631867533.931437
1.2661	3819266820.613581
1.26611	3733619017.517924
1.2661200000000001	3649051561.190703
1.26613	3490197475.082675
1.26614	3573057457.1180453
1.26615	3721859718.4434414
1.26616	3752580349.141758
1.26617	3774939537.434935
1.2661799999999999	3785820338.036472
1.26619	3806361219.709051
1.2662	3776939254.394167
1.26621	3493574427.9255986
1.2662200000000001	3557623621.262561
1.26623	3721259873.8770947
1.26624	3734306838.906087
1.26625	3499451670.283576
1.26626	3741622771.30332
1.26627	3658305752.8546224
1.2662799999999999	3550667459.3245983
1.26629	3648379442.9587073
1.2663	3747485835.450331
1.26631	3701774845.8668113
1.2663200000000001	3620928923.6664853
1.26633	3763656677.3366084
1.26634	3818827136.5819497
1.26635	3829129021.2080946
1.26636	3833010421.0493255
1.26637	3808202203.59713
1.2663799999999998	3786169041.033599
1.26639	3815487191.705205
1.2664	3812676872.3346257
1.26641	3725632384.6660304
1.26642	3681798360.53122
1.26643	3672653869.1253657
1.26644	3830363585.542138
1.26645	3842731142.3083625
1.2664600000000001	3830981016.9664006
1.26647	3797781722.1199775
1.2664799999999998	3776156630.3274117
1.26649	3811623536.3134084
1.2665	3683409467.1918597
1.26651	3741967403.3666444
1.26652	3749212013.8912783
1.26653	3670962938.8961725
1.26654	3486181548.9403205
1.26655	3809517737.2124376
1.2665600000000001	3836189038.0502706
1.26657	3827189795.4363737
1.2665799999999998	3834246236.8005404
1.2665899999999999	3830539984.3656898
1.2666	3795333990.89774
1.26661	3836100707.5502915
1.26662	3831598547.9168553
1.26663	3827718577.772795
1.26664	3821553993.7589808
1.26665	3825163473.1090474
1.2666600000000001	3785733167.305318
1.26667	3632369329.6360707
1.26668	3816190095.157433
1.2666899999999999	3806010657.029182
1.2667	3788349162.561168
1.26671	3684172869.0257745
1.26672	3602881680.3205924
1.26673	3648379442.9587073
1.26674	3799793539.3800616
1.26675	3811096977.4355435
1.26676	3770856451.054342
1.2667700000000002	3750679890.712907
1.26678	3792800503.813063
1.2667899999999999	3846449190.34096
1.2668	3803119746.5790086
1.26681	3782596357.39129
1.26682	3769207095.4780145
1.26683	3764176681.64204
1.26684	3562542056.6851606
1.26685	3690965620.6830697
1.26686	3812940251.819251
1.2668700000000002	3795858371.8880796
1.26688	3759932081.42671
1.26689	3797257075.427338
1.2669	3807676117.361214
1.26691	3747313261.323601
1.26692	3699303812.017122
1.26693	3642000490.926555
1.26694	3439220335.319407
1.26695	3602549857.9358535
1.26696	3779984334.6602335
1.2669700000000002	3832127939.387002
1.26698	3847246382.831265
1.26699	3801893963.2056117
1.267	3830981016.9664006
1.26701	3811711303.1992025
1.26702	3829569891.356302
1.2670299999999999	3851057472.4551034
1.26704	3846803477.718914
1.26705	3821993991.749719
1.26706	3781638406.2150545
1.2670700000000001	3821817986.4745936
1.26708	3832392662.5501466
1.26709	3787738602.0262337
1.2671	3775113383.8279915
1.26711	3812852456.636194
1.26712	3785645998.581306
1.2671299999999999	3776069682.108789
1.26714	3791403441.833058
1.26715	3793848638.119585
1.26716	3748780394.7530675
1.2671700000000001	3813291452.767779
1.26718	3598073245.709555
1.26719	3607032039.8256106
1.2672	3669188300.034319
1.26721	3800493551.6884212
1.26722	3839281887.246385
1.2672299999999999	3631365807.547668
1.26724	3517304761.789743
1.26725	3709966601.9092097
1.26726	3411143580.9487076
1.2672700000000001	3716207880.9514227
1.26728	3796645079.222192
1.26729	3808114517.5104094
1.2673	3831686774.7495847
1.26731	3826308653.868337
1.26732	3803032177.5188384
1.2673299999999998	3808640664.3177276
1.26734	3833540007.590444
1.26735	3774765699.047632
1.26736	3767211472.3440404
1.26737	3804170732.591654
1.26738	3771377450.11397
1.26739	3756730147.05705
1.2674	3667245632.2877674
1.26741	3518033737.7370286
1.26742	3656032098.4121556
1.2674299999999998	3669695252.1495028
1.26744	3575114866.4405394
1.26745	3115659578.890978
1.26746	3040114914.5906787
1.26747	3543480115.2645288
1.26748	3521437623.65379
1.26749	3657968825.9592295
1.2675	3699218633.379664
1.2675100000000001	3516090137.533197
1.26752	3611686118.7710624
1.2675299999999998	3395783548.6605177
1.26754	3659485241.396399
1.26755	3802857045.447423
1.26756	3777113192.879698
1.26757	3499451670.283576
1.26758	3721431248.1733522
1.26759	3791752659.0767293
1.2676	3799881033.866974
1.2676100000000001	3792451190.0637693
1.26762	3813554874.7075667
1.26763	3677223272.2727566
1.2676399999999999	3368371623.2803555
1.26765	3511801823.4602957
1.26766	3580387234.2767816
1.26767	3807588443.3879375
1.26768	3811096977.4355435
1.26769	3771030109.4099917
1.2677	3687567680.765654
1.2677100000000001	3790006894.454924
1.2677200000000002	3725031932.0667367
1.26773	3653086871.6044793
1.2677399999999999	3553448290.456704
1.26775	3792887837.2775273
1.26776	3685275839.8956904
1.26777	3636721130.9430423
1.26778	3494137570.976285
1.26779	3650984590.90407
1.2678	3680018483.5450273
1.26781	3693601177.552471
1.2678200000000002	3762963450.0063453
1.26783	3779723231.611105
1.2678399999999999	3740933602.3947215
1.26785	3768773174.453474
1.26786	3775026459.6307154
1.26787	3786343404.576299
1.26788	3788872578.4951487
1.26789	3757335709.216742
1.2679	3753790233.121645
1.26791	3702542054.0013514
1.2679200000000002	3724431576.2411523
1.26793	3760797937.4643793
1.26794	3767905482.2610283
1.26795	3742656762.7259593
1.26796	3740072319.762681
1.26797	3693941386.459868
1.2679799999999999	3663363381.911824
1.26799	3706465823.9860787
1.268	3710137456.1191134
1.26801	3668259069.7079105
1.2680200000000001	3706465823.9860787
1.26803	3693516130.2215123
1.26804	3676207358.29409
1.26805	3666739018.5766973
1.26806	3628691103.8577185
1.26807	3605288306.821404
1.2680799999999999	3599233314.4551697
1.26809	3465612488.907466
1.2681	3495183648.913782
1.26811	3573304283.7081566
1.2681200000000001	3557705539.516856
1.26813	3418377332.645624
1.26814	3355366776.4584093
1.26815	3429098813.503194
1.26816	3287380691.5906625
1.26817	3387427430.428981
1.2681799999999999	3349962920.357087
1.26819	3285034992.001677
1.2682	3172341992.2393136
1.26821	3072557365.2674513
1.2682200000000001	3010509486.065238
1.26823	2892277772.5755725
1.26824	2728223842.5461116
1.26825	2482904410.8166103
1.26826	2216562594.2746434
1.26827	2232029858.574275
1.2682799999999999	2473375189.1962814
1.26829	2708507234.888492
1.2683	2856472188.557537
1.26831	2889881268.3344684
1.2683200000000001	3111358108.14516
1.26833	3194993654.8423967
1.26834	3255217412.962752
1.26835	3300122035.5890465
1.26836	3375670123.52763
1.26837	3450404408.293239
1.2683799999999998	3493493986.327733
1.26839	3515037802.4662485
1.2684	3484977672.4044805
1.26841	3525575341.664331
1.26842	3564100978.3517737
1.26843	3618678499.1013083
1.26844	3595671435.4552836
1.26845	3627020414.569109
1.2684600000000001	3636637393.3084793
1.26847	3669695252.1495028
1.2684799999999998	3689775985.701504
1.26849	3691390583.266259
1.2685	3665726001.104183
1.26851	3661423798.1935897
1.26852	3725117705.0842047
1.26853	3743087676.814394
1.26854	3739900087.0331187
1.26855	3717834044.7667756
1.2685600000000001	3736887297.840392
1.26857	3767298216.592497
1.2685799999999998	3741795083.367251
1.2685899999999999	3741622771.30332
1.2686	3768946736.868467
1.26861	3731642236.647023
1.26862	3640826637.8940034
1.26863	3396565546.7457495
1.26864	3698452113.895056
1.26865	3760364984.5242047
1.2686600000000001	3771811670.984086
1.26867	3790617820.6248517
1.26868	3706380480.439084
1.2686899999999999	3737661783.175708
1.2687	3782335073.9162397
1.26871	3731384472.8363876
1.26872	3405493063.311203
1.26873	3655106199.923889
1.26874	3710137456.1191134
1.26875	3390158474.7287083
1.26876	3566892330.420675
1.2687700000000002	3773114633.583894
1.26878	3786692155.7518535
1.2687899999999999	3785471667.1545987
1.2688	3726576148.596317
1.26881	3726833580.2482085
1.26882	3797956620.458719
1.26883	3809693176.027092
1.26884	3823666446.179337
1.26885	3802069050.9244146
1.26886	3801018645.5476685
1.2688700000000002	3811272488.978588
1.26888	3806624162.9087644
1.26889	3790094163.593415
1.2689	3786604964.9465857
1.26891	3762530247.766677
1.26892	3562542056.6851606
1.26893	3713983756.7124577
1.26894	3721345560.0387135
1.26895	3796382825.32935
1.26896	3821993991.749719
1.2689700000000002	3800143529.415862
1.26898	3810833725.2754197
1.26899	3792363866.6533628
1.269	3780506594.8707156
1.26901	3806448865.4241323
1.26902	3823930584.8230343
1.2690299999999999	3828952687.360302
1.26904	3817508388.1692333
1.26905	3747744711.542109
1.26906	3503402213.2698555
1.2690700000000001	3739641752.8100734
1.26908	3806536513.1573553
1.26909	3784948721.0414286
1.2691	3726232934.054664
1.26911	3507357216.0376687
1.26912	3706636516.975473
1.2691299999999999	3499371093.3587623
1.26914	3764090009.2687387
1.26915	3786256221.801232
1.26916	3710991845.200456
1.2691700000000001	3762530247.766677
1.26918	3814520910.8499756
1.26919	3616262934.288552
1.2692	3372873086.5886917
1.26921	3703821087.590868
1.26922	3798481363.803768
1.2692299999999999	3799268614.7637944
1.26924	3799443581.578049
1.26925	3741278170.9803205
1.26926	3736371063.4422536
1.2692700000000001	3764870132.4784145
1.26928	3766691048.795755
1.26929	3824723110.239287
1.2693	3798918705.3069
1.26931	3796382825.32935
1.26932	3825868159.1623588
1.2693299999999998	3804783941.886554
1.26934	3650648338.28156
1.26935	3711077294.9292555
1.26936	3766777781.0608788
1.26937	3813379258.0592113
1.26938	3798743762.663519
1.26939	3824458916.8517647
1.2694	3818387503.1678996
1.26941	3775634971.0452437
1.26942	3801456279.182973
1.2694299999999998	3838132823.71166
1.26944	3808465273.9719133
1.26945	3743518640.5165014
1.26946	3658137285.5279045
1.26947	3747658417.5245614
1.26948	3806273576.0120625
1.26949	3796907351.231531
1.2695	3820322268.8441124
1.2695100000000001	3837072454.9227834
1.26952	3826396758.895353
1.2695299999999998	3807676117.361214
1.26954	3749039360.2729225
1.26955	3771551132.463066
1.26956	3817508388.1692333
1.26957	3816102225.144814
1.26958	3813554874.7075667
1.26959	3839635514.4609118
1.2696	3794722304.632219
1.2696100000000001	3793324534.7650476
1.26962	3814257422.181064
1.26963	3797431949.60465
1.2696399999999999	3530937253.4667068
1.26965	3668428003.170734
1.26966	3793935995.718528
1.26967	3835394136.7655044
1.26968	3807150103.8017774
1.26969	3638815198.5721965
1.2697	3754308874.2332554
1.2697100000000001	3699388992.6159124
1.2697200000000002	3672061954.9657307
1.26973	3765216905.801437
1.2697399999999999	3655190362.823336
1.26975	3594678051.9690075
1.26976	3475761753.257768
1.26977	3651993534.6116333
1.26978	3764783444.1380167
1.26979	3700581726.9643087
1.2698	3678154773.3790555
1.26981	3442072392.326039
1.2698200000000002	3342873942.8681717
1.26983	3684851581.257825
1.2698399999999999	3738264271.630565
1.26985	3668934850.239768
1.26986	3672569304.1184554
1.26987	3820322268.8441124
1.26988	3751284477.607899
1.26989	3707746213.031802
1.2699	3778330986.588854
1.26991	3773722836.8236203
1.2699200000000002	3773288395.935071
1.26993	3752666756.492274
1.26994	3750507169.497898
1.26995	3809166883.819951
1.26996	3730525388.719561
1.26997	3710735507.819043
1.2699799999999999	3814608744.4510527
1.26999	3826837314.4621277
1.27	3783293201.569873
1.27001	3739211235.4254646
1.2700200000000001	3744380716.784589
1.27003	3792276545.253629
1.27004	3799443581.578049
1.27005	3651573107.5202026
1.27006	3374426709.7541327
1.27007	3704929940.761505
1.2700799999999999	3698111489.553441
1.27009	3647707448.524077
1.2701	3799006179.649782
1.27011	3787040939.050057
1.2701200000000001	3688416872.36581
1.27013	3498645984.520174
1.27014	3605952486.6416364
1.27015	3769554268.2684875
1.27016	3530530762.6924396
1.27017	3220846295.41879
1.2701799999999999	3458119525.2345777
1.27019	3747917305.5383143
1.2702	3787128139.894115
1.27021	3798918705.3069
1.2702200000000001	3788785337.4843707
1.27023	3806624162.9087644
1.27024	3774331138.1020436
1.27025	3676630621.6717176
1.27026	3732587522.971615
1.27027	3749212013.8912783
1.2702799999999999	3724260063.7778625
1.27029	3807500771.4334054
1.2703	3830187194.8418655
1.27031	3578162006.5645924
1.2703200000000001	3570672345.572625
1.27033	3737403603.5638895
1.27034	3593023022.6635256
1.27035	3625100072.7934093
1.27036	3828071139.9181137
1.27037	3786256221.801232
1.2703799999999998	3774418046.28875
1.27039	3789134313.580615
1.2704	3837956075.2329693
1.27041	3831422100.3457727
1.27042	3815135788.53096
1.27043	3787476963.349792
1.27044	3799006179.649782
1.27045	3711760963.596198
1.2704600000000001	3815750765.32652
1.27047	3751716385.0558987
1.2704799999999998	3678832376.934795
1.27049	3833186941.7669787
1.2705	3753790233.121645
1.27051	3501950475.43014
1.27052	3743173865.5855355
1.27053	3531831697.9195695
1.27054	3530937253.4667068
1.27055	3769380677.876269
1.2705600000000001	3790792389.046157
1.27057	3792014593.1179857
1.2705799999999998	3774939537.434935
1.2705899999999999	3564921737.4197927
1.2706	3733533048.752757
1.27061	3802594362.461977
1.27062	3754568221.6601496
1.27063	3443023603.484206
1.27064	3646951602.7332354
1.27065	3603462443.038713
1.2706600000000001	3774331138.1020436
1.27067	3830892806.384142
1.27068	3829834437.8096457
1.2706899999999999	3778504989.167512
1.2707	3527199303.011734
1.27071	3765216905.801437
1.27072	3778940030.6731253
1.27073	3778069997.7450194
1.27074	3799706046.90776
1.27075	3822962165.6591926
1.2707600000000001	3808289891.702936
1.2707700000000002	3774591868.6656833
1.27078	3787040939.050057
1.2707899999999999	3811535771.4484816
1.2708	3798481363.803768
1.27081	3716122313.087875
1.27082	3404317050.7787848
1.27083	3575444161.8528113
1.27084	3700240906.487114
1.27085	3755951710.5434175
1.27086	3751543616.10966
1.2708700000000002	3773375280.1114755
1.27088	3765477006.754483
1.2708899999999999	3560573867.0702457
1.2709	3570343489.6406355
1.27091	3549277859.940828
1.27092	3417039506.704613
1.27093	3637642372.1910954
1.27094	3765130209.476381
1.27095	3769988279.2249537
1.27096	3780506594.8707156
1.2709700000000002	3788261933.602348
1.27098	3768946736.868467
1.27099	3814520910.8499756
1.271	3778417986.876551
1.27101	3777548074.139618
1.27102	3672315620.7804837
1.2710299999999999	3772854005.0604987
1.27104	3817684194.975436
1.27105	3804696334.507312
1.27106	3722202530.1785016
1.2710700000000001	3807676117.361214
1.27108	3775374168.4291177
1.27109	3784164437.3235803
1.2711	3829834437.8096457
1.27111	3826044350.959124
1.27112	3783293201.569873
1.2711299999999999	3488349574.808963
1.27114	3799093656.006858
1.27115	3788000258.7766747
1.27116	3636218734.0563836
1.2711700000000001	3420266919.834981
1.27118	3747226977.240447
1.27119	3785820338.036472
1.2712	3841757961.8603516
1.27121	3797344511.5093374
1.27122	3780941866.8329678
1.2712299999999999	3813818314.8445425
1.27124	3629526737.06415
1.27125	3471442690.8786287
1.27126	3690540707.02269
1.2712700000000001	3587071223.954463
1.27128	3751975553.3937993
1.27129	3780767752.03453
1.2713	3757162681.497006
1.27131	3759758934.142384
1.27132	3762443613.3034806
1.2713299999999998	3815926491.189336
1.27134	3815311486.0724115
1.27135	3818475425.80158
1.27136	3724517335.434773
1.2713700000000001	3496954648.1511216
1.27138	3575938161.842006
1.27139	3785645998.581306
1.2714	3829305363.176549
1.27141	3835394136.7655044
1.27142	3779723231.611105
1.2714299999999998	3693516130.2215123
1.27144	3729666502.391375
1.27145	3643342500.684972
1.27146	3417039506.704613
1.27147	3721859718.4434414
1.27148	3590872623.694505
1.27149	3794110716.950945
1.2715	3822081997.426823
1.2715100000000001	3755346371.4399943
1.27152	3809079175.520888
1.2715299999999998	3795770970.0253158
1.27154	3799706046.90776
1.27155	3788349162.561168
1.27156	3775548034.8381324
1.27157	3833098680.3920245
1.27158	3838751507.4900703
1.27159	3802156597.807535
1.2716	3678578260.9740376
1.2716100000000001	3803557622.126434
1.27162	3811360247.7811265
1.27163	3773288395.935071
1.2716399999999999	3841669503.1326227
1.27165	3840519725.0053325
1.27166	3834334524.5992765
1.27167	3812501296.118842
1.27168	3826837314.4621277
1.27169	3800056028.8848205
1.2717	3658221518.22148
1.2717100000000001	3773288395.935071
1.2717200000000002	3833010421.0493255
1.27173	3796207999.464869
1.2717399999999999	3810044077.895115
1.27175	3830892806.384142
1.27176	3853452411.47499
1.27177	3830539984.3656898
1.27178	3801631346.7452173
1.27179	3796819925.2154036
1.2718	3552221184.823191
1.27181	3646195913.562097
1.2718200000000002	3756384155.3573985
1.27183	3689011422.8391314
1.2718399999999999	3805046776.1280274
1.27185	3795945775.763369
1.27186	3799268614.7637944
1.27187	3752407540.4094186
1.27188	3753271663.658003
1.27189	3805572499.0819335
1.2719	3793324534.7650476
1.27191	3833716552.697005
1.2719200000000002	3830099002.5378265
1.27193	3791752659.0767293
1.27194	3724174310.508088
1.27195	3806185934.3331065
1.27196	3738436429.026309
1.27197	3485539429.710214
1.2719799999999999	3685700147.3809485
1.27199	3776939254.394167
1.272	3827013550.891171
1.27201	3744639378.3749757
1.2720200000000002	3668090144.024566
1.27203	3603877330.8663425
1.27204	3562295973.4976788
1.27205	3808026833.442713
1.27206	3667245632.2877674
1.27207	3664460122.819434
1.2720799999999999	3647959431.931003
1.27209	3810570491.299467
1.2721	3780332500.1168313
1.27211	3842554182.0741515
1.2721200000000001	3813115848.250157
1.27213	3795421382.698571
1.27214	3808640664.3177276
1.27215	3821114046.4219666
1.27216	3817947920.365603
1.27217	3580222355.1478434
1.2721799999999999	3698877938.4422464
1.27219	3647791441.0590158
1.2722	3794285446.2297587
1.27221	3718176485.7065125
1.2722200000000001	3576267533.086079
1.27223	3778504989.167512
1.27224	3830451783.9384804
1.27225	3825251551.767013
1.27226	3743087676.814394
1.27227	3794547555.235796
1.2722799999999999	3773896627.1842527
1.27229	3769988279.2249537
1.2723	3781115989.6498575
1.27231	3751457234.620094
1.2723200000000001	3749384675.4607935
1.27233	3818739205.8499227
1.27234	3794809682.348307
1.27235	3755173435.3305545
1.27236	3651404950.236121
1.27237	3497035169.434588
1.2723799999999998	3771116941.5868287
1.27239	3787564174.233795
1.2724	3790355983.0659046
1.27241	3774244231.916434
1.27242	3796295411.390723
1.27243	3820674149.7328463
1.27244	3830099002.5378265
1.27245	3835924052.651854
1.2724600000000001	3814784417.720653
1.27247	3805309628.526059
1.2724799999999998	3800406043.097911
1.27249	3744466935.329419
1.2725	3741450467.17447
1.27251	3819618604.287464
1.27252	3772940879.2345676
1.27253	3778853018.365079
1.27254	3827101672.149227
1.27255	3828423734.5371165
1.2725600000000001	3755951710.5434175
1.27257	3581376668.5186205
1.2725799999999998	3689860946.911461
1.2725899999999999	3835394136.7655044
1.2726	3819003004.1201754
1.27261	3831157444.2243743
1.27262	3804783941.886554
1.27263	3771637976.6370397
1.27264	3806536513.1573553
1.27265	3780680697.6421294
1.2726600000000001	3711846431.0348067
1.27267	3824282798.065257
1.27268	3837602602.693373
1.2726899999999999	3790792389.046157
1.2727	3664966421.6676702
1.27271	3774591868.6656833
1.27272	3834246236.8005404
1.27273	3782857658.9157715
1.27274	3739813973.6426463
1.27275	3821641989.3046403
1.2727600000000001	3829746253.6280594
1.2727700000000002	3809780898.464187
1.27278	3772245941.848605
1.2727899999999999	3713299678.6296167
1.2728	3789221562.626958
1.27281	3825075396.47916
1.27282	3805923021.404105
1.27283	3818299582.558689
1.27284	3832127939.387002
1.27285	3823666446.179337
1.27286	3803907958.8630333
1.2728700000000002	3783728794.3705454
1.27288	3700326108.6635513
1.2728899999999999	3706977926.537291
1.2729	3558688705.708888
1.27291	3428625098.7183723
1.27292	3759499228.1661577
1.27293	3812062390.952167
1.27294	3711504573.087803
1.27295	3536307319.9943085
1.27296	3724774624.863978
1.2729700000000002	3719203997.7858996
1.27298	3528661507.7837114
1.27299	3685700147.3809485
1.273	3783990174.123704
1.27301	3799531068.0067935
1.27302	3846360623.594963
1.2730299999999999	3835040900.1782947
1.27304	3809956349.3981595
1.27305	3775461100.632762
1.27306	3782857658.9157715
1.2730700000000001	3515118740.134524
1.27308	3703735804.940494
1.27309	3719032726.055951
1.2731	3563280408.2487574
1.27311	3777722040.662995
1.27312	3809342306.4768376
1.2731299999999999	3757162681.497006
1.27314	3800406043.097911
1.27315	3790530539.4288507
1.27316	3731556313.3983936
1.2731700000000001	3780158413.380137
1.27318	3815135788.53096
1.27319	3815487191.705205
1.2732	3795945775.763369
1.27321	3819354763.4945273
1.27322	3808289891.702936
1.2732299999999999	3785471667.1545987
1.27324	3778591993.461797
1.27325	3735768880.111927
1.27326	3620512072.8146896
1.2732700000000001	3709454086.4857564
1.27328	3692410693.1046915
1.27329	3571659095.1206274
1.2733	3676630621.6717176
1.27331	3791403441.833058
1.27332	3768946736.868467
1.2733299999999999	3764350032.375842
1.27334	3750075401.2579713
1.27335	3820762125.019116
1.27336	3814345249.71502
1.2733700000000001	3758287504.120306
1.27338	3798743762.663519
1.27339	3815047942.7943845
1.2734	3711248200.28964
1.27341	3607696540.882933
1.27342	3814608744.4510527
1.2734299999999998	3766604318.527693
1.27344	3687058259.653764
1.27345	3803907958.8630333
1.27346	3802769482.4361005
1.27347	3769814668.846267
1.27348	3761404155.327262
1.27349	3638228738.122334
1.2735	3728721955.8219395
1.2735100000000001	3782683455.8938947
1.27352	3738264271.630565
1.2735299999999998	3614181845.0504317
1.27354	3538343568.147221
1.27355	3794023355.32896
1.27356	3820498205.2372932
1.27357	3817684194.975436
1.27358	3814784417.720653
1.27359	3822434040.400014
1.2736	3804083139.3318996
1.2736100000000001	3799706046.90776
1.27362	3806098294.6721673
1.2736299999999998	3809956349.3981595
1.2736399999999999	3816893128.101172
1.27365	3772159083.675876
1.27366	3765216905.801437
1.27367	3824194741.7134285
1.27368	3844324151.189066
1.27369	3823402325.7810454
1.2737	3796557659.2450304
1.2737100000000001	3709881177.7547684
1.27372	3667498965.3912454
1.27373	3395783548.6605177
1.2737399999999999	3585006933.9799256
1.27375	3830539984.3656898
1.27376	3821202031.8373485
1.27377	3796819925.2154036
1.27378	3732673469.964996
1.27379	3624515822.782493
1.2738	3237203490.5236697
1.27381	3600227956.7808924
1.2738200000000002	3776852288.1551666
1.27383	3822170005.1303573
1.2738399999999999	3837956075.2329693
1.27385	3838751507.4900703
1.27386	3830010812.264482
1.27387	3752407540.4094186
1.27388	3699644546.1807513
1.27389	3786692155.7518535
1.2739	3715694503.322965
1.27391	3719717860.302445
1.2739200000000002	3780767752.03453
1.27393	3785471667.1545987
1.27394	3698026338.3699064
1.27395	3663785166.4869
1.27396	3813467065.372458
1.27397	3789745099.095788
1.27398	3647371497.723635
1.27399	3706465823.9860787
1.274	3828776361.63278
1.27401	3807062441.940271
1.2740200000000002	3794110716.950945
1.27403	3672992148.6255064
1.27404	3685021278.8516374
1.27405	3778243988.3044047
1.27406	3540870144.29443
1.27407	3737833912.8252096
1.2740799999999999	3820322268.8441124
1.27409	3815135788.53096
1.2741	3741967403.3666444
1.27411	3498243211.201635
1.2741200000000001	3601969242.2972345
1.27413	3598404655.764083
1.27414	3500257541.5843406
1.27415	3694706971.077574
1.27416	3636972355.4158235
1.27417	3542093328.7403097
1.2741799999999999	3209075981.2352095
1.27419	2933121139.8409843
1.2742	3301110028.9872465
1.27421	3623264175.5313325
1.2742200000000001	3531018557.237585
1.27423	3440012336.245946
1.27424	3267457895.7636824
1.27425	3507114944.75227
1.27426	3743432443.806715
1.27427	3772854005.0604987
1.2742799999999999	3800756089.549988
1.27429	3794110716.950945
1.2743	3815135788.53096
1.27431	3794809682.348307
1.2743200000000001	3632703898.6221337
1.27433	3736457097.5558767
1.27434	3783641671.798394
1.27435	3825780066.3066626
1.27436	3822258014.860367
1.27437	3799531068.0067935
1.2743799999999998	3665894817.912215
1.27439	3641497364.719742
1.2744	3732329693.8651524
1.27441	3667161191.808679
1.27442	3748866714.6053934
1.27443	3724688859.746133
1.27444	3598238946.9213123
1.27445	3342027352.3988185
1.27446	3695642901.0922017
1.27447	3646195913.562097
1.2744799999999998	3727949322.918863
1.27449	3778156992.023142
1.2745	3534679165.2157116
1.27451	3327055150.845666
1.27452	3259342502.7625046
1.27453	3503402213.2698555
1.27454	3503402213.2698555
1.27455	3741536618.2470326
1.2745600000000001	3709966601.9092097
1.27457	3662266969.2492037
1.2745799999999998	3810833725.2754197
1.27459	3519654225.2476573
1.2746	3668850370.8654466
1.27461	3785820338.036472
1.27462	3756989661.745323
1.27463	3584099022.776948
1.27464	3780071373.0181155
1.27465	3766083978.8549976
1.2746600000000001	3772332802.0213566
1.27467	3727348496.90334
1.27468	3805835387.79689
1.2746899999999999	3824635043.7490125
1.2747	3745501712.732204
1.27471	3498243211.201635
1.27472	3660833693.9616623
1.27473	3766864515.3231096
1.27474	3664544501.1033945
1.27475	3565742685.4963317
1.2747600000000001	3782422166.402501
1.2747700000000002	3766777781.0608788
1.27478	3734306838.906087
1.2747899999999999	3763310047.7093353
1.2748	3744725602.8757772
1.27481	3741019741.565911
1.27482	3689096366.4441752
1.27483	3624766204.1133347
1.27484	3521194379.7618837
1.27485	3579562914.5564613
1.27486	3637642372.1910954
1.2748700000000002	3652414010.1093087
1.27488	3782160894.959738
1.2748899999999999	3549604775.567253
1.2749	3476241980.661925
1.27491	3771377450.11397
1.27492	3797431949.60465
1.27493	3734908786.5642214
1.27494	3734994787.0073023
1.27495	3507034191.376072
1.27496	3697856041.8847446
1.2749700000000002	3774678782.8560023
1.27498	3702201052.9796786
1.27499	3647791441.0590158
1.275	3780158413.380137
1.27501	3813818314.8445425
1.27502	3783554551.232307
1.2750299999999999	3751457234.620094
1.27504	3762270350.3614993
1.27505	3699900117.3991995
1.27506	3801456279.182973
1.2750700000000001	3788000258.7766747
1.27508	3502998892.401766
1.27509	3454776843.7480855
1.2751	3626602862.448875
1.27511	3670793888.6979175
1.27512	3741278170.9803205
1.2751299999999999	3697430334.980971
1.27514	3600642472.2030926
1.27515	3781203054.065343
1.27516	3798568828.0763736
1.2751700000000001	3585584815.397134
1.27518	3686548908.91614
1.27519	3801368748.425114
1.2752	3810307275.506446
1.27521	3803119746.5790086
1.27522	3722373947.886685
1.2752299999999999	3628106275.0876245
1.27524	3821114046.4219666
1.27525	3776678361.684451
1.27526	3580057483.611695
1.2752700000000001	3543480115.2645288
1.27528	3773201513.759226
1.27529	3805572499.0819335
1.2753	3786169041.033599
1.27531	3701945322.823705
1.27532	3728636099.8144865
1.2753299999999999	3788872578.4951487
1.27534	3797431949.60465
1.27535	3794023355.32896
1.27536	3704076947.3245564
1.2753700000000001	3560901823.145304
1.27538	3765390304.44045
1.27539	3751284477.607899
1.2754	3724774624.863978
1.27541	3492689672.213835
1.27542	3612767388.494798
1.2754299999999998	3800843606.2006917
1.27544	3813467065.372458
1.27545	3826220550.869992
1.27546	3739469539.908396
1.27547	3489393919.93116
1.27548	3558688705.708888
1.27549	3249376236.1876097
1.2755	3679255942.546261
1.2755100000000001	3804521125.8003993
1.27552	3755519315.51362
1.2755299999999998	3752234739.635018
1.27554	3756211171.4573436
1.27555	3774157327.7319045
1.27556	3707148643.110422
1.27557	3683918384.169618
1.27558	3771985373.330252
1.27559	3763656677.3366084
1.2756	3498243211.201635
1.2756100000000001	3501708577.616266
1.27562	3439616312.9870577
1.2756299999999998	3644265419.2348323
1.2756399999999999	3820234303.685789
1.27565	3811711303.1992025
1.27566	3809956349.3981595
1.27567	3819530655.33143
1.27568	3820322268.8441124
1.27569	3790530539.4288507
1.2757	3828423734.5371165
1.2757100000000001	3812150167.9430795
1.27572	3774678782.8560023
1.27573	3743518640.5165014
1.2757399999999999	3796207999.464869
1.27575	3793411880.29591
1.27576	3788087481.7101393
1.27577	3807939151.3939924
1.27578	3717919652.044856
1.27579	3663532089.9147162
1.2758	3797606831.835417
1.27581	3770769624.875452
1.2758200000000002	3711675498.1255274
1.27583	3719974818.1842017
1.2758399999999999	3740761330.002542
1.27585	3697685753.2418604
1.27586	3712615726.546994
1.27587	3669103814.824167
1.27588	3752148342.2319427
1.27589	3712102845.1587276
1.2759	3705953792.179546
1.27591	3782160894.959738
1.2759200000000002	3780680697.6421294
1.27593	3763483358.532251
1.27594	3825691975.4793553
1.27595	3811009224.6949596
1.27596	3755951710.5434175
1.27597	3583768930.2592344
1.27598	3750161750.929267
1.27599	3774678782.8560023
1.276	3547398679.299706
1.27601	3745501712.732204
1.2760200000000002	3782422166.402501
1.27603	3805835387.79689
1.27604	3838309580.3300896
1.27605	3831863234.50967
1.27606	3781028927.239081
1.27607	3779897298.306476
1.2760799999999999	3781551331.7753153
1.27609	3692750792.3593535
1.2761	3760538159.7188406
1.27611	3705015250.9081893
1.2761200000000001	3761577378.3785686
1.27613	3722631089.250825
1.27614	3796994779.260741
1.27615	3813115848.250157
1.27616	3770595978.515282
1.27617	3717834044.7667756
1.2761799999999999	3700666936.9885178
1.27619	3507437976.8518696
1.2762	3738350349.3374195
1.27621	3823138223.6269298
1.2762200000000001	3838574730.5206113
1.27623	3793237191.2453685
1.27624	3664122629.111723
1.27625	3731470392.1281962
1.27626	3804345925.161976
1.27627	3802069050.9244146
1.2762799999999999	3671301062.648696
1.27629	3752753165.8324313
1.2763	3792276545.253629
1.27631	3796470241.2807655
1.2763200000000001	3685954755.3211827
1.27633	3660917988.7430515
1.27634	3830539984.3656898
1.27635	3833363470.613883
1.27636	3825251551.767013
1.27637	3813818314.8445425
1.2763799999999998	3819003004.1201754
1.27639	3802331697.6213865
1.2764	3821729986.876496
1.27641	3824723110.239287
1.27642	3814257422.181064
1.27643	3821817986.4745936
1.27644	3712786702.7563896
1.27645	3633791460.6670213
1.27646	3659738038.412535
1.27647	3806711814.6784225
1.2764799999999998	3560409900.3595777
1.27649	3505338799.929888
1.2765	3731814089.0797796
1.27651	3664375746.4783325
1.27652	3663447734.9421167
1.27653	3751629999.588241
1.27654	3811272488.978588
1.27655	3773114633.583894
1.2765600000000001	3743087676.814394
1.27657	3780332500.1168313
1.2765799999999998	3790879676.2715373
1.27659	3781899641.5643277
1.2766	3775634971.0452437
1.27661	3663700805.687063
1.27662	3590541907.3338366
1.27663	3764956822.814923
1.27664	3570261280.3901505
1.27665	3640072217.884101
1.2766600000000001	3803995548.0890465
1.27667	3758806766.5957875
1.27668	3793935995.718528
1.2766899999999999	3818827136.5819497
1.2767	3794897062.0763493
1.27671	3796994779.260741
1.27672	3787913037.8515687
1.27673	3612517835.9841337
1.27674	3526874450.9105487
1.27675	3790443260.242551
1.2767600000000001	3682391844.1404815
1.2767700000000002	3669695252.1495028
1.27678	3834157951.0346975
1.2767899999999999	3838486345.088665
1.2768	3837337519.652759
1.27681	3837249162.7083178
1.27682	3822434040.400014
1.27683	3776504443.223176
1.27684	3736887297.840392
1.27685	3565168001.994886
1.27686	3540544033.120214
1.2768700000000002	3732845369.88888
1.27688	3794897062.0763493
1.2768899999999999	3732673469.964996
1.2769	3766083978.8549976
1.27691	3825691975.4793553
1.27692	3827101672.149227
1.27693	3742656762.7259593
1.27694	3564183045.75443
1.27695	3558360953.4600916
1.27696	3764263356.011054
1.2769700000000002	3769727866.655008
1.27698	3760105236.6849627
1.27699	3580304793.763192
1.277	3494620337.268855
1.27701	3742484410.981126
1.27702	3717063667.960675
1.2770299999999999	3770335523.968422
1.27704	3712786702.7563896
1.27705	3784600130.4347506
1.27706	3797781722.1199775
1.2770700000000001	3810044077.895115
1.27708	3820058379.445429
1.27709	3817947920.365603
1.2771	3826572975.0355954
1.27711	3697004677.085695
1.27712	3648883520.0254626
1.2771299999999999	3763310047.7093353
1.27714	3799268614.7637944
1.27715	3769641066.462435
1.27716	3646447792.5522957
1.2771700000000001	3699559359.697675
1.27718	3693941386.459868
1.27719	3450086628.9375286
1.2772	3550585703.126238
1.27721	3717406037.9428177
1.27722	3762443613.3034806
1.2772299999999999	3757681788.5617795
1.27724	3808903764.981351
1.27725	3589467289.5024843
1.27726	3695642901.0922017
1.2772700000000001	3808640664.3177276
1.27728	3807588443.3879375
1.27729	3742656762.7259593
1.2773	3466011505.2590046
1.27731	3748607761.0110507
1.27732	3687907333.941869
1.2773299999999999	3687312961.412326
1.27734	3790094163.593415
1.27735	3804170732.591654
1.27736	3785558831.86442
1.2773700000000001	3805397250.02708
1.27738	3830451783.9384804
1.27739	3813291452.767779
1.2774	3807062441.940271
1.27741	3820938081.6688886
1.27742	3833186941.7669787
1.2774299999999998	3807150103.8017774
1.27744	3798306441.3002434
1.27745	3807851471.3641872
1.27746	3792276545.253629
1.27747	3493011375.635547
1.27748	3728464393.730174
1.27749	3505823113.836344
1.2775	3589054060.5966797
1.2775100000000001	3620011915.1374702
1.27752	3801631346.7452173
1.2775299999999998	3790094163.593415
1.27754	3749298343.6821156
1.27755	3585006933.9799256
1.27756	3277781502.1100373
1.27757	3712017371.816034
1.27758	3790094163.593415
1.27759	3787738602.0262337
1.2776	3787738602.0262337
1.2776100000000001	3778940030.6731253
1.27762	3708770842.7221456
1.2776299999999998	3751457234.620094
1.2776399999999999	3778069997.7450194
1.27765	3773114633.583894
1.27766	3806098294.6721673
1.27767	3829481713.266053
1.27768	3806624162.9087644
1.27769	3795683570.1750307
1.2777	3790705103.8306155
1.2777100000000001	3755086970.2622743
1.27772	3729666502.391375
1.27773	3771551132.463066
1.2777399999999999	3725803960.3285027
1.27775	3789396066.7467093
1.27776	3833893105.933972
1.27777	3824370856.4446974
1.27778	3828776361.63278
1.27779	3749212013.8912783
1.2778	3712017371.816034
1.2778100000000001	3750161750.929267
1.2778200000000002	3779984334.6602335
1.27783	3814081773.1799464
1.2778399999999999	3820058379.445429
1.27785	3782335073.9162397
1.27786	3764263356.011054
1.27787	3782247983.435334
1.27788	3783118978.490962
1.27789	3734650797.1161046
1.2779	3768079004.7163982
1.27791	3704929940.761505
1.2779200000000002	3662013997.546733
1.27793	3647203533.92638
1.2779399999999999	3769988279.2249537
1.27795	3755432842.481261
1.27796	3591699547.871444
1.27797	3428151449.3751607
1.27798	3728807813.806323
1.27799	3785035873.709831
1.278	3809868622.921189
1.27801	3804083139.3318996
1.2780200000000002	3726833580.2482085
1.27803	3722631089.250825
1.27804	3636302462.05085
1.27805	3661086584.1288333
1.27806	3731900018.2639823
1.27807	3575444161.8528113
1.2780799999999999	3769293885.6779213
1.27809	3764350032.375842
1.2781	3578738784.6209207
1.27811	3481208217.362947
1.2781200000000001	3425074323.158915
1.27813	3486743500.3036504
1.27814	3723402619.9279957
1.27815	3783380316.118092
1.27816	3787215342.7460694
1.27817	3786866543.3854313
1.2781799999999999	3799356097.163732
1.27819	3800406043.097911
1.2782	3787215342.7460694
1.27821	3792713172.3595033
1.2782200000000001	3794110716.950945
1.27823	3778417986.876551
1.27824	3574785601.356099
1.27825	3488510222.9426045
1.27826	3777287139.3755918
1.27827	3784251571.932976
1.2782799999999999	3773896627.1842527
1.27829	3758460583.641231
1.2783	3724174310.508088
1.27831	3697430334.980971
1.2783200000000001	3820322268.8441124
1.27833	3783031869.960194
1.27834	3793411880.29591
1.27835	3793761282.532119
1.27836	3707490099.8429728
1.27837	3765390304.44045
1.2783799999999998	3810044077.895115
1.27839	3837249162.7083178
1.2784	3836189038.0502706
1.27841	3739211235.4254646
1.2784200000000001	3670033259.1383996
1.27843	3777374115.6275263
1.27844	3483693995.6589375
1.27845	3654685414.494234
1.27846	3740158439.1018615
1.27847	3756730147.05705
1.2784799999999998	3591699547.871444
1.27849	3680950692.724293
1.2785	3789570578.902873
1.27851	3744122073.061295
1.27852	3795333990.89774
1.27853	3793411880.29591
1.27854	3787913037.8515687
1.27855	3720917148.959891
1.2785600000000001	3662435626.759249
1.27857	3757162681.497006
1.2785799999999998	3799881033.866974
1.27859	3818123747.413478
1.2786	3804608729.1452804
1.27861	3803557622.126434
1.27862	3794460183.555353
1.27863	3742570585.8613987
1.27864	3372251837.626409
1.27865	3408788060.1025896
1.2786600000000001	3756643646.1445856
1.27867	3795683570.1750307
1.2786799999999998	3797606831.835417
1.2786899999999999	3720831472.6626725
1.2787	3681798360.53122
1.27871	3552711976.217921
1.27872	3474961521.6713862
1.27873	3734736791.618675
1.27874	3772506528.367031
1.27875	3741019741.565911
1.2787600000000001	3770075087.4124875
1.27877	3721516938.281055
1.27878	3725803960.3285027
1.2787899999999999	3726661957.171094
1.2788	3427520018.699948
1.27881	3714582428.412776
1.27882	3787651387.1259274
1.27883	3646028003.901262
1.27884	3668850370.8654466
1.27885	3794023355.32896
1.27886	3783990174.123704
1.2788700000000002	3763223395.2907877
1.27888	3628189816.283669
1.2788899999999999	3583521380.8219156
1.2789	3796470241.2807655
1.27891	3806361219.709051
1.27892	3779723231.611105
1.27893	3788610861.4890933
1.27894	3665726001.104183
1.27895	3718775833.24935
1.27896	3614431512.51074
1.2789700000000002	3788785337.4843707
1.27898	3747831007.546673
1.27899	3764436710.7364497
1.279	3735252800.21822
1.27901	3785297343.7559505
1.27902	3790443260.242551
1.27903	3819003004.1201754
1.27904	3790443260.242551
1.27905	3721345560.0387135
1.27906	3764610073.4453254
1.2790700000000002	3807237767.681796
1.27908	3816014357.155469
1.27909	3748694076.8883066
1.2791	3710052028.030653
1.27911	3825075396.47916
1.27912	3818739205.8499227
1.2791299999999999	3799793539.3800616
1.27914	3804170732.591654
1.27915	3818123747.413478
1.27916	3812852456.636194
1.2791700000000001	3808289891.702936
1.27918	3710650065.9600916
1.27919	3624098558.9974465
1.2792	3799443581.578049
1.27921	3824723110.239287
1.27922	3795858371.8880796
1.2792299999999999	3760711342.8886576
1.27924	3763743339.731958
1.27925	3744380716.784589
1.27926	3787913037.8515687
1.2792700000000001	3806536513.1573553
1.27928	3798481363.803768
1.27929	3789919627.3258553
1.2793	3763310047.7093353
1.27931	3780767752.03453
1.27932	3751198102.085164
1.2793299999999999	3500257541.5843406
1.27934	3742312067.173216
1.27935	3786169041.033599
1.27936	3795858371.8880796
1.2793700000000001	3809517737.2124376
1.27938	3810307275.506446
1.27939	3807237767.681796
1.2794	3818211663.9739027
1.27941	3810131808.412117
1.27942	3678832376.934795
1.2794299999999998	3783903045.533147
1.27944	3637391101.436794
1.27945	3660917988.7430515
1.27946	3779201079.618797
1.27947	3791490743.1286263
1.27948	3799181134.378175
1.27949	3782247983.435334
1.2795	3705697802.802501
1.2795100000000001	3434472157.514288
1.27952	3633875132.770824
1.2795299999999998	3783118978.490962
1.27954	3691985613.0837617
1.27955	3439220335.319407
1.27956	3771203775.7630734
1.27957	3805747756.207474
1.27958	3800668574.9144053
1.27959	3813554874.7075667
1.2796	3809079175.520888
1.2796100000000001	3749298343.6821156
1.27962	3782247983.435334
1.2796299999999998	3715266742.8086395
1.2796399999999999	3699985311.7285876
1.27965	3772593394.540062
1.27966	3788436393.528532
1.27967	3808465273.9719133
1.27968	3766864515.3231096
1.27969	3719375277.403399
1.2797	3767558461.3223653
1.2797100000000001	3803470042.9839225
1.27972	3772506528.367031
1.27973	3792713172.3595033
1.2797399999999999	3796819925.2154036
1.27975	3754308874.2332554
1.27976	3635297853.347928
1.27977	3394610889.096583
1.27978	3661339491.765627
1.27979	3763483358.532251
1.2798	3772159083.675876
1.2798100000000001	3790792389.046157
1.2798200000000002	3793935995.718528
1.27983	3762876805.5684137
1.2798399999999999	3756124682.4945965
1.27985	3649891883.10546
1.27986	3530693353.3862844
1.27987	3689691026.4478292
1.27988	3797869170.2825522
1.27989	3748521447.121283
1.2799	3645104638.97279
1.27991	3713214177.729131
1.2799200000000002	3757768313.3786316
1.27993	3666823449.3347764
1.2799399999999999	3816190095.157433
1.27995	3808377581.827843
1.27996	3787913037.8515687
1.27997	3673415041.8171325
1.27998	3712872193.8138022
1.27999	3821290019.2786922
1.28	3701860083.363914
1.28001	3571659095.1206274
1.2800200000000002	3771637976.6370397
1.28003	3555248812.21592
1.28004	3735510831.25269
1.28005	3775113383.8279915
1.28006	3811096977.4355435
1.28007	3800318536.5223536
1.2800799999999999	3802769482.4361005
1.28009	3799093656.006858
1.2801	3765130209.476381
1.28011	3758979870.0301833
1.2801200000000001	3789745099.095788
1.28013	3757162681.497006
1.28014	3731212640.1877346
1.28015	3779201079.618797
1.28016	3764610073.4453254
1.28017	3729151265.5140867
1.2801799999999999	3776591401.452658
1.28019	3779549172.931601
1.2802	3788087481.7101393
1.28021	3769901473.0362287
1.2802200000000001	3713470686.336895
1.28023	3765130209.476381
1.28024	3702115807.63155
1.28025	3692240655.2235966
1.28026	3794023355.32896
1.28027	3789134313.580615
1.2802799999999999	3764176681.64204
1.28029	3780158413.380137
1.2803	3775461100.632762
1.28031	3714496897.976225
1.2803200000000001	3406434165.8307505
1.28033	3622096361.399846
1.28034	3740847465.206952
1.28035	3775461100.632762
1.28036	3650564279.964889
1.28037	3765823835.975267
1.2803799999999999	3768339303.3830624
1.28039	3770422340.1516533
1.2804	3774765699.047632
1.28041	3776504443.223176
1.2804200000000001	3798218983.0692472
1.28043	3796732501.2122955
1.28044	3771811670.984086
1.28045	3736801253.821155
1.28046	3691815594.7778897
1.28047	3746364245.672117
1.2804799999999998	3760278399.917478
1.28049	3578821189.0754023
1.2805	3253943441.755096
1.28051	3374737520.252839
1.28052	3732071882.5682793
1.28053	3799093656.006858
1.28054	3808903764.981351
1.28055	3796295411.390723
1.2805600000000001	3788523626.5044866
1.28057	3773635944.6445193
1.2805799999999998	3782944763.4351516
1.28059	3793237191.2453685
1.2806	3791228845.272396
1.28061	3805222009.042574
1.28062	3760105236.6849627
1.28063	3631365807.547668
1.28064	3769293885.6779213
1.28065	3726318734.726544
1.2806600000000001	3764956822.814923
1.28067	3781115989.6498575
1.2806799999999998	3792014593.1179857
1.2806899999999999	3743691039.890447
1.2807	3790094163.593415
1.28071	3786256221.801232
1.28072	3726318734.726544
1.28073	3734306838.906087
1.28074	3332805735.565918
1.28075	3702968349.4474044
1.2807600000000001	3739641752.8100734
1.28077	3570096867.567884
1.28078	3653170988.006653
1.2807899999999999	3796819925.2154036
1.2808	3596002624.2847238
1.28081	3662941645.8936973
1.28082	3437478575.0726404
1.28083	3578079617.2881603
1.28084	3480727303.895227
1.28085	3542011769.9663286
1.28086	3737919980.622572
1.2808700000000002	3750679890.712907
1.28088	3740502936.2889943
1.2808899999999999	3754914046.0984244
1.2809	3761057733.1553636
1.28091	3760971132.5976944
1.28092	3737145441.7858567
1.28093	3685869884.0535755
1.28094	3779114061.29993
1.28095	3805309628.526059
1.28096	3698026338.3699064
1.2809700000000002	3413343535.594767
1.28098	3736973343.8409033
1.28099	3789570578.902873
1.281	3790705103.8306155
1.28101	3793848638.119585
1.28102	3793237191.2453685
1.28103	3792975172.752942
1.28104	3786866543.3854313
1.28105	3764523391.0929394
1.28106	3702712566.2903
1.2810700000000002	3713385181.4988565
1.28108	3769641066.462435
1.28109	3742053566.3422394
1.2811	3747744711.542109
1.28111	3762097095.398389
1.28112	3781203054.065343
1.2811299999999999	3796645079.222192
1.28114	3790181434.741375
1.28115	3749902707.8800893
1.28116	3699900117.3991995
1.2811700000000001	3738952948.784959
1.28118	3736887297.840392
1.28119	3711248200.28964
1.2812	3698537274.882547
1.28121	3746364245.672117
1.28122	3801631346.7452173
1.2812299999999999	3794023355.32896
1.28124	3739039042.349389
1.28125	3662941645.8936973
1.28126	3696238616.357599
1.2812700000000001	3775287238.2271395
1.28128	3726661957.171094
1.28129	3702968349.4474044
1.2813	3784251571.932976
1.28131	3791578046.4343896
1.28132	3799006179.649782
1.2813299999999999	3784512987.7995915
1.28134	3783903045.533147
1.28135	3797869170.2825522
1.28136	3704076947.3245564
1.2813700000000001	3729408875.0549126
1.28138	3781377188.9106417
1.28139	3774504956.476615
1.2814	3790879676.2715373
1.28141	3750334456.2368116
1.28142	3688247018.402737
1.2814299999999998	3661170884.733301
1.28144	3428625098.7183723
1.28145	3535004736.190755
1.28146	3502192389.9543147
1.28147	3618345221.842792
1.28148	3616679295.912035
1.28149	3393985636.2518826
1.2815	3196097357.1483355
1.28151	3492528831.613873
1.28152	3657968825.9592295
1.2815299999999998	3710735507.819043
1.28154	3739900087.0331187
1.28155	3760797937.4643793
1.28156	3753790233.121645
1.28157	3667752315.9949436
1.28158	3384542718.6630955
1.28159	3675530238.240104
1.2816	3730353595.6322827
1.2816100000000001	3766344139.7053967
1.28162	3774678782.8560023
1.2816299999999998	3767905482.2610283
1.28164	3726147135.358395
1.28165	3733533048.752757
1.28166	3690965620.6830697
1.28167	3731470392.1281962
1.28168	3775721909.2541595
1.28169	3729752382.125013
1.2817	3531099862.880574
1.2817100000000001	3577832460.8410997
1.28172	3604292266.4624476
1.28173	3731212640.1877346
1.2817399999999999	3437478575.0726404
1.28175	3623848223.7842875
1.28176	3725718171.5096054
1.28177	3695217448.971011
1.28178	3615180618.378492
1.28179	3709881177.7547684
1.2818	3753530939.434439
1.2818100000000001	3756470650.2948136
1.2818200000000002	3753444512.1856046
1.28183	3719375277.403399
1.2818399999999999	3598570372.2381887
1.28185	3693090922.9397726
1.28186	3697004677.085695
1.28187	3675614871.4258275
1.28188	3539484379.2159085
1.28189	3202801328.665645
1.2819	3383607664.138324
1.28191	3251022685.5345297
1.2819200000000002	3402514620.270239
1.28193	3296628432.6788616
1.2819399999999999	3088232577.5488153
1.28195	2773000832.754405
1.28196	2767578830.625945
1.28197	3066479036.161271
1.28198	3266179134.0856285
1.28199	3406669482.0941133
1.282	3510023305.01303
1.28201	3574044865.7877793
1.2820200000000002	3617428867.642186
1.28203	3647539469.256072
1.28204	3654853722.852756
1.28205	3663532089.9147162
1.28206	3696579068.1932735
1.28207	3702968349.4474044
1.2820799999999999	3676969267.4611716
1.28209	3679001797.3276377
1.2821	3712786702.7563896
1.28211	3585749941.4821787
1.2821200000000001	3674684013.5555205
1.28213	3687822417.714995
1.28214	3710479188.1441917
1.28215	3761144335.707108
1.28216	3769814668.846267
1.28217	3764956822.814923
1.2821799999999999	3757422226.064731
1.28219	3548705830.041838
1.2822	3508407251.6839733
1.28221	3649891883.10546
1.2822200000000001	3738780767.6031485
1.28223	3729237133.383805
1.28224	3588062505.3060617
1.28225	3719375277.403399
1.28226	3752407540.4094186
1.28227	3759412663.493979
1.2822799999999999	3714325843.011228
1.28229	3697260065.9421625
1.2823	3682646223.5433455
1.28231	3736371063.4422536
1.2823200000000001	3757595265.7371964
1.28233	3762270350.3614993
1.28234	3723659832.3527374
1.28235	3730010033.190922
1.28236	3741105882.720536
1.28237	3739297334.937217
1.2823799999999999	3745242991.5759273
1.28239	3731814089.0797796
1.2824	3711931900.4413986
1.28241	3689860946.911461
1.2824200000000001	3634042482.7583747
1.28243	3659063951.8399982
1.28244	3639904590.22338
1.28245	3575608820.9327497
1.28246	3524601323.7689533
1.28247	3448577576.632273
1.2824799999999998	3336568151.385267
1.28249	3164171394.4588437
1.2825	2851018267.5039096
1.28251	2131719215.5777051
1.28252	1741285565.808182
1.28253	2465585117.8374476
1.28254	2996332466.035424
1.28255	3239067511.10551
1.2825600000000001	3390939177.443659
1.28257	3466889502.952505
1.2825799999999998	3534679165.2157116
1.28259	3574291760.5880203
1.2826	3553775590.2116785
1.28261	3620928923.6664853
1.28262	3617345574.2232733
1.28263	3524925966.4977503
1.28264	3540707084.952821
1.28265	3592774833.998229
1.2826600000000001	3570672345.572625
1.28267	3602632810.6668863
1.2826799999999998	3466650026.981159
1.2826899999999999	3515766308.5768456
1.2827	3449927750.235053
1.28271	3287910597.459171
1.28272	3279819925.8090377
1.28273	3053444284.977904
1.28274	2955493441.8517857
1.28275	3154714050.0916634
1.2827600000000001	3254617834.980453
1.28277	3479525310.8636127
1.28278	3560491882.7710433
1.2827899999999999	3588062505.3060617
1.2828	3574291760.5880203
1.28281	3605703404.871471
1.28282	3672569304.1184554
1.28283	3549196135.738793
1.28284	3347649647.0206203
1.28285	3682900620.518723
1.2828600000000001	3720745798.338217
1.2828700000000002	3594346985.1315675
1.28288	3704588719.817462
1.2828899999999999	3744639378.3749757
1.2829	3725803960.3285027
1.28291	3736285031.3096166
1.28292	3749989053.5749273
1.28293	3746795586.6248713
1.28294	3560737841.3320336
1.28295	3715181196.615334
1.28296	3753530939.434439
1.2829700000000002	3739125137.896204
1.28298	3734134871.6806173
1.2829899999999999	3741192025.8586574
1.283	3741881242.375002
1.28301	3685615281.975824
1.28302	3631533041.973876
1.28303	3610854593.0459094
1.28304	3556476963.735495
1.28305	3411536325.9744716
1.28306	3384386858.299721
1.2830700000000002	3502111749.9228244
1.28308	3600891204.3643394
1.28309	3670117765.750044
1.2831	3704929940.761505
1.28311	3672738436.079479
1.28312	3705527153.0414815
1.2831299999999999	3717748439.4598536
1.28314	3717320442.491003
1.28315	3712188320.4695406
1.28316	3673076723.368883
1.2831700000000001	3267683611.5548143
1.28318	3486743500.3036504
1.28319	3622346575.594444
1.2832	3743173865.5855355
1.28321	3760451571.124654
1.28322	3779723231.611105
1.2832299999999999	3772767132.8867574
1.28324	3718262100.869677
1.28325	3620011915.1374702
1.28326	3704759326.361025
1.2832700000000001	3702030564.2462463
1.28328	3725203480.0766926
1.28329	3754222429.0720162
1.2833	3737833912.8252096
1.28331	3747485835.450331
1.28332	3669948754.47257
1.2833299999999999	3651489027.9101634
1.28334	3431942476.9919786
1.28335	3709283263.745478
1.28336	3745760451.760906
1.2833700000000001	3702456800.8014746
1.28338	3603794349.4795175
1.28339	3601886304.8452663
1.2834	3689606069.1503754
1.28341	3638815198.5721965
1.28342	3397738881.5411205
1.2834299999999998	3343027891.4471083
1.28344	3547562046.807704
1.28345	3542174889.3922725
1.28346	3441042210.1237245
1.28347	3228271112.942047
1.28348	2885758609.3263636
1.28349	2090836148.42805
1.2835	2071953478.5780523
1.28351	2876073628.8630276
1.28352	3245039592.7602916
1.2835299999999998	3429493625.820499
1.28354	3516980820.967516
1.28355	3628273359.4033437
1.28356	3653002757.13915
1.28357	3607032039.8256106
1.28358	3577585321.4663973
1.28359	3580552120.9988737
1.2836	3709966601.9092097
1.2836100000000001	3651320874.498017
1.28362	3716036747.1945767
1.2836299999999998	3673668801.1030273
1.28364	3535574557.5563498
1.28365	3737231493.7304053
1.28366	3711590034.622734
1.28367	3703650524.253803
1.28368	3544132908.5464287
1.28369	3671892854.1570954
1.2837	3557705539.516856
1.2837100000000001	3765303604.122773
1.28372	3794547555.235796
1.28373	3775721909.2541595
1.2837399999999999	3779462146.5976977
1.28375	3747485835.450331
1.28376	3712444758.2111635
1.28377	3736112972.987102
1.28378	3760451571.124654
1.28379	3730353595.6322827
1.2838	3737059391.822705
1.2838100000000001	3752666756.492274
1.2838200000000002	3788610861.4890933
1.28383	3788610861.4890933
1.2838399999999999	3774765699.047632
1.28385	3773722836.8236203
1.28386	3720060474.7559943
1.28387	3785384504.4517965
1.28388	3745932954.3764668
1.28389	3730267702.0553665
1.2839	3753617368.673373
1.28391	3791752659.0767293
1.2839200000000002	3773635944.6445193
1.28393	3788349162.561168
1.2839399999999999	3795683570.1750307
1.28395	3661508106.562788
1.28396	3392891720.877234
1.28397	3622429984.1669793
1.28398	3335262342.519684
1.28399	3603628392.437894
1.284	3745329229.975597
1.28401	3800143529.415862
1.2840200000000002	3779984334.6602335
1.28403	3761404155.327262
1.28404	3753271663.658003
1.28405	3756211171.4573436
1.28406	3736887297.840392
1.28407	3694281626.703106
1.2840799999999999	3377847200.2163086
1.28409	3573468844.240795
1.2841	3626018370.2364044
1.28411	3708087724.8051105
1.2841200000000002	3644265419.2348323
1.28413	3681883138.0474544
1.28414	3775895791.677583
1.28415	3775026459.6307154
1.28416	3771898521.157266
1.28417	3775200310.026779
1.2841799999999999	3742656762.7259593
1.28419	3681035450.72203
1.2842	3603047602.9740605
1.28421	3681374502.229916
1.2842200000000001	3489956389.109263
1.28423	3412007679.694997
1.28424	3720831472.6626725
1.28425	3767992242.4898376
1.28426	3743777242.5546975
1.28427	3742053566.3422394
1.2842799999999999	3769554268.2684875
1.28429	3794198080.584529
1.2843	3754654674.7836494
1.28431	3766951251.582494
1.2843200000000001	3767471711.081621
1.28433	3785384504.4517965
1.28434	3705783130.630066
1.28435	3701263462.098105
1.28436	3736371063.4422536
1.28437	3689945910.077744
1.2843799999999999	3675530238.240104
1.28439	3737403603.5638895
1.2844	3714069275.3333735
1.28441	3679425382.44547
1.2844200000000001	3539239888.7413483
1.28443	3647287514.858138
1.28444	3675699506.5603385
1.28445	3601720435.6703224
1.28446	3610438901.977525
1.28447	3589467289.5024843
1.2844799999999998	3767905482.2610283
1.28449	3757595265.7371964
1.2845	3735510831.25269
1.28451	3713299678.6296167
1.28452	3745587957.0892167
1.28453	3766517590.25663
1.28454	3715694503.322965
1.28455	3396800181.2854967
1.2845600000000001	3603130567.166214
1.28457	3773722836.8236203
1.2845799999999998	3663110334.474481
1.28459	3733103234.61821
1.2846	3776243580.5481143
1.28461	3739211235.4254646
1.28462	3743260056.34127
1.28463	3780506594.8707156
1.28464	3800318536.5223536
1.28465	3805484873.5457
1.2846600000000001	3796732501.2122955
1.28467	3768859954.6618648
1.2846799999999998	3777113192.879698
1.2846899999999999	3792625842.9167857
1.2847	3781986724.024273
1.28471	3762183721.8826084
1.28472	3706039125.9015665
1.28473	3632369329.6360707
1.28474	3447148556.9946685
1.28475	3621512595.4909754
1.2847600000000001	3741795083.367251
1.28477	3645104638.97279
1.28478	3712615726.546994
1.2847899999999999	3489313574.5919404
1.2848	3566810200.635153
1.28481	3768165768.940756
1.28482	3764523391.0929394
1.28483	3791403441.833058
1.28484	3740072319.762681
1.28485	3656284656.8854003
1.2848600000000001	3662857304.5164165
1.2848700000000002	3743346249.081643
1.28488	3701433915.5043645
1.2848899999999999	3565660582.182057
1.2849	3655611206.390648
1.28491	3645020708.3030434
1.28492	3691645584.30147
1.28493	3559590180.060822
1.28494	3702456800.8014746
1.28495	3730095920.8347244
1.28496	3632536610.277227
1.2849700000000002	3671892854.1570954
1.28498	3644936779.5658493
1.2849899999999999	3583768930.2592344
