1.2563799999999998	97575323.54265809
1.25639	83550682.14162172
1.2564	83084497.96462117
1.25641	100528684.61715747
1.25642	99053539.75460628
1.25643	104932495.17197022
1.25644	105706087.84557772
1.25645	98516732.68588844
1.25646	104332592.72882088
1.25647	97030886.67230204
1.2564799999999998	89180519.93109696
1.25649	72049338.86164191
1.2565	90128055.22486576
1.25651	106541792.68465585
1.25652	96689652.63532656
1.25653	99227031.70780168
1.25654	86922057.94135313
1.25655	87248907.98553592
1.25656	89497313.70460759
1.25657	99818261.12311192
1.25658	91163292.08169809
1.25659	82025710.33045352
1.2566	89141512.7745644
1.25661	95959947.12615749
1.25662	89964257.50953904
1.25663	91867098.50447622
1.25664	97068875.82549004
1.25665	81645076.44374572
1.25666	71359204.50727798
1.2566700000000002	75221155.41411936
1.25668	88719686.80228661
1.25669	98880351.14070567
1.2567	101360793.09149164
1.25671	99678157.11512944
1.25672	92915891.89025876
1.25673	97820527.40156394
1.25674	82681814.70900886
1.25675	67302314.54704796
1.25676	90765331.88577972
1.2567700000000002	94430002.24257028
1.25678	88314090.35239506
1.25679	89668519.65197742
1.2568	84284943.49544041
1.25681	94056756.88090236
1.25682	98534881.81024042
1.25683	89926978.17108518
1.25684	74655189.12410949
1.25685	70129380.09624127
1.25686	88377151.57577488
1.2568700000000002	71893561.75716935
1.25688	75994121.69688432
1.25689	85078534.41005681
1.2569	88825978.43013135
1.25691	95198476.88391668
1.25692	92578470.18559437
1.25693	96190016.67018586
1.25694	95363020.86703064
1.25695	99861940.28465237
1.25696	98149931.31086925
1.25697	90805049.6042523
1.25698	86628341.51820658
1.25699	79357869.51606579
1.2570000000000001	78915079.79681304
1.25701	90901280.28115
1.25702	102645520.1928419
1.25703	98134112.68592422
1.25704	83381556.89802046
1.25705	71635780.9848378
1.25706	94881163.13313192
1.25707	92233778.38314202
1.25708	82508748.54788059
1.25709	94139090.89684418
1.2571	88791215.24087094
1.25711	105854664.49470466
1.25712	87879990.23686518
1.25713	95224784.82957594
1.25714	103302302.12034775
1.25715	105686617.85791582
1.25716	89182573.41209616
1.25717	91306143.52931751
1.25718	68134959.16948052
1.25719	90577431.23863363
1.2572	98482712.0873616
1.25721	106066930.28840764
1.25722	109928423.56786685
1.2572299999999998	81384181.49282108
1.25724	99792981.9202528
1.25725	101391138.57366796
1.25726	101139313.15996364
1.25727	87490318.99546835
1.25728	88381221.58772545
1.25729	104186152.44585016
1.2573	106225797.43156652
1.25731	108058765.07601841
1.25732	111647756.34899256
1.2573299999999998	99270452.15510637
1.25734	100159004.6499688
1.25735	94968592.17024522
1.25736	88544175.85473642
1.25737	102508528.6633502
1.25738	88977459.18510799
1.25739	106108457.19804531
1.2574	101482229.54021735
1.25741	108745175.87600584
1.25742	115851056.85247284
1.2574299999999998	102480208.42291585
1.25744	93792907.75353087
1.25745	88605361.13476872
1.25746	98564381.2686456
1.25747	82176946.52364966
1.25748	92832490.11205156
1.25749	99181346.49121258
1.2575	97420420.543974
1.25751	108960728.94514078
1.25752	109126443.12280191
1.25753	108983311.50649928
1.25754	77266279.36725658
1.25755	99192765.8230462
1.25756	97084522.7407012
1.25757	77968647.37380981
1.25758	87315229.53118008
1.25759	92604054.09662546
1.2576	84506477.63600622
1.25761	105620933.12174676
1.2576200000000002	67583394.30953215
1.25763	84002072.28491378
1.25764	92393198.0899438
1.25765	96705238.42205538
1.25766	101610830.2623275
1.25767	97241130.68026024
1.25768	82598089.08678694
1.25769	106321231.91131142
1.2577	106721028.00646676
1.25771	82290556.63189363
1.2577200000000002	90448214.90475908
1.25773	74999781.82030012
1.25774	89526168.88051847
1.25775	79385283.48712221
1.25776	84335417.64882566
1.25777	78514523.62205835
1.25778	83639225.00055704
1.25779	91367133.5379274
1.2578	82657068.76404902
1.25781	74668942.38483986
1.2578200000000002	107557326.836983
1.25783	75901437.30917461
1.25784	89100471.04180169
1.25785	93887981.0130755
1.25786	76183338.43701729
1.25787	96511707.6567818
1.25788	95183133.9388826
1.25789	91175887.62598988
1.2579	82165594.14313929
1.25791	92783339.54532512
1.25792	89184626.94037941
1.25793	94854950.1205397
1.25794	95128357.88988149
1.25795	104708032.7109533
1.25796	95209437.6445441
1.25797	58524808.32363051
1.25798	89359349.78178345
1.25799	109592289.52472617
1.258	97809266.045423
1.25801	91213684.70138116
1.25802	72885309.11238751
1.25803	85011954.28342411
1.25804	105844915.36877576
1.25805	107314893.76954135
1.25806	103197695.68962993
1.25807	86860034.99520957
1.25808	84011743.93761969
1.25809	103086074.00626244
1.2581	92102199.13057226
1.25811	84543456.56196971
1.25812	80630620.13547266
1.25813	88568644.89503074
1.25814	91742379.47181617
1.25815	105652554.00834145
1.25816	101020613.11328185
1.25817	92888082.9753879
1.25818	73368560.79593036
1.25819	89342890.69722942
1.2582	99368789.65484396
1.25821	101772396.20731652
1.25822	95431115.42291722
1.25823	93100068.38826899
1.25824	109423348.3403682
1.25825	92766249.79663616
1.25826	112323337.67815132
1.25827	114857669.48512208
1.2582799999999998	111155255.1738637
1.25829	107070541.72493108
1.2583	73619014.58950178
1.25831	58549069.85428343
1.25832	56727023.96006237
1.25833	79004167.30090733
1.25834	88509522.95253845
1.25835	58897925.72290241
1.25836	62174170.52609622
1.25837	81739127.94171944
1.2583799999999998	95409144.12617528
1.25839	75385878.46621509
1.2584	81472304.34962094
1.25841	100695485.45772415
1.25842	107668831.54938956
1.25843	98034739.6898822
1.25844	92348532.81747156
1.25845	79469412.06366037
1.25846	77069048.99896103
1.25847	79981583.83547357
1.2584799999999998	86814046.57089025
1.25849	86188634.46610425
1.2585	52743628.03957673
1.25851	58933196.82606442
1.25852	76515602.09006883
1.25853	66394178.23781876
1.25854	78795243.14513296
1.25855	80250916.32720797
1.25856	98190619.48457392
1.25857	90546152.30418552
1.25858	101342123.46298572
1.25859	61057638.04072777
1.2586	82417606.88496779
1.25861	104544213.56941468
1.25862	105645256.0405302
1.25863	105264031.7388226
1.25864	96740872.51215896
1.25865	110418031.39840524
1.25866	109337716.63032958
1.2586700000000002	106529527.31353968
1.25868	102645520.1928419
1.25869	102315162.88946287
1.2587	79410878.40416425
1.25871	84337359.56593753
1.25872	111833006.35676216
1.25873	113914760.12928686
1.25874	115547352.74562313
1.25875	105082404.07116418
1.25876	75332087.12267317
1.2587700000000002	91805774.7558612
1.25878	106644877.57090186
1.25879	72097465.85099499
1.2588	75264468.65726028
1.25881	84541509.89935376
1.25882	110779652.88444714
1.25883	111408929.18571924
1.25884	102751932.83385356
1.25885	111534699.10777332
1.25886	101309459.88722602
1.2588700000000002	102858455.79288192
1.25888	104291760.82658689
1.25889	116251884.03280014
1.2589	79153477.54504943
1.25891	79551798.02654977
1.25892	107201287.17525944
1.25893	97615773.5120118
1.25894	102437742.73175828
1.25895	107290186.44672124
1.25896	94484376.17001678
1.25897	95721611.17565893
1.25898	86686206.8829111
1.25899	99733256.52353722
1.2590000000000001	67248097.1398464
1.25901	57715172.76275867
1.25902	95563049.49703032
1.25903	67324013.74722591
1.25904	100076014.1842174
1.25905	102218616.82803412
1.25906	93754041.9011412
1.25907	94785084.153148
1.25908	94384352.32605135
1.25909	86297854.77669701
1.2591	99970070.87344788
1.25911	91567213.86127232
1.25912	80215814.93895102
1.25913	85414184.74092886
1.25914	94349586.25016414
1.25915	96462830.22545922
1.25916	80237982.45012875
1.25917	101018287.05448338
1.25918	104498486.4026923
1.25919	102657338.37537104
1.2592	99124269.54837012
1.25921	101791145.10229108
1.25922	103695521.48225716
1.2592299999999998	82296241.25850138
1.25924	99825156.5624715
1.25925	100410701.22193664
1.25926	104797277.40929271
1.25927	78281655.2223634
1.25928	85298226.20223813
1.25929	94730537.17408471
1.2593	95681946.10822934
1.25931	99220177.58401674
1.25932	83685458.51801592
1.2593299999999998	90477376.66441274
1.25934	94830927.88754036
1.25935	97716971.81315826
1.25936	111347379.3446386
1.25937	117595309.64334074
1.25938	104980829.50033702
1.25939	92856006.10790925
1.2594	56844702.77217931
1.25941	67640996.95454153
1.25942	94643327.29278472
1.2594299999999998	89778015.23118399
1.25944	90279677.70629212
1.25945	108185735.00882325
1.25946	78386270.163382
1.25947	70661035.90663348
1.25948	111360199.42339858
1.25949	110721000.11412445
1.2595	106890719.40349154
1.25951	112336270.12473512
1.25952	88182011.25697571
1.2595299999999998	92800432.44235176
1.25954	100048365.97952253
1.25955	105574735.00275645
1.25956	108350270.52804396
1.25957	98921342.11084148
1.25958	105745038.5820657
1.25959	108640060.80306128
1.2596	116380441.39363544
1.25961	105662285.4163184
1.25962	117608849.08306807
1.25963	94665122.2333816
1.25964	101076454.59531394
1.25965	104946993.13337997
1.25966	108405171.29027729
1.25967	77095672.30288145
1.25968	96725280.98235668
1.25969	106738230.79018408
1.2597	80922632.05397579
1.25971	107263014.96168973
1.2597200000000002	90608720.97830889
1.25973	79421850.18034059
1.25974	87663741.00363697
1.25975	110329080.82648195
1.25976	97609030.6861554
1.25977	102225678.08381864
1.25978	109108855.43575732
1.25979	78388075.09473364
1.2598	87884037.35316281
1.25981	104238943.261743
1.2598200000000002	116796546.0898888
1.25983	77262721.2055255
1.25984	109372968.627473
1.25985	113634446.26642756
1.25986	103364164.84488712
1.25987	111262803.83196832
1.25988	85000210.2591718
1.25989	101838032.45233634
1.2599	104104619.22161968
1.25991	110738847.66913263
1.2599200000000002	54563221.01663905
1.25993	76932527.36711942
1.25994	95534448.31100927
1.25995	68893777.79934369
1.25996	98367129.90515329
1.25997	112556349.67187554
1.25998	120414836.41134262
1.25999	112323337.67815132
1.26	100823089.19881028
1.26001	112556349.67187554
1.26002	118894016.85056937
1.26003	113000404.99406746
1.26004	116313466.70498274
1.26005	112698983.78536975
1.26006	106839045.6525487
1.26007	108310360.16541769
1.26008	120856496.39858304
1.26009	109186765.28998214
1.2601	85909264.32181999
1.26011	113846582.94779006
1.26012	114082754.87625755
1.26013	61764652.16763768
1.26014	58286771.44012535
1.26015	70337997.51073284
1.26016	93117219.63427895
1.26017	77435480.93417467
1.26018	106824286.31247926
1.26019	100995029.4120321
1.2602	91257801.0934456
1.26021	90392000.90857494
1.26022	92429371.51343918
1.26023	63801369.35650054
1.26024	74737746.70299354
1.26025	49823014.4287129
1.26026	57876198.83491196
1.26027	98827998.50758328
1.2602799999999998	103659712.50230868
1.26029	59235219.21330486
1.2603	48628402.19544725
1.26031	95363020.86703064
1.26032	86026053.5353159
1.26033	88668630.34185567
1.26034	90725631.5396578
1.26035	89929048.84011878
1.26036	78798871.88373259
1.26037	78128592.41177152
1.2603799999999998	89647875.08919565
1.26039	89866949.50475256
1.2604	95574052.23304716
1.26041	99439744.55475222
1.26042	97171744.59398982
1.26043	102362291.61419109
1.26044	85080493.43826182
1.26045	94393045.8465038
1.26046	97976066.58875644
1.26047	68504641.82980247
1.2604799999999998	63745568.70119692
1.26049	79893233.75525196
1.2605	85180463.71394676
1.26051	66683747.75072365
1.26052	103755230.60676952
1.26053	100739548.48112498
1.26054	99742442.7189606
1.26055	108847886.3093496
1.26056	103858010.73661748
1.26057	103674034.61014706
1.26058	97198597.8490009
1.26059	76789174.70231457
1.2606	106782479.25390966
1.26061	113000404.99406746
1.26062	108128455.59963168
1.26063	106539339.4974628
1.26064	110202132.86920509
1.26065	97741725.12852924
1.26066	51004676.80850869
1.2606700000000002	87194682.37383422
1.26068	58876230.9217535
1.26069	76029126.34273806
1.2607	94780719.23921862
1.26071	101330456.69145308
1.26072	96378463.86791413
1.26073	77394482.38110285
1.26074	73989484.24223664
1.26075	77200479.89264803
1.26076	94102248.35267496
1.2607700000000002	99910239.49024168
1.26078	103430827.67196852
1.26079	98752932.27172616
1.2608	84215106.07302427
1.26081	110456175.0221608
1.26082	110667474.70596956
1.26083	110733748.07415909
1.26084	96950488.1249588
1.26085	104741792.03375408
1.26086	109665494.17912649
1.2608700000000002	108945676.50393921
1.26088	73885633.27174027
1.26089	84031090.58382185
1.2609	97883614.96109648
1.26091	97725972.29334456
1.26092	97332975.47788504
1.26093	80175190.40664415
1.26094	104407092.06306772
1.26095	99593271.8272414
1.26096	96487265.8461483
1.26097	107884735.21405087
1.26098	103395110.09823713
1.26099	91928463.2156794
1.261	100730270.45309617
1.26101	103078953.31848632
1.26102	101171921.87805732
1.26103	79850933.93423091
1.26104	112003088.87055591
1.26105	103822145.64455956
1.26106	99483258.08240812
1.26107	90115604.43397056
1.26108	103936957.55622336
1.26109	105293121.28434376
1.2611	97548366.20887072
1.26111	104626091.0775472
1.26112	103728954.35738698
1.26113	85893440.70796351
1.26114	104809343.33628741
1.26115	99359637.8725552
1.26116	107542468.26955524
1.26117	99522207.37845749
1.26118	66346802.89215167
1.26119	86026053.5353159
1.2612	109390598.88796587
1.26121	103323711.94936316
1.26122	106064488.0351999
1.26123	94332208.0147414
1.26124	96433959.74292532
1.26125	88340529.90138604
1.26126	94732718.45042488
1.26127	99451193.63747486
1.26128	93547029.1914182
1.26129	99224746.94726582
1.2613	85895418.50029512
1.26131	70045461.33619028
1.26132	89388160.47621106
1.2613299999999998	92787612.47440235
1.26134	100748827.36373112
1.26135	100295165.65041392
1.26136	108625052.6607406
1.26137	105445973.33734272
1.26138	93170837.6457602
1.26139	105896108.29886869
1.2614	94944541.15713692
1.26141	108595042.59573716
1.26142	90731898.86072312
1.2614299999999998	102965089.18429284
1.26144	107391522.63432407
1.26145	108832849.456857
1.26146	101786457.55476063
1.26147	99078631.64460886
1.26148	101414487.4341258
1.26149	80243525.28503785
1.2615	99689633.64769258
1.26151	117500577.19868656
1.26152	116613814.0738276
1.2615299999999998	101526636.83250734
1.26154	93587964.14413832
1.26155	106103570.83552288
1.26156	99666681.90377489
1.26157	96937094.8452323
1.26158	93700088.26691304
1.26159	110194520.63847472
1.2616	84426736.10649522
1.26161	98450970.12836841
1.26162	109151573.30802897
1.26163	116726644.179795
1.26164	120342768.97997949
1.26165	113096717.4430251
1.26166	100672302.13453068
1.26167	103975256.40095116
1.26168	109133981.57080346
1.26169	110652186.48541462
1.2617	95739245.37217632
1.26171	107668831.54938956
1.2617200000000002	97775489.7550246
1.26173	108650067.38325465
1.26174	114127420.11018188
1.26175	108160827.19048132
1.26176	106071814.96353167
1.26177	103428446.11656784
1.26178	110397693.51860338
1.26179	101241833.10950491
1.2618	86538626.89821672
1.26181	103908242.68082333
1.2618200000000002	118173473.21872815
1.26183	102742469.46691155
1.26184	86972108.70445557
1.26185	51813150.4549539
1.26186	83207026.06543018
1.26187	106816907.4070634
1.26188	106944880.61547811
1.26189	111601491.81447886
1.2619	99396250.05971672
1.26191	69047824.53977068
1.2619200000000002	94310489.72165193
1.26193	78710015.87700033
1.26194	95049535.75346914
1.26195	91837488.82363188
1.26196	112724936.67319764
1.26197	109081223.36864604
1.26198	118214295.93982951
1.26199	115353293.83014344
1.262	94173779.40909047
1.26201	112434605.3912488
1.26202	95882643.6996202
1.26203	87439970.01238598
1.26204	80773704.26664636
1.26205	100802197.5268037
1.26206	92742756.53176954
1.26207	86452986.40456218
1.26208	109038533.02872768
1.26209	94427827.93644772
1.2621	103683583.78136092
1.26211	108063741.48063634
1.26212	108370231.22385484
1.26213	110075330.98206437
1.26214	104724911.0120135
1.26215	78856954.43398497
1.26216	105467827.45107664
1.26217	100971777.12423438
1.26218	91837488.82363188
1.26219	84896541.81394006
1.2622	95426720.75883342
1.26221	92962972.0983976
1.26222	98256208.13497894
1.26223	108495068.91188598
1.26224	97185170.294017
1.26225	82154243.33090991
1.26226	38649154.712916456
1.26227	66571754.04891106
1.2622799999999998	106384902.52607466
1.26229	108557541.67335182
1.2623	93136518.56285883
1.26231	107646521.36298348
1.26232	103392729.36525448
1.26233	103960892.680659
1.26234	97091229.33358088
1.26235	69902064.1031592
1.26236	91569322.29856284
1.26237	65191353.80972972
1.2623799999999998	87012170.06441832
1.26239	98346747.13538758
1.2624	88344598.22680698
1.26241	68634108.98509212
1.26242	77228926.84031521
1.26243	61223760.30026239
1.26244	63864571.11499108
1.26245	80743951.61524756
1.26246	76607272.47569391
1.26247	94343069.03673828
1.2624799999999998	95984255.35829079
1.26249	86842036.62424095
1.2625	102714084.59517393
1.26251	102303384.09907478
1.26252	97611278.24302118
1.26253	93417878.42920038
1.26254	93838271.61208858
1.26255	71956494.8824027
1.26256	87000149.71923162
1.26257	91127614.15467404
1.26258	91693806.06892209
1.26259	98473641.91207457
1.2626	91960219.66586164
1.26261	71781081.9285995
1.26262	77580040.1456181
1.26263	83974997.58035567
1.26264	87548760.13757072
1.26265	80539698.59364994
1.26266	81744774.47566675
1.2626700000000002	72637351.40384398
1.26268	90692213.13805528
1.26269	98333160.96867415
1.2627	102025797.9259742
1.26271	96048370.21775629
1.26272	89784217.09097281
1.26273	98168012.8616878
1.26274	99995394.93585052
1.26275	67711120.39600396
1.26276	89788351.90217666
1.2627700000000002	86812047.62660913
1.26278	96097037.64341679
1.26279	98589349.2467626
1.2628	101585097.08723526
1.26281	82050267.25877772
1.26282	105766954.67830749
1.26283	107661394.30687045
1.26284	98308257.87082472
1.26285	83027125.04486516
1.26286	79467582.23389155
1.2628700000000002	108822826.04258823
1.26288	102068092.8449098
1.26289	100537944.0775896
1.2629	93596584.31115012
1.26291	96190016.67018586
1.26292	84726643.13032766
1.26293	90362866.66637772
1.26294	102258637.06103948
1.26295	105788875.3167508
1.26296	95323504.39205158
1.26297	113148812.40054174
1.26298	113373094.29245542
1.26299	98682467.44444443
1.263	106554059.4679559
1.26301	114551294.14455336
1.26302	107329720.89421856
1.26303	113297414.71568336
1.26304	116112773.80612716
1.26305	116444773.37625448
1.26306	118184357.89909092
1.26307	107292656.92300326
1.26308	91695917.42113988
1.26309	98403376.37150264
1.2631	102851350.82787149
1.26311	110545228.06118852
1.26312	109627623.59970352
1.26313	87867850.00617251
1.26314	100804518.60989964
1.26315	90103155.36309648
1.26316	70126150.59329993
1.26317	103736119.94719544
1.26318	109541832.02945232
1.26319	116000537.07847369
1.2632	109551921.6696695
1.26321	95380589.00268748
1.26322	101111371.19549054
1.26323	96462830.22545922
1.26324	93691458.56727324
1.26325	110219896.78595464
1.26326	113822992.66218267
1.26327	95818639.467044
1.26328	56497600.06238906
1.26329	106657156.22297168
1.2633	110197057.99029236
1.26331	91886138.34028576
1.26332	113812509.65990484
1.2633299999999998	83199362.76802975
1.26334	56182362.81342266
1.26335	101599132.5565621
1.26336	109554444.2249292
1.26337	102910573.86880042
1.26338	104327788.1459965
1.26339	110085469.76161437
1.2634	95242327.49886858
1.26341	99903338.17376466
1.26342	100540259.07595494
1.2634299999999998	100855595.96191059
1.26344	108700114.11115691
1.26345	101599132.5565621
1.26346	95756882.81733195
1.26347	107065611.05779947
1.26348	114622532.59427464
1.26349	84935647.11990383
1.2635	95338869.96395268
1.26351	100394518.23329952
1.26352	94264897.58059075
1.2635299999999998	53364199.61147869
1.26354	66993088.50042792
1.26355	109496440.14667429
1.26356	110082934.97918104
1.26357	90567003.72675444
1.26358	104990499.0373512
1.26359	118320501.0246979
1.2636	100846307.24600601
1.26361	101976476.00447164
1.26362	103807803.075839
1.26363	77866382.71457389
1.26364	75394558.08584349
1.26365	93306092.00653966
1.26366	86566528.15244292
1.26367	96605087.8989812
1.26368	87468161.87214032
1.26369	102593536.35082269
1.2637	94846214.05909054
1.26371	98247158.82051578
1.2637200000000002	93344772.16075435
1.26373	85194194.28908816
1.26374	66029802.76330336
1.26375	83180207.61218728
1.26376	76999871.42771368
1.26377	85256990.82351488
1.26378	85143206.16393276
1.26379	89864880.26559289
1.2638	88322224.75531033
1.26381	87258953.46553485
1.2638200000000002	77873554.80373915
1.26383	68312471.79792933
1.26384	79184467.40494812
1.26385	64568396.31953642
1.26386	43865188.50265544
1.26387	51077543.22554734
1.26388	70105162.44894302
1.26389	76295689.11615334
1.2639	89082008.4274201
1.26391	75100010.89350092
1.2639200000000002	70292663.54337661
1.26393	98855309.46569368
1.26394	95391570.73095436
1.26395	93445845.95469384
1.26396	88881218.53060855
1.26397	94721812.57096368
1.26398	108467592.2876148
1.26399	102286896.0705851
1.264	98389782.38171192
1.26401	88190133.49439651
1.26402	96847853.5848408
1.26403	67150615.84793197
1.26404	94868055.72147022
1.26405	90123904.77010596
1.26406	108737664.28482264
1.26407	103917813.42439108
1.26408	57894858.92457617
1.26409	80424801.93074708
1.2641	103822145.64455956
1.26411	82700855.0924309
1.26412	97656240.24994925
1.26413	104066272.72664596
1.26414	100413013.29039323
1.26415	109700851.85630032
1.26416	104296563.75025326
1.26417	98864414.7954808
1.26418	81150275.76780702
1.26419	67970427.27682437
1.2642	94438699.96772864
1.26421	70040622.93425146
1.26422	61929845.99180424
1.26423	82358798.07493563
1.26424	95027652.3085784
1.26425	78510907.97787891
1.26426	65302528.89237532
1.26427	65967496.09033666
1.2642799999999998	72707631.92867869
1.26429	45939895.18630161
1.2643	72152270.15150307
1.26431	67124335.59063609
1.26432	80788584.70333093
1.26433	89767679.75017606
1.26434	90583688.32203124
1.26435	72445264.10214621
1.26436	97939977.52015293
1.26437	89912484.82278498
1.2643799999999998	94076250.53245927
1.26439	86125151.7241125
1.2644	106147556.20019084
1.26441	108163317.71423768
1.26442	83375797.30305368
1.26443	101960040.66309556
1.26444	104443159.22335511
1.26445	111961833.00778508
1.26446	101479892.85243024
1.26447	82351212.89862226
1.2644799999999998	87851665.6407271
1.26449	112766473.72554222
1.2645	111211577.21353692
1.26451	95966576.03342268
1.26452	72907129.57946455
1.26453	110833232.54867642
1.26454	114738719.82049511
1.26455	109564535.026826
1.26456	100112890.34278786
1.26457	118948782.17795327
1.26458	112527844.51896596
1.26459	115979170.95782991
1.2646	117717220.73547871
1.26461	114530194.95973766
1.26462	103138307.41565774
1.26463	82836167.95626518
1.26464	79496864.56680176
1.26465	70276479.92273414
1.26466	93260985.41742976
1.2646700000000002	110807715.191676
1.26468	114456378.41244659
1.26469	112966584.9598524
1.2647	111851033.16044602
1.26471	54990795.21431872
1.26472	104214944.12116589
1.26473	93057204.09296988
1.26474	98285624.16381744
1.26475	69765385.76686941
1.26476	79922672.93286824
1.2647700000000002	100720993.27956596
1.26478	108215631.96233468
1.26479	101034570.59087832
1.2648	104361424.8726728
1.26481	107270424.68418808
1.26482	105684184.3616246
1.26483	113146207.08284952
1.26484	104493674.18035825
1.26485	111663182.12210868
1.26486	95148073.63517596
1.2648700000000002	85628828.02309656
1.26488	117427550.03054136
1.26489	102072793.36252372
1.2649	72408574.89099455
1.26491	108021449.34534311
1.26492	68353380.81485051
1.26493	60176926.13372403
1.26494	94900827.64629152
1.26495	99549710.18007049
1.26496	109013428.86899044
1.26497	114250997.37193996
1.26498	120215370.70700829
1.26499	111876790.7779466
1.265	113409647.35135692
1.26501	98980581.29150306
1.26502	90317103.256768
1.26503	116067331.5784956
1.26504	76707883.50116575
1.26505	72766250.97448963
1.26506	104787625.66782863
1.26507	111979880.5775448
1.26508	106659612.12302586
1.26509	92244397.80059186
1.2651	110909819.88268133
1.26511	86103340.33251731
1.26512	88031884.72197571
1.26513	111001794.54497674
1.26514	102704624.714023
1.26515	90514884.17123312
1.26516	113938369.43408102
1.26517	99373365.8620898
1.26518	111516723.28700624
1.26519	110346865.20647337
1.2652	92830352.58958171
1.26521	102650247.3025798
1.26522	108185735.00882325
1.26523	109534265.40911224
1.26524	109546876.73339964
1.26525	109191793.64212576
1.26526	110491787.62581085
1.26527	95803196.57166684
1.26528	104988081.56960362
1.26529	107817684.33748028
1.2653	111920592.34143583
1.26531	113297414.71568336
1.26532	105684184.3616246
1.2653299999999998	82012490.41343229
1.26534	93544875.21626744
1.26535	97042058.40904716
1.26536	93170837.6457602
1.26537	79098819.14033104
1.26538	82351212.89862226
1.26539	72818210.16683291
1.2654	85601228.99896157
1.26541	103131183.11984973
1.26542	100163617.24879757
1.2654299999999998	76468047.27908203
1.26544	91512411.52879591
1.26545	84248077.64192434
1.26546	101915443.80192804
1.26547	111457680.27154458
1.26548	105285848.14440836
1.26549	103752841.58180124
1.2655	106748062.19729258
1.26551	108265478.57925844
1.26552	93147241.91809574
1.2655299999999998	98064089.41530548
1.26554	110042386.39695255
1.26555	114040732.97733358
1.26556	109221968.61831868
1.26557	104051896.43285231
1.26558	113380926.09885897
1.26559	111928323.80909409
1.2656	110953242.86150868
1.26561	92187067.46818636
1.26562	105259184.26263428
1.26563	100023028.50208241
1.26564	111526994.82980748
1.26565	93278166.3081822
1.26566	99659797.41107884
1.26567	106571235.33735506
1.26568	95189709.18394041
1.26569	103433209.28220716
1.2657	110318919.61055696
1.26571	103635846.71918882
1.2657200000000002	104423921.85431756
1.26573	96356274.46124288
1.26574	97694474.23912369
1.26575	87154536.98319678
1.26576	83664264.98430307
1.26577	84391751.40304746
1.26578	78487410.34887299
1.26579	77282293.12296149
1.2658	64706811.49902706
1.26581	82786591.09325987
1.2658200000000002	95997516.98928364
1.26583	89993263.2346125
1.26584	56309283.33744823
1.26585	88850525.34611358
1.26586	94469148.31514336
1.26587	94929239.1384078
1.26588	88703345.53715597
1.26589	82487853.01865852
1.2659	78637554.64806095
1.26591	90184105.07553364
1.2659200000000002	82188300.47265771
1.26593	76250026.68366092
1.26594	96416197.58707744
1.26595	102418874.74006782
1.26596	74312179.68754128
1.26597	82025710.33045352
1.26598	94078416.74311934
1.26599	71739773.30701537
1.266	87441983.41528082
1.26601	93428634.17905372
1.26602	69218151.96296588
1.26603	85668270.63698418
1.26604	79502356.2053329
1.26605	90032643.10597217
1.26606	84828150.8468755
1.26607	83241519.63954464
1.26608	84798857.30064207
1.26609	79981583.83547357
1.2661	85656435.94553997
1.26611	69598519.27647874
1.26612	80461847.45014492
1.26613	55206472.73742898
1.26614	47810138.30245073
1.26615	67567834.44936866
1.26616	88497295.7546946
1.26617	91691694.7653198
1.26618	53766281.312351
1.26619	79018721.74681288
1.2662	87194682.37383422
1.26621	90763241.96083944
1.26622	95505855.68507344
1.26623	100348295.49307533
1.26624	88369012.11414583
1.26625	71650627.79648438
1.26626	106194004.97822224
1.26627	100177456.31986082
1.26628	100272074.49365108
1.26629	76651383.86165756
1.2663	72881952.69714704
1.26631	85745235.99790974
1.26632	85156930.73338264
1.26633	87752601.42816955
1.26634	99067225.45220172
1.26635	99199618.05322877
1.26636	94332208.0147414
1.26637	89006146.75270765
1.2663799999999998	91645258.38342802
1.26639	87333325.97333379
1.2664	96687426.29943034
1.26641	96456167.03935288
1.26642	92231654.64636086
1.26643	94364794.83235602
1.26644	94280092.51148209
1.26645	90119754.50647692
1.26646	86528664.34410526
1.26647	79753545.6790016
1.2664799999999998	82824724.50723913
1.26649	89458167.98390967
1.2665	88314090.35239506
1.26651	86792060.71509998
1.26652	73297641.40518245
1.26653	81553010.97010773
1.26654	79610435.5577236
1.26655	101374797.56993556
1.26656	110123498.50281186
1.26657	111331997.19827484
1.2665799999999998	93329727.97354294
1.26659	104447969.11933632
1.2666	65609994.29590646
1.26661	107733309.17603388
1.26662	96979513.24620786
1.26663	113065471.982066
1.26664	113127971.53861745
1.26665	92170087.5467573
1.26666	97250087.33184022
1.26667	86447014.65008934
1.26668	107371742.20669404
1.26669	96004148.49187264
1.2667	101765366.26205333
1.26671	109620051.05329645
1.26672	110685313.63300644
1.26673	103105064.91192009
1.26674	104479238.84295031
1.26675	106216014.124605
1.26676	98605241.25308564
1.2667700000000002	108123476.21488748
1.26678	100925288.60766833
1.26679	100431511.75471616
1.2668	75537046.51726899
1.26681	69717210.18685862
1.26682	81581183.24710976
1.26683	94913939.58587432
1.26684	98430569.98597048
1.26685	93260985.41742976
1.26686	100679256.57099096
1.2668700000000002	85282515.13539623
1.26688	86254150.05348179
1.26689	79268383.16658662
1.2669	89026643.53506608
1.26691	89978759.20328334
1.26692	98862138.3844118
1.26693	94371313.54659852
1.26694	85656435.94553997
1.26695	84890677.5711372
1.26696	89466407.76512168
1.2669700000000002	88385291.78711095
1.26698	93547029.1914182
1.26699	97445098.738033
1.2670000000000001	95323504.39205158
1.26701	81549255.40163639
1.26702	100581938.1629493
1.26703	104963909.95341378
1.26704	95413537.9808066
1.26705	94286605.37449308
1.26706	89713954.42618883
1.26707	103181063.52675928
1.26708	102647883.7204994
1.26709	80823936.72812253
1.2671	80384071.55897692
1.26711	102204495.77970406
1.26712	86632330.99262333
1.26713	86381352.56961755
1.26714	104234142.99153706
1.26715	97825032.30705592
1.26716	106571235.33735506
1.26717	107768043.88994938
1.26718	91928463.2156794
1.26719	90277598.96382344
1.2672	104693567.76086555
1.26721	101337456.59318982
1.26722	102315162.88946287
1.26723	96560609.85415491
1.26724	72617283.73451805
1.26725	87030203.69624549
1.26726	86258122.29534797
1.26727	77522898.11404103
1.26728	90550322.2046106
1.26729	100811482.17986593
1.2673	102981686.53340724
1.26731	105336770.67616203
1.26732	101917790.51876187
1.2673299999999998	93183710.56188144
1.26734	107718426.29742683
1.26735	75861250.9621899
1.26736	92984380.07836318
1.26737	80090314.67310804
1.26738	78760778.46174966
1.26739	82979344.54340786
1.2674	82691334.35269359
1.26741	84523991.95272274
1.26742	60511790.00100001
1.2674299999999998	85863779.28717998
1.26744	98916786.71957932
1.26745	96787662.18274853
1.26746	69089173.92368469
1.26747	92286887.69855896
1.26748	81537989.73386921
1.26749	82180730.999031
1.2675	94234515.0652221
1.26751	101220854.66907544
1.26752	108507560.5873678
1.2675299999999998	100165923.62786987
1.26754	104411900.2980566
1.26755	96729735.44872572
1.26756	96008569.74809854
1.26757	110001852.75062191
1.26758	94874609.20094413
1.26759	102884511.53066759
1.2676	106723485.37724005
1.26761	102688072.01839931
1.26762	109061131.71530405
1.26763	104166962.41485004
1.26764	102475489.14357704
1.26765	93799386.96184903
1.26766	98283361.07974179
1.26767	86435072.37861528
1.26768	109435946.89412099
1.26769	116632611.51477613
1.2677	112240605.26790205
1.26771	108903039.21202992
1.2677200000000002	90918026.4581154
1.26773	88509522.95253845
1.26774	109655394.07897586
1.26775	111314054.04656209
1.26776	77124080.63089235
1.26777	74663784.6151758
1.26778	104563473.09904644
1.26779	103559513.13113368
1.2678	84949338.23209183
1.26781	104840721.248428
1.2678200000000002	111498750.36336523
1.26783	106311439.81491429
1.26784	98827998.50758328
1.26785	111244871.83200978
1.26786	110212283.32817832
1.26787	109506525.60595252
1.26788	109961334.03468846
1.26789	83830103.04515538
1.2679	101608490.61343342
1.26791	96961650.60494621
1.2679200000000002	118083712.84771334
1.26793	112626347.48304644
1.26794	113125366.70079784
1.26795	91643148.19766463
1.26796	97696723.7634226
1.26797	73257146.82173164
1.26798	85011954.28342411
1.26799	88421932.01759449
1.268	80356312.67830892
1.26801	97100172.1781008
1.26802	110219896.78595464
1.26803	113393980.31181866
1.26804	116348288.73155797
1.26805	107852446.25511871
1.26806	70449838.19746986
1.26807	56754460.54085464
1.26808	100438449.55739136
1.26809	107455834.19414677
1.2681	113237428.9053793
1.26811	112372488.89713672
1.26812	108642562.36170642
1.26813	98262995.66781382
1.26814	92650976.29747482
1.26815	96320782.03620024
1.26816	90521136.9338828
1.26817	102943753.66592678
1.26818	92811117.10201664
1.26819	100774348.69795462
1.2682	109025980.22630326
1.26821	100429199.26032159
1.26822	97066640.75775728
1.26823	101849757.66405202
1.26824	101129998.31394276
1.26825	92191312.9372874
1.26826	87532634.54523829
1.26827	71620937.24961638
1.26828	87884037.35316281
1.26829	73724188.35306093
1.2683	77360630.3841496
1.26831	86718149.14536975
1.26832	70815772.98072797
1.26833	75462293.42509718
1.26834	72195478.63690645
1.26835	58012288.75538223
1.26836	84818385.20726141
1.26837	96516152.28750964
1.2683799999999998	95959947.12615749
1.26839	92301763.78623052
1.2684	84613566.27700488
1.26841	51409099.89327905
1.26842	68684699.10128132
1.26843	102602985.99988604
1.26844	90587859.95109364
1.26845	92138258.62329336
1.26846	63794024.37521987
1.26847	81677041.80469868
1.2684799999999998	90130130.52392256
1.26849	90080336.5329842
1.2685	85027615.50652464
1.26851	83174461.92545639
1.26852	90277598.96382344
1.26853	93935553.77590334
1.26854	94881163.13313192
1.26855	94665122.2333816
1.26856	97912919.44266732
1.26857	103771955.3218984
1.2685799999999998	102735372.51367638
1.26859	106841505.74081044
1.2686	110761798.75294484
1.26861	98682467.44444443
1.26862	103573821.39496104
1.26863	76776798.74709725
1.26864	61895631.74877359
1.26865	84397581.18006119
1.26866	96453946.07959928
1.26867	108183243.96889555
1.26868	92295388.02648333
1.26869	90429473.02277166
1.2687	100588886.35707156
1.26871	109071177.0793476
1.26872	107820166.95998947
1.26873	98430569.98597048
1.26874	100669984.09579656
1.26875	103276140.57613955
1.26876	107691146.35967398
1.2687700000000002	108810298.07291886
1.26878	106750520.19055872
1.26879	106372655.21656622
1.2688	109650344.37773514
1.26881	101920137.28963149
1.26882	100853273.7027287
1.26883	100362160.08014344
1.26884	114815362.14968841
1.26885	110090539.50158136
1.26886	110017051.11804482
1.2688700000000002	98294677.0212328
1.26888	99712590.67705308
1.26889	105171967.85351506
1.2689	93833950.29948407
1.26891	88521751.83974917
1.26892	76424041.39976841
1.26893	90117679.446334
1.26894	66934496.36867864
1.26895	92414474.85948996
1.26896	107169202.76635525
1.2689700000000002	105390144.50691605
1.26898	108517554.96327822
1.26899	93633228.87971184
1.2690000000000001	87048241.06561738
1.26901	96565056.73696366
1.26902	97674230.85113709
1.26903	95413537.9808066
1.26904	90625413.25889523
1.26905	89939402.90049927
1.26906	78710015.87700033
1.26907	82178838.73955499
1.26908	82592383.60999037
1.26909	63079755.30900481
1.2691	90009842.13325024
1.26911	90348303.06681466
1.26912	100188990.33967842
1.26913	102289251.34052196
1.26914	86762088.97555512
1.26915	91975043.09662367
1.26916	94430002.24257028
1.26917	89427275.56254205
1.26918	109698325.9299196
1.26919	107031102.74498199
1.2692	98878074.36269298
1.26921	103814974.1125121
1.26922	104765912.49951376
1.26923	105409559.87713815
1.26924	108622551.50526662
1.26925	109834809.217926
1.26926	107646521.36298348
1.26927	93777791.3412168
1.26928	90713098.19624636
1.26929	98598430.07957976
1.2693	84349012.00765654
1.26931	100737228.89400434
1.26932	102421233.04896083
1.2693299999999998	87363495.04522446
1.26934	50968282.59054276
1.26935	86556562.38626575
1.26936	75391086.11807813
1.26937	67765711.10626525
1.26938	78962338.19999771
1.26939	95684149.29182242
1.2694	99919441.9871494
1.26941	89980831.06463262
1.26942	87120427.93404698
1.2694299999999998	85960711.20194826
1.26944	75787922.09160489
1.26945	74245476.69624121
1.26946	72764575.48893183
1.26947	78351984.36293332
1.26948	79961328.31649283
1.26949	77583612.9207629
1.2695	87411787.23914886
1.26951	91219985.7371286
1.26952	82381557.79604922
1.2695299999999998	77970442.68893063
1.26954	81686445.76296858
1.26955	85027615.50652464
1.26956	85719573.1977155
1.26957	87928567.93546107
1.26958	84716889.1765486
1.26959	100029938.08675995
1.2696	83277945.036484
1.26961	96272001.29733182
1.26962	103984833.3169949
1.26963	102813465.96899536
1.26964	89738746.73290645
1.26965	61118121.8537301
1.26966	101414487.4341258
1.26967	108310360.16541769
1.26968	81564278.71327876
1.26969	96883540.2259917
1.2697	98930453.52273963
1.26971	85349307.16135494
1.2697200000000002	78574205.79668185
1.26973	93121507.93945654
1.26974	100272074.49365108
1.26975	94935796.84442836
1.26976	94844030.16944748
1.26977	77030018.11616941
1.26978	100999680.51211044
1.26979	108847886.3093496
1.2698	112108876.42113976
1.26981	100302094.034309
1.2698200000000002	109239574.53852408
1.26983	108700114.11115691
1.26984	86337605.55974369
1.26985	104768324.85157052
1.26986	108265478.57925844
1.26987	110082934.97918104
1.26988	110351946.98442262
1.26989	114509099.661177
1.2699	101575741.1848881
1.26991	95341065.24783424
1.2699200000000002	83714367.44351563
1.26993	95798784.77300748
1.26994	104869693.81277736
1.26995	105467827.45107664
1.26996	93566417.199805
1.26997	66917545.05443074
1.26998	107515232.89357524
1.26999	88159678.96100092
1.27	81908693.74665976
1.27001	100154392.26355276
1.27002	114770427.68079768
1.27003	113707732.72361816
1.27004	106964582.40505458
1.27005	89980831.06463262
1.27006	102044593.50356984
1.27007	81904921.7987684
1.27008	66888275.62253317
1.27009	73872024.2885917
1.2701	102176259.53505458
1.27011	94353931.30922848
1.27012	51800028.65613289
1.27013	55555876.01278701
1.27014	97229936.02579224
1.27015	95069235.16255009
1.27016	96074913.03006859
1.27017	105201031.95732988
1.27018	103086074.00626244
1.27019	71477606.28821558
1.2702	97389020.97212525
1.27021	101608490.61343342
1.27022	77798280.80351149
1.27023	91423953.9605802
1.27024	97813770.43229842
1.27025	93650478.34655996
1.27026	77228926.84031521
1.27027	92954410.28653944
1.27028	60589867.11389665
1.27029	108928117.95068312
1.2703	110224972.716657
1.27031	103488001.4558826
1.27032	92301763.78623052
1.27033	98016682.68662857
1.27034	55517512.62497652
1.27035	97265763.45724931
1.27036	105896108.29886869
1.27037	64839551.18055537
1.2703799999999998	99871138.33283396
1.27039	104758675.77661276
1.2704	107626693.9671778
1.27041	106647333.18822682
1.27042	102388221.66543365
1.27043	96885771.07762995
1.27044	97171744.59398982
1.27045	99359637.8725552
1.27046	99607032.09672987
1.27047	105387717.8370974
1.2704799999999998	101629549.39301424
1.27049	91106633.66164404
1.2705	102334011.77496472
1.27051	90662982.1344664
1.27052	96995145.75671256
1.27053	96587294.2230656
1.27054	65902213.23188552
1.27055	72441927.95126075
1.27056	77499696.18775763
1.27057	78498254.53440887
1.2705799999999998	84974770.43867376
1.27059	81245628.00558326
1.2706	80182575.15464953
1.27061	76872322.08208723
1.27062	81045704.1695428
1.27063	72104106.57881162
1.27064	92140380.20952688
1.27065	90932681.89364056
1.27066	94850581.98923771
1.27067	105029186.09261069
1.27068	108722642.65901405
1.27069	102435384.04272012
1.2707	96901388.47746454
1.27071	105859539.39440212
1.27072	93007934.55044629
1.27073	97582064.04002671
1.27074	102927162.43037552
1.27075	103521367.4236761
1.27076	107253136.12786251
1.2707700000000002	99979278.88128342
1.27078	113339162.7155886
1.27079	112649689.75899476
1.2708	99907938.99844596
1.27081	112828808.00388701
1.27082	108275450.65756512
1.27083	96110314.85693452
1.27084	92312391.03123972
1.27085	112116620.89545071
1.27086	112683414.92084968
1.2708700000000002	96805492.77120632
1.27088	106608050.09534691
1.27089	100558780.9819768
1.2709	108111028.75620784
1.27091	50366294.43713588
1.27092	94615001.37158656
1.27093	100609733.81945673
1.27094	100953179.14851816
1.27095	85145166.68127707
1.27096	90215258.94170173
1.2709700000000002	102188023.68884385
1.27098	102002308.32227768
1.27099	109018449.23851264
1.271	101053183.56083326
1.27101	103143057.21960844
1.27102	93460908.85942055
1.27103	98748384.63584515
1.27104	105813236.91010608
1.27105	89736680.44569069
1.27106	93145097.14828154
1.27107	100260530.90896738
1.27108	102553385.05067232
1.27109	98349011.6789979
1.2711	83283697.87182221
1.27111	91375549.1494617
1.27112	93525491.67162062
1.27113	94990462.01447076
1.27114	95457487.65786216
1.27115	64458471.06979687
1.27116	56711351.86937247
1.27117	71438117.21548128
1.27118	85455496.14803001
1.27119	92973675.4722092
1.2712	92627512.22588506
1.27121	68050293.08482231
1.27122	61066074.04788297
1.27123	95345455.96724556
1.27124	79529820.08894293
1.27125	81047570.33733042
1.27126	72665790.0955254
1.27127	87532634.54523829
1.27128	89695364.69118685
1.27129	90715186.96657053
1.2713	87355448.9405124
1.27131	75794902.73865616
1.27132	84158890.23429114
1.2713299999999998	88198256.47993745
1.27134	63184419.52746523
1.27135	81927556.09190491
1.27136	101868520.81084616
1.27137	90115604.43397056
1.27138	101992913.99512564
1.27139	83122768.60137895
1.2714	107904610.14718904
1.27141	103533286.4476489
1.27142	91381861.36679566
1.2714299999999998	89612790.24010499
1.27144	87681909.67623393
1.27145	112075323.21363954
1.27146	108930626.14216556
1.27147	108297891.19216658
1.27148	74286517.60190517
1.27149	105637958.57682768
1.2715	107134661.06489836
1.27151	98584809.14398482
1.27152	108270464.50360376
1.2715299999999998	104983246.80109762
1.27154	99664387.02003568
1.27155	93859881.16042088
1.27156	101814586.07826068
1.27157	105652554.00834145
1.27158	106994141.8950121
1.27159	99284167.822328
1.2716	109066154.28167406
1.27161	103831708.45793204
1.27162	91934813.62828316
1.27163	101788801.30154218
1.27164	101076454.59531394
1.27165	101974127.93637007
1.27166	98321840.59680998
1.27167	90627500.01017584
1.27168	83247269.95861866
1.27169	80671475.43267871
1.2717	66937578.88712677
1.27171	75843785.27451858
1.2717200000000002	83932469.24595252
1.27173	81601849.10197358
1.27174	86252164.00114599
1.27175	98746110.89643852
1.27176	100554150.18560424
1.27177	102298672.9626095
1.27178	70368776.4956714
1.27179	66143930.71058293
1.2718	103478470.29763708
1.27181	106610504.86467773
1.2718200000000002	87309198.21711926
1.27183	94497430.57072736
1.27184	113281763.18058573
1.27185	101833342.74561292
1.27186	101596793.17701451
1.27187	109673069.86474194
1.27188	90798777.23028752
1.27189	99327613.27164684
1.2719	95999727.43924804
1.27191	108004039.74789976
1.2719200000000002	96090399.72449414
1.27193	105572304.08263353
1.27194	101720854.55058935
1.27195	85715625.75638077
1.27196	100094450.56529298
1.27197	95726019.42026135
1.27198	88963118.86885291
1.27199	62774028.46641288
1.272	80823936.72812253
1.27201	85699837.80878109
1.2720200000000002	72649060.10520622
1.27203	75589243.68664104
1.27204	80326713.77133149
1.27205	82927772.48571235
1.27206	57724476.09924977
1.27207	90099006.05499132
1.27208	93961512.71479748
1.27209	91089852.74514754
1.2721	61685061.20713516
1.27211	93243807.69122323
1.27212	99499294.18142492
1.27213	81953970.67291437
1.27214	82389145.76735964
1.27215	85818318.33478987
1.27216	90993422.44008398
1.27217	93970167.28848858
1.27218	80548971.6029058
1.27219	87136477.58812197
1.2722	97602288.32606085
1.27221	90367028.12599292
1.27222	94503958.44743852
1.27223	96943791.253802
1.27224	99058101.44372302
1.27225	102442460.27277014
1.27226	98843928.9827226
1.27227	99067225.45220172
1.27228	89910414.53514794
1.27229	86353510.99932607
1.2723	79346906.57853465
1.27231	83235769.71767521
1.27232	71790999.5366205
1.27233	101505599.37756032
1.27234	86439052.95245396
1.27235	58558507.60993822
1.27236	80755107.57501678
1.27237	83412281.45813699
1.2723799999999998	82127764.20002805
1.27239	65093856.17366741
1.2724	71068966.51869047
1.27241	80081094.46564308
1.27242	76612564.50138022
1.27243	82436586.4252856
1.27244	91731817.8480354
1.27245	92433628.14131115
1.27246	93646165.68195544
1.27247	87271009.56825045
1.2724799999999998	88503409.14246048
1.27249	90119754.50647692
1.2725	79407221.48227207
1.27251	89004097.33403565
1.27252	100341363.91780716
1.27253	100739548.48112498
1.27254	98516732.68588844
1.27255	104623682.00050598
1.27256	90202796.104
1.27257	107636607.20853798
1.2725799999999998	108267971.51272982
1.27259	106947343.140708
1.2726	105723127.02708425
1.27261	97946743.20779632
1.27262	96125807.25791986
1.27263	95547647.79456909
1.27264	103473705.047699
1.27265	108800276.73561324
1.27266	107976687.47788708
1.27267	102775595.06484596
1.27268	107216098.60352091
1.27269	111480780.33638424
1.2727	72426917.17336941
1.27271	70487157.93062626
1.27272	111568090.46275967
1.27273	98064089.41530548
1.27274	89968400.61210185
1.27275	101090419.78822915
1.27276	112139857.5284573
1.2727700000000002	102704624.714023
1.27278	86158871.1066142
1.27279	102463691.89600928
1.2728	98068605.53750098
1.27281	99531374.13464104
1.27282	96787662.18274853
1.27283	87502407.06472129
1.27284	100248988.65321147
1.27285	105222835.30595057
1.27286	99366501.63024832
1.2728700000000002	92685116.46703996
1.27288	104238943.261743
1.27289	100934584.59836017
1.2729	97229936.02579224
1.27291	92834627.68373989
1.27292	83249186.81991558
1.27293	100438449.55739136
1.27294	93293202.18396491
1.27295	82114527.83519176
1.27296	74473197.39059888
1.2729700000000002	63697149.83238208
1.27298	78123195.66620381
1.27299	87560856.28132392
1.273	82360694.47817586
1.27301	77560392.82306816
1.27302	94115249.95683001
1.27303	95389374.28415444
1.27304	88452477.14563109
1.27305	58868097.43170896
1.27306	87050245.44851601
1.27307	64781350.86889071
1.27308	84052377.04048909
1.27309	84972813.84480314
1.2731	79151654.98985799
1.27311	68686280.64313203
1.27312	73941796.83312567
1.27313	67178453.21761225
1.27314	70365535.96837257
1.27315	69113040.60037102
1.27316	63340283.08197854
1.27317	70522873.565476
1.27318	76482134.51138443
1.27319	82830446.03413062
1.2732	78411542.98466498
1.27321	90800867.97346704
1.27322	90989232.1346088
1.27323	71545117.29141271
1.27324	51045798.28925423
1.27325	96520597.1229246
1.27326	85865756.39652461
1.27327	82072941.71789752
1.27328	84785190.44115958
1.27329	93562108.4062702
1.2733	102286896.0705851
1.27331	96205521.91862148
1.27332	56461186.45313691
1.27333	85481079.88860798
1.27334	91468172.05143183
1.27335	97263523.85606392
1.27336	88817797.6319246
1.27337	57348227.57726516
1.27338	86450995.77390258
1.27339	93432936.82573126
1.2734	55867598.06649161
1.27341	75735587.72744393
1.27342	87273019.08064246
1.2734299999999998	71046060.28293456
1.27344	69609738.13649651
1.27345	80239830.01922233
1.27346	85278587.82086594
1.27347	70205316.24508893
1.27348	52123071.52037729
1.27349	69815202.17281856
1.2735	43634499.615415104
1.27351	77830532.17568243
1.27352	89643746.74703878
1.2735299999999998	69982588.17303208
1.27354	80534135.30052009
1.27355	96642910.34509906
1.27356	95554248.22022171
1.27357	90794595.88834876
1.27358	85074616.4889698
1.27359	95684149.29182242
1.2736	91047913.97523668
1.27361	88137352.32073078
1.27362	57949540.94610602
1.2736299999999998	63107358.18237759
1.27364	75335556.37337184
1.27365	69393692.93139154
1.27366	62502875.80151295
1.27367	65909800.94134994
1.27368	75726868.84758714
1.27369	84937602.85796915
1.2737	83172546.78474393
1.27371	87908323.96524613
1.27372	84765670.17703769
1.27373	92263515.83323972
1.27374	95732632.16781454
1.27375	98780222.48540328
1.27376	87611274.8721693
1.27377	89920766.4500513
1.27378	78398905.55564927
1.27379	92276263.38956045
1.2738	93357669.10847652
1.27381	104768324.85157052
1.2738200000000002	100459265.84112808
1.27383	104539399.24131522
1.27384	100415325.41208775
1.27385	98032482.38256854
1.27386	95457487.65786216
1.27387	95045158.6613739
1.27388	91165391.2182389
1.27389	91619939.36084591
1.2739	76847545.36703183
1.27391	82485953.6875184
1.2739200000000002	82689430.33627655
1.27393	76764424.78648779
1.27394	80066344.34147355
1.27395	79189937.46310215
1.27396	87748560.36458057
1.27397	81271822.72351442
1.27398	80999063.93740074
1.27399	91461853.87217294
1.274	93633228.87971184
1.27401	83297122.69979092
1.2740200000000002	81801261.27301076
1.27403	81776778.87000315
1.27404	77488989.94862601
1.27405	82474558.6190395
1.27406	89980831.06463262
1.27407	89353177.26977497
1.27408	78166380.07077865
1.27409	56586130.91479314
1.2741	69030338.02033143
1.27411	62201377.12744848
1.27412	58336450.39215677
1.27413	53489680.03049861
1.27414	47589374.87211771
1.27415	51416202.81354356
1.27416	48959841.14175249
1.27417	51300311.24082734
1.27418	55884323.75647146
1.27419	53766281.312351
1.2742	55219185.96115294
1.27421	58717830.3730076
1.27422	61226579.82353979
1.27423	67328664.48596862
1.27424	70775019.87573636
1.27425	64978547.63433649
1.27426	68871572.6485769
1.27427	80007371.00802292
1.27428	84855500.61988613
1.27429	84502586.05850028
1.2743	91837488.82363188
1.27431	83791506.74384086
1.27432	90184105.07553364
1.27433	91996223.5713385
1.27434	88426004.09180808
1.27435	97404719.49279656
1.27436	100276692.29965886
1.27437	91776184.84027185
1.2743799999999998	92943709.13058664
1.27439	85096167.2879038
1.2744	81716545.70601258
1.27441	76614328.59117949
1.27442	68477831.65702127
1.27443	71997928.29486828
1.27444	78429599.98847406
1.27445	77001644.43568717
1.27446	69831279.56810477
1.27447	66957618.71756875
1.2744799999999998	57428834.16918869
1.27449	89672649.13499463
1.2745	73267268.36974084
1.27451	45671996.84523447
1.27452	72503671.61924641
1.27453	86560548.55505484
1.27454	87022188.28738748
1.27455	96551716.7028731
1.27456	90466960.67107901
1.27457	101197550.38907672
1.2745799999999998	107013852.75968698
1.27459	98116037.37917368
1.2746	102598261.06656104
1.27461	81852132.76321797
1.27462	106797232.81772196
1.27463	102612436.51933432
1.27464	109521655.53667368
1.27465	99201902.2351438
1.27466	90842692.94828944
1.27467	107939400.09091482
1.27468	111691468.24181812
1.27469	107480579.66316186
1.2747	85524392.8994527
1.27471	75618838.09164162
1.27472	90192411.72110184
1.27473	110110820.79631086
1.27474	89941473.85562578
1.27475	106505000.8072109
1.27476	99240741.37585203
1.2747700000000002	98752932.27172616
1.27478	99629970.10419051
1.27479	84052377.04048909
1.2748	94089248.54463422
1.27481	93603049.95745692
1.27482	89931119.5568315
1.27483	82116418.61383711
1.27484	86990134.03340034
1.27485	89528230.32047048
1.27486	81795610.83722818
1.2748700000000002	70239271.73396778
1.27488	85227549.18677662
1.27489	62168444.33707233
1.2749	78362809.83738533
1.27491	100242063.93757944
1.27492	105193765.17848012
1.27493	107601914.857974
1.27494	107008924.70311856
1.27495	83057719.00340556
1.27496	101407482.21147089
1.2749700000000002	87299146.95281288
1.27498	104667053.87545285
1.27499	93594429.19496413
1.275	93342622.84269024
1.27501	106952268.36127536
1.27502	106652244.59250715
1.27503	102621887.90924773
1.27504	102463691.89600928
1.27505	118415894.51621991
1.27506	116241177.33166118
1.27507	112041780.04832125
1.27508	103043357.25686502
1.27509	108935642.69839348
1.2751	111488481.42185614
1.27511	65650796.57854121
1.27512	86674231.56809112
1.27513	110894498.1832156
1.27514	68874744.37473843
1.27515	115225871.08762002
1.27516	109289892.80702367
1.27517	114482736.00193278
1.27518	115733743.24664332
1.27519	89375811.8984918
1.2752	117378890.468371
1.27521	100995029.4120321
1.27522	89131250.56939168
1.27523	103721789.26254284
1.27524	119319108.54274312
1.27525	114395778.98375912
1.27526	112683414.92084968
1.27527	114553931.81594372
1.27528	113671083.58883227
1.27529	106269833.46541888
1.2753	99558879.46947238
1.27531	90425308.68752854
1.27532	100925288.60766833
1.27533	109496440.14667429
1.27534	116168932.88652933
1.27535	101950650.22875912
1.27536	95086749.17589594
1.27537	109968930.15690298
1.27538	114295728.47550803
1.27539	113422704.87116335
1.2754	94356103.91379832
1.27541	105637958.57682768
1.27542	115011164.30181427
1.2754299999999998	113164445.56654143
1.27544	109237059.23332384
1.27545	115693777.1301511
1.27546	99448903.71547928
1.27547	89392277.04791377
1.27548	104821410.65250324
1.27549	89881435.51303549
1.2755	81584940.28594625
1.27551	108475085.222241
1.27552	88426004.09180808
1.2755299999999998	87788979.37609328
1.27554	94158601.61246616
1.27555	63105905.09848486
1.27556	75913672.1614265
1.27557	86403234.38628277
1.27558	96531710.1070322
1.27559	120406518.73640968
1.2756	96966115.95678966
1.27561	108337796.96020707
1.27562	112194095.0689866
1.2756299999999998	107060680.61772776
1.27564	110227510.76966774
1.27565	110024651.08919162
1.27566	99099166.10046366
1.27567	109779184.42923748
1.27568	103383206.98148872
1.27569	63459990.09812871
1.2757	106040068.59579512
1.27571	104753851.57239112
1.27572	93534106.08444048
1.27573	95378392.80874829
1.27574	86144985.05647112
1.27575	84574609.26060274
1.27576	87462119.9942525
1.27577	89757345.45901583
1.27578	87689985.85047568
1.27579	80354462.42713386
1.2758	77537179.67494585
1.27581	76757354.84726806
1.2758200000000002	64109147.22943001
1.27583	72335252.20198141
1.27584	52047515.11705224
1.27585	49584963.74194225
1.27586	53340858.35164876
1.27587	61510605.19318848
1.27588	65976610.46630807
1.27589	59864588.28271714
1.2759	57315224.78366166
1.27591	64791793.23051992
1.2759200000000002	76584344.58816655
1.27593	67483873.08707573
1.27594	80578652.40777928
1.27595	84261657.92207445
1.27596	86566528.15244292
1.27597	79261082.61489755
1.27598	85000210.2591718
1.27599	85715625.75638077
1.276	84984554.08383948
1.27601	68205594.70171636
1.2760200000000002	72155592.96284644
1.27603	71766208.08539705
1.27604	86325678.40264997
1.27605	86361464.81789356
1.27606	86572508.16290084
1.27607	92907334.41444832
1.27608	95178750.6945052
1.27609	80918905.51485793
1.2761	88676797.40061457
1.27611	73439548.80498423
1.27612	74236929.36188166
1.27613	82220478.5145575
1.27614	80513739.84661777
1.27615	80426653.80156769
1.27616	72438591.95400746
1.27617	67524285.89652862
1.27618	73225104.47666107
1.27619	55939682.87445101
1.2762	58647566.9896578
1.27621	76644324.33341229
1.27622	82503049.24229668
1.27623	53175306.27529328
1.27624	64019164.21055026
1.27625	73975856.13079418
1.27626	85609113.52660534
1.27627	89658196.77638827
1.27628	86516710.79308796
1.27629	70644767.47488439
1.2763	88740117.6172094
1.27631	94693463.15980688
1.27632	104915583.41499244
1.27633	87585053.58283891
1.27634	110866413.89799571
1.27635	108795266.41307431
1.27636	113841340.23961332
1.27637	111724906.53048386
1.2763799999999998	113503695.05630466
1.27639	107649000.04427418
1.2764	109865161.89043741
1.27641	116094060.14636517
1.27642	113657997.47501524
1.27643	115156909.21545044
1.27644	115032352.09261812
1.27645	106654700.3794656
1.27646	110593601.20273276
1.27647	116971484.0612025
1.2764799999999998	112222515.67767341
1.27649	104133388.36536072
1.2765	96591742.33476324
1.27651	101863829.7001147
1.27652	101585097.08723526
1.27653	97595546.4316963
1.27654	86135067.8194428
1.27655	101454192.83753642
1.27656	105378011.71656452
1.27657	100339053.49911894
1.2765799999999998	103216707.1586554
1.27659	102972202.00634198
1.2766	68627787.84114718
1.27661	71855497.39737375
1.27662	95873812.98845328
1.27663	114009226.71127608
1.27664	112548574.82322596
1.27665	113247858.93832296
1.27666	112605602.85385248
1.27667	101141642.00552323
1.27668	112813221.20472766
1.27669	115369231.5775466
1.2767	109005898.74818696
1.27671	100948530.18985704
1.27672	103836490.19491608
1.27673	114182618.95482244
1.27674	117341058.08287925
1.27675	118391357.41813792
1.27676	109390598.88796587
1.2767700000000002	112359552.28095266
1.27678	111488481.42185614
1.27679	110169150.33339556
1.2768	109259699.06527652
1.27681	104166962.41485004
1.27682	96099250.38495536
1.27683	97297123.2891648
1.27684	101528974.59662676
1.27685	84547350.0216749
1.27686	53781139.53753868
1.2768700000000002	59614238.39873112
1.27688	79812331.91811891
1.27689	72150608.80321342
1.2769	53739051.89339095
1.27691	80178882.69562662
1.27692	93248101.82613051
1.27693	85867733.55139408
1.27694	91784638.1285584
1.27695	76973281.20652981
1.27696	85471239.082087
1.2769700000000002	60086927.8793442
1.27698	95723815.27258404
1.27699	98559842.31565964
1.2770000000000001	92561418.1717608
1.27701	97705722.37860872
1.27702	79648939.92468357
1.27703	96975047.277411
1.27704	79288463.15116894
1.27705	92614716.14609624
1.27706	80887236.86029454
1.27707	75580541.65429476
1.27708	86154903.43532929
1.27709	91630488.10339832
1.2771	94126085.99916944
1.27711	91989868.91683269
1.27712	87944766.4681375
1.27713	77624711.66286926
1.27714	78891461.2027123
1.27715	72915523.80615292
1.27716	64373926.52784532
1.27717	47886158.64550815
1.27718	57897525.14275019
1.27719	60981766.3998785
1.2772	71301718.95014063
1.27721	70422266.74706836
1.27722	82320879.17860922
1.27723	61223760.30026239
1.27724	69363340.44359891
1.27725	83764499.90665388
1.27726	80796025.94964066
1.27727	73613929.34377553
1.27728	74055957.24696793
1.27729	68288881.58016606
1.2773	43857108.98049792
1.27731	66105866.16028084
1.27732	76508555.06721133
1.27733	76888254.18851642
1.27734	83874510.77065401
1.27735	94063254.31590204
1.27736	82324670.2824869
1.27737	91123417.66958432
1.27738	92170087.5467573
1.27739	101620189.39664696
1.2774	105689051.410241
1.27741	111037583.06393264
1.27742	111378150.01346631
1.2774299999999998	94419131.21259394
1.27744	106103570.83552288
1.27745	110461261.83412904
1.27746	115186080.35366794
1.27747	112956180.83200656
1.27748	83947931.60224485
1.27749	75740819.53720127
1.2775	113765348.09613109
1.27751	97165032.43950547
1.27752	112486395.36467758
1.2775299999999998	113094113.3248498
1.27754	108081160.7016376
1.27755	95959947.12615749
1.27756	102425949.82965662
1.27757	102303384.09907478
1.27758	98423770.87791155
1.27759	109587242.72949019
1.2776	103511833.19245292
1.27761	90327501.99613611
1.27762	102451896.00657168
1.2776299999999998	112364726.74870084
1.27764	111740342.96302776
1.27765	110349406.06619516
1.27766	90688036.70346132
1.27767	115438320.5992524
1.27768	112382839.26249328
1.27769	76801552.65246063
1.2777	97147135.62749285
1.27771	99974674.77135476
1.27772	105509119.80231456
1.27773	84098838.93730018
1.27774	89736680.44569069
1.27775	104722499.65958579
1.27776	107267954.7198164
1.27777	91619939.36084591
1.27778	94084915.67438096
1.27779	106399601.15883729
1.2778	109966398.05786191
1.27781	91805774.7558612
1.2778200000000002	99400827.53158969
1.27783	103645392.37300554
1.27784	103619143.94040684
1.27785	100218985.00653026
1.27786	94102248.35267496
1.27787	73206560.05152635
1.27788	87086332.23391198
1.27789	78288865.56130153
1.2779	57412968.18795991
1.27791	50416187.38471967
1.2779200000000002	73802317.58243574
1.27793	82862875.48634872
1.27794	87786957.98341283
1.27795	92533715.34777778
1.27796	88236850.87989017
1.27797	93939879.7676286
1.27798	82186408.03889044
1.27799	82279188.55665094
1.278	105373158.9915251
1.27801	106642422.01011936
1.2780200000000002	102169201.69286498
1.27803	106615414.57291248
1.27804	92892360.72818978
1.27805	88417860.13090287
1.27806	94495254.71202846
1.27807	52139876.72195798
1.27808	104059084.33147912
1.27809	77880727.55350864
1.2781	47794728.61868685
1.27811	95878228.2423692
1.27812	102969831.01106596
1.27813	99144813.46286906
1.27814	101713828.16557471
1.27815	81504202.06751944
1.27816	67815661.1274603
1.27817	94662942.51348354
1.27818	113702496.40958332
1.27819	113948864.02900678
1.2782	88060267.42324652
1.27821	96046158.6477634
1.27822	79222765.74823824
1.27823	98344482.64391927
1.27824	76408205.48342197
1.27825	114876183.84619352
1.27826	118891279.24617895
1.27827	102414158.28518486
1.27828	104267749.52571604
1.27829	85609113.52660534
1.2783	109299959.24171276
1.27831	90441967.1792104
1.27832	109433427.0673318
1.27833	119039200.12436241
1.27834	117958706.07572085
1.27835	119429056.12796052
1.27836	88106916.01415889
1.27837	103269006.75948341
1.2783799999999998	116753524.57748067
1.27839	120016235.41517454
1.2784	118552304.36171478
1.27841	115417058.03317332
1.27842	113943616.61072016
1.27843	110088004.60241432
1.27844	95466280.02228317
1.27845	112238020.86221114
1.27846	89320264.40588208
1.27847	93903115.1872977
1.2784799999999998	110932806.40119132
1.27849	113909514.28150672
1.2785	102101001.01446278
1.27851	74346409.59209833
1.27852	89991191.08700521
1.27853	78574205.79668185
1.27854	90767421.85884286
1.27855	93029352.88459104
1.27856	74160047.61867592
1.27857	79100640.47891808
1.2785799999999998	94423479.4743963
1.27859	99359637.8725552
1.2786	95761292.68629056
1.27861	101004331.8263848
1.27862	97964787.32653555
1.27863	105896108.29886869
1.27864	91708586.55542496
1.27865	91280918.19468825
1.27866	99240741.37585203
1.27867	99926344.41607642
1.2786799999999998	84207349.93229924
1.27869	90271363.02359976
1.2787	95922391.966481
1.27871	93329727.97354294
1.27872	86439052.95245396
1.27873	79324985.24670634
1.27874	63226624.99296881
1.27875	61989766.43211654
1.27876	63843986.92762955
1.27877	53288071.08652882
1.27878	53261083.85256413
1.27879	64325030.38075378
1.2788	65705239.09635546
1.27881	63751440.15543269
1.27882	66889815.79972843
1.27883	65068380.85572722
1.27884	59534676.76094745
1.27885	69603327.137924
1.27886	66885195.37453199
1.2788700000000002	59184774.87543228
1.27888	66817465.79433526
1.27889	73432785.08405724
1.2789	82252669.15467837
1.27891	80827658.89366545
1.27892	75044695.54195066
1.27893	74546970.68234748
1.27894	77108099.65858577
1.27895	99055820.57290544
1.27896	96105888.9152807
1.2789700000000002	98428303.56443197
1.27898	98100224.21684432
1.27899	92589129.28943896
1.2790000000000001	83157227.24645893
1.27901	104474427.50697826
1.27902	104541806.37765144
1.27903	109511568.68394151
1.27904	102105703.0475888
1.27905	71852188.40562338
1.27906	90648370.16590294
1.2790700000000002	88909875.06888565
1.27908	108577540.55343546
1.27909	114064368.39052108
1.2791	102282185.69340454
1.27911	100932260.52041866
1.27912	108797771.5455018
1.27913	107909579.45254672
1.27914	104693567.76086555
1.27915	107673789.99649107
1.27916	102482568.14408536
1.27917	106338370.2503182
1.27918	96174513.92070006
1.27919	70232802.75587827
1.2792	86562541.70828916
1.27921	108953202.46459375
1.27922	95657714.43660522
1.27923	69921381.42591572
1.27924	94009122.73592116
1.27925	54106569.57680315
1.27926	71840608.13445365
1.27927	89203110.82287152
1.27928	96567280.25516452
1.27929	80922632.05397579
1.2793	71738121.45670724
1.27931	85435821.55808337
1.27932	95591659.2456992
1.27933	95849532.72610302
1.27934	83658485.86122835
1.27935	85976547.20862944
1.27936	92525193.07010676
1.27937	91928463.2156794
1.27938	90200719.13177526
1.27939	81810679.53339876
1.2794	85465335.14197439
1.27941	80723503.0248838
1.27942	56410506.60436099
1.2794299999999998	66165256.43173685
1.27944	49592956.53795271
1.27945	31017014.99477689
1.27946	59573072.56154448
1.27947	71334562.16702245
1.27948	77513973.474316
1.27949	79231887.13126904
1.2795	81603728.07561894
1.27951	85119683.47658804
1.27952	85296262.16060904
1.2795299999999998	84539563.28156084
1.27954	87482261.21037671
1.27955	86544604.9812577
1.27956	87912372.3863902
1.27957	86988131.03460225
1.27958	87526588.21388981
1.27959	92148867.04299138
1.2796	89155881.84683758
1.27961	86842036.62424095
1.27962	67818784.22597958
1.2796299999999998	58654319.42902651
1.27964	59671918.36477216
1.27965	46538244.82690006
1.27966	61189936.14680914
1.27967	74701616.53443716
1.27968	77615775.30210128
1.27969	68403764.00665529
1.2797	76016872.88297041
1.27971	84296588.69511104
1.27972	86335617.58579597
1.27973	76589635.0299958
1.27974	89445809.73496422
1.27975	88913969.61422424
1.27976	86588456.87712742
1.27977	81170832.46672246
1.27978	84430624.19090137
1.27979	79968693.36616465
1.2798	79913472.0247609
1.27981	76637265.45534368
1.2798200000000002	70344476.17806354
1.27983	66852861.33330928
1.27984	68163204.59988503
1.27985	71350989.44815658
1.27986	75980124.351585
1.27987	70962678.55521011
1.27988	74320735.68591349
1.27989	76503270.22599374
1.2799	76358959.16968402
1.27991	70595984.64926939
1.2799200000000002	72507010.61359803
1.27993	74354969.5315608
1.27994	69931042.0890687
1.27995	58370041.21970926
1.27996	45663584.52733325
1.27997	33001980.24581938
1.27998	37956835.70175031
1.27999	60640112.7330149
1.28	64529752.5891734
1.28001	71185247.6064572
1.2800200000000002	72465284.23412368
1.28003	75203837.09692712
1.28004	75295669.63451637
1.28005	80658473.77494356
1.28006	85186347.97515859
1.28007	85548027.42759418
1.28008	83934401.88472773
1.28009	80922632.05397579
1.2801	73730978.91445658
1.28011	66649976.4044261
1.28012	60410161.94927666
1.28013	58519418.23780826
1.28014	51540662.89862787
1.28015	62694580.38622621
1.28016	67851585.44527078
1.28017	66660719.97718058
1.28018	63503841.85040399
1.28019	53455205.07394289
1.2802	63391349.89377239
1.28021	65234899.85248717
1.28022	53666095.60460726
1.28023	57203157.28368132
1.28024	52529104.84500478
1.28025	51901510.8117701
1.28026	80863028.01681012
1.28027	77672985.79333791
1.28028	79308548.22234148
1.28029	83621894.01745105
1.2803	86578488.58645786
1.28031	87615309.61338176
1.28032	84769573.87029399
1.28033	83708584.85960482
1.28034	86730130.52804603
1.28035	88224661.35048284
1.28036	83437253.49932839
1.28037	82733233.80771042
1.28038	62177033.81839006
1.28039	61499275.56451151
1.2804	47537900.79512274
1.28041	51703506.77652027
1.28042	64085532.8969404
1.28043	61897056.96477174
1.28044	46628344.879072495
1.28045	36159298.79501531
1.28046	35500952.05466715
1.28047	38216419.8930464
1.2804799999999998	39594968.33623292
1.28049	49232285.79453353
1.2805	48637360.70325035
1.28051	42228922.47628491
1.28052	62726347.54503714
1.28053	67299215.23228899
1.28054	74478341.99450943
1.28055	79990792.58569434
1.28056	85160852.44526799
1.28057	83492987.30444391
1.2805799999999998	85628828.02309656
1.28059	88358838.84127854
1.2806	72296953.9872539
1.28061	83207026.06543018
1.28062	81714664.13467517
1.28063	77977624.36281508
1.28064	90769511.88003032
1.28065	82120200.30174103
1.28066	92174332.2338864
1.28067	89515862.39272416
1.2806799999999998	94249705.0986359
1.28069	92344280.1082942
1.2807	94667302.00346978
1.28071	98197402.48654889
1.28072	96720826.72111829
1.28073	93050776.15105736
1.28074	103100316.85753952
1.28075	96493931.18055832
1.28076	89716020.19011296
1.28077	100818446.2308748
1.28078	100707079.12128356
1.28079	93916089.27828838
1.2808	74970429.69093448
1.28081	48642960.60868651
1.28082	75862997.75215644
1.28083	73568177.93621498
1.28084	83917009.73766914
1.28085	86968103.58305757
1.28086	93308240.48344012
1.2808700000000002	89784217.09097281
1.28088	82798029.27359615
1.28089	92235902.16882458
1.2809	99028454.21918222
1.28091	101554693.55496997
1.28092	77143617.42839131
1.28093	68686280.64313203
1.28094	107134661.06489836
1.28095	108875459.26834787
1.28096	109721061.36130136
1.2809700000000002	109418309.32498218
1.28098	102308095.45250048
1.28099	109335199.06535016
1.281	84531777.25859869
1.28101	104867279.12664084
1.28102	109015939.02485201
1.28103	113386147.6036932
1.28104	108687600.26840748
1.28105	105969284.01006696
1.28106	99270452.15510637
1.2810700000000002	104729733.88344283
1.28108	103992016.58290578
1.28109	102035195.28198764
1.2811	97375567.11103185
1.28111	94815644.17963096
1.28112	85687998.75647181
1.28113	108083649.39098416
1.28114	106947343.140708
1.28115	102480208.42291585
1.28116	76316773.30687785
1.28117	76868782.06234185
1.28118	76798015.8916932
1.28119	69433650.65176764
1.2812	68092612.96796848
1.28121	96185587.05821282
1.28122	106925182.4547716
1.28123	103953711.56463644
1.28124	84465625.00911038
1.28125	101699776.85155845
1.28126	97818275.02661371
1.28127	99735552.99307358
1.28128	64613013.99621514
1.28129	87377577.51180194
1.2813	93245954.73395784
1.28131	95448696.10321055
1.28132	96756466.55522189
1.28133	91478703.3201212
1.28134	89155881.84683758
1.28135	97185170.294017
1.28136	94959845.64245848
1.28137	95666525.24344335
1.28138	80851857.1483111
1.28139	74925560.41687264
1.2814	80112447.50248988
1.28141	66779013.6376451
1.28142	45985403.33432303
1.2814299999999998	55205201.57605224
1.28144	82946869.50952612
1.28145	83957597.02141516
1.28146	93025068.82321288
1.28147	98206447.21807286
1.28148	102628977.02297336
1.28149	97460806.29810072
1.2815	107577141.45371412
1.28151	107582095.67823347
1.28152	110524866.75305292
1.2815299999999998	104765912.49951376
1.28154	107433568.14317551
1.28155	112199261.91697311
1.28156	108213140.23401213
1.28157	112279378.4950934
1.28158	107879767.0527868
1.28159	110070261.94245991
1.2816	107596959.72076872
1.28161	101253489.67728324
1.28162	105927811.56764664
1.2816299999999998	104942160.25702278
1.28164	107959285.09462294
1.28165	105421696.299815
1.28166	101535988.2119682
1.28167	94282263.41583122
1.28168	96883540.2259917
1.28169	104397476.2573472
1.2817	87313219.04686734
1.28171	92798295.65802892
1.28172	82103184.07754621
1.28173	84580451.66942605
1.28174	62038315.91593644
1.28175	61568702.3075086
1.28176	63613603.84894778
1.28177	38424657.05013002
1.28178	49466365.25954581
1.28179	63159691.49211807
1.2818	71822414.33618347
1.28181	82767530.97066638
1.2818200000000002	86355499.3852896
1.28183	85390587.18977924
1.28184	94037267.26864812
1.28185	97180694.85458076
1.28186	102482568.14408536
1.28187	108617549.36708856
1.28188	106684174.23402472
1.28189	82750380.61231552
1.2819	94763261.5934786
1.28191	105327069.24781998
1.2819200000000002	115268329.6879978
1.28193	107418726.67246167
1.28194	97964787.32653555
1.28195	92537976.78097115
1.28196	115207300.3681666
1.28197	97811518.21293136
1.28198	103135932.59570734
1.28199	90744434.80172172
1.2819999999999998	112706769.0242608
1.28201	111992773.47989231
1.2820200000000002	91468172.05143183
1.28203	102628977.02297336
1.28204	92712864.61762144
1.28205	96970581.51427452
1.28206	104373440.61740112
1.28207	103526134.86859871
1.28208	99071787.77158308
1.28209	95827465.0963078
1.2821	83293286.81385592
1.28211	90957810.99372962
1.28212	77462230.82106067
1.28213	59969440.91467897
1.28214	86454977.08105794
1.28215	112569308.94650084
1.28216	118593257.94905604
1.28217	117419438.70291352
1.28218	112545983.32635562
1.28219	114103771.63197269
1.2822	106353062.45396529
1.28221	101945955.33591488
1.28222	107996579.35081837
1.28223	95673133.88114284
1.28224	97786747.22230256
1.28225	97234413.73291999
1.28226	108540045.67499709
1.28227	105101762.74828166
1.28228	109766546.36107732
1.28229	110009451.67186686
1.2823	109237059.23332384
1.28231	107894672.22298272
1.28232	116067331.5784956
1.28233	116826132.57508084
1.28234	114319416.7375663
1.28235	110133641.71895832
1.28236	114408950.04270113
1.28237	115891077.30083887
1.28238	113652763.45132051
1.28239	109829751.25450304
1.2824	101779426.63820753
1.28241	121680223.85027874
1.28242	119404309.0914582
1.28243	116003208.12029952
1.28244	115648498.88225888
1.28245	105111443.42417209
1.28246	97573076.81367038
1.28247	101295464.43489306
1.2824799999999998	101248826.88913
1.28249	100813803.47675134
1.2825	100491655.30252904
1.28251	104683925.57097325
1.28252	98457771.11534946
1.28253	98143151.5879741
1.28254	87581020.23493606
1.28255	95356433.65043938
1.28256	90076188.2757008
1.28257	104306170.2611604
1.2825799999999998	102211556.06000702
1.28259	103204824.5801222
1.2826	76388854.93067957
1.28261	84327650.42750527
1.28262	101859138.80541147
1.28263	91276714.64984876
1.28264	105433834.11982954
1.28265	105176811.3131464
1.28266	98825722.93502064
1.28267	104630909.39804517
1.2826799999999998	93338324.35502952
1.28269	79779259.32888477
1.2827	96405097.90107466
1.28271	100149780.08954053
1.28272	101456528.93355204
1.28273	101134655.62971188
1.28274	95662119.73858632
1.28275	90339982.06378408
1.28276	85243250.12758365
1.28277	83281780.2158881
1.28278	76840467.77247624
1.28279	70341236.76980993
1.2828	62566231.893947996
1.28281	52792229.09442354
1.28282	65343139.96495998
1.28283	73829512.37020037
1.28284	71564888.66926974
1.28285	81618761.4224229
1.28286	88920111.7857948
1.2828700000000002	89825573.77294172
1.28288	90548237.23039415
1.28289	94427827.93644772
1.2829	79374316.76247261
1.28291	77063725.44153182
1.28292	93102212.12124576
1.28293	93029352.88459104
1.28294	95395963.77628268
1.28295	92210419.96787795
1.28296	92210419.96787795
1.2829700000000002	83874510.77065401
1.28298	84436456.65324455
1.28299	79367006.45438811
1.2830000000000001	77891487.91692878
1.28301	66467600.36254472
1.28302	64126863.68894494
1.28303	64990518.22764663
1.28304	67701766.40518248
1.28305	69781451.69018354
1.28306	71771165.69065234
1.2830700000000002	66613154.44153942
1.28308	63919004.13446596
1.28309	59819117.26871926
1.2831	53829457.13266108
1.28311	43764301.36868772
1.28312	46584345.70121985
1.28313	50597609.62292765
1.28314	56545754.06876207
1.28315	53564863.18772049
1.28316	60931237.69091687
1.28317	59857696.51401796
1.28318	51290862.24458439
1.28319	57266415.50089665
1.2832	60918612.05681946
1.28321	61246320.12252866
1.28322	61137827.18436442
1.28323	47423106.5560706
1.28324	37265761.48596317
1.28325	30912206.07841317
1.28326	45472622.33387733
1.28327	39928224.61728057
1.28328	49168844.25027476
1.28329	53568563.445186
1.2833	51075191.07191561
1.28331	47299875.75981312
1.28332	40459452.35347977
1.28333	34254686.72112974
1.28334	30169631.10975013
1.28335	36551903.62823336
1.28336	37992686.14763794
1.28337	36710474.669147305
1.28338	35267120.36079613
1.28339	37660839.788549975
1.2834	36941965.63704407
1.28341	36362187.34056383
1.28342	32870779.265827
1.2834299999999998	33081866.13868175
1.28344	43565228.87573313
1.28345	53529107.20698098
1.28346	58842348.79183707
1.28347	58535589.98472485
1.28348	65403350.94488947
1.28349	72047679.8834055
1.2835	72660770.69393994
1.28351	71934958.93198688
1.28352	65744586.76841679
1.2835299999999998	70513131.14343075
1.28354	77658679.21832557
1.28355	74896237.33500767
1.28356	77108099.65858577
1.28357	72972630.18430233
1.28358	73502142.76467954
1.28359	62540305.73394707
1.2836	76388854.93067957
1.28361	75669349.4089313
1.28362	79195407.89912778
1.2836299999999998	73646141.83350691
1.28364	70693584.01012279
1.28365	62939023.42125837
1.28366	70420645.23312059
1.28367	76381819.58112895
1.28368	65661379.0895562
1.28369	78211389.20958824
1.2837	55532854.80011528
1.28371	80119826.47139409
1.28372	87405749.25534824
1.28373	88807572.69368969
1.28374	87439970.01238598
1.28375	77988398.11394893
1.28376	76596689.52093808
1.28377	35518122.43786822
1.28378	71283661.62678853
1.28379	85559847.14081389
1.2838	86160855.01077698
1.28381	87813239.71905786
1.2838200000000002	88214504.69565512
1.28383	84209288.90050904
1.28384	85471239.082087
1.28385	92235902.16882458
1.28386	92501760.85340732
1.28387	92374053.18568157
1.28388	87373553.71830525
1.28389	79202702.40167342
1.2839	76950243.7757862
1.28391	93853397.77345626
1.2839200000000002	67028577.07286652
1.28393	95690759.14698967
1.28394	103774344.78698191
1.28395	97404719.49279656
1.28396	99967769.00399992
1.28397	101524299.12221628
1.28398	96371806.50942801
1.28399	76601980.81555484
1.284	102303384.09907478
1.28401	104313375.7250081
1.2840200000000002	99861940.28465237
1.28403	90227723.50132704
1.28404	92697922.27366444
1.28405	89297643.84469439
1.28406	61369134.72700811
1.28407	74402923.40884471
1.28408	71131177.82191165
1.28409	73135797.25365649
1.2841	53405993.67676908
1.28411	77481853.2775621
1.2841200000000002	84052377.04048909
1.28413	58681336.9618772
1.28414	66525783.78975792
1.28415	90535728.3932194
1.28416	70977385.86359683
1.28417	87186651.81662777
1.28418	96658488.59725322
1.28419	98712011.08716483
1.2842	100514797.02546345
1.28421	103097942.91234356
1.28422	106708742.00130984
1.28423	107213629.8900395
1.28424	106169555.71987242
1.28425	106839045.6525487
1.28426	101856793.43906768
1.28427	109279827.29944478
1.28428	106858727.94480884
1.28429	107718426.29742683
1.2843	100806839.7464411
1.28431	106593322.66628867
1.28432	105937568.32894924
1.28433	105840041.14252365
1.28434	93250248.96774235
1.28435	93866364.99525788
1.28436	91287223.87492128
1.28437	97214265.67461744
1.28438	96992912.38665786
1.28439	92918031.38236608
1.2844	95675336.86182418
1.28441	97710221.9970127
1.28442	90690124.896717
1.28443	91698028.82197352
1.28444	85190271.04178917
1.28445	77406957.90318304
1.28446	79771911.7259291
1.28447	55055409.84847946
1.2844799999999998	69797521.31323916
1.28449	58499209.83686365
1.2845	47804634.27370673
1.28451	39494807.37357299
1.28452	58607068.67484344
1.28453	66823620.1937791
1.28454	74195915.85212138
1.28455	76573764.80079697
1.28456	81346711.32068717
1.28457	86724139.62979692
1.2845799999999998	89813164.76851685
1.28459	91900949.82958621
1.2846	93020784.95911808
1.28461	72613939.66201846
1.28462	67584950.49261096
1.28463	95167793.46664011
1.28464	97813770.43229842
1.28465	99033014.75304078
1.28466	97831790.05429104
1.28467	91405009.89454465
1.2846799999999998	93486736.630957
1.28469	90354544.32205182
1.2847	93055061.39632936
1.28471	92744892.037242
1.28472	77099222.77154915
1.28473	85956752.65605369
1.28474	84638897.95988725
1.28475	81124120.22567028
1.28476	61964079.14754962
1.28477	66421702.02536543
1.28478	77243154.24472266
1.28479	76654913.86961497
1.2848	75345965.08410813
1.28481	82554357.16831525
1.28482	84888722.91355409
1.28483	83466076.68304548
1.28484	81256853.27929474
1.28485	73434475.9558867
1.28486	63833697.32201554
1.2848700000000002	69055774.42196833
1.28488	68307753.10253225
1.28489	43247399.68734743
1.2849	60733736.37568437
1.28491	71471023.26055092
1.28492	71415091.99877904
1.28493	73356736.13410413
1.28494	70368776.4956714
1.28495	71175413.68037769
1.28496	66983833.70252662
1.2849700000000002	61377613.77199377
1.28498	53540201.33566083
1.28499	49325330.05868828
