1.23581	97600040.97619316
1.23582	97901647.45011184
1.23583	97512434.6818886
1.23584	97721471.94962975
1.23585	97604535.72767664
1.23586	97696723.7634226
1.23587	97743975.74083264
1.23588	97355389.80416983
1.23589	97422663.75788076
1.2359	96932630.82983004
1.23591	97879107.35783568
1.23592	97743975.74083264
1.23593	97820527.40156394
1.23594	97840801.11011522
1.23595	97124769.24798399
1.23596	97510189.40095375
1.23597	97341940.58907308
1.23598	97261284.30644664
1.23599	96865695.2619855
1.236	97384536.14523494
1.23601	96890232.9350116
1.23602	96582846.31620601
1.23603	97037589.56000544
1.23604	97487739.43484788
1.23605	97288162.30561297
1.23606	96565056.73696366
1.23607	97315047.73247065
1.2360799999999998	97611278.24302118
1.23609	97212027.25919826
1.2361	97299363.66401504
1.23611	97019716.22167668
1.23612	97229936.02579224
1.23613	97870092.7740382
1.23614	97836295.47845972
1.23615	98251683.37356348
1.23616	98093447.927475
1.23617	97728222.54292132
1.2361799999999998	97120296.5900551
1.23619	97299363.66401504
1.2362	98186097.74355792
1.23621	98192880.43317086
1.23622	98046027.00613011
1.23623	97831790.05429104
1.23624	97820527.40156394
1.23625	97460806.29810072
1.23626	96447283.5071668
1.23627	97550612.3688692
1.2362799999999998	97597793.67807204
1.23629	98082155.152006
1.2363	98505391.18076588
1.23631	98308257.87082472
1.23632	97863332.38103633
1.23633	98655204.23775204
1.23634	97969298.8755956
1.23635	98183836.95113596
1.23636	97613525.85163943
1.23637	97935467.32136013
1.23638	98091189.26836976
1.23639	97109115.84632464
1.2364	97971554.72803847
1.23641	97779992.58640856
1.23642	96743100.07871428
1.23643	96914776.82383324
1.23644	95957737.59215812
1.23645	96105888.9152807
1.23646	97409205.24918579
1.2364700000000002	97899393.20732497
1.23648	97512434.6818886
1.23649	97088993.75114591
1.2365	97665235.13629425
1.23651	98235848.34944491
1.23652	98059573.50108027
1.23653	97960275.98523492
1.23654	97885868.8405716
1.23655	98423770.87791155
1.23656	98079896.75292356
1.2365700000000002	96970581.51427452
1.23658	96883540.2259917
1.23659	97026418.337726
1.2366	97182932.54853638
1.23661	95494860.80002238
1.23662	95141501.26610065
1.23663	97294882.96590091
1.23664	97348664.96436156
1.23665	96021834.73848052
1.23666	91226287.20815156
1.2366700000000002	95982045.26457974
1.23668	97306085.09809215
1.23669	96589518.25330904
1.2367	92216789.85803688
1.23671	96245404.03504166
1.23672	95681946.10822934
1.23673	96305258.21152614
1.23674	96921471.69067541
1.23675	97088993.75114591
1.23676	96547270.4343815
1.23677	97062170.77668265
1.23678	97124769.24798399
1.23679	97782244.07986291
1.2368	98260733.10477255
1.23681	98371659.98320045
1.23682	98503123.03642552
1.23683	98532612.98686144
1.23684	98475909.37757874
1.23685	97725972.29334456
1.23686	97149372.54870938
1.23687	97791250.572124
1.23688	98593889.55862424
1.23689	98335425.1994482
1.2369	98138632.03288476
1.23691	96865695.2619855
1.23692	97802509.85403752
1.23693	97463050.44193454
1.23694	98310521.52817678
1.23695	98696101.87296468
1.23696	98057315.62195316
1.23697	98326368.58915976
1.23698	98514464.28040329
1.23699	98534881.81024042
1.237	98170273.28974201
1.23701	97651743.11743976
1.23702	97804761.86597744
1.23703	97494473.88191171
1.23704	96821097.23066343
1.23705	96123593.90489376
1.23706	97996372.53344704
1.23707	98201924.74817955
1.23708	98034739.6898822
1.23709	97721471.94962975
1.2371	97557351.15919182
1.23711	96565056.73696366
1.23712	96059428.83160251
1.2371299999999998	93308240.48344012
1.23714	96245404.03504166
1.23715	96345181.67374778
1.23716	97680978.18101688
1.23717	96928167.01999816
1.23718	96910313.83619018
1.23719	96763150.48599996
1.2372	95045158.6613739
1.23721	95187517.38512048
1.23722	97757480.50297524
1.2372299999999998	98385251.46911632
1.23724	97917428.603068
1.23725	97942232.69743928
1.23726	98446436.3980378
1.23727	98848481.01868469
1.23728	98848481.01868469
1.23729	98930453.52273963
1.2373	98602970.80963926
1.23731	97288162.30561297
1.23732	98462305.3676751
1.2373299999999998	98496318.91675292
1.23734	97962531.62991568
1.23735	98301467.2114956
1.23736	96963883.25516348
1.23737	97865585.7934824
1.23738	97483250.06190865
1.23739	97798005.98571897
1.2374	98104742.00314766
1.23741	98177054.88620304
1.23742	97852066.09707364
1.23743	97584310.97595574
1.23744	97393506.00555465
1.23745	97883614.96109648
1.23746	98161231.88980608
1.23747	97671981.84475064
1.23748	97577570.32337926
1.23749	97609030.6861554
1.2375	97505698.99417914
1.23751	97346423.45432036
1.2375200000000002	98086672.10617858
1.23753	97919683.26113996
1.23754	97474271.93623652
1.23755	94905198.09154482
1.23756	96952720.51814754
1.23757	97811518.21293136
1.23758	97406962.3451691
1.23759	97440611.32872558
1.2376	97730472.84431304
1.23761	97050996.72454897
1.2376200000000002	97660737.58956449
1.23763	97510189.40095375
1.23764	97086758.22018616
1.23765	96785433.59012504
1.23766	97501208.79419108
1.23767	97944487.92665322
1.23768	97840801.11011522
1.23769	97935467.32136013
1.2377	97250087.33184022
1.23771	97447342.52018309
1.2377200000000002	97344181.99589127
1.23773	97638252.9624478
1.23774	97474271.93623652
1.23775	97492229.01453476
1.23776	97798005.98571897
1.23777	97521416.32264136
1.23778	96551716.7028731
1.23779	97167269.77281608
1.2378	97854319.250101
1.23781	98260733.10477255
1.23782	98439636.19400384
1.23783	98394313.50296818
1.23784	98204185.95709278
1.23785	97209788.8953203
1.23786	97692224.76662138
1.23787	98188358.58803666
1.23788	98762028.171791
1.23789	98127334.05570282
1.2379	97676479.90930942
1.23791	98444169.61116624
1.23792	98582539.17099974
1.23793	98668834.89946043
1.23794	97813770.43229842
1.23795	97714721.82263611
1.23796	97400233.94297892
1.23797	98299203.76262452
1.23798	98041511.92369048
1.23799	98256208.13497894
1.238	98891735.81717406
1.23801	98587079.16923857
1.23802	97624764.67106088
1.23803	97501208.79419108
1.23804	98339953.81740607
1.23805	97593299.23706467
1.23806	97151609.52143392
1.23807	94885532.67278008
1.2380799999999998	95488264.47656609
1.23809	97268003.11000444
1.2381	97942232.69743928
1.23811	97996372.53344704
1.23812	97692224.76662138
1.23813	97250087.33184022
1.23814	97156083.62140982
1.23815	98330896.79003572
1.23816	98385251.46911632
1.23817	97874599.9621525
1.2381799999999998	98161231.88980608
1.23819	98564381.2686456
1.2382	97967043.07509504
1.23821	97467538.8846255
1.23822	97985090.93355246
1.23823	98709738.18528049
1.23824	98905399.15918525
1.23825	98762028.171791
1.23826	99048978.27555826
1.23827	98580269.25028212
1.2382799999999998	98070863.67659098
1.23829	98021196.62561324
1.2383	98437369.56371096
1.23831	98637032.9512307
1.23832	98734742.98469366
1.23833	98319576.67882974
1.23834	98839377.15638508
1.23835	98571190.09006168
1.23836	98919064.38898724
1.23837	98689284.42324632
1.23838	99017053.80333216
1.23839	98889458.77702253
1.2384	98392047.91625682
1.23841	97618021.22413866
1.23842	98759754.11823358
1.23843	98648389.61304468
1.23844	98641575.45905866
1.23845	98575729.565644
1.23846	98782497.01026767
1.2384700000000002	98878074.36269298
1.23848	98589349.2467626
1.23849	98928175.59109025
1.2385	97876853.63404724
1.23851	98421504.61292692
1.23852	98537150.685862
1.23853	99090039.150278
1.23854	98242634.47582704
1.23855	98789320.89910544
1.23856	98843928.9827226
1.2385700000000002	98188358.58803666
1.23858	98154451.38632156
1.23859	98925897.71189152
1.2386	98843928.9827226
1.23861	98673378.87185594
1.23862	98814345.8581287
1.23863	99128834.49478924
1.23864	99039855.94762924
1.23865	99007934.4156203
1.23866	98873520.96393842
1.2386700000000002	98682467.44444443
1.23868	98401110.57611342
1.23869	98718830.10683976
1.2387	98812070.59992588
1.23871	98762028.171791
1.23872	98003142.11685409
1.23873	97447342.52018309
1.23874	97292642.69422174
1.23875	98385251.46911632
1.23876	97998629.00929113
1.23877	97671981.84475064
1.23878	98122815.22902136
1.23879	98498586.90442044
1.2388	98939565.7738689
1.23881	98721103.21807574
1.23882	98530344.21572344
1.23883	98539419.61372656
1.23884	97939977.52015293
1.23885	97037589.56000544
1.23886	98086672.10617858
1.23887	98591619.37655728
1.23888	99023893.8953388
1.23889	98727922.86583447
1.2389	98889458.77702253
1.23891	98871244.34319451
1.23892	98224539.18046516
1.23893	98129593.5470821
1.23894	98564381.2686456
1.23895	98003142.11685409
1.23896	97642749.47369836
1.23897	97910664.9403362
1.23898	97915173.99691084
1.23899	98014425.79508758
1.239	97892630.79039074
1.23901	97757480.50297524
1.23902	97779992.58640856
1.23903	97971554.72803847
1.23904	98172533.76984508
1.23905	97438367.70156547
1.23906	97964787.32653555
1.23907	96883540.2259917
1.23908	96238755.86768572
1.23909	96551716.7028731
1.2391	97019716.22167668
1.23911	97683227.39455402
1.23912	98294677.0212328
1.2391299999999998	97784495.62516075
1.23914	98195141.43382864
1.23915	97802509.85403752
1.23916	98023453.67305976
1.23917	97656240.24994925
1.23918	97182932.54853638
1.23919	97355389.80416983
1.2392	97795754.1293375
1.23921	97985090.93355246
1.23922	98188358.58803666
1.2392299999999998	98066347.45040631
1.23924	98023453.67305976
1.23925	98077638.40584163
1.23926	98012168.95551324
1.23927	97546120.1005914
1.23928	97847559.9466583
1.23929	96805492.77120632
1.2393	96471715.18961692
1.23931	97337457.9302642
1.23932	97557351.15919182
1.2393299999999998	97897139.01644294
1.23934	97406962.3451691
1.23935	97167269.77281608
1.23936	97261284.30644664
1.23937	97555104.84402876
1.23938	97510189.40095375
1.23939	96977280.23610124
1.2394	95909140.71367632
1.23941	96458388.05024654
1.23942	97546120.1005914
1.23943	97795754.1293375
1.23944	98113778.19993313
1.23945	97564090.41502966
1.23946	97698973.33951975
1.23947	97658488.89386828
1.23948	98262995.66781382
1.23949	98201924.74817955
1.2395	98793870.42021444
1.23951	98353540.92265068
1.2395200000000002	98021196.62561324
1.23953	98634761.77576186
1.23954	98680195.2228198
1.23955	98412440.07479659
1.23956	98235848.34944491
1.23957	97967043.07509504
1.23958	98131853.09048869
1.23959	97969298.8755956
1.2396	97707972.16190864
1.23961	98188358.58803666
1.2396200000000002	98324104.56691986
1.23963	98253945.7282246
1.23964	98537150.685862
1.23965	98709738.18528049
1.23966	98925897.71189152
1.23967	98673378.87185594
1.23968	98582539.17099974
1.23969	98478176.89529385
1.2397	98568920.43066327
1.23971	98523538.21574296
1.2397200000000002	97946743.20779632
1.23973	97791250.572124
1.23974	98430569.98597048
1.23975	97958020.39249164
1.23976	98084413.60309058
1.23977	98814345.8581287
1.23978	98475909.37757874
1.23979	98179315.52245995
1.2398	98618865.0116758
1.23981	98577999.38183032
1.23982	97827284.83760048
1.23983	97888122.77194482
1.23984	98830274.13254356
1.23985	98721103.21807574
1.23986	98335425.1994482
1.23987	98462305.3676751
1.23988	98426037.19507954
1.23989	98448703.23710464
1.2399	98766576.43599412
1.23991	97252326.62363468
1.23992	96720826.72111829
1.23993	97872346.34214988
1.23994	98573459.80172151
1.23995	97752978.70828716
1.23996	97624764.67106088
1.23997	96997379.17819272
1.23998	97498963.77173886
1.23999	98197402.48654889
1.24	97759731.4780637
1.24001	97786747.22230256
1.24002	97935467.32136013
1.24003	98405642.21906433
1.24004	98460038.21541084
1.24005	98181576.21077052
1.24006	98303730.71248557
1.24007	97989603.41764966
1.2400799999999998	97263523.85606392
1.24009	98007655.43225856
1.2401	98623406.68282034
1.24011	98152191.32257555
1.24012	97791250.572124
1.24013	96749783.086137
1.24014	97371082.90370008
1.24015	98027967.92386751
1.24016	98308257.87082472
1.24017	98018939.63013658
1.2401799999999998	98514464.28040329
1.24019	98392047.91625682
1.2402	98403376.37150264
1.24021	98000885.53709306
1.24022	98251683.37356348
1.24023	98439636.19400384
1.24024	98516732.68588844
1.24025	98281098.047775
1.24026	98170273.28974201
1.24027	98430569.98597048
1.2402799999999998	98507659.3773324
1.24029	98285624.16381744
1.2403	98213231.31342667
1.24031	97498963.77173886
1.24032	96629559.555878
1.24033	98471374.49877971
1.24034	98784771.58750518
1.24035	98802970.09099571
1.24036	98025710.7724773
1.24037	97852066.09707364
1.24038	98100224.21684432
1.24039	97939977.52015293
1.2404	98509927.62612666
1.24041	98100224.21684432
1.24042	95629084.91819464
1.24043	96986212.5850381
1.24044	98036997.04917328
1.24045	98351276.27475186
1.24046	98032482.38256854
1.2404700000000002	97194121.79121757
1.24048	98530344.21572344
1.24049	98426037.19507954
1.2405	97885868.8405716
1.24051	98240372.38161416
1.24052	97391263.46302184
1.24053	97755229.5797168
1.24054	98716557.04794306
1.24055	97755229.5797168
1.24056	98671106.859501
1.2405700000000002	98643846.79142056
1.24058	98664291.1363178
1.24059	98303730.71248557
1.2406	98344482.64391927
1.24061	98396579.14184721
1.24062	98208708.53112142
1.24063	98253945.7282246
1.24064	96977280.23610124
1.24065	93598739.47696052
1.24066	97355389.80416983
1.2406700000000002	96809950.93154982
1.24068	97109115.84632464
1.24069	97456318.1654501
1.2407	97537136.1846414
1.24071	97366598.90286931
1.24072	97153846.54566687
1.24073	97701222.96741548
1.24074	98170273.28974201
1.24075	97766484.71432155
1.24076	95499258.60214368
1.2407700000000002	95563049.49703032
1.24078	98118296.61043441
1.24079	97872346.34214988
1.2408	97879107.35783568
1.24081	98088930.6612711
1.24082	98274309.26451518
1.24083	98041511.92369048
1.24084	97566336.93709552
1.24085	94451748.05760312
1.24086	95218207.16166206
1.24087	97967043.07509504
1.24088	98301467.2114956
1.24089	98496318.91675292
1.2409	98437369.56371096
1.24091	98290150.48830006
1.24092	97926447.54685722
1.24093	97250087.33184022
1.24094	97261284.30644664
1.24095	97559597.5260788
1.24096	97104643.90924494
1.24097	97209788.8953203
1.24098	97541628.03918543
1.24099	98262995.66781382
1.2409999999999999	97890376.75521776
1.24101	97463050.44193454
1.24102	97539382.086056
1.24103	97933212.29985093
1.24104	98199663.59133196
1.24105	98224539.18046516
1.24106	98109259.99750713
1.24107	97944487.92665322
1.24108	97575323.54265809
1.24109	97537136.1846414
1.2411	96382902.36239704
1.24111	97149372.54870938
1.24112	97773238.41709258
1.2411299999999998	97559597.5260788
1.24114	97568583.51089008
1.24115	97609030.6861554
1.24116	97066640.75775728
1.24117	98272046.44097172
1.24118	98310521.52817678
1.24119	97982834.76943009
1.2412	97926447.54685722
1.24121	97261284.30644664
1.24122	96416197.58707744
1.2412299999999998	97678729.0192692
1.24124	98122815.22902136
1.24125	97971554.72803847
1.24126	98621135.82110389
1.24127	98480444.46522106
1.24128	98764302.27771065
1.24129	98680195.2228198
1.2413	98777948.01291151
1.24131	98748384.63584515
1.24132	98693829.33739889
1.2413299999999998	98321840.59680998
1.24134	98494050.98130716
1.24135	98800695.09472664
1.24136	97534890.33493996
1.24137	97579817.15583506
1.24138	98355805.62269592
1.24139	98299203.76262452
1.2414	98378455.49144194
1.24141	98206447.21807286
1.24142	98367129.90515329
1.24143	98204185.95709278
1.24144	98274309.26451518
1.24145	98353540.92265068
1.24146	98326368.58915976
1.24147	98143151.5879741
1.24148	97714721.82263611
1.24149	98055057.79481544
1.2415	98269783.66953067
1.24151	98281098.047775
1.2415200000000002	97642749.47369836
1.24153	97393506.00555465
1.24154	96660714.26682696
1.24155	95481668.6087516
1.24156	97566336.93709552
1.24157	97615773.5120118
1.24158	98036997.04917328
1.24159	98276572.14016268
1.2416	98290150.48830006
1.24161	98439636.19400384
1.2416200000000002	98285624.16381744
1.24163	97897139.01644294
1.24164	98426037.19507954
1.24165	98796145.2593374
1.24166	97996372.53344704
1.24167	98696101.87296468
1.24168	98376190.2698702
1.24169	97402476.69206664
1.2417	98326368.58915976
1.24171	98662019.33321284
1.2417200000000002	97838548.26835094
1.24173	98181576.21077052
1.24174	97982834.76943009
1.24175	97294882.96590091
1.24176	98525806.8301656
1.24177	98407908.11879969
1.24178	98609782.29681806
1.24179	98292413.72870982
1.2418	98473641.91207457
1.24181	98335425.1994482
1.24182	96957185.45873544
1.24183	98018939.63013658
1.24184	98484979.7617171
1.24185	98684739.71838956
1.24186	98021196.62561324
1.24187	97786747.22230256
1.24188	97308325.67929769
1.24189	97798005.98571897
1.2419	98392047.91625682
1.24191	98450970.12836841
1.24192	97872346.34214988
1.24193	98149931.31086925
1.24194	98403376.37150264
1.24195	98032482.38256854
1.24196	97460806.29810072
1.24197	98120555.89371642
1.24198	97903901.74480516
1.24199	98134112.68592422
1.242	98480444.46522106
1.24201	97978322.59703349
1.24202	98498586.90442044
1.24203	97962531.62991568
1.24204	97658488.89386828
1.24205	98448703.23710464
1.24206	98532612.98686144
1.24207	98444169.61116624
1.24208	98317312.81297757
1.24209	98240372.38161416
1.2421	98131853.09048869
1.24211	97465294.63744226
1.24212	97505698.99417914
1.24213	98032482.38256854
1.24214	98349011.6789979
1.24215	98525806.8301656
1.24216	98260733.10477255
1.24217	98052800.01966552
1.2421799999999998	97741725.12852924
1.24219	98134112.68592422
1.2422	98068605.53750098
1.24221	98260733.10477255
1.24222	98152191.32257555
1.24223	98224539.18046516
1.24224	98530344.21572344
1.24225	98655204.23775204
1.24226	98734742.98469366
1.24227	98723376.38165264
1.2422799999999998	98005398.7485758
1.24229	97804761.86597744
1.2423	98170273.28974201
1.24231	98177054.88620304
1.24232	97483250.06190865
1.24233	98034739.6898822
1.24234	97912919.44266732
1.24235	97973810.63242532
1.24236	98262995.66781382
1.24237	98070863.67659098
1.2423799999999998	98215492.78268616
1.24239	97725972.29334456
1.2424	97955764.85168476
1.24241	98224539.18046516
1.24242	98441902.8764888
1.24243	98448703.23710464
1.24244	98378455.49144194
1.24245	98423770.87791155
1.24246	98267520.9501917
1.24247	97449586.35399838
1.24248	96374025.57782632
1.24249	98052800.01966552
1.2425	98084413.60309058
1.24251	98573459.80172151
1.24252	98507659.3773324
1.24253	98258470.59382774
1.24254	98523538.21574296
1.24255	98532612.98686144
1.24256	98519001.14360578
1.2425700000000002	98262995.66781382
1.24258	98319576.67882974
1.24259	97958020.39249164
1.2426	98487247.48828793
1.24261	98857585.71951964
1.24262	98891735.81717406
1.24263	98723376.38165264
1.24264	98762028.171791
1.24265	98557572.9175504
1.24266	98659747.58241792
1.2426700000000002	98621135.82110389
1.24268	98657475.88393138
1.24269	98360335.17922856
1.2427	98324104.56691986
1.24271	97953509.36281304
1.24272	96825556.10963538
1.24273	98100224.21684432
1.24274	98118296.61043441
1.24275	98039254.46044216
1.24276	98269783.66953067
1.2427700000000002	98712011.08716483
1.24278	98405642.21906433
1.24279	98577999.38183032
1.2428	98764302.27771065
1.24281	98625677.59682548
1.24282	98435102.98560858
1.24283	97827284.83760048
1.24284	98333160.96867415
1.24285	98498586.90442044
1.24286	98324104.56691986
1.24287	98523538.21574296
1.24288	98260733.10477255
1.24289	98192880.43317086
1.2429	97752978.70828716
1.24291	98453237.07182944
1.24292	98308257.87082472
1.24293	98392047.91625682
1.24294	98564381.2686456
1.24295	98662019.33321284
1.24296	98419238.40012433
1.24297	98005398.7485758
1.24298	98190619.48457392
1.24299	98321840.59680998
1.2429999999999999	97622516.8036618
1.24301	97701222.96741548
1.24302	98116037.37917368
1.24303	98308257.87082472
1.24304	98557572.9175504
1.24305	98460038.21541084
1.24306	98052800.01966552
1.24307	96896926.106363
1.24308	98233586.41148654
1.24309	98145411.44356972
1.2431	98082155.152006
1.24311	98478176.89529385
1.24312	98491783.09808151
1.2431299999999998	98498586.90442044
1.24314	98154451.38632156
1.24315	98444169.61116624
1.24316	98480444.46522106
1.24317	97894884.8774654
1.24318	96780976.55882049
1.24319	97133715.18178643
1.2432	97220981.23013066
1.24321	98070863.67659098
1.24322	98158971.66993544
1.2432299999999998	97469783.1834846
1.24324	96720826.72111829
1.24325	97133715.18178643
1.24326	97942232.69743928
1.24327	97901647.45011184
1.24328	98262995.66781382
1.24329	98204185.95709278
1.2433	97487739.43484788
1.24331	97346423.45432036
1.24332	97460806.29810072
1.2433299999999998	97530398.79067191
1.24334	96908082.41944017
1.24335	96097037.64341679
1.24336	96108101.86063004
1.24337	96874617.33309312
1.24338	96957185.45873544
1.24339	96832244.81311607
1.2434	97171744.59398982
1.24341	96912545.30432068
1.24342	96901388.47746454
1.24343	96382902.36239704
1.24344	96527264.75985721
1.24345	96278651.76128002
1.24346	95393767.22833031
1.24347	94785084.153148
1.24348	92040718.44599251
1.24349	90920119.9471415
1.2435	90554492.29707149
1.24351	90146734.63676894
1.2435200000000002	88320191.08434261
1.24353	85869710.75178972
1.24354	82358798.07493563
1.24355	79632435.7732853
1.24356	77264500.26590878
1.24357	76651383.86165756
1.24358	78283457.74483927
1.24359	80963635.31275864
1.2436	83959530.23878543
1.24361	86768082.49534272
1.2436200000000002	89166146.88795416
1.24363	90421144.54405612
1.24364	90807140.49186024
1.24365	91544024.25499748
1.24366	94091415.05458802
1.24367	95159028.59258084
1.24368	95697369.45876576
1.24369	96046158.6477634
1.2437	96642910.34509906
1.24371	97077816.61108094
1.2437200000000002	97411448.20484789
1.24373	97676479.90930942
1.24374	97189645.93955916
1.24375	97620268.9880216
1.24376	97570830.1364145
1.24377	97883614.96109648
1.24378	98131853.09048869
1.24379	98235848.34944491
1.2438	98118296.61043441
1.24381	98308257.87082472
1.24382	98177054.88620304
1.24383	98046027.00613011
1.24384	98204185.95709278
1.24385	98107000.97431973
1.24386	98260733.10477255
1.24387	98401110.57611342
1.24388	98382986.0910636
1.24389	98423770.87791155
1.2439	98609782.29681806
1.24391	98607511.7488115
1.24392	98494050.98130716
1.24393	98591619.37655728
1.24394	97588805.00302882
1.24395	98407908.11879969
1.24396	98509927.62612666
1.24397	98059573.50108027
1.24398	96836704.20546496
1.24399	97467538.8846255
1.244	98125074.61634962
1.24401	97602288.32606085
1.24402	96374025.57782632
1.24403	94715269.64594255
1.24404	97402476.69206664
1.24405	98269783.66953067
1.24406	97955764.85168476
1.24407	97928702.41260046
1.24408	98278835.0679154
1.24409	98523538.21574296
1.2441	98734742.98469366
1.24411	97897139.01644294
1.24412	97766484.71432155
1.24413	98014425.79508758
1.24414	98138632.03288476
1.24415	97389020.97212525
1.24416	97173982.08185568
1.24417	95902515.77376585
1.2441799999999998	98032482.38256854
1.24419	98272046.44097172
1.2442	98712011.08716483
1.24421	98898567.25222191
1.24422	98896290.05477254
1.24423	98432836.45969547
1.24424	98509927.62612666
1.24425	98732469.55939405
1.24426	98432836.45969547
1.24427	98043769.43891941
1.2442799999999998	97048762.06849341
1.24429	94366967.6870706
1.2443	98046027.00613011
1.24431	98796145.2593374
1.24432	98768850.64664264
1.24433	98723376.38165264
1.24434	98648389.61304468
1.24435	98941843.96779041
1.24436	98843928.9827226
1.24437	98948678.86430618
1.2443799999999998	98448703.23710464
1.24439	97955764.85168476
1.2444	98394313.50296818
1.24441	98260733.10477255
1.24442	99042136.45084348
1.24443	99092320.80901691
1.24444	99110575.97038548
1.24445	99128834.49478924
1.24446	97618021.22413866
1.24447	98857585.71951964
1.24448	98962350.07383348
1.24449	98987418.8639912
1.2445	98962350.07383348
1.24451	99181346.49121258
1.24452	99074069.0100632
1.24453	98632490.65258816
1.24454	98082155.152006
1.24455	97570830.1364145
1.24456	98129593.5470821
1.2445700000000002	98946400.5130076
1.24458	98800695.09472664
1.24459	98650661.10230967
1.2446	98652932.64387828
1.24461	98414706.13106015
1.24462	98005398.7485758
1.24463	98587079.16923857
1.24464	98723376.38165264
1.24465	98192880.43317086
1.24466	98487247.48828793
1.2446700000000002	98589349.2467626
1.24468	98403376.37150264
1.24469	97985090.93355246
1.2447	98748384.63584515
1.24471	98662019.33321284
1.24472	98930453.52273963
1.24473	99071787.77158308
1.24474	98889458.77702253
1.24475	99064944.37129854
1.24476	98909954.02601875
1.2447700000000002	98864414.7954808
1.24478	97973810.63242532
1.24479	98548495.8476432
1.2448	98919064.38898724
1.24481	98723376.38165264
1.24482	98814345.8581287
1.24483	99405405.21426824
1.24484	99064944.37129854
1.24485	98247158.82051578
1.24486	99117422.5228981
1.24487	99366501.63024832
1.24488	99263595.03204678
1.24489	97879107.35783568
1.2449	98987418.8639912
1.24491	99224746.94726582
1.24492	99471805.30834232
1.24493	99382518.90883176
1.24494	99403116.34657791
1.24495	99243026.50467786
1.24496	99586392.40535906
1.24497	99602445.12900405
1.24498	99613912.94440085
1.24499	99254452.93809426
1.245	99325326.19516112
1.24501	99375654.04474203
1.24502	98709738.18528049
1.24503	98991977.5080583
1.24504	99119704.8121693
1.24505	98960071.40774731
1.24506	98950957.26806632
1.24507	98880351.14070567
1.24508	99017053.80333216
1.24509	99238456.29964302
1.2451	99288740.13250431
1.24511	99060382.3670606
1.24512	99302458.32647751
1.2451299999999998	99627676.0657616
1.24514	99398538.76930314
1.24515	99327613.27164684
1.24516	99028454.21918222
1.24517	99464934.27677964
1.24518	99435165.29072541
1.24519	99519915.82132846
1.2452	99510750.12044635
1.24521	99634558.33951709
1.24522	99487839.56124084
1.2452299999999998	99593271.8272414
1.24524	99499294.18142492
1.24525	99247596.92018284
1.24526	99538249.75586462
1.24527	99664387.02003568
1.24528	99597858.3725114
1.24529	99325326.19516112
1.2453	99254452.93809426
1.24531	98814345.8581287
1.24532	99261309.42961857
1.2453299999999998	99270452.15510637
1.24534	99327613.27164684
1.24535	99494712.17509918
1.24536	99850443.91569644
1.24537	99701111.50161642
1.24538	98894012.90975702
1.24539	99437454.89637844
1.2454	99756223.5985926
1.24541	99501585.26371723
1.24542	99717182.71728566
1.24543	99623088.14736816
1.24544	99625382.08015469
1.24545	99664387.02003568
1.24546	99261309.42961857
1.24547	99199618.05322877
1.24548	98272046.44097172
1.24549	95860568.44661924
1.2455	97220981.23013066
1.24551	98430569.98597048
1.2455200000000002	98014425.79508758
1.24553	98509927.62612666
1.24554	96765378.56553051
1.24555	97207550.58298194
1.24556	98235848.34944491
1.24557	99320752.20017315
1.24558	99529082.36644211
1.24559	99467224.56789725
1.2456	99574927.758199
1.24561	99570342.26889856
1.2456200000000002	99259023.87981808
1.24563	99275023.83363871
1.24564	99233886.30506948
1.24565	99398538.76930314
1.24566	99382518.90883176
1.24567	99204186.46965466
1.24568	98548495.8476432
1.24569	98589349.2467626
1.2457	98312785.23765248
1.24571	98732469.55939405
1.2457200000000002	98616594.25453441
1.24573	97496718.80097918
1.24574	98349011.6789979
1.24575	98932731.50684136
1.24576	99201902.2351438
1.24577	99646029.85229672
1.24578	99513041.46652448
1.24579	99685042.87611271
1.2458	99552002.42324749
1.24581	99864239.71727596
1.24582	99593271.8272414
1.24583	99240741.37585203
1.24584	99348199.32997236
1.24585	99393961.40282916
1.24586	99485548.79545136
1.24587	99579513.45867352
1.24588	99451193.63747486
1.24589	98909954.02601875
1.2459	98764302.27771065
1.24591	99192765.8230462
1.24592	99078631.64460886
1.24593	99293312.65324816
1.24594	98873520.96393842
1.24595	98891735.81717406
1.24596	99279595.72270907
1.24597	99506167.5865673
1.24598	99556587.0679474
1.24599	99529082.36644211
1.246	99355062.29749206
1.24601	99416850.34330064
1.24602	98627948.56312098
1.24603	98875797.63710402
1.24604	99176779.1265819
1.24605	98596159.79296468
1.24606	98333160.96867415
1.24607	99229316.52094673
1.24608	99469514.9117509
1.24609	99304744.8764046
1.2461	99316178.4158202
1.24611	98568920.43066327
1.24612	99318465.28166808
1.24613	99412272.13356651
1.24614	99458063.71983504
1.24615	99069506.58562936
1.24616	99487839.56124084
1.24617	99758520.59697191
1.2461799999999998	99545125.85205609
1.24619	99735552.99307358
1.2462	98732469.55939405
1.24621	98677923.05351436
1.24622	99389384.24714546
1.24623	99384807.30224311
1.24624	99304744.8764046
1.24625	99158511.77126442
1.24626	99311604.84209332
1.24627	99185914.06618255
1.2462799999999998	99039855.94762924
1.24629	99428296.79007806
1.2463	99348199.32997236
1.24631	99074069.0100632
1.24632	98775673.5927908
1.24633	98423770.87791155
1.24634	99277309.75185598
1.24635	98971465.26287895
1.24636	98730196.1864414
1.24637	98414706.13106015
1.2463799999999998	98267520.9501917
1.24639	98265258.28295314
1.2464	97606783.18104096
1.24641	98839377.15638508
1.24642	99515332.8653634
1.24643	99115140.28617792
1.24644	99389384.24714546
1.24645	99506167.5865673
1.24646	99864239.71727596
1.24647	99795279.76503308
1.24648	99855042.30445144
1.24649	99275023.83363871
1.2465	98609782.29681806
1.24651	98634761.77576186
1.24652	99387095.74834728
1.24653	99620794.26740074
1.24654	99407694.13466232
1.24655	99733256.52353722
1.24656	99609325.65980797
1.2465700000000002	98664291.1363178
1.24658	99689633.64769258
1.24659	99790684.12838176
1.2466	99256738.38264371
1.24661	98807520.24068734
1.24662	99131117.04683384
1.24663	99247596.92018284
1.24664	99307031.47898248
1.24665	99673566.87205124
1.24666	99790684.12838176
1.2466700000000002	99921742.74381384
1.24668	99217892.98130068
1.24669	99501585.26371723
1.2467	99859640.90497456
1.24671	99756223.5985926
1.24672	99524498.98835172
1.24673	99501585.26371723
1.24674	99611619.27569784
1.24675	99836650.0199457
1.24676	100154392.26355276
1.2467700000000002	100041455.12193564
1.24678	99590978.63381223
1.24679	99003375.03672698
1.2468	99195049.84718098
1.24681	99313891.60262915
1.24682	98532612.98686144
1.24683	98848481.01868469
1.24684	99361925.73910517
1.24685	98718830.10683976
1.24686	99252167.5461685
1.24687	99249882.20686483
1.24688	98460038.21541084
1.24689	97129242.11189117
1.2469	98543957.62619068
1.24691	99017053.80333216
1.24692	99678157.11512944
1.24693	99724071.17415476
1.24694	99572634.98715238
1.24695	99542833.76721622
1.24696	99887236.95579924
1.24697	99979278.88128342
1.24698	99905638.55962084
1.24699	99531374.13464104
1.247	99021613.81217007
1.24701	99499294.18142492
1.24702	99811366.16005641
1.24703	99744739.40001936
1.24704	99981581.01575913
1.24705	99983883.20324448
1.24706	99859640.90497456
1.24707	99914840.63274764
1.24708	100133639.15303198
1.24709	100101365.08380188
1.2471	100036848.14875078
1.24711	99558879.46947238
1.24712	99907938.99844596
1.2471299999999998	100016119.39468558
1.24714	99792981.9202528
1.24715	99806769.78261589
1.24716	99343624.28166184
1.24717	99990790.08376676
1.24718	99561171.92378244
1.24719	99577220.58203883
1.2472	99318465.28166808
1.24721	98727922.86583447
1.24722	99577220.58203883
1.2472299999999998	99951657.40184855
1.24724	99446613.84621044
1.24725	99595565.07347392
1.24726	99503876.3987643
1.24727	99140247.7806078
1.24728	99776898.48818006
1.24729	100133639.15303198
1.2473	100027634.83883436
1.24731	100094450.56529298
1.24732	99384807.30224311
1.2473299999999998	99529082.36644211
1.24734	99632264.19544178
1.24735	99206470.75676258
1.24736	100188990.33967842
1.24737	99889536.97090691
1.24738	100343674.38969491
1.24739	100069101.41682573
1.2474	100105975.0281698
1.24741	100170536.5453371
1.24742	99896437.33399723
1.2474299999999998	100000000.0
1.24744	99841247.77345333
1.24745	98907676.56638189
1.24746	99538249.75586462
1.24747	99694224.63069054
1.24748	99327613.27164684
1.24749	99726367.4321886
1.2475	99597858.3725114
1.24751	98919064.38898724
1.24752	98935009.5433958
1.24753	99652913.39393067
1.24754	99721774.968994
1.24755	99783791.07021134
1.24756	99802173.61684184
1.24757	99806769.78261589
1.24758	99277309.75185598
1.24759	99403116.34657791
1.2476	98878074.36269298
1.24761	99845845.73870055
1.2476200000000002	99698815.82511556
1.24763	98768850.64664264
1.24764	98500854.9443109
1.24765	98896290.05477254
1.24766	99064944.37129854
1.24767	98784771.58750518
1.24768	96298605.90973298
1.24769	98643846.79142056
1.2477	99304744.8764046
1.24771	99756223.5985926
1.2477200000000002	99678157.11512944
1.24773	99224746.94726582
1.24774	98868967.77487116
1.24775	99053539.75460628
1.24776	99393961.40282916
1.24777	99247596.92018284
1.24778	98996536.36206394
1.24779	99389384.24714546
1.2478	99458063.71983504
1.24781	99510750.12044635
1.2478200000000002	99339049.44403526
1.24783	99464934.27677964
1.24784	99389384.24714546
1.24785	99733256.52353722
1.24786	99268166.39478928
1.24787	99293312.65324816
1.24788	99233886.30506948
1.24789	99304744.8764046
1.2479	99758520.59697191
1.24791	99855042.30445144
1.24792	99845845.73870055
1.24793	99951657.40184855
1.24794	99891837.03897496
1.24795	99634558.33951709
1.24796	99866539.20284691
1.24797	100025331.64394195
1.24798	99451193.63747486
1.24799	99763114.75240378
1.248	99930946.30025911
1.24801	99986185.44373985
1.24802	99373365.8620898
1.24803	99570342.26889856
1.24804	99160795.00666144
1.24805	99581806.38810425
1.24806	99726367.4321886
1.24807	99103729.89080006
1.24808	98718830.10683976
1.24809	99217892.98130068
1.2481	99014773.87766016
1.24811	98414706.13106015
1.24812	98376190.2698702
1.24813	99183630.25240451
1.24814	99300171.82919957
1.24815	99176779.1265819
1.24816	99554294.7192063
1.24817	99685042.87611271
1.2481799999999998	99169928.47400242
1.24819	98646118.17608204
1.2482	99675861.96716678
1.24821	99891837.03897496
1.24822	99618500.44025126
1.24823	99620794.26740074
1.24824	99444324.0296668
1.24825	99859640.90497456
1.24826	99341336.83651368
1.24827	99556587.0679474
1.2482799999999998	99912540.03500836
1.24829	99334474.81708248
1.2483	98553034.27809298
1.24831	97263523.85606392
1.24832	98401110.57611342
1.24833	98174794.30199865
1.24834	98757480.11703797
1.24835	99698815.82511556
1.24836	99556587.0679474
1.24837	99983883.20324448
1.2483799999999998	100043758.68808869
1.24839	99974674.77135476
1.2484	100320572.06466793
1.24841	100198218.51167051
1.24842	99967769.00399992
1.24843	99707998.8482873
1.24844	99958562.05621444
1.24845	99765411.9094592
1.24846	100096755.35172528
1.24847	99868838.74136572
1.24848	99889536.97090691
1.24849	100027634.83883436
1.2485	99878037.42494796
1.24851	99471805.30834232
1.24852	99101447.96936037
1.24853	99288740.13250431
1.24854	99657502.68585911
1.24855	99341336.83651368
1.24856	99135682.30859956
1.2485700000000002	97604535.72767664
1.24858	94462622.84294827
1.24859	96696331.95060356
1.2486	98789320.89910544
1.24861	99080913.04067719
1.24862	99229316.52094673
1.24863	99078631.64460886
1.24864	99680452.31594042
1.24865	100445387.83932994
1.24866	100318262.12472431
1.2486700000000002	99545125.85205609
1.24868	99735552.99307358
1.24869	99549710.18007049
1.2487	99871138.33283396
1.24871	100292856.2954683
1.24872	99822858.02976048
1.24873	99914840.63274764
1.24874	99944753.22442238
1.24875	100103670.02944906
1.24876	99850443.91569644
1.2487700000000002	99552002.42324749
1.24878	98985139.62068143
1.24879	99439744.55475222
1.2488	99513041.46652448
1.24881	98353540.92265068
1.24882	98871244.34319451
1.24883	99570342.26889856
1.24884	99391672.7986393
1.24885	97716971.81315826
1.24886	98969186.38691024
1.24887	99804471.67327121
1.24888	99497003.15188567
1.24889	99339049.44403526
1.2489	99804471.67327121
1.24891	100283619.40741558
1.24892	99650618.82721949
1.24893	100193604.3194314
1.24894	100004605.2762254
1.24895	100242063.93757944
1.24896	99912540.03500836
1.24897	100325192.10412242
1.24898	100276692.29965886
1.24899	99756223.5985926
1.249	99749332.92078944
1.24901	100043758.68808869
1.24902	99781493.48996498
1.24903	99737849.51548912
1.24904	99327613.27164684
1.24905	99405405.21426824
1.24906	99838948.8702327
1.24907	100020725.41325404
1.24908	100159004.6499688
1.24909	100214369.85798074
1.2491	100209754.92196138
1.24911	99561171.92378244
1.24912	99570342.26889856
1.24913	99678157.11512944
1.24914	99552002.42324749
1.24915	99671271.82978164
1.24916	99348199.32997236
1.24917	99245311.68612093
1.24918	98775673.5927908
1.24919	99542833.76721622
1.2492	99795279.76503308
1.24921	99595565.07347392
1.24922	100011513.58822764
1.2492299999999998	100283619.40741558
1.24924	100073709.87536263
1.24925	99703407.23097818
1.24926	99958562.05621444
1.24927	99432875.73779143
1.24928	97840801.11011522
1.24929	98627948.56312098
1.2493	99552002.42324749
1.24931	99568049.60343587
1.24932	99535957.82935087
1.2493299999999998	100087536.5244052
1.24934	100027634.83883436
1.24935	100475459.26668768
1.24936	100521740.58148004
1.24937	100558780.9819768
1.24938	100593518.75314076
1.24939	100665348.17844926
1.2494	100683893.12885772
1.24941	100639854.44885656
1.24942	100758107.10099328
1.2494299999999998	100797555.52094351
1.24944	100860240.64069344
1.24945	100507853.94907376
1.24946	100570358.90594581
1.24947	100378337.85284218
1.24948	100345984.91478392
1.24949	100438449.55739136
1.2495	100607417.22139467
1.24951	100561096.46013512
1.24952	100623634.52805996
1.24953	100311332.62401609
1.24954	100327502.20363614
1.24955	100216677.40568855
1.24956	100105975.0281698
1.24957	99691929.11276354
1.24958	98702919.7936316
1.24959	99165361.63517879
1.2496	99403116.34657791
1.24961	99703407.23097818
1.2496200000000002	99797577.6627238
1.24963	99616206.66591808
1.24964	99646029.85229672
1.24965	99756223.5985926
1.24966	99540541.73515251
1.24967	99671271.82978164
1.24968	100023028.50208241
1.24969	100119806.13511586
1.2497	100069101.41682573
1.24971	100039151.60882354
1.2497200000000002	99809067.94487706
1.24973	100285928.54967158
1.24974	100242063.93757944
1.24975	100036848.14875078
1.24976	100440762.26478475
1.24977	100389895.0013323
1.24978	100429199.26032159
1.24979	100288237.74509856
1.2498	100066797.2671415
1.24981	99960863.71366216
1.2498200000000002	99547417.9896738
1.24983	98732469.55939405
1.24984	99135682.30859956
1.24985	99112858.1020076
1.24986	98743837.2093861
1.24987	99453483.61219849
1.24988	100018422.37745562
1.24989	100009210.76453689
1.2499	99811366.16005641
1.24991	99855042.30445144
1.24992	100071405.61956598
1.24993	100232831.7274608
1.24994	100041455.12193564
1.24995	100292856.2954683
1.24996	100235139.70027377
1.24997	99742442.7189606
1.24998	97761982.50498378
1.24999	97438367.70156547
1.25	98405642.21906433
1.25001	99542833.76721622
1.25002	99339049.44403526
1.25003	99685042.87611271
1.25004	99866539.20284691
1.25005	100087536.5244052
1.25006	100009210.76453689
1.25007	99042136.45084348
1.25008	98689284.42324632
1.25009	97757480.50297524
1.2501	99744739.40001936
1.25011	99926344.41607642
1.25012	99852743.0836033
1.25013	99878037.42494796
1.25014	99910239.49024168
1.25015	100059885.13641033
1.25016	100355227.54717666
1.25017	99912540.03500836
1.2501799999999998	99409983.10776134
1.25019	99577220.58203883
1.2502	99779195.96262176
1.25021	99687338.23547605
1.25022	99795279.76503308
1.25023	99238456.29964302
1.25024	99735552.99307358
1.25025	99988487.73724689
1.25026	99843546.72960912
1.25027	99871138.33283396
1.2502799999999998	99951657.40184855
1.25029	99581806.38810425
1.2503	99740146.09078424
1.25031	99783791.07021134
1.25032	100089841.15163398
1.25033	99813664.42815432
1.25034	100272074.49365108
1.25035	100408389.2067168
1.25036	100392206.59070244
1.25037	100493969.23504408
1.2503799999999998	100292856.2954683
1.25039	100269765.67039284
1.2504	100142862.22675659
1.25041	100445387.83932994
1.25042	100649124.14888012
1.25043	100642171.79382192
1.25044	100484713.8246581
1.25045	100216677.40568855
1.25046	99878037.42494796
1.25047	99963165.42410849
1.25048	100477772.82627052
1.25049	100237447.72623035
1.2505	100450013.62689604
1.25051	100355227.54717666
1.25052	100366782.03484134
1.25053	100443075.0254304
1.25054	100366782.03484134
1.25055	100327502.20363614
1.25056	100526369.88530082
1.2505700000000002	100466205.56105427
1.25058	100232831.7274608
1.25059	100214369.85798074
1.2506	100078318.54613145
1.25061	100119806.13511586
1.25062	99659797.41107884
1.25063	100436136.90324984
1.25064	100503225.4979237
1.25065	100436136.90324984
1.25066	100413013.29039323
1.2506700000000002	100225908.12787113
1.25068	99983883.20324448
1.25069	99650618.82721949
1.2507	99953958.90030888
1.25071	100581938.1629493
1.25072	100445387.83932994
1.25073	100371404.2023926
1.25074	100366782.03484134
1.25075	99765411.9094592
1.25076	100186683.42948149
1.2507700000000002	100586570.23903458
1.25078	100452326.60056464
1.25079	100348295.49307533
1.2508	100110585.18483797
1.25081	100076014.1842174
1.25082	100032241.3877204
1.25083	99657502.68585911
1.25084	99416850.34330064
1.25085	98807520.24068734
1.25086	99033014.75304078
1.25087	99818261.12311192
1.25088	99953958.90030888
1.25089	99917141.28346078
1.2509	100034544.74171697
1.25091	99882637.08445986
1.25092	99806769.78261589
1.25093	99887236.95579924
1.25094	100036848.14875078
1.25095	99639146.786145
1.25096	99382518.90883176
1.25097	99348199.32997236
1.25098	99838948.8702327
1.25099	100175149.67524149
1.251	100413013.29039323
1.25101	100039151.60882354
1.25102	99901037.84087622
1.25103	99896437.33399723
1.25104	100023028.50208241
1.25105	99437454.89637844
1.25106	99519915.82132846
1.25107	99350486.9331375
1.25108	99600151.7243542
1.25109	98889458.77702253
1.2511	99103729.89080006
1.25111	99446613.84621044
1.25112	99901037.84087622
1.25113	99664387.02003568
1.25114	98616594.25453441
1.25115	98925897.71189152
1.25116	97624764.67106088
1.25117	99318465.28166808
1.25118	99641441.08869962
1.25119	98850757.11527763
1.2512	98301467.2114956
1.25121	99859640.90497456
1.25122	100156698.43020956
1.2512299999999998	100202832.91640632
1.25124	99689633.64769258
1.25125	100209754.92196138
1.25126	100359849.18261184
1.25127	100117500.8179258
1.25128	99405405.21426824
1.25129	99300171.82919957
1.2513	99147096.38284723
1.25131	100043758.68808869
1.25132	100237447.72623035
1.2513299999999998	100175149.67524149
1.25134	99744739.40001936
1.25135	97973810.63242532
1.25136	97658488.89386828
1.25137	99848144.80072927
1.25138	100126722.40518636
1.25139	100242063.93757944
1.2514	100272074.49365108
1.25141	100318262.12472431
1.25142	100152086.14999685
1.2514299999999998	99770006.38225543
1.25144	100009210.76453689
1.25145	99970070.87344788
1.25146	99790684.12838176
1.25147	99659797.41107884
1.25148	99848144.80072927
1.25149	100059885.13641033
1.2515	100094450.56529298
1.25151	99944753.22442238
1.25152	99972372.79589891
1.25153	99682747.56960136
1.25154	99552002.42324749
1.25155	99730960.1068784
1.25156	99501585.26371723
1.25157	99685042.87611271
1.25158	100099060.19122782
1.25159	100200525.68747596
1.2516	100050669.7048062
1.25161	99774601.06663944
1.2516200000000002	100142862.22675659
1.25163	100034544.74171697
1.25164	100154392.26355276
1.25165	100279001.28241046
1.25166	100071405.61956598
1.25167	100043758.68808869
1.25168	99933247.32182324
1.25169	100046062.30728392
1.2517	100006907.99387002
1.25171	99818261.12311192
1.2517200000000002	99944753.22442238
1.25173	99526790.65101288
1.25174	98367129.90515329
1.25175	99265880.68710317
1.25176	99334474.81708248
1.25177	99958562.05621444
1.25178	99921742.74381384
1.25179	100117500.8179258
1.2518	100009210.76453689
1.25181	99501585.26371723
1.2518200000000002	99432875.73779143
1.25183	99403116.34657791
1.25184	99845845.73870055
1.25185	99712590.67705308
1.25186	100046062.30728392
1.25187	99940150.70442194
1.25188	99873437.97725289
1.25189	99815962.74917243
1.2519	98746110.89643852
1.25191	96400658.38447294
1.25192	98655204.23775204
1.25193	99724071.17415476
1.25194	99730960.1068784
1.25195	99940150.70442194
1.25196	99834351.22259109
1.25197	99912540.03500836
1.25198	99751629.7605028
1.25199	98428303.56443197
1.252	96852313.69601676
1.25201	97716971.81315826
1.25202	99343624.28166184
1.25203	99494712.17509918
1.25204	99648324.31334165
1.25205	99641441.08869962
1.25206	98916786.71957932
1.25207	99304744.8764046
1.25208	99607032.09672987
1.25209	99412272.13356651
1.2521	99827455.14810884
1.25211	99604738.58646202
1.25212	99131117.04683384
1.25213	99412272.13356651
1.25214	99458063.71983504
1.25215	99179062.78260556
1.25216	99714886.67073569
1.25217	99607032.09672987
1.2521799999999998	99407694.13466232
1.25219	99174495.52314118
1.2522	98637032.9512307
1.25221	99570342.26889856
1.25222	99400827.53158969
1.25223	99577220.58203883
1.25224	99641441.08869962
1.25225	99542833.76721622
1.25226	99563464.43087928
1.25227	99323039.17133711
1.2522799999999998	99341336.83651368
1.25229	99192765.8230462
1.2523	99035295.09872888
1.25231	98802970.09099571
1.25232	98455504.0674894
1.25233	98634761.77576186
1.25234	98725649.5975717
1.25235	98473641.91207457
1.25236	98285624.16381744
1.25237	98473641.91207457
1.2523799999999998	98122815.22902136
1.25239	97854319.250101
1.2524	97008547.05702291
1.25241	96890232.9350116
1.25242	96658488.59725322
1.25243	95765702.75833616
1.25244	95077991.76594795
1.25245	94186790.89630888
1.25246	92567812.30885376
1.25247	90485710.32253648
1.25248	89182573.41209616
1.25249	86778072.61507425
1.2525	84011743.93761969
1.25251	80385922.49193527
1.25252	76395890.92823967
1.25253	71675379.32079555
1.25254	67588062.96626794
1.25255	64888838.43643551
1.25256	64437695.46256467
1.2525700000000002	66846704.24078098
1.25258	71311570.32714374
1.25259	75833307.79213202
1.2526	79874839.77611078
1.25261	83514137.45070471
1.25262	86357487.81703791
1.25263	88658422.57615115
1.25264	91022759.982213
1.25265	92463430.02574426
1.25266	93877172.38200767
1.2526700000000002	94979526.46289328
1.25268	95646702.06917565
1.25269	96061640.70715618
1.2527	96451725.1709846
1.25271	97294882.96590091
1.25272	97357631.52067123
1.25273	96975047.277411
1.25274	98231324.5256106
1.25275	98602970.80963926
1.25276	98796145.2593374
1.2527700000000002	98668834.89946043
1.25278	98793870.42021444
1.25279	98748384.63584515
1.2528	99099166.10046366
1.25281	99078631.64460886
1.25282	98675650.93652694
1.25283	99042136.45084348
1.25284	99611619.27569784
1.25285	99673566.87205124
1.25286	99763114.75240378
1.2528700000000002	99749332.92078944
1.25288	99685042.87611271
1.25289	99659797.41107884
1.2529	99627676.0657616
1.25291	99432875.73779143
1.25292	99664387.02003568
1.25293	99799875.6133262
1.25294	99149379.3553922
1.25295	99531374.13464104
1.25296	99884936.99365036
1.25297	99620794.26740074
1.25298	99687338.23547605
1.25299	98600700.4184712
1.253	98432836.45969547
1.25301	99726367.4321886
1.25302	99467224.56789725
1.25303	99935548.39637092
1.25304	100101365.08380188
1.25305	100085231.95024183
1.25306	100085231.95024183
1.25307	100087536.5244052
1.25308	100039151.60882354
1.25309	100205140.19846316
1.2531	99655208.01347679
1.25311	98875797.63710402
1.25312	99912540.03500836
1.25313	100253605.39605212
1.25314	100325192.10412242
1.25315	100062189.12693499
1.25316	100062189.12693499
1.25317	100198218.51167051
1.25318	99990790.08376676
1.25319	99917141.28346078
1.2532	99901037.84087622
1.25321	100329812.35634248
1.25322	100212062.36340556
1.2532299999999998	100237447.72623035
1.25324	100232831.7274608
1.25325	99797577.6627238
1.25326	99391672.7986393
1.25327	99963165.42410849
1.25328	100341363.91780716
1.25329	100359849.18261184
1.2533	100251296.99805568
1.25331	100034544.74171697
1.25332	100304403.60196391
1.2533299999999998	100489341.42329404
1.25334	100371404.2023926
1.25335	100235139.70027377
1.25336	100244372.12297478
1.25337	99156228.58844024
1.25338	96431739.29450773
1.25339	97238891.64625897
1.2534	99836650.0199457
1.25341	100387583.46518783
1.25342	100394518.23329952
1.2534299999999998	99652913.39393067
1.25344	100000000.0
1.25345	100378337.85284218
1.25346	100329812.35634248
1.25347	100558780.9819768
1.25348	100496283.22083962
1.25349	100200525.68747596
1.2535	100357538.33828998
1.25351	100565727.5764024
1.25352	99898737.56095427
1.25353	99652913.39393067
1.25354	99526790.65101288
1.25355	99737849.51548912
1.25356	99163078.2946325
1.25357	98541688.59383573
1.25358	99815962.74917243
1.25359	100188990.33967842
1.2536	100380649.17609608
1.25361	100248988.65321147
1.2536200000000002	99428296.79007806
1.25363	99701111.50161642
1.25364	100429199.26032159
1.25365	100521740.58148004
1.25366	99942451.93792813
1.25367	99740146.09078424
1.25368	99542833.76721622
1.25369	100514797.02546345
1.2537	100644489.19214676
1.25371	100714035.96013597
1.2537200000000002	100802197.5268037
1.25373	100623634.52805996
1.25374	100401453.48046492
1.25375	100577306.3001737
1.25376	100565727.5764024
1.25377	100767387.6929902
1.25378	100332122.56224307
1.25379	97597793.67807204
1.2538	98827998.50758328
1.25381	100482400.10525472
1.2538200000000002	100482400.10525472
1.25383	100202832.91640632
1.25384	99320752.20017315
1.25385	99629970.10419051
1.25386	99620794.26740074
1.25387	100133639.15303198
1.25388	100119806.13511586
1.25389	100216677.40568855
1.2539	100318262.12472431
1.25391	100547204.39088884
1.25392	100041455.12193564
1.25393	98446436.3980378
1.25394	99268166.39478928
1.25395	100362160.08014344
1.25396	100487027.59733748
1.25397	100265148.1833612
1.25398	100667666.11043662
1.25399	100806839.7464411
1.254	100871853.27348621
1.25401	100860240.64069344
1.25402	100830054.05163172
1.25403	100776669.1398006
1.25404	100869530.6399702
1.25405	100055277.31451148
1.25406	100598151.36254421
1.25407	100943881.44528385
1.25408	100855595.96191059
1.25409	100630585.6025646
1.2541	100537944.0775896
1.25411	100205140.19846316
1.25412	100172843.08373398
1.25413	100329812.35634248
1.25414	100043758.68808869
1.25415	99861940.28465237
1.25416	98887181.78930075
1.25417	99515332.8653634
1.25418	99763114.75240378
1.25419	97498963.77173886
1.2542	94169442.64613672
1.25421	97492229.01453476
1.25422	98523538.21574296
1.25423	100295165.65041392
1.25424	100723312.49284388
1.25425	100960152.98794496
1.25426	100248988.65321147
1.25427	100579622.20489816
1.2542799999999998	100888113.20564245
1.25429	100758107.10099328
1.2543	101109043.04693408
1.25431	101251158.25636543
1.25432	101118355.96281464
1.25433	100737228.89400434
1.25434	100897405.77219552
1.25435	100790592.9129635
1.25436	100960152.98794496
1.25437	100612050.47086096
1.2543799999999998	99935548.39637092
1.25439	99490130.37977816
1.2544	98428303.56443197
1.25441	100311332.62401609
1.25442	100646806.64383268
1.25443	100748827.36373112
1.25444	100230523.80778982
1.25445	100669984.09579656
1.25446	100683893.12885772
1.25447	100424574.43127044
1.2544799999999998	100816124.82708722
1.25449	100853273.7027287
1.2545	100572674.65069877
1.25451	100788272.1505149
1.25452	100720993.27956596
1.25453	100795234.59817636
1.25454	100574990.4487743
1.25455	100461579.02783965
1.25456	100230523.80778982
1.25457	99117422.5228981
1.25458	98509927.62612666
1.25459	98582539.17099974
1.2546	100382960.55257076
1.25461	100549519.60248324
1.25462	100403765.33598194
1.25463	100577306.3001737
1.25464	100376026.58280784
1.25465	100644489.19214676
1.25466	100500911.3522782
1.2546700000000002	100039151.60882354
1.25468	99861940.28465237
1.25469	98305994.26559472
1.2547	100092145.83192976
1.25471	100950854.64242624
1.25472	100939232.91478829
1.25473	101002006.14247249
1.25474	101171921.87805732
1.25475	100667666.11043662
1.25476	100445387.83932994
1.2547700000000002	99277309.75185598
1.25478	100443075.0254304
1.25479	100595835.03117505
1.2548	100041455.12193564
1.25481	100549519.60248324
1.25482	100953179.14851816
1.25483	100834697.55413903
1.25484	100612050.47086096
1.25485	100586570.23903458
1.25486	100909022.68402852
1.2548700000000002	100960152.98794496
1.25488	100906699.19466506
1.25489	100920640.93338491
1.2549	101050856.75208116
1.25491	100862563.06029683
1.25492	100971777.12423438
1.25493	100753467.12552509
1.25494	100885790.19773196
1.25495	101125341.21264604
1.25496	100932260.52041866
1.25497	101232508.82148254
1.25498	101083436.95060144
1.25499	101032244.21070077
1.255	101043876.64727633
1.25501	100732589.87999135
1.25502	101146299.85751653
1.25503	100988053.16351008
1.25504	100558780.9819768
1.25505	100885790.19773196
1.25506	100533314.24076983
1.25507	100929936.4959904
1.25508	100902052.3764356
1.25509	100795234.59817636
1.2551	100804518.60989964
1.25511	100739548.48112498
1.25512	100890436.26704276
1.25513	100711716.96045606
1.25514	100124416.92874514
1.25515	99928645.331677
1.25516	99121987.15399276
1.25517	99652913.39393067
1.25518	100011513.58822764
1.25519	100225908.12787113
1.2552	100755787.08654957
1.25521	100969452.18991277
1.25522	100642171.79382192
1.2552299999999998	101002006.14247249
1.25524	101197550.38907672
1.25525	100551834.86738797
1.25526	100551834.86738797
1.25527	101174251.47446904
1.25528	100503225.4979237
1.25529	99153945.45818728
1.2553	93318983.61003187
1.25531	99249882.20686483
1.25532	100493969.23504408
1.2553299999999998	100470832.30733354
1.25534	100297475.05853504
1.25535	100124416.92874514
1.25536	100246680.36151823
1.25537	99770006.38225543
1.25538	100429199.26032159
1.25539	100556465.5571333
1.2554	100707079.12128356
1.25541	100904375.75880091
1.25542	99859640.90497456
1.2554299999999998	99126551.99530172
1.25544	100357538.33828998
1.25545	101141642.00552323
1.25546	101143970.90470712
1.25547	101018287.05448338
1.25548	101004331.8263848
1.25549	101064818.4082794
1.2555	100496283.22083962
1.25551	100621317.6099256
1.25552	101132326.94501764
1.25553	101386469.44669436
1.25554	101293132.04748188
1.25555	101526636.83250734
1.25556	101419157.85140473
1.25557	101393473.21778876
1.25558	101479892.85243024
1.25559	101234839.81297667
1.2556	100848629.34477744
1.25561	100327502.20363614
1.2556200000000002	100704760.28178896
1.25563	100797555.52094351
1.25564	101032244.21070077
1.25565	101239501.9569864
1.25566	101134655.62971188
1.25567	101167262.84615315
1.25568	101041550.05282135
1.25569	101195220.25619385
1.2557	101571063.5568458
1.25571	101528974.59662676
1.2557200000000002	101524299.12221628
1.25573	101363127.03687386
1.25574	101109043.04693408
1.25575	101150957.92401716
1.25576	101267479.33018894
1.25577	101085764.50954896
1.25578	101127669.73648596
1.25579	101365461.03599821
1.2558	101206871.4571602
1.25581	101550016.89618452
1.2558200000000002	101370129.19547606
1.25583	101479892.85243024
1.25584	100895082.55031784
1.25585	101293132.04748188
1.25586	101043876.64727633
1.25587	101272142.9773386
1.25588	100848629.34477744
1.25589	100985727.85442355
1.2559	101120684.3258114
1.25591	101454192.83753642
1.25592	101491576.82942712
1.25593	101414487.4341258
1.25594	100878821.49492691
1.25595	101123012.74242131
1.25596	101349124.17066231
1.25597	101372463.35583249
1.25598	100906699.19466506
1.25599	99455773.63965134
1.256	100741868.12165672
1.25601	101437841.67147644
1.25602	101449520.80687352
1.25603	101402812.33186266
1.25604	101199880.57561351
1.25605	101304794.52160873
1.25606	101283803.03487033
1.25607	100983402.59887859
1.25608	100906699.19466506
1.25609	100588886.35707156
1.2561	100897405.77219552
1.25611	100209754.92196138
1.25612	100711716.96045606
1.25613	100561096.46013512
1.25614	100909022.68402852
1.25615	100948530.18985704
1.25616	101046203.29530372
1.25617	101183570.39654437
1.25618	101332789.93830626
1.25619	101517286.31430066
1.2562	101493913.78625087
1.25621	101465873.8555394
1.25622	101351457.84735459
1.25623	101519623.8631144
1.25624	101561708.94697504
1.25625	101552355.19865642
1.25626	101337456.59318982
1.25627	101342123.46298572
1.2562799999999998	101596793.17701451
1.25629	101678703.52006257
1.2563	101547678.6475538
1.25631	101498587.86133309
1.25632	101449520.80687352
1.25633	101230177.88366126
1.25634	100542574.1276257
1.25635	100595835.03117505
1.25636	100466205.56105427
1.25637	101178910.82821845
1.2563799999999998	101500924.97959368
1.25639	101120684.3258114
1.2564	101223185.3922197
1.25641	101774739.63031983
1.25642	101758336.80238476
1.25643	101955345.33781576
1.25644	102018750.47694495
1.25645	101725539.07692029
1.25646	101770052.8382715
1.25647	101641250.60084896
1.2564799999999998	101155616.20503418
1.25649	101160274.70057836
1.2565	101381800.53473744
1.25651	101763023.0548773
1.25652	101470546.63930501
1.25653	101388803.98330373
1.25654	101155616.20503418
1.25655	101199880.57561351
1.25656	101363127.03687386
1.25657	101620189.39664696
1.25658	101391138.57366796
1.25659	101029917.88408948
1.2566	100468518.90756024
1.25661	101102058.92290121
1.25662	101479892.85243024
1.25663	101421493.14070109
1.25664	101472883.11188512
1.25665	100568043.21451382
1.25666	99958562.05621444
1.2566700000000002	100802197.5268037
1.25668	100649124.14888012
1.25669	100364471.0308865
1.2567	101213862.8216365
1.25671	101239501.9569864
1.25672	101146299.85751653
1.25673	101174251.47446904
1.25674	100772028.3095386
1.25675	100774348.69795462
1.25676	100915993.47312944
1.2567700000000002	101241833.10950491
1.25678	101132326.94501764
1.25679	101153287.03771044
1.2568	100943881.44528385
1.25681	101440177.39098822
1.25682	101676362.30834694
1.25683	101339790.0012231
1.25684	101057837.3390708
1.25685	100653759.31906562
1.25686	101062491.33162808
1.2568700000000002	99871138.33283396
1.25688	97849812.99592648
1.25689	100191297.30299492
1.2569	101155616.20503418
1.25691	101610830.2623275
1.25692	101596793.17701451
1.25693	101725539.07692029
1.25694	101568724.8236034
1.25695	101713828.16557471
1.25696	101594453.85133211
1.25697	101269811.12691766
1.25698	101258152.68017116
1.25699	101330456.69145308
1.2570000000000001	101127669.73648596
1.25701	101416822.61588018
1.25702	101645931.46119809
1.25703	101489239.92641321
1.25704	101176581.12452236
1.25705	100902052.3764356
1.25706	100556465.5571333
1.25707	98950957.26806632
1.25708	100656076.98420656
1.25709	101321124.24127308
1.2571	101307127.17756136
1.25711	101814586.07826068
1.25712	101307127.17756136
1.25713	101405147.2447848
1.25714	101528974.59662676
1.25715	101636569.95605606
1.25716	101190560.15138485
1.25717	101267479.33018894
1.25718	101055510.42316274
1.25719	101071799.95973979
1.2572	101559370.429128
1.25721	101666998.00054936
1.25722	101805209.04017009
1.2572299999999998	101039223.5119376
1.25724	101468210.22052349
1.25725	101486903.0772078
1.25726	101449520.80687352
1.25727	101069472.7223338
1.25728	101097403.10823137
1.25729	101451856.7953104
1.2573	101695093.51159456
1.25731	101816930.47273327
1.25732	101924830.99348298
1.2573299999999998	101552355.19865642
1.25734	101688068.90602796
1.25735	101550016.89618452
1.25736	101302461.91936684
1.25737	101335123.2388846
1.25738	101363127.03687386
1.25739	101927177.92646778
1.2574	101842722.37503327
1.25741	101908403.97562838
1.25742	102004657.03926444
1.2574299999999998	101678703.52006257
1.25744	101321124.24127308
1.25745	101440177.39098822
1.25746	101402812.33186266
1.25747	100920640.93338491
1.25748	101211532.31314988
1.25749	101384134.96383949
1.2575	101388803.98330373
1.25751	101697435.15461704
1.25752	101823963.98004857
1.25753	101828653.25485396
1.25754	101636569.95605606
1.25755	101634229.71449044
1.25756	101538326.1914136
1.25757	101295464.43489306
1.25758	100795234.59817636
1.25759	101330456.69145308
1.2576	101592114.5795145
1.25761	101838032.45233634
1.2576200000000002	100524055.2067418
1.25763	101262815.8978028
1.25764	101547678.6475538
1.25765	101472883.11188512
1.25766	101683386.10522246
1.25767	101624869.28706948
1.25768	101484566.28180934
1.25769	101725539.07692029
1.2577	101367795.08886504
1.25771	100797555.52094351
1.2577200000000002	101078781.99348491
1.25773	100401453.48046492
1.25774	99586392.40535906
1.25775	92019527.72713366
1.25776	97534890.33493996
1.25777	100417637.58702192
1.25778	101011309.19943586
1.25779	101213862.8216365
1.2578	100992703.94231293
1.25781	101129998.31394276
1.2578200000000002	101606151.01841071
1.25783	100850951.4970178
1.25784	100799876.49715208
1.25785	100948530.18985704
1.25786	101297796.87601005
1.25787	101573402.34394015
1.25788	101514948.81931075
1.25789	101398142.66730541
1.2579	100778989.63507694
1.25791	101171921.87805732
1.25792	101498587.86133309
1.25793	100830054.05163172
1.25794	100299784.51983328
1.25795	101234839.81297667
1.25796	101095075.28129826
1.25797	100632902.73410442
1.25798	101106714.95198455
1.25799	101699776.85155845
1.258	101585097.08723526
1.25801	101412152.30614036
1.25802	100818446.2308748
1.25803	101251158.25636543
1.25804	101767709.52318431
1.25805	101795832.86569646
1.25806	101781770.22309431
1.25807	101723196.78678852
1.25808	101195220.25619385
1.25809	101377131.83778691
1.2581	101202210.81580591
1.25811	100131333.5173286
1.25812	98258470.59382774
1.25813	101181240.58555897
1.25814	101650612.5371142
1.25815	102002308.32227768
1.25816	101688068.90602796
1.25817	100985727.85442355
1.25818	101139313.15996364
1.25819	101199880.57561351
1.2582	101269811.12691766
1.25821	101372463.35583249
1.25822	101302461.91936684
1.25823	101386469.44669436
1.25824	101770052.8382715
1.25825	101528974.59662676
1.25826	102007005.8103326
1.25827	102138623.34319304
1.2582799999999998	102164496.7355856
1.25829	102007005.8103326
1.2583	101120684.3258114
1.25831	100869530.6399702
1.25832	100744187.81560118
1.25833	100992703.94231293
1.25834	101127669.73648596
1.25835	99579513.45867352
1.25836	96607312.33894424
1.25837	100431511.75471616
1.2583799999999998	101468210.22052349
1.25839	101008983.35486545
1.2584	101351457.84735459
1.25841	101866175.22847624
1.25842	102044593.50356984
1.25843	101863829.7001147
1.25844	101697435.15461704
1.25845	101428499.33122972
1.25846	101181240.58555897
1.25847	101681044.78568718
1.2584799999999998	101552355.19865642
1.25849	101323457.27323616
1.2585	100732589.87999135
1.25851	99195049.84718098
1.25852	97077816.61108094
1.25853	100064493.17051166
1.25854	101309459.88722602
1.25855	101057837.3390708
1.25856	101524299.12221628
1.25857	100663030.29983404
1.25858	101386469.44669436
1.25859	101053183.56083326
1.2586	101078781.99348491
1.25861	101929524.91349292
1.25862	102021099.57253024
1.25863	102129216.4615414
1.25864	102046943.19422008
1.25865	102263346.35374048
1.25866	102272765.58978067
1.2586700000000002	102265701.08141884
1.25868	102166849.18714117
1.25869	102112756.5032963
1.2587	101568724.8236034
1.25871	101723196.78678852
1.25872	102433025.40799177
1.25873	102383506.62214445
1.25874	102534495.7588418
1.25875	102140975.19898488
1.25876	101489239.92641321
1.2587700000000002	101704460.40720308
1.25878	101943607.97056964
1.25879	101143970.90470712
1.2588	101295464.43489306
1.25881	101272142.9773386
1.25882	101962388.40682186
1.25883	101915443.80192804
1.25884	101678703.52006257
1.25885	101913097.13912834
1.25886	101603811.47725894
1.2588700000000002	101870866.44722617
1.25888	101908403.97562838
1.25889	102039894.2845779
1.2589	101627209.3131008
1.25891	101746622.11527888
1.25892	102014052.44804098
1.25893	101880249.53286593
1.25894	101960040.66309556
1.25895	102007005.8103326
1.25896	101624869.28706948
1.25897	101596793.17701451
1.25898	101258152.68017116
1.25899	101344456.97847933
1.2590000000000001	100660712.47458936
1.25901	100371404.2023926
1.25902	99983883.20324448
1.25903	99087757.54407604
1.25904	101088092.12209111
1.25905	101582758.03086218
1.25906	101543002.31180978
1.25907	101290799.71377529
1.25908	100133639.15303198
1.25909	100981077.39687362
1.2591	101798176.82835498
1.25911	101748964.94480497
1.25912	101262815.8978028
1.25913	100600467.74724948
1.25914	98923619.88514236
1.25915	100528684.61715747
1.25916	100967127.30912451
1.25917	101631889.52681024
1.25918	101744279.33969782
1.25919	101884941.39977644
1.2592	101929524.91349292
1.25921	102018750.47694495
1.25922	101981172.30287696
1.2592299999999998	101437841.67147644
1.25924	101716170.23998351
1.25925	100274383.37007254
1.25926	101241833.10950491
1.25927	101479892.85243024
1.25928	101807553.21872552
1.25929	101737251.33661194
1.2593	101788801.30154218
1.25931	101875557.88201928
1.25932	101713828.16557471
1.2593299999999998	101437841.67147644
1.25934	101671680.04663736
1.25935	101716170.23998351
1.25936	101854448.12672736
1.25937	101795832.86569646
1.25938	101477556.21844672
1.25939	101083436.95060144
1.2594	100505539.6968554
1.25941	100507853.94907376
1.25942	101134655.62971188
1.2594299999999998	101251158.25636543
1.25944	101297796.87601005
1.25945	101730223.81898697
1.25946	101143970.90470712
1.25947	101102058.92290121
1.25948	101772396.20731652
1.25949	101791145.10229108
1.2595	101309459.88722602
1.25951	101692751.92248936
1.25952	101830997.97323856
1.2595299999999998	101477556.21844672
1.25954	101575741.1848881
1.25955	101664657.0583602
1.25956	101655293.82860634
1.25957	101367795.08886504
1.25958	101592114.5795145
1.25959	101655293.82860634
1.2596	101758336.80238476
1.25961	101699776.85155845
1.25962	101884941.39977644
1.25963	101589775.36155996
1.25964	101821619.42362578
1.25965	101840377.38668746
1.25966	101849757.66405202
1.25967	101564047.51866949
1.25968	101528974.59662676
1.25969	101720854.55058935
1.2597	101414487.4341258
1.25971	101645931.46119809
1.2597200000000002	101718512.36832158
1.25973	101409817.23192258
1.25974	101218523.99959786
1.25975	101143970.90470712
1.25976	100570358.90594581
1.25977	101288467.43377168
1.25978	101634229.71449044
1.25979	101002006.14247249
1.2598	101384134.96383949
1.25981	101861484.22576033
1.2598200000000002	102093948.37076809
1.25983	101880249.53286593
1.25984	102115107.76347528
1.25985	102110405.29725604
1.25986	102058692.45905836
1.25987	102185670.74973296
1.25988	101575741.1848881
1.25989	101997611.05054544
1.2599	101931871.95456004
1.25991	102018750.47694495
1.2599200000000002	101146299.85751653
1.25993	101127669.73648596
1.25994	101666998.00054936
1.25995	101578080.07969004
1.25996	101833342.74561292
1.25997	102166849.18714117
1.25998	102402368.09818669
1.25999	102249219.12622492
1.26	102058692.45905836
1.26001	102319874.7853344
1.26002	102230385.85866769
1.26003	102308095.45250048
1.26004	102291606.66469195
1.26005	102371719.96384624
1.26006	102202142.46131364
1.26007	102456614.19938137
1.26008	102392936.925864
1.26009	102551023.69890204
1.2601	102242156.244339
1.26011	102371719.96384624
1.26012	102308095.45250048
1.26013	101041550.05282135
1.26014	101202210.81580591
1.26015	101188230.17945585
1.26016	101929524.91349292
1.26017	101952997.75626025
1.26018	102089246.87895244
1.26019	100967127.30912451
1.2602	101596793.17701451
1.26021	101489239.92641321
1.26022	101503262.151669
1.26023	101225516.16903108
1.26024	100885790.19773196
1.26025	100690848.36602318
1.26026	101337456.59318982
1.26027	101861484.22576033
1.2602799999999998	102068092.8449098
1.26029	101265147.58715078
1.2603	100946205.79081012
1.26031	101866175.22847624
1.26032	101983520.53318287
1.26033	101906057.4749252
1.26034	101039223.5119376
1.26035	100251296.99805568
1.26036	98846204.9745002
1.26037	97561843.94469129
1.2603799999999998	101391138.57366796
1.26039	101971779.92233422
1.2604	102079844.54483216
1.26041	102035195.28198764
1.26042	102002308.32227768
1.26043	101941260.65927383
1.26044	101400477.47270328
1.26045	101183570.39654437
1.26046	101528974.59662676
1.26047	100957828.32127628
1.2604799999999998	100874175.96048383
1.26049	100765067.4648554
1.2605	101290799.71377529
1.26051	100085231.95024183
1.26052	101702118.60242005
1.26053	101992913.99512564
1.26054	102129216.4615414
1.26055	102303384.09907478
1.26056	102140975.19898488
1.26057	102159791.99497291
1.26058	101974127.93637007
1.26059	102086896.21423544
1.2606	102293962.04309551
1.26061	102548662.40150328
1.26062	102451896.00657168
1.26063	102421233.04896083
1.26064	102517970.48255564
1.26065	102093948.37076809
1.26066	100306713.22279917
1.2606700000000002	102009354.63548385
1.26068	101388803.98330373
1.26069	101875557.88201928
1.2607	101840377.38668746
1.26071	102275120.53434744
1.26072	101659975.33568488
1.26073	99639146.786145
1.26074	90583688.32203124
1.26075	98559842.31565964
1.26076	101566386.14421171
1.2607700000000002	102122161.86885954
1.26078	102235093.8503232
1.26079	102173906.86682025
1.2608	102007005.8103326
1.26081	102433025.40799177
1.26082	102572277.82235992
1.26083	102645520.1928419
1.26084	102319874.7853344
1.26085	102546301.15847476
1.26086	102383506.62214445
1.2608700000000002	102579363.50902422
1.26088	102136271.54155406
1.26089	101882595.43931285
1.2609	101636569.95605606
1.26091	101903711.0282516
1.26092	102086896.21423544
1.26093	101814586.07826068
1.26094	102056342.49787441
1.26095	101657634.55519667
1.26096	100612050.47086096
1.26097	101772396.20731652
1.26098	102093948.37076809
1.26099	102016401.43544891
1.261	102159791.99497291
1.26101	102166849.18714117
1.26102	102296317.47573426
1.26103	102016401.43544891
1.26104	102310451.21057676
1.26105	102195082.83125618
1.26106	102145679.07303213
1.26107	101840377.38668746
1.26108	102204495.77970406
1.26109	102242156.244339
1.2611	102310451.21057676
1.26111	102225678.08381864
1.26112	102169201.69286498
1.26113	101657634.55519667
1.26114	102209202.57904951
1.26115	102098650.07909995
1.26116	102249219.12622492
1.26117	102070443.07665859
1.26118	101641250.60084896
1.26119	101650612.5371142
1.2612	102541578.83552308
1.26121	102449536.9916461
1.26122	102532134.84200811
1.26123	102308095.45250048
1.26124	101957692.97342698
1.26125	101356125.36194736
1.26126	102213909.59515648
1.26127	102407084.01009896
1.26128	102385864.11664706
1.26129	101781770.22309431
1.2613	99965467.18755388
1.26131	101372463.35583249
1.26132	102042243.867023
1.2613299999999998	102345794.09169734
1.26134	102444819.12474675
1.26135	102515609.94622654
1.26136	102718814.8624919
1.26137	102577001.55908433
1.26138	102202142.46131364
1.26139	102475489.14357704
1.2614	102119810.44625564
1.26141	102407084.01009896
1.26142	101955345.33781576
1.2614299999999998	102112756.5032963
1.26144	102173906.86682025
1.26145	101685727.47866884
1.26146	101157945.42599002
1.26147	101908403.97562838
1.26148	101988217.15600784
1.26149	101809897.45125826
1.2615	102016401.43544891
1.26151	102204495.77970406
1.26152	102065742.66727686
1.2615299999999998	102345794.09169734
1.26154	102232739.82739384
1.26155	102638429.93639359
1.26156	102499087.71372844
1.26157	102400010.2236702
1.26158	102246864.77805324
1.26159	102678614.53298494
1.2616	102176259.53505458
1.26161	102348150.71782686
1.26162	102654974.63001455
1.26163	102867929.8430513
1.26164	102924792.47216211
1.26165	102624250.89274552
1.26166	102381149.18192448
1.26167	102513249.46425018
1.26168	102513249.46425018
1.26169	102456614.19938137
1.2617	102152735.29028101
1.26171	102510889.03662528
1.2617200000000002	102418874.74006782
1.26173	102766129.51863271
1.26174	102877404.76585314
1.26175	102730641.48386751
1.26176	102678614.53298494
1.26177	102872667.19536792
1.26178	102638429.93639359
1.26179	102628977.02297336
1.2618	101931871.95456004
1.26181	102463691.89600928
1.2618200000000002	102652610.93908428
1.26183	102093948.37076809
1.26184	101657634.55519667
1.26185	101116027.65342979
1.26186	101995262.49579711
1.26187	102421233.04896083
1.26188	102390579.2685058
1.26189	102112756.5032963
1.2619	102032845.86184034
1.26191	101503262.151669
1.2619200000000002	102209202.57904951
1.26193	101519623.8631144
1.26194	101899018.2969876
1.26195	101842722.37503327
1.26196	102371719.96384624
1.26197	102409442.04749729
1.26198	102659702.1751554
1.26199	102503808.0798466
1.262	102185670.74973296
1.26201	102473129.58540563
1.26202	101882595.43931285
1.26203	101936566.19882569
1.26204	101838032.45233634
1.26205	101992913.99512564
1.26206	101791145.10229108
1.26207	101681044.78568718
1.26208	102256282.49601434
1.26209	101967084.05645402
1.2621	102108054.14535409
1.26211	102487287.74943128
1.26212	102482568.14408536
1.26213	102173906.86682025
1.26214	101227846.99951118
1.26215	101491576.82942712
1.26216	101309459.88722602
1.26217	101863829.7001147
1.26218	101699776.85155845
1.26219	101908403.97562838
1.2622	102140975.19898488
1.26221	102084545.60364392
1.26222	102124513.34560798
1.26223	102385864.11664706
1.26224	101957692.97342698
1.26225	101314125.46769671
1.26226	99875737.67462364
1.26227	101227846.99951118
1.2622799999999998	102023448.72220612
1.26229	102275120.53434744
1.2623	102023448.72220612
1.26231	102345794.09169734
1.26232	102265701.08141884
1.26233	102169201.69286498
1.26234	101877903.68043528
1.26235	101461201.28695811
1.26236	101716170.23998351
1.26237	100839341.27049243
1.2623799999999998	101842722.37503327
1.26239	102124513.34560798
1.2624	101981172.30287696
1.26241	101081109.44524728
1.26242	100188990.33967842
1.26243	96010780.45256504
1.26244	99613912.94440085
1.26245	99884936.99365036
1.26246	100473145.7603759
1.26247	102162144.3381966
1.2624799999999998	102336368.12979329
1.26249	102143327.10893084
1.2625	102468410.63205226
1.26251	102565192.62514058
1.26252	102525052.41767226
1.26253	102258637.06103948
1.26254	102423591.41215695
1.26255	101880249.53286593
1.26256	100978752.24840818
1.26257	101734908.77679856
1.26258	102484927.91959009
1.26259	102830038.87736484
1.2626	102706989.60262808
1.26261	102190376.68213421
1.26262	101069472.7223338
1.26263	99153945.45818728
1.26264	101610830.2623275
1.26265	102016401.43544891
1.26266	102209202.57904951
1.2626700000000002	101690410.38730106
1.26268	102352864.132879
1.26269	102534495.7588418
1.2627	102515609.94622654
1.26271	102291606.66469195
1.26272	101763023.0548773
1.26273	102093948.37076809
1.26274	102487287.74943128
1.26275	102051642.73783375
1.26276	101709144.1785388
1.2627700000000002	100253605.39605212
1.26278	100841663.20886494
1.26279	101342123.46298572
1.2628	102433025.40799177
1.26281	102218616.82803412
1.26282	102898726.53313547
1.26283	102789795.01890892
1.26284	102466051.23686734
1.26285	102185670.74973296
1.26286	102136271.54155406
1.2628700000000002	102844246.3536381
1.26288	103000658.20841064
1.26289	102832406.65377142
1.2629	102475489.14357704
1.26291	102435384.04272012
1.26292	102110405.29725604
1.26293	102256282.49601434
1.26294	102228031.94414304
1.26295	101276806.8392621
1.26296	101854448.12672736
1.26297	102322230.81464301
1.26298	102322230.81464301
1.26299	101941260.65927383
1.263	102171554.25275744
1.26301	102293962.04309551
1.26302	102032845.86184034
1.26303	102077494.09660904
1.26304	102650247.3025798
1.26305	102676250.29773204
1.26306	102792161.86865532
1.26307	102621887.90924773
1.26308	102543939.96981524
1.26309	102598261.06656104
1.2631	102643156.71960558
1.26311	102671521.99053957
1.26312	102322230.81464301
1.26313	102112756.5032963
1.26314	102086896.21423544
1.26315	101627209.3131008
1.26316	101566386.14421171
1.26317	102388221.66543365
1.26318	102503808.0798466
1.26319	102602985.99988604
1.2632	102402368.09818669
1.26321	101917790.51876187
1.26322	101908403.97562838
1.26323	101370129.19547606
1.26324	100774348.69795462
1.26325	102117459.07779464
1.26326	102430666.82757276
1.26327	102133919.7940663
1.26328	101311792.65060432
1.26329	102435384.04272012
1.2633	102673886.11691748
1.26331	102562831.00149396
1.26332	102688072.01839931
1.2633299999999998	102056342.49787441
1.26334	101503262.151669
1.26335	102383506.62214445
1.26336	102680978.82267655
1.26337	102669157.91859704
1.26338	102610073.80786896
1.26339	102598261.06656104
1.2634	102501447.8696151
1.26341	102846614.45718724
1.26342	102352864.132879
1.2634299999999998	102716449.70160332
1.26344	102721180.077841
1.26345	102513249.46425018
1.26346	102402368.09818669
1.26347	102714084.59517393
1.26348	102832406.65377142
1.26349	102275120.53434744
1.2635	102242156.244339
1.26351	102317518.8102748
1.26352	101995262.49579711
1.2635299999999998	101181240.58555897
1.26354	101372463.35583249
1.26355	102101001.01446278
1.26356	102411800.13919245
1.26357	102035195.28198764
1.26358	102378791.795986
1.26359	102624250.89274552
1.2636	102317518.8102748
1.26361	102338724.5388795
1.26362	102367005.68047096
1.26363	102213909.59515648
1.26364	101690410.38730106
1.26365	102338724.5388795
1.26366	102235093.8503232
1.26367	101873212.13761663
1.26368	101046203.29530372
1.26369	102702259.87987088
1.2637	102775595.06484596
1.26371	103010145.35650924
1.2637200000000002	102915313.18499222
1.26373	102654974.63001455
1.26374	101861484.22576033
1.26375	102532134.84200811
1.26376	101992913.99512564
1.26377	100059885.13641033
1.26378	98032482.38256854
1.26379	101020613.11328185
1.2638	102301028.50372286
1.26381	102402368.09818669
1.2638200000000002	101952997.75626025
1.26383	100758107.10099328
1.26384	101676362.30834694
1.26385	101011309.19943586
1.26386	97653991.65780692
1.26387	97692224.76662138
1.26388	101370129.19547606
1.26389	102084545.60364392
1.2639	102475489.14357704
1.26391	101681044.78568718
1.2639200000000002	101880249.53286593
1.26393	102560469.43222514
1.26394	102562831.00149396
1.26395	102480208.42291585
1.26396	102392936.925864
1.26397	102612436.51933432
1.26398	102896357.22967523
1.26399	102621887.90924773
1.264	102079844.54483216
1.26401	101870866.44722617
1.26402	102322230.81464301
1.26403	101463537.54435109
1.26404	102418874.74006782
1.26405	102461332.60947645
1.26406	102666793.90108864
1.26407	102548662.40150328
1.26408	102009354.63548385
1.26409	102213909.59515648
1.2641	102466051.23686734
1.26411	102456614.19938137
1.26412	102058692.45905836
1.26413	101903711.0282516
