1.23581	94519191.91349418
1.2358200000000001	104739380.29263097
1.23583	98743837.2093861
1.23584	102395294.63750993
1.23585	97539382.08605601
1.23586	106453513.52265948
1.23587	108272957.55188206
1.2358799999999999	95578453.68215232
1.23589	103736119.94719544
1.2359	94336552.27349001
1.23591	110011984.76226501
1.2359200000000001	105842478.22759162
1.23593	107428620.75844403
1.23594	111396103.49706095
1.23595	87258953.46553485
1.23596	106807069.65936874
1.23597	103621529.8868377
1.2359799999999999	102145679.07303213
1.23599	95794373.17751384
1.236	106286963.51930688
1.23601	80254612.10357825
1.2360200000000001	87112404.21561225
1.23603	96154585.48549546
1.23604	101941260.65927385
1.23605	98519001.14360578
1.23606	86043882.79041725
1.23607	101489239.9264132
1.2360799999999998	107971715.08216225
1.23609	100258222.35150693
1.2361	104833479.35810018
1.23611	94955472.6806504
1.23612	87148516.7690009
1.23613	106008331.72946915
1.23614	103292788.0648555
1.23615	109534265.40911224
1.23616	108178262.0611118
1.23617	104407092.06306773
1.2361799999999998	83331653.623575
1.23619	97216504.14157824
1.2362	108837861.5101989
1.23621	106022978.3334597
1.23622	106054719.58469869
1.23623	89685038.72512624
1.23624	104753851.57239111
1.23625	102322230.814643
1.2362600000000001	99350486.9331375
1.23627	97609030.68615541
1.2362799999999998	89573594.01049209
1.23629	100809160.93642971
1.2363	106416752.13049242
1.23631	103364164.84488712
1.23632	92894499.67846584
1.23633	108400179.162598
1.23634	99355062.29749206
1.23635	104599594.28075883
1.2363600000000001	83839754.8980308
1.23637	98358070.37488803
1.23638	103314195.92204358
1.2363899999999999	88678839.28284034
1.2364	102579363.50902422
1.23641	102532134.84200811
1.23642	79871161.48849979
1.23643	94445223.78733334
1.23644	104693567.76086557
1.23645	102430666.82757276
1.2364600000000001	102595898.68149422
1.2364700000000002	106991678.2922139
1.23648	93334026.06531654
1.2364899999999999	79175351.4810008
1.2365	91657920.51842529
1.23651	105547997.9597254
1.23652	98233586.41148654
1.23653	94591039.90615611
1.23654	96651811.89601254
1.23655	104015964.38661012
1.23656	100378337.85284218
1.2365700000000002	75497053.09857814
1.23658	82256457.11729571
1.2365899999999999	69058954.63113005
1.2366	94165106.08289365
1.23661	93314686.21097298
1.23662	87504421.90529928
1.23663	93415727.42782196
1.23664	92700056.74677809
1.23665	86162838.96062173
1.23666	89367580.46108356
1.2366700000000002	91641038.06048952
1.23668	92083114.52454984
1.23669	88072434.23922417
1.2367	82765625.19977757
1.23671	90020205.49583782
1.23672	92847454.14752918
1.2367299999999999	89061498.89829166
1.23674	85327692.25416885
1.23675	90506547.82622238
1.23676	82819003.37556271
1.2367700000000001	71275455.264362
1.23678	83859061.93773341
1.23679	98573459.80172151
1.2368	103528518.67339192
1.23681	103614372.21235722
1.23682	104606820.01431982
1.2368299999999999	104886598.17262901
1.23684	105334345.23530711
1.23685	88564566.25211701
1.23686	82260245.25435953
1.2368700000000001	96731962.75883731
1.23688	105645256.04053019
1.23689	101421493.14070107
1.2369	98971465.26287897
1.23691	102927162.43037553
1.23692	101169592.3352859
1.2369299999999999	80360013.3084723
1.23694	102827671.15547813
1.23695	107132194.22656398
1.23696	90698478.15057908
1.2369700000000001	102525052.41767226
1.23698	105504261.0396641
1.23699	106573689.25898498
1.237	103010145.35650925
1.23701	97082287.31268948
1.23702	98258470.59382774
1.2370299999999999	97881361.13351822
1.23704	80797886.36830895
1.23705	58032328.95069687
1.23706	104375843.93235482
1.2370700000000001	103858010.73661749
1.23708	103860402.18322335
1.23709	95611471.01211429
1.2371	87635486.10678059
1.23711	85548027.42759418
1.23712	100491655.30252904
1.2371299999999998	77929160.89802481
1.23714	84584346.83285815
1.23715	74502354.84551963
1.23716	99765411.9094592
1.23717	96691879.02248706
1.23718	89958043.21342863
1.23719	89703626.32002907
1.2372	97350906.52601638
1.2372100000000001	75683289.50209734
1.23722	99412272.13356653
1.2372299999999998	101952997.75626023
1.23724	95097697.0726551
1.23725	97575323.5426581
1.23726	99115140.28617792
1.23727	106627689.83273359
1.23728	106748062.19729258
1.23729	108093604.72143246
1.2373	107193882.22844602
1.2373100000000001	104614046.24703406
1.23732	106770186.17432366
1.2373299999999998	105577165.97885405
1.2373399999999999	98229062.69181594
1.23735	98532612.98686144
1.23736	85638686.97375931
1.23737	99188197.93254839
1.23738	83347005.29534557
1.23739	102972202.00634198
1.2374	108160827.19048132
1.2374100000000001	111139899.56860161
1.23742	106318783.80265984
1.23743	99664387.02003568
1.2374399999999999	98541688.59383571
1.23745	106999069.27079135
1.23746	108260492.88451812
1.23747	100637537.15724939
1.23748	81537989.73386921
1.23749	98521269.65355688
1.2375	97698973.33951977
1.23751	85445658.28677647
1.2375200000000002	107285245.66480926
1.23753	104524957.58719303
1.2375399999999999	102359934.6624591
1.23755	56682630.947595164
1.23756	94453922.91451275
1.23757	108595042.59573717
1.23758	101489239.9264132
1.23759	101241833.1095049
1.2376	106269833.46541889
1.23761	91742379.47181615
1.2376200000000002	103516600.19829784
1.23763	100436136.90324983
1.23764	92491111.80764662
1.23765	86516710.79308796
1.23766	99552002.42324747
1.23767	107218567.37384722
1.23768	106311439.81491429
1.23769	109842396.59981392
1.2377	98771124.90965778
1.23771	93177273.88151345
1.2377200000000002	97600040.97619316
1.23773	104541806.37765144
1.23774	100939232.9147883
1.23775	100165923.62786989
1.23776	107339606.78208826
1.23777	105645256.04053019
1.2377799999999999	83874510.770654
1.23779	92926589.84344904
1.2378	99313891.60262915
1.23781	108482578.67447866
1.2378200000000001	110179297.75442508
1.23783	110100679.68195225
1.23784	106492739.67167278
1.23785	83433411.16028018
1.23786	92856006.10790923
1.23787	103726565.93744472
1.2378799999999999	109695800.0616998
1.23789	99988487.73724687
1.2379	93620293.86463007
1.23791	104816583.55929987
1.2379200000000001	108051300.89877625
1.23793	110131105.82733747
1.23794	90454463.0618999
1.23795	91251497.44559611
1.23796	87439970.01238598
1.23797	94110915.88919465
1.2379799999999999	95807608.57350211
1.23799	99935548.39637092
1.238	105572304.08263351
1.23801	102770862.18276319
1.2380200000000001	102865561.24870248
1.23803	92958691.09389684
1.23804	102763763.268296
1.23805	89852465.83115052
1.23806	91142303.37446755
1.23807	74977335.04068562
1.2380799999999998	98541688.59383571
1.23809	101461201.28695813
1.2381	107309951.84984133
1.23811	100725631.75952385
1.23812	97804761.86597745
1.23813	71159026.82240407
1.23814	75889204.42878868
1.23815	108081160.70163761
1.23816	106326128.29772763
1.23817	85447625.76841812
1.2381799999999998	101964736.20460762
1.23819	107223505.08504014
1.2382	101767709.52318431
1.23821	86172759.39510489
1.23822	93007934.55044629
1.23823	109388080.10534151
1.23824	109440986.72176537
1.23825	107557326.83698301
1.2382600000000001	111373020.97820969
1.23827	103702684.76252466
1.2382799999999998	97775489.75502461
1.23829	98064089.41530547
1.2383	105579597.01092799
1.23831	106424103.39320585
1.23832	108220615.59110563
1.23833	102577001.55908431
1.23834	110479067.52089874
1.23835	106752978.24042247
1.2383600000000001	111035026.35853274
1.23837	106426553.92695855
1.23838	111121987.3768734
1.2383899999999999	109567057.87252232
1.2384	102647883.72049941
1.23841	88226692.82177182
1.23842	108575040.49195512
1.23843	105659852.48029588
1.23844	106282068.93645428
1.23845	102546301.15847476
1.2384600000000001	103843663.2132936
1.2384700000000002	110303679.54134178
1.23848	99593271.8272414
1.2384899999999999	111170612.90072761
1.2385	76134237.05369647
1.23851	99675861.96716678
1.23852	104023149.8030538
1.23853	109670544.5780574
1.23854	96807721.82571484
1.23855	105048534.96571127
1.23856	109010918.77092673
1.2385700000000002	97261284.30644663
1.23858	97261284.30644663
1.2385899999999999	110174223.92708404
1.2386	106826746.06089027
1.23861	104765912.49951375
1.23862	109302475.9952559
1.23863	110451088.44444397
1.23864	109041043.76264049
1.23865	109526699.31143777
1.23866	109284859.937351
1.2386700000000002	97674230.85113707
1.23868	103509449.77185269
1.23869	108512557.66025828
1.2387	109847455.14558995
1.23871	111419190.79985963
1.23872	101002006.1424725
1.2387299999999999	81754186.23239748
1.23874	80836965.05748451
1.23875	110542682.692551
1.23876	100818446.23087479
1.2387700000000001	94641148.07472834
1.23878	93293202.1839649
1.23879	106115787.16376373
1.2388	110835784.60754861
1.23881	108347775.69958955
1.23882	106174445.12118101
1.2388299999999999	108505062.1372176
1.23884	104768324.85157052
1.23885	63559430.90642362
1.23886	101248826.88913001
1.2388700000000001	108715132.62431656
1.23888	113597820.75259674
1.23889	107872315.23986256
1.2389	110899605.18117616
1.23891	111129663.67694968
1.23892	102787428.2236602
1.2389299999999999	101071799.9597398
1.23894	109435946.894121
1.23895	92354912.24845766
1.23896	96150157.5051512
1.2389700000000001	102237447.92745613
1.23898	104773149.72232708
1.23899	110290981.09192663
1.239	107398941.2341246
1.23901	103078953.31848633
1.23902	102950865.0141192
1.2390299999999999	103652552.19035724
1.23904	107100130.49657586
1.23905	95360825.07760768
1.23906	107428620.75844403
1.2390700000000001	76429320.76786354
1.23908	65267954.18367306
1.23909	96218814.12083103
1.2391	79863805.42143221
1.23911	99446613.84621044
1.23912	109471230.56206466
1.2391299999999998	92569943.78604026
1.23914	105981484.87707567
1.23915	99758520.59697191
1.23916	106455964.73361324
1.23917	94102248.35267496
1.23918	87591103.95297149
1.23919	90458628.73978247
1.2392	102378791.795986
1.2392100000000001	108857912.03186098
1.23922	112150186.46668626
1.2392299999999998	109791823.95249233
1.23924	109340234.25327872
1.23925	109627623.59970352
1.23926	110065193.13628794
1.23927	99855042.30445145
1.23928	109297442.54611936
1.23929	82008713.68563783
1.2393	66121089.35104615
1.2393100000000001	103721789.26254283
1.23932	105038860.0836367
1.2393299999999998	113112343.4113428
1.2393399999999999	95264260.38024
1.23935	93188001.92914991
1.23936	94219327.4799555
1.23937	107371742.20669405
1.23938	99953958.90030888
1.23939	97739474.56804714
1.2394	66843625.90716888
1.2394100000000001	81002794.16803506
1.23942	104797277.40929273
1.23943	105518837.99890451
1.2394399999999999	112072742.61366476
1.23945	92817528.48829676
1.23946	99696520.20147401
1.23947	96587294.22306561
1.23948	104585144.31095904
1.23949	103176311.97259332
1.2395	112787247.99097537
1.2395100000000001	104951826.232304
1.2395200000000002	99765411.9094592
1.23953	110136177.66897136
1.2395399999999999	111455113.89316037
1.23955	109151573.30802895
1.23956	103975256.40095115
1.23957	96937094.8452323
1.23958	109116392.66880251
1.23959	105116284.09648672
1.2396	96888001.98063606
1.23961	107292656.92300326
1.2396200000000002	107443463.5961708
1.23963	102565192.62514058
1.2396399999999999	107832580.93003961
1.23965	106939955.73512118
1.23966	112605602.85385248
1.23967	108980802.10190548
1.23968	106299200.96262616
1.23969	101339790.0012231
1.2397	108250522.1838098
1.23971	112302648.86028558
1.2397200000000002	95235748.61919187
1.23973	95756882.81733197
1.23974	106583505.51056091
1.23975	97804761.86597745
1.23976	84302411.89829075
1.23977	110179297.75442508
1.2397799999999999	103671647.45476417
1.23979	99776898.48818006
1.2398	105820546.48202553
1.23981	106304096.33445634
1.2398200000000001	90997612.93853468
1.23983	88627806.32936525
1.23984	113065471.98206599
1.23985	110146322.05296594
1.23986	103745674.83694308
1.23987	106084027.63553214
1.2398799999999999	105329494.52113758
1.23989	103898672.81871301
1.2399	113180080.89249162
1.23991	87581020.23493606
1.2399200000000001	71604447.81785925
1.23993	101290799.7137753
1.23994	110131105.82733747
1.23995	96798805.9156274
1.23996	95431115.42291722
1.23997	88295790.68488967
1.2399799999999999	83778002.23700058
1.23999	110009451.67186686
1.24	100343674.38969493
1.24001	93805866.61775012
1.2400200000000001	100279001.28241046
1.24003	108880473.28398885
1.24004	107777970.15071812
1.24005	97788998.87128991
1.24006	106630145.05429128
1.24007	102948494.5101399
1.2400799999999998	77264500.26590878
1.24009	102539217.75559781
1.2401	112426838.9521057
1.24011	105123545.5229481
1.2401200000000001	101941260.65927385
1.24013	75793157.51661721
1.24014	80543407.6692413
1.24015	102818200.81310016
1.24016	105521267.6879112
1.24017	98666562.99173312
1.2401799999999998	107391522.63432409
1.24019	104375843.93235482
1.2402	109332681.55833916
1.24021	97232174.85358037
1.24022	107753156.21289575
1.24023	109741274.5893732
1.24024	110738847.66913265
1.24025	104777974.81528187
1.2402600000000001	97550612.36886919
1.24027	105477541.84432535
1.2402799999999998	103292788.0648555
1.24029	104318179.64410028
1.2403	104529771.2502144
1.24031	103652552.19035724
1.24032	101854448.12672737
1.24033	107186477.79313056
1.24034	107949342.13489977
1.24035	107976687.47788708
1.2403600000000001	95130548.32648765
1.24037	82611403.39876993
1.24038	90444049.7064403
1.2403899999999999	96794348.26851866
1.2404	106760352.72961497
1.24041	102822935.87525801
1.24042	93048633.60242395
1.24043	98855309.46569368
1.24044	97734973.6025439
1.24045	96349618.63549411
1.2404600000000001	99680452.31594042
1.2404700000000002	102501447.8696151
1.24048	105424123.75202565
1.2404899999999999	104347007.80491987
1.2405	94830927.88754036
1.24051	94453922.91451275
1.24052	88279527.49711809
1.24053	89900063.81198424
1.24054	108380212.95068097
1.24055	90779962.70786445
1.24056	103669260.35434692
1.2405700000000002	102818200.81310016
1.24058	103989622.10580166
1.2405899999999999	95800990.6469408
1.2406	88279527.49711809
1.24061	102680978.82267655
1.24062	94371313.54659851
1.24063	101512611.37814309
1.24064	100748827.36373113
1.24065	92655243.13085884
1.24066	99327613.27164683
1.2406700000000002	75725125.19206807
1.24068	83569922.61219859
1.24069	95398160.37481298
1.2407	95319114.6835244
1.24071	81446045.01446487
1.24072	88244978.16845952
1.2407299999999999	95005773.90195695
1.24074	101395807.91566737
1.24075	102275120.53434744
1.24076	95563049.49703032
1.2407700000000002	100251296.99805568
1.24078	102761397.07244402
1.24079	93684986.81412695
1.2408	91744491.94249076
1.24081	89897993.81034788
1.24082	100890436.26704276
1.2408299999999999	100568043.21451382
1.24084	96616210.61100882
1.24085	96150157.5051512
1.24086	93093637.48549849
1.2408700000000001	100011513.58822763
1.24088	101983520.53318289
1.24089	105747473.47959326
1.2409	106238027.8324743
1.24091	103977650.54726888
1.24092	101174251.47446905
1.2409299999999999	77680140.06916814
1.24094	104450374.15039195
1.24095	99779195.96262176
1.24096	65566197.86756233
1.2409700000000001	86220393.38233896
1.24098	94277921.65711933
1.24099	107579618.53745499
1.241	102237447.92745613
1.24101	90130130.52392256
1.24102	94549666.21262921
1.2410299999999999	100679256.57099096
1.24104	106328576.57549441
1.24105	105791311.22366811
1.24106	106495191.78585239
1.2410700000000001	103869968.52031513
1.24108	83147653.96796012
1.24109	97732723.19752003
1.2411	89958043.21342863
1.24111	96952720.51814754
1.24112	99871138.33283396
1.2411299999999998	93970167.28848858
1.24114	89526168.88051847
1.24115	95279616.402365
1.24116	74837625.59468263
1.24117	107904610.14718905
1.24118	106001009.1862524
1.24119	98075380.11075993
1.2412	98435102.98560858
1.2412100000000001	93916089.27828838
1.24122	62563350.67883312
1.2412299999999998	98925897.71189153
1.24124	101957692.97342698
1.24125	97348664.96436156
1.24126	106377553.97116724
1.24127	102336368.12979329
1.24128	107297598.04622413
1.24129	106201340.8535765
1.2413	107728347.98803596
1.2413100000000001	108133435.21369076
1.24132	106333473.30015226
1.2413299999999998	99685042.87611271
1.2413399999999999	102834774.48469827
1.24135	109420828.80366807
1.24136	91702251.76949403
1.24137	84124016.52066533
1.24138	103996805.70252222
1.24139	102673886.11691748
1.2414	100883467.24330969
1.2414100000000001	100117500.8179258
1.24142	102891618.78641735
1.24143	99568049.60343589
1.2414399999999999	101514948.81931077
1.24145	103040984.62319766
1.24146	104438349.54887314
1.24147	99680452.31594042
1.24148	86604408.52948636
1.24149	96890232.9350116
1.2415	108933134.3914019
1.2415100000000001	104821410.65250324
1.2415200000000002	88932397.40186736
1.24153	85721546.98655368
1.2415399999999999	76160537.42924486
1.24155	99039855.94762923
1.24156	104539399.24131522
1.24157	86474886.3672554
1.24158	98373925.10045688
1.24159	100830054.05163172
1.2416	102534495.7588418
1.24161	104683925.57097325
1.2416200000000002	102014052.44804098
1.24163	96738644.99689506
1.2416399999999999	103133557.83043857
1.24165	109642770.26188652
1.24166	94056756.88090236
1.24167	105825419.81049426
1.24168	100971777.12423438
1.24169	77490774.21909963
1.2417	100950854.64242624
1.24171	103872360.2422623
1.2417200000000002	92431499.80287224
1.24173	92042837.78625497
1.24174	91554564.25699724
1.24175	81327982.70449649
1.24176	104260547.21350567
1.24177	94126085.99916944
1.2417799999999999	105123545.5229481
1.24179	88050129.69387966
1.2418	98812070.59992588
1.24181	105046116.16165245
1.2418200000000001	105737734.22586706
1.24183	100971777.12423438
1.24184	103848445.50082758
1.24185	108880473.28398885
1.24186	97793502.32480599
1.24187	96560609.85415493
1.2418799999999999	84685684.06971161
1.24189	87593120.83589393
1.2419	107807754.41906822
1.24191	106612959.69053277
1.2419200000000001	99749332.92078945
1.24193	108258000.12324609
1.24194	107832580.93003961
1.24195	97710221.9970127
1.24196	88108944.77422974
1.24197	104671874.08240123
1.2419799999999999	93568571.67098358
1.24199	98834825.53966206
1.242	103721789.26254283
1.24201	95734836.5185107
1.2420200000000001	107884735.21405089
1.24203	92529454.11082573
1.24204	85488953.34960012
1.24205	107522660.03927243
1.24206	107426147.15151548
1.24207	105082404.07116418
1.2420799999999999	102957976.8535635
1.24209	101260484.26214334
1.2421	100635219.91899922
1.24211	89625171.55985337
1.2421200000000001	82834260.60496958
1.24213	96582846.316206
1.24214	102326943.03601241
1.24215	103999200.34503664
1.24216	99026174.03100897
1.24217	99026174.03100897
1.2421799999999998	86065679.12043956
1.24219	99574927.758199
1.2422	96975047.27741101
1.24221	100006907.99387002
1.24222	92808980.07167324
1.24223	93147241.91809574
1.24224	102917682.92493448
1.24225	105147753.9008184
1.2422600000000001	105489686.09416594
1.24227	106343267.42600183
1.2422799999999998	94193297.31404997
1.24229	89059448.2051041
1.2423	92832490.11205156
1.24231	100554150.18560423
1.24232	86878037.09641494
1.24233	100468518.90756023
1.24234	95803196.57166684
1.24235	97205312.32218207
1.2423600000000001	103007773.48756535
1.24237	98689284.42324632
1.2423799999999998	102032845.86184034
1.2423899999999999	88631887.88465923
1.2424	96327435.86991887
1.24241	95448696.10321055
1.24242	103771955.3218984
1.24243	102534495.7588418
1.24244	102768495.82345454
1.24245	102588811.8526605
1.2424600000000001	102482568.14408536
1.24247	91898833.75637744
1.24248	56501502.91313809
1.2424899999999999	101517286.31430066
1.2425	97173982.08185568
1.24251	103316574.846706
1.24252	103219083.83853026
1.24253	89612790.24010499
1.24254	101127669.73648597
1.24255	100078318.54613143
1.24256	99983883.20324448
1.2425700000000002	93633228.87971184
1.24258	97272482.57022658
1.2425899999999999	88232787.5163033
1.2426	98285624.16381745
1.24261	105198609.6419385
1.24262	103846054.32953133
1.24263	101435506.005746
1.24264	103750452.61184165
1.24265	95873812.98845327
1.24266	101962388.40682186
1.2426700000000002	102162144.33819659
1.24268	101805209.0401701
1.24269	97676479.9093094
1.2427	98480444.46522106
1.24271	96205521.91862147
1.24272	65014466.03047733
1.24273	100369093.09200965
1.24274	94423479.4743963
1.24275	84625256.88072696
1.24276	97059935.863338
1.2427700000000002	103247608.26599535
1.24278	96400658.38447294
1.24279	100551834.86738795
1.2428	104097428.17766273
1.24281	102908204.29254793
1.24282	101465873.85553941
1.2428299999999999	83541063.56756157
1.24284	99494712.17509918
1.24285	102096299.1978688
1.24286	97496718.80097918
1.2428700000000001	100885790.19773197
1.24288	96642910.34509906
1.24289	92465559.0994122
1.2429	93881495.68510886
1.24291	99691929.11276354
1.24292	96821097.23066343
1.2429299999999999	88932397.40186736
1.24294	100727951.07960753
1.24295	102612436.51933433
1.24296	97456318.1654501
1.2429700000000001	90425308.68752854
1.24298	93104355.90358472
1.24299	97804761.86597745
1.243	85353237.73270619
1.24301	85772881.45189962
1.24302	92657376.62123758
1.2430299999999999	95593860.3503361
1.24304	99868838.74136573
1.24305	98491783.09808153
1.24306	99657502.68585913
1.2430700000000001	98752932.27172616
1.24308	98834825.53966206
1.24309	97469783.18348461
1.2431	96796577.06641296
1.24311	97969298.8755956
1.24312	97171744.59398982
1.2431299999999998	97764233.58373588
1.24314	90585774.1125486
1.24315	96961650.6049462
1.24316	98066347.45040631
1.24317	90604548.38858281
1.24318	76276367.0584379
1.24319	75410183.91957785
1.2432	74055957.24696793
1.24321	95990885.94476677
1.24322	96453946.07959928
1.2432299999999998	88997949.36114931
1.24324	77911219.11130932
1.24325	79557293.45988064
1.24326	91413428.99478097
1.24327	89199002.96239479
1.24328	98052800.01966552
1.24329	98358070.37488803
1.2433	82634232.92695798
1.2433100000000001	83013743.73186974
1.24332	80177036.52988085
1.2433299999999998	92478334.57096995
1.24334	84937602.85796915
1.24335	64178564.66531536
1.24336	69184690.10991429
1.24337	83159142.03442192
1.24338	77823364.04886518
1.24339	83888030.83408606
1.2434	90498212.24898201
1.2434100000000001	85245212.94855152
1.24342	89724283.72148418
1.24343	85695891.27627365
1.2434399999999999	91375549.1494617
1.24345	93562108.4062702
1.24346	87993379.97329448
1.24347	93303943.57910913
1.24348	78342964.27662118
1.24349	74197624.29588845
1.2435	66645372.54617595
1.2435100000000001	88064322.84180656
1.2435200000000002	92263515.83323973
1.24353	92926589.84344904
1.2435399999999999	84773477.74332583
1.24355	92359165.44727443
1.24356	94353931.30922848
1.24357	94421305.31846471
1.24358	94167274.33955191
1.24359	90606634.6594265
1.2436	82358798.07493563
1.24361	86357487.81703791
1.2436200000000002	91822687.56221244
1.24363	76845775.90727936
1.2436399999999999	59545644.46381735
1.24365	54312525.788111106
1.24366	88977459.18510799
1.24367	90477376.66441274
1.24368	87904275.73053479
1.24369	84269419.06498057
1.2437	90115604.43397056
1.24371	93872849.27799778
1.2437200000000002	94850581.9892377
1.24373	96365149.61080004
1.24374	86043882.79041725
1.24375	90899187.22591826
1.24376	88027830.79721227
1.24377	92314516.62706622
1.2437799999999999	95922391.96648099
1.24379	96453946.07959928
1.2438	93072204.350981
1.24381	96456167.03935288
1.2438200000000001	94258386.21704927
1.24383	91877675.7039147
1.24384	93364118.25053534
1.24385	91077269.08619277
1.24386	92503890.80968535
1.24387	94201973.23687513
1.2438799999999999	93771313.62462014
1.24389	94058922.64269933
1.2439	97424907.0234404
1.24391	97454074.17663051
1.2439200000000001	94957659.13638164
1.24393	97445098.738033
1.24394	80730938.27667338
1.24395	93678515.5080185
1.24396	96605087.8989812
1.24397	92574206.8876537
1.2439799999999999	77044208.8768609
1.24399	90619153.29334067
1.244	93519031.38266578
1.24401	83608416.84674916
1.2440200000000001	84407298.37003236
1.24403	90642108.61459655
1.24404	87291106.77450621
1.24405	93784269.5052941
1.24406	80989739.11233239
1.24407	83843615.95033057
1.2440799999999999	90533643.75503404
1.24409	93687144.01550324
1.2441	98007655.43225855
1.24411	86748105.70601375
1.2441200000000001	79153477.54504943
1.24413	80521155.7776149
1.24414	93626761.14879097
1.24415	74715378.34820062
1.24416	84180209.06471083
1.24417	80980415.36076272
1.2441799999999998	91907298.34156692
1.24419	91119221.37774508
1.2442	97250087.33184022
1.24421	99611619.27569784
1.24422	99414561.21207948
1.24423	91236790.62721607
1.24424	93318983.61003187
1.24425	97017482.28587301
1.2442600000000001	93959349.19592078
1.24427	88190133.49439651
1.2442799999999998	87222795.14944996
1.24429	85258953.96087761
1.2443	95580654.48271678
1.24431	99327613.27164683
1.24432	98046027.00613011
1.24433	97131478.62108994
1.24434	96294171.29715537
1.24435	102199789.19710934
1.2443600000000001	100133639.15303198
1.24437	102815833.36379181
1.2443799999999998	92663777.38713473
1.2443899999999999	80434061.71127428
1.2444	93293202.1839649
1.24441	90211104.47115484
1.24442	102756664.84418793
1.24443	103176311.97259332
1.24444	103071833.12257248
1.24445	102169201.69286498
1.2444600000000001	81168963.4607521
1.24447	98301467.21149561
1.24448	99318465.28166807
1.2444899999999999	100744187.81560118
1.2445	100755787.08654955
1.24451	104267749.52571604
1.24452	103862793.68489453
1.24453	95205053.1888638
1.24454	84697384.63756357
1.24455	94959845.64245848
1.24456	99490130.37977816
1.2445700000000002	104164563.90951563
1.24458	104099825.13712198
1.2445899999999999	99238456.29964302
1.2446	98503123.03642552
1.24461	96305258.21152614
1.24462	82799935.79062493
1.24463	102593536.35082267
1.24464	103003029.9135173
1.24465	80788584.70333093
1.24466	92794022.23698424
1.2446700000000002	98664291.13631779
1.24468	95404750.4738838
1.24469	83318223.2303275
1.2447	101034570.59087832
1.24471	98898567.2522219
1.24472	102374077.18694791
1.24473	105336770.67616203
1.24474	102577001.55908431
1.24475	106694000.66211158
1.24476	103200071.93174492
1.2447700000000002	104325385.93755543
1.24478	79279335.25495808
1.24479	95479470.08739528
1.2448	104188551.44828469
1.24481	94743625.58554411
1.24482	99703407.23097818
1.2448299999999999	108880473.28398885
1.24484	102305739.7486669
1.24485	83306713.1875044
1.24486	102657338.37537104
1.2448700000000001	106819366.98556733
1.24488	106576143.23711918
1.24489	77562178.73767233
1.2449	100489341.42329404
1.24491	103285653.09827085
1.24492	106402051.1283987
1.2449299999999999	104450374.15039195
1.24494	104806930.03975599
1.24495	104027940.35644104
1.24496	108472587.51985511
1.2449700000000001	109242089.90164204
1.24498	109748855.50989474
1.24499	104224543.11428115
1.245	106355511.35192108
1.24501	109023469.83923718
1.24502	97800257.8939519
1.2450299999999999	104734556.97697829
1.24504	108938151.06314161
1.24505	106424103.39320585
1.24506	106671892.47157092
1.2450700000000001	102440101.47510783
1.24508	105957084.54765414
1.24509	110245278.77718127
1.2451	108872952.34711504
1.24511	102782694.79665293
1.24512	108155846.3150046
1.2451299999999998	110685313.63300644
1.24514	106836585.62093239
1.24515	105749908.43318707
1.24516	101076454.59531394
1.24517	107678748.67194322
1.24518	106635055.66701101
1.24519	108173280.38274765
1.2452	107297598.04622413
1.24521	109587242.7294902
1.24522	106809529.01134712
1.2452299999999998	107018781.04320644
1.24524	105317368.7129718
1.24525	101917790.51876189
1.24526	106433905.86677994
1.24527	108642562.36170642
1.24528	109710956.14345977
1.24529	106932568.83982067
1.2453	94440874.52419183
1.2453100000000001	96471715.18961693
1.24532	102480208.42291583
1.2453299999999998	102070443.0766586
1.24534	102197435.98709074
1.24535	104114208.05296825
1.24536	110726099.12201922
1.24537	106701371.07713658
1.24538	95532248.5743694
1.24539	103690746.23697233
1.2454	107785415.44628939
1.2454100000000001	103380826.52258235
1.24542	107549897.29667097
1.24543	106071814.96353167
1.2454399999999999	105251913.46690431
1.24545	101190560.15138483
1.24546	100048365.97952253
1.24547	101444848.991361
1.24548	94210649.9588191
1.24549	100899729.04756756
1.2455	96021834.73848051
1.2455100000000001	79377972.16901155
1.2455200000000002	96218814.12083103
1.24553	102324586.89820218
1.2455399999999999	63283428.52100179
1.24555	79188114.06839973
1.24556	91262003.76726355
1.24557	107033567.2555722
1.24558	108382708.52603932
1.24559	103521367.4236761
1.2456	109579672.9723989
1.24561	109837338.28698674
1.2456200000000002	105516408.36584283
1.24563	101176581.12452236
1.2456399999999999	102145679.07303213
1.24565	108810298.07291886
1.24566	109360377.32394373
1.24567	106536886.36675628
1.24568	95191901.03322855
1.24569	85357168.48507145
1.2457	84851592.96964823
1.24571	102822935.87525801
1.2457200000000002	102385864.11664706
1.24573	74195915.85212138
1.24574	86357487.81703791
1.24575	101945955.33591487
1.24576	100846307.246006
1.24577	110636900.37685952
1.2457799999999999	109609955.13841961
1.24579	110519777.01203781
1.2458	108582540.8490967
1.24581	113352212.12008433
1.2458200000000001	110080400.25511257
1.24583	97818275.0266137
1.24584	103566667.01595218
1.24585	104679104.80904607
1.24586	106787396.88204007
1.24587	109093782.53153837
1.2458799999999999	109463668.81853276
1.24589	83944065.74614206
1.2459	97748477.12090921
1.24591	106250259.64154011
1.2459200000000001	105373158.9915251
1.24593	101697435.15461703
1.24594	101718512.36832158
1.24595	95200668.93509093
1.24596	106030302.39430381
1.24597	109036022.35262597
1.2459799999999999	108667581.1164423
1.24599	106816907.40706341
1.246	104749027.59032671
1.24601	106807069.65936874
1.2460200000000001	88068378.44712946
1.24603	91780411.38709286
1.24604	108382708.52603932
1.24605	90640021.52694389
1.24606	81187655.45719294
1.24607	109650344.37773514
1.2460799999999999	112426838.9521057
1.24609	107384104.54696457
1.2461	106969508.41953813
1.24611	87805152.19323805
1.2461200000000001	106247813.16706662
1.24613	103745674.83694308
1.24614	98589349.24676259
1.24615	95084559.74779052
1.24616	107401414.21460652
1.24617	112178595.95260273
1.2461799999999998	107601914.85797401
1.24619	112673036.87272674
1.2462	96578398.61417575
1.24621	96798805.9156274
1.24622	109900583.94325219
1.24623	110700606.4305621
1.24624	110204670.39630285
1.24625	107225974.02590895
1.2462600000000001	110364652.4531996
1.24627	108490072.64436312
1.2462799999999998	104662233.8904785
1.24629	112052099.95286447
1.2463	109078711.70957378
1.24631	104777974.81528187
1.24632	93851236.7439898
1.24633	93394220.13789226
1.24634	109556966.83827308
1.24635	107050820.41872461
1.2463600000000001	96611761.3725314
1.24637	93855558.85268283
1.2463799999999998	93641853.21595228
1.2463899999999999	97649494.62884656
1.2464	69818417.35572623
1.24641	102341081.00222468
1.24642	111889671.81095906
1.24643	93818827.27242626
1.24644	105099342.71862152
1.24645	109390598.88796587
1.2464600000000001	113744393.67459372
1.24647	111308927.96296586
1.24648	111027356.59554505
1.2464899999999999	104279754.48505065
1.2465	92367672.43253201
1.24651	86970106.12070124
1.24652	105723127.02708423
1.24653	108125965.87859595
1.24654	100758107.10099329
1.24655	109378005.55479468
1.2465600000000001	106716113.43466608
1.2465700000000002	89900063.81198424
1.24658	107347021.79554446
1.2465899999999999	111848457.72488067
1.2466	103917813.42439108
1.24661	94425653.68039024
1.24662	102863192.70889236
1.24663	105584459.24300802
1.24664	106443709.24323675
1.24665	111740342.96302776
1.24666	111124546.08464779
1.2466700000000002	112294891.53606191
1.24668	100142862.2267566
1.2466899999999999	104450374.15039195
1.2467	112331096.96743229
1.24671	112841798.64824274
1.24672	106561420.2158518
1.24673	105650121.29639031
1.24674	105620933.12174676
1.24675	107889703.60411298
1.24676	112318165.11639594
1.2467700000000002	111509020.25072278
1.24678	105742603.74060307
1.24679	88807572.69368969
1.2468	99233886.30506948
1.24681	103702684.76252466
1.24682	84189901.2273517
1.2468299999999999	96725280.98235667
1.24684	105918055.7049336
1.24685	92021646.57945578
1.24686	108893009.33334352
1.2468700000000001	109013428.86899045
1.24688	102308095.45250048
1.24689	108905546.82604687
1.2469	98349011.6789979
1.24691	99767709.11940919
1.24692	108407667.44032922
1.2469299999999999	107436041.92098068
1.24694	108021449.34534311
1.24695	106291858.327569
1.24696	111845882.34861667
1.2469700000000001	112875581.32382357
1.24698	111557815.13508506
1.24699	107339606.78208826
1.247	93820987.55562885
1.24701	99696520.20147401
1.24702	100521740.58148004
1.2470299999999999	109541832.02945231
1.24704	111242310.35366456
1.24705	113859690.77456191
1.24706	110741397.55468766
1.2470700000000001	106578597.27175939
1.24708	111938633.26345028
1.24709	112305234.75410828
1.2471	111288425.9890657
1.24711	102508528.66335021
1.24712	107790379.26240139
1.2471299999999998	110311299.31276247
1.24714	105171967.85351506
1.24715	108163317.71423768
1.24716	101113699.39765565
1.2471700000000001	114783641.87524794
1.24718	107792861.2561812
1.24719	109751382.59977545
1.2472	103664486.31840388
1.24721	93117219.63427897
1.24722	106873492.04349434
1.2472299999999998	113925252.54961514
1.24724	104205346.01210982
1.24725	108637559.30201603
1.24726	105776696.62346077
1.24727	93269575.46720135
1.24728	107193882.22844602
1.24729	113990852.07592402
1.2473	111524426.85541499
1.2473100000000001	113587358.48846269
1.24732	93012217.82274427
1.2473299999999998	101814586.07826069
1.24734	100906699.19466506
1.24735	88973361.71603395
1.24736	112893776.18428126
1.24737	112590046.88949417
1.24738	113686788.91424718
1.24739	109139007.49211058
1.2474	110433287.26700513
1.2474100000000001	111539835.58875485
1.24742	107812719.26395161
1.2474299999999998	111396103.49706095
1.2474399999999999	109796880.16925824
1.24745	89104574.36461131
1.24746	108041349.46447457
1.24747	111247433.36933632
1.24748	104491268.15229405
1.24749	110308759.33047144
1.2475	108497567.13193099
1.2475100000000001	106816907.40706341
1.24752	95975415.28877524
1.24753	111506452.6902055
1.2475399999999999	111378150.01346633
1.24755	111544972.30628508
1.24756	111791813.14316395
1.24757	112930174.7043726
1.24758	95021088.25762631
1.24759	104140581.89344566
1.2476	84347069.82224002
1.24761	108400179.162598
1.2476200000000002	108480080.79955122
1.24763	98534881.81024042
1.2476399999999999	78465726.47182229
1.24765	83195531.38400199
1.24766	100925288.60766831
1.24767	110288441.57747409
1.24768	104855206.52992575
1.24769	94660762.8437752
1.2477	102761397.07244402
1.24771	108492570.7493635
1.2477200000000002	110550318.97429474
1.24773	102832406.65377142
1.24774	91148599.47919731
1.24775	97606783.18104096
1.24776	106365307.50764374
1.24777	101090419.78822917
1.24778	96371806.509428
1.24779	104896259.03021704
1.2478	101779426.63820751
1.24781	108472587.51985511
1.2478200000000002	100693166.88518041
1.24783	99090039.15027799
1.24784	100016119.39468558
1.24785	110148858.29495783
1.24786	98512195.92714989
1.24787	105261607.97282434
1.2478799999999999	95785550.59598807
1.24789	103138307.41565774
1.2479	110692959.76768678
1.24791	113807268.52082442
1.2479200000000001	111119428.72801477
1.24793	112478625.3481334
1.24794	111378150.01346633
1.24795	104855206.52992575
1.24796	108487574.59688306
1.24797	112253528.18901679
1.2479799999999999	92659510.16074234
1.24799	106949805.72263983
1.248	108650067.38325463
1.24801	110237663.56613964
1.2480200000000001	99866539.20284693
1.24803	105586890.4430171
1.24804	97743975.74083264
1.24805	105024349.43121545
1.24806	107931944.15882851
1.24807	112540800.51162577
1.2480799999999999	108163317.71423768
1.24809	102477848.7560803
1.2481	99806769.78261587
1.24811	85355203.0862614
1.2481200000000001	89057397.55913456
1.24813	104679104.80904607
1.24814	102815833.36379181
1.24815	101402812.33186266
1.24816	110214821.08900173
1.24817	110682765.03881612
1.2481799999999998	103109813.18496166
1.24819	99432875.73779143
1.2482	106220905.6654515
1.24821	107909579.45254672
1.24822	103764787.25675544
1.24823	103814974.1125121
1.24824	99464934.27677964
1.24825	106728400.28853948
1.2482600000000001	96892463.94075693
1.24827	98841653.04335141
1.2482799999999998	104828651.70912518
1.24829	99526790.65101287
1.2483	92068273.67613539
1.24831	103953711.56463645
1.24832	96549493.54303251
1.24833	72011192.02497901
1.24834	75365051.45570788
1.24835	106194004.97822224
1.2483600000000001	99236171.27604924
1.24837	104732145.4024466
1.2483799999999998	105101762.74828166
1.2483899999999999	103922599.12674668
1.2484	109668019.3495195
1.24841	106676805.00687411
1.24842	105094502.82646865
1.24843	100184376.57240257
1.24844	107517708.55180241
1.24845	92433628.14131117
1.2484600000000001	107693626.06850503
1.24847	104695978.447104
1.24848	105171967.85351506
1.2484899999999999	110100679.68195225
1.2485	109307509.67619713
1.24851	106632600.33238317
1.24852	85272697.18817137
1.24853	102551023.69890204
1.24854	107243258.20386766
1.24855	102468410.63205226
1.2485600000000001	99802173.61684185
1.2485700000000002	100929936.49599041
1.24858	98768850.64664264
1.2485899999999999	71436472.31098135
1.2486	95045158.6613739
1.24861	89881435.51303549
1.24862	83065369.25433268
1.24863	93192293.49404769
1.24864	98989698.1597831
1.24865	110359570.09015533
1.24866	108123476.21488748
1.2486700000000002	96551716.7028731
1.24868	99275023.83363871
1.2486899999999999	97487739.43484788
1.2487	102378791.795986
1.24871	109791823.95249233
1.24872	102171554.25275744
1.24873	101662316.17007259
1.24874	106465770.14186034
1.24875	110754147.86319965
1.24876	107492954.53452896
1.2487700000000002	103750452.61184165
1.24878	86335617.58579597
1.24879	102998286.55791345
1.2488	104959076.29802664
1.24881	105506690.39302003
1.24882	107384104.54696457
1.2488299999999999	104298965.29503173
1.24884	104691157.13013417
1.24885	100579622.20489815
1.24886	89625171.55985337
1.2488700000000001	108622551.50526662
1.24888	93301795.20114702
1.24889	92753434.55086757
1.2489	101652953.15591258
1.24891	109609955.13841961
1.24892	99142530.59545605
1.2489299999999999	108021449.34534311
1.24894	105426551.26013109
1.24895	112722341.11549193
1.24896	105232527.13354965
1.2489700000000001	112369901.45474753
1.24898	112776860.37991364
1.24899	102827671.15547813
1.249	100813803.47675134
1.24901	101311792.65060432
1.24902	105324644.03034614
1.2490299999999999	106917796.57993788
1.24904	94375659.60626487
1.24905	93181564.95235498
1.24906	108682595.1346926
1.2490700000000001	108108539.43643537
1.24908	110364652.4531996
1.24909	112750895.53758684
1.2491	113206144.56977685
1.24911	102108054.1453541
1.24912	103447500.09530795
1.2491299999999999	102251573.5286081
1.24914	106932568.83982067
1.24915	109948674.99698755
1.24916	105460542.24328317
1.2491700000000001	109733694.19250548
1.24918	86272026.58252914
1.24919	109509047.11591673
1.2492	108345280.92858002
1.24921	101617849.53225332
1.24922	109420828.80366807
1.2492299999999998	113511535.88460141
1.24924	109051087.27643006
1.24925	104517737.50829285
1.24926	110662378.39776672
1.24927	106064488.0351999
1.24928	58769229.92092229
1.24929	81756068.71377562
1.2493	106421652.91587815
1.2493100000000001	100637537.15724939
1.24932	101405147.24478479
1.2493299999999998	109771601.41374077
1.24934	107369269.9094275
1.24935	112966584.95985241
1.24936	113010813.19529721
1.24937	114151073.48963587
1.24938	112388014.80267127
1.24939	113208751.26759656
1.2494	114430026.89132103
1.2494100000000001	113151417.77822474
1.24942	113854447.46276134
1.2494299999999998	114770427.68079767
1.2494399999999999	115406428.21880962
1.24945	112052099.95286447
1.24946	108510059.09504756
1.24947	109219453.71850507
1.24948	109352823.23761822
1.24949	108477582.98213924
1.2495	114815362.1496884
1.2495100000000001	114456378.4124466
1.24952	114567121.08395159
1.24953	109211909.36650112
1.2495399999999999	111534699.10777332
1.24955	113914760.12928686
1.24956	108472587.51985511
1.24957	108565040.82167608
1.24958	73220046.44034134
1.24959	101718512.36832158
1.2496	95659917.06223662
1.24961	109398155.58383101
1.2496200000000002	109451067.07335919
1.24963	101503262.15166901
1.2496399999999999	108450110.7862202
1.24965	110451088.44444397
1.24966	104493674.18035823
1.24967	101491576.82942712
1.24968	112590046.88949417
1.24969	112592639.40097722
1.2497	110507053.68491402
1.24971	108847886.30934961
1.2497200000000002	104023149.8030538
1.24973	111915438.32636206
1.24974	110687862.28588052
1.24975	102555746.45681578
1.24976	113597820.75259674
1.24977	111961833.00778507
1.24978	111660611.01192397
1.24979	107989119.46906513
1.2498	106238027.8324743
1.24981	101737251.33661194
1.2498200000000002	99497003.15188569
1.24983	79368833.96828736
1.24984	99586392.40535906
1.24985	104409496.15288353
1.24986	82463165.12473844
1.24987	95027652.30857839
1.2498799999999999	111137340.50730382
1.24989	109038533.02872767
1.2499	103915420.65585774
1.24991	104845549.45323817
1.2499200000000001	106907949.54043448
1.24993	108845380.02299987
1.24994	105628229.4093323
1.24995	109539309.76459582
1.24996	110004385.66604689
1.24997	106015654.77852675
1.2499799999999999	95483867.18073136
1.24999	97395748.5997241
1.25	79963169.51531625
1.25001	104659823.98122825
1.2500200000000001	86383341.59666432
1.25003	102357577.76499736
1.25004	104193349.61887413
1.25005	109703377.84084329
1.25006	109096294.53763266
1.25007	87756642.67786029
1.2500799999999999	98410174.07071029
1.25009	102421233.04896083
1.2501	107295127.4561703
1.25011	106539339.49746281
1.2501200000000001	99643735.44408314
1.25013	93760518.42460863
1.25014	104303768.5504838
1.25015	106482931.77955456
1.25016	112463086.92515408
1.25017	103036239.51975551
1.2501799999999998	83888030.83408606
1.25019	102494367.56498657
1.2502	103841272.15211274
1.25021	101053183.56083326
1.25022	107008924.70311855
1.25023	95360825.07760768
1.25024	105458113.9525154
1.25025	111275614.17305206
1.25026	106721028.00646675
1.25027	109493918.9269925
1.2502799999999998	111298676.50394039
1.25029	96872386.73827636
1.2503	105745038.5820657
1.25031	104876938.20479746
1.25032	108208156.94948576
1.25033	102645520.1928419
1.25034	109703377.84084329
1.25035	110769450.17121305
1.2503600000000001	110235125.27935481
1.25037	111552677.82613432
1.2503799999999998	107663873.33062728
1.25039	108210648.56306264
1.2504	104198148.010433
1.25041	109141520.5395605
1.25042	112463086.92515408
1.25043	112595231.97215573
1.25044	110871519.60259691
1.25045	107013852.75968698
1.2504600000000001	100848629.34477744
1.25047	99682747.56960137
1.25048	111606631.37144858
1.2504899999999999	107164267.55581893
1.2505	111247433.36933632
1.25051	110823024.90080012
1.25052	109799408.36496031
1.25053	110331621.2766981
1.25054	109968930.15690298
1.25055	107954313.50028858
1.2505600000000001	110550318.97429474
1.2505700000000002	109405712.80171266
1.25058	106154888.86686634
1.2505899999999999	106811988.4199548
1.2506	99953958.90030888
1.25061	106010772.68961528
1.25062	98935009.5433958
1.25063	111283301.08565797
1.25064	111632332.70687853
1.25065	110440915.99171957
1.25066	110207207.98183045
1.2506700000000002	107909579.45254672
1.25068	105701220.01242208
1.2506899999999999	92180699.6311065
1.2507	102451896.00657168
1.25071	112095970.15271659
1.25072	109053598.29941845
1.25073	106130448.6142971
1.25074	107196350.48721549
1.25075	93803706.68271637
1.25076	104248544.46536261
1.2507700000000002	112095970.15271659
1.25078	109219453.71850507
1.25079	109880341.37201506
1.2508	99953958.90030888
1.25081	95620277.55957907
1.25082	105157438.81284562
1.2508299999999999	98464572.57214268
1.25084	100401453.48046492
1.25085	91917880.1694491
1.25086	92085234.84102893
1.2508700000000001	103342746.63357922
1.25088	104898674.38364859
1.25089	106206231.71867788
1.2509	107857413.15818463
1.25091	106005890.82552756
1.25092	102803996.93490317
1.2509299999999999	105237373.38210313
1.25094	108163317.71423768
1.25095	102018750.47694495
1.25096	92459172.02547638
1.2509700000000001	94911754.13681133
1.25098	91207384.10087845
1.25099	107631650.47372772
1.251	108970765.06132162
1.25101	102654974.63001455
1.25102	97458562.20593965
1.2510299999999999	98346747.13538758
1.25104	104630909.39804517
1.25105	88570684.28692472
1.25106	97633756.65826404
1.2510700000000001	95336674.7306188
1.25108	105215567.02103086
1.25109	73858417.81207958
1.2511	92706460.46101567
1.25111	85304118.59847544
1.25112	102981686.53340724
1.2511299999999999	102223324.27769324
1.25114	76178076.06019305
1.25115	101057837.33907081
1.25116	81204481.93429773
1.2511700000000001	99252167.5461685
1.25118	103114561.67667475
1.25119	85475175.26874001
1.2512	68942971.82822372
1.25121	104114208.05296825
1.25122	104652594.58640939
1.2512299999999998	104006384.60342138
1.25124	95681946.10822934
1.25125	102863192.70889236
1.25126	105516408.36584283
1.25127	102345794.09169734
1.25128	91098242.8170009
1.25129	86490817.09722632
1.2513	78391685.08211984
1.2513100000000001	103316574.846706
1.25132	104512924.39943302
1.2513299999999998	103490384.38261184
1.25134	99377942.28008223
1.25135	88770772.66163997
1.25136	97384536.14523494
1.25137	102721180.077841
1.25138	101447184.87222414
1.25139	102110405.29725604
1.2514	102785061.48290877
1.2514100000000001	103989622.10580166
1.25142	101223185.3922197
1.2514299999999998	95323504.39205158
1.2514399999999999	100059885.13641033
1.25145	100505539.69685541
1.25146	94800362.9349661
1.25147	94652044.66681156
1.25148	97514680.01452357
1.25149	100380649.17609607
1.2515	100753467.12552509
1.2515100000000001	98118296.6104344
1.25152	100359849.18261184
1.25153	93452301.18800381
1.2515399999999999	85942899.1809305
1.25155	98177054.88620304
1.25156	92102199.13057226
1.25157	92819665.71547697
1.25158	100408389.20671679
1.25159	101011309.19943586
1.2516	97737224.05938588
1.2516100000000001	93456604.9246129
1.2516200000000002	98989698.1597831
1.25163	97541628.03918543
1.2516399999999999	99781493.48996498
1.25165	102806364.11166453
1.25166	98596159.79296467
1.25167	97926447.54685722
1.25168	96649586.43142152
1.25169	98432836.45969549
1.2517	97505698.99417914
1.25171	94820010.7019507
1.2517200000000002	97926447.54685722
1.25173	94654224.13577417
1.2517399999999999	63871924.2187326
1.25175	90069966.24795364
1.25176	88324258.4731052
1.25177	98948678.86430618
1.25178	95977625.22982334
1.25179	99953958.90030888
1.2518	98371659.98320045
1.25181	87762704.90135702
1.2518200000000002	88499333.50369464
1.25183	81554888.8192006
1.25184	95635690.96951877
1.25185	91598845.51879811
1.25186	96493931.18055832
1.25187	94669481.82374957
1.2518799999999999	93372717.79962938
1.25189	93838271.61208858
1.2519	86958091.5864617
1.25191	74598483.69528995
1.2519200000000001	87975146.7605675
1.25193	92342153.82714608
1.25194	90246423.56989244
1.25195	93646165.68195544
1.25196	92204050.51772064
1.25197	93890142.88861977
1.2519799999999999	93149386.73729564
1.25199	78451273.88202931
1.252	87898203.72800937
1.25201	89470527.94032821
1.2520200000000001	90283835.33482589
1.25203	86367430.66258891
1.25204	90583688.32203124
1.25205	90244345.59312011
1.25206	77656891.0817413
1.25207	80874200.42872828
1.2520799999999999	88881218.53060855
1.25209	85575609.2988043
1.2521	92125530.13171875
1.25211	89022543.80102117
1.2521200000000001	79935555.98396157
1.25213	87409774.53153868
1.25214	88766684.71061254
1.25215	86664253.40281378
1.25216	90633760.55232114
1.25217	88356804.32725044
1.2521799999999998	87178621.9990289
1.25219	81876637.7257395
1.2522	74173709.66256951
1.25221	90179952.03964189
1.25222	86341581.64496647
1.25223	88513599.06055658
1.25224	89546785.41618343
1.25225	88662505.54140787
1.25226	89238035.27587932
1.25227	86051808.08985949
1.2522799999999998	87389650.00416729
1.25229	86095410.28699869
1.2523	85382722.78822802
1.25231	83134253.22956279
1.25232	74975608.64362156
1.25233	84822291.32819013
1.25234	87202713.67071638
1.25235	84943470.34236793
1.2523600000000001	84199594.50590828
1.25237	88403610.00408962
1.2523799999999998	86560548.55505484
1.25239	86796057.72923765
1.2524	81000929.03124498
1.25241	84286884.25032856
1.25242	88035938.83343394
1.25243	85249138.7260771
1.25244	86277986.24883702
1.25245	87910348.1525134
1.2524600000000001	81821982.87725648
1.25247	74772172.63353695
1.25248	83466076.68304548
1.2524899999999999	82241306.31342219
1.2525	84224802.253563
1.25251	74808336.92724177
1.25252	83535292.95464493
1.25253	86347546.11613344
1.25254	84746154.40710528
1.25255	84545403.26940975
1.2525600000000001	80876062.64745086
1.2525700000000002	79096997.84368138
1.25258	86604408.52948636
1.2525899999999999	86896042.92863017
1.2526	83593017.02562612
1.25261	85168696.41086434
1.25262	82658972.03530477
1.25263	78686458.65673932
1.25264	86121185.60562676
1.25265	83992401.74563427
1.25266	85668270.63698418
1.2526700000000002	86916053.78568555
1.25268	82626622.38332546
1.2526899999999999	82010602.02779429
1.2527	80162268.73415765
1.25271	84845731.8316943
1.25272	84112395.1610748
1.25273	85382722.78822802
1.25274	87671815.50440507
1.25275	87813239.71905786
1.25276	88293757.62258229
1.2527700000000002	84791047.39691797
1.25278	85573638.87026691
1.25279	81081168.70643964
1.2528	86726136.5498983
1.25281	84062054.48507708
1.25282	76422281.69144322
1.2528299999999999	84559031.47665162
1.25284	89852465.83115052
1.25285	89877296.41527128
1.25286	90581602.57954004
1.2528700000000002	89835915.91962904
1.25288	89077906.143786
1.25289	88483032.82540333
1.2529	84471459.8893083
1.25291	85510609.10687236
1.25292	88383256.66398825
1.2529299999999999	91070977.90862146
1.25294	78835168.46223594
1.25295	86710162.47647448
1.25296	92021646.57945578
1.2529700000000001	88975410.42698404
1.25298	92252894.21487173
1.25299	66651511.09451593
1.253	73058373.62163086
1.25301	90441967.17921041
1.25302	84518153.44386376
1.2530299999999999	91489235.80133748
1.25304	93952858.938185
1.25305	93022926.86650577
1.25306	93070061.30895075
1.2530700000000001	93037921.59923545
1.25308	93361968.48701654
1.25309	96409537.62212877
1.2531	90219413.60357346
1.25311	70727775.65448889
1.25312	94232345.26030672
1.2531299999999999	97384536.14523494
1.25314	97827284.83760047
1.25315	92706460.46101567
1.25316	92578470.18559435
1.2531700000000001	95457487.65786217
1.25318	92595525.3408146
1.25319	89649939.33156896
1.2532	88218567.21726759
1.25321	98351276.27475186
1.25322	95836291.5384791
1.2532299999999998	96547270.4343815
1.25324	98276572.14016268
1.25325	85064822.47558339
1.25326	78044086.21281178
1.25327	93603049.95745692
1.25328	96682973.78142478
1.25329	97669732.89014888
1.2533	96861234.53457986
1.2533100000000001	90765331.88577972
1.25332	97097936.3897512
1.2533299999999998	99735552.99307358
1.25334	98342218.20459266
1.25335	97026418.337726
1.25336	98864414.7954808
1.25337	89414921.5812472
1.25338	94841846.33008976
1.25339	97476516.39013167
1.2534	97743975.74083264
1.2534100000000001	100790592.9129635
1.25342	98741563.57468665
1.2534299999999998	86532649.22811246
1.2534399999999999	91786751.57228538
1.25345	98075380.11075993
1.25346	95299363.49661125
1.25347	102133919.7940663
1.25348	101216193.38378528
1.25349	88519713.57455346
1.2535	99480967.42210987
1.2535100000000001	101988217.15600783
1.25352	91428164.28619665
1.25353	89020494.00479752
1.2535399999999999	85731416.61249608
1.25355	91434480.13818064
1.25356	80543407.6692413
1.25357	69027159.1289827
1.25358	95803196.57166684
1.25359	93136518.56285885
1.2536	101223185.3922197
1.2536100000000001	101988217.15600783
1.2536200000000002	78509100.21822818
1.25363	86820043.67990568
1.2536399999999999	105017094.85674024
1.25365	105572304.08263351
1.25366	86772078.40521747
1.25367	88342564.04067734
1.25368	87421851.47239399
1.25369	102477848.7560803
1.2537	103580976.26819399
1.25371	104049500.57697915
1.2537200000000002	104845549.45323817
1.25373	101223185.3922197
1.2537399999999999	97768735.89674206
1.25375	99435165.2907254
1.25376	99375654.04474205
1.25377	103774344.7869819
1.25378	101479892.85243024
1.25379	91314553.52320573
1.2538	91780411.38709286
1.25381	101751307.8282777
1.2538200000000002	100484713.8246581
1.25383	96152371.46983384
1.25384	85353237.73270619
1.25385	88993850.94848952
1.25386	83212774.00169024
1.25387	100292856.2954683
1.2538799999999999	96923703.41572796
1.25389	96393999.4928969
1.2539	95765702.75833616
1.25391	102671521.99053955
1.2539200000000001	98093447.92747499
1.25393	101470546.639305
1.25394	102072793.36252372
1.25395	99595565.07347392
1.25396	98891735.81717406
1.25397	87884037.35316281
1.2539799999999999	103150182.33567855
1.25399	104419113.06572834
1.254	105247066.54877017
1.25401	106186669.60959524
1.2540200000000001	104734556.97697829
1.25403	103473705.04769899
1.25404	106794773.74887021
1.25405	83664264.98430307
1.25406	101526636.83250734
1.25407	106735773.07988857
1.2540799999999999	102305739.7486669
1.25409	100591202.52844013
1.2541	102162144.33819659
1.25411	90283835.33482589
1.2541200000000001	91788865.06467672
1.25413	100741868.12165673
1.25414	91727593.53897803
1.25415	89569469.08902656
1.25416	78184380.61724101
1.25417	79436481.57336275
1.2541799999999999	98475909.37757874
1.25419	95439905.35825375
1.2542	82723709.34045033
1.25421	71749685.20764486
1.2542200000000001	69765385.76686941
1.25423	100265148.1833612
1.25424	101730223.81898697
1.25425	103960892.68065901
1.25426	93357669.10847652
1.25427	94225836.1453222
1.2542799999999998	102077494.09660904
1.25429	99414561.21207948
1.2543	106676805.00687411
1.25431	108893009.33334352
1.25432	107552373.7530847
1.25433	101962388.40682186
1.25434	104966326.86458333
1.25435	103860402.18322335
1.2543600000000001	108865431.92975074
1.25437	102558107.91733281
1.2543799999999998	96716372.66500185
1.25439	92182822.19459194
1.2544	102579363.50902422
1.25441	106497643.95649509
1.25442	105477541.84432535
1.25443	107899641.07067153
1.25444	90227723.50132705
1.25445	107023709.55368654
1.2544600000000001	106429004.51713796
1.25447	96598414.88640268
1.2544799999999998	108602544.33462285
1.2544899999999999	107567233.68910016
1.2545	101915443.80192804
1.25451	106218459.86687008
1.25452	105742603.74060307
1.25453	107258075.43104205
1.25454	104777974.81528187
1.25455	104327788.1459965
1.2545600000000001	103069459.83323163
1.25457	103650165.52961965
1.25458	102171554.25275744
1.2545899999999999	99243026.50467786
1.2546	105268879.43825017
1.25461	104930079.0397952
1.25462	102374077.18694791
1.25463	105356176.21365558
1.25464	101592114.5795145
1.25465	107532563.69831248
1.25466	99176779.1265819
1.2546700000000002	86028034.38120587
1.25468	102967460.07038346
1.2546899999999999	107450885.78404933
1.2547	108725146.11919858
1.25471	110108285.43015511
1.25472	107026173.89404026
1.25473	108023936.65976904
1.25474	111573228.48150535
1.25475	105089663.15719548
1.25476	105288272.46856363
1.2547700000000002	67569390.2741646
1.25478	107817684.33748029
1.25479	106206231.71867788
1.2548	92629645.07772876
1.25481	104893843.73240085
1.25482	111216698.81386222
1.25483	100976427.15348065
1.25484	103552359.74047053
1.25485	104433540.09587976
1.25486	100408389.20671679
1.2548700000000002	106260046.10277554
1.25488	107356909.27695943
1.25489	106561420.2158518
1.2549	109438466.77893162
1.25491	94713088.77137133
1.25492	110446002.1009673
1.2549299999999999	106544245.92833582
1.25494	108767713.7631
1.25495	112958781.77413224
1.25496	109602383.81246488
1.2549700000000001	114095889.89489324
1.25498	111331997.19827484
1.25499	110242740.31505173
1.255	108657572.92324926
1.25501	101835687.5719783
1.25502	111050367.47402453
1.2550299999999999	107445937.60182981
1.25504	100950854.64242624
1.25505	105991246.5821004
1.25506	101353791.5777824
1.2550700000000001	108098582.73051232
1.25508	108365240.70518807
1.25509	106858727.94480883
1.2551	108001552.89161146
1.25511	107354437.32122976
1.25512	113310459.31348628
1.2551299999999999	111804684.39220147
1.25514	101763023.0548773
1.25515	98673378.87185594
1.25516	77008736.87584569
1.2551700000000001	96638459.87708174
1.25518	95226977.48651998
1.25519	93239513.75406326
1.2552	106984287.82416911
1.25521	111879366.86591165
1.25522	104315777.65690061
1.2552299999999998	108755192.13810104
1.25524	113255682.09347637
1.25525	101849757.66405202
1.25526	100094450.56529298
1.25527	111802110.02384411
1.25528	105067887.40333427
1.25529	107517708.55180241
1.2553	102775595.06484595
1.25531	108757696.34777366
1.25532	108530049.22771141
1.2553299999999998	106654700.3794656
1.25534	97306085.09809215
1.25535	95095507.39246833
1.25536	106590868.29258806
1.25537	83541063.56756157
1.25538	108847886.30934961
1.25539	107184009.76168564
1.2554	109101318.7233478
1.2554100000000001	114043358.8924828
1.25542	108647565.65180197
1.2554299999999998	99884936.99365035
1.25544	97897139.01644294
1.25545	112507118.0330179
1.25546	110090539.50158136
1.25547	107787897.32577135
1.25548	111918015.30423006
1.25549	109199336.60453716
1.2555	100048365.97952253
1.2555100000000001	86222378.70312078
1.25552	110986460.13961956
1.25553	113229607.01106788
1.2555399999999999	116171607.80585656
1.25555	115040298.52044924
1.25556	113988227.36977501
1.25557	116067331.5784956
1.25558	115669804.08524428
1.25559	114670049.50492732
1.2556	107016316.87307745
1.2556100000000001	100867208.05993418
1.2556200000000002	108855405.51466309
1.25563	109758964.21855772
1.2556399999999999	116568175.75764224
1.25565	117768732.24692704
1.25566	113569051.84475516
1.25567	110275744.88229339
1.25568	110197057.99029237
1.25569	113537675.89100638
1.2557	117836544.8949265
1.25571	117111623.07544391
1.2557200000000002	116772344.53891668
1.25573	113964607.73385881
1.2557399999999999	109726114.31925446
1.25575	113135786.41195616
1.25576	115011164.30181429
1.25577	113143601.8251463
1.25578	112662659.78041379
1.25579	115260367.50887617
1.2558	111211577.2135369
1.25581	117108926.51171438
1.2558200000000002	115856392.11365092
1.25583	115648498.88225888
1.25584	105735299.55259152
1.25585	113104530.15733328
1.25586	108677590.23146687
1.25587	113164445.56654145
1.2558799999999999	107050820.41872461
1.25589	108258000.12324609
1.2559	110565593.12036115
1.25591	114707020.72018741
1.2559200000000001	116554756.12296249
1.25593	114770427.68079767
1.25594	107033567.2555722
1.25595	108337796.96020707
1.25596	109910706.62726387
1.25597	111073383.12160367
1.2559799999999999	109743801.5046952
1.25599	87845597.27225278
1.256	110810266.66298257
1.25601	115207300.3681666
1.2560200000000001	114773070.39798181
1.25603	114185248.13705464
1.25604	111616911.19547178
1.25605	114372074.89858916
1.25606	115592591.39317559
1.25607	111688896.48032896
1.2560799999999999	110578323.18747449
1.25609	105470255.96550854
1.2561	109999319.89351928
1.25611	98195141.43382864
1.2561200000000001	106458416.00100887
1.25613	96647361.01807271
1.25614	110481611.4247264
1.25615	108933134.3914019
1.25616	111355071.21477772
1.25617	113198324.83643615
1.2561799999999999	114926452.15717097
1.25619	117579064.37313077
1.2562	117473524.80558039
1.25621	115875067.46276467
1.2562200000000001	113697260.33668365
1.25623	116831512.74118985
1.25624	117249230.19044375
1.25625	117338356.23627423
1.25626	111132222.56147943
1.25627	110113356.22084667
1.2562799999999998	115584606.81562254
1.25629	118418621.17434637
1.2563	112238020.86221114
1.25631	113849204.39241865
1.25632	109015939.024852
1.25633	114009226.71127607
1.25634	92621113.96501037
1.25635	101678703.52006255
1.2563600000000001	99949355.95638117
1.25637	108006526.66145028
1.2563799999999998	114857669.48512207
1.25639	107211161.23340121
1.2564	106649788.86209469
1.25641	115414400.4877966
1.25642	114786284.89670365
1.25643	117276230.93185979
1.25644	116955324.96972853
1.25645	113120157.20509192
1.2564600000000001	117122409.95129074
1.25647	113271330.02508928
1.2564799999999998	104814170.09605807
1.2564899999999999	99261309.42961855
1.2565	110283362.72399
1.25651	118162589.54083484
1.25652	113917383.14377065
1.25653	115109190.56014457
1.25654	108667581.1164423
1.25655	109025980.22630326
1.2565600000000001	110318919.61055696
1.25657	116150210.17572294
1.25658	112403542.85333715
1.2565899999999999	107661394.30687045
1.2566	87222795.14944996
1.25661	104623682.00050598
1.25662	112849593.75277619
1.25663	110644543.16715512
1.25664	113399202.41783547
1.25665	98346747.13538758
1.25666	82539151.49427827
1.2566700000000002	104095031.27339448
1.25668	108842873.79435927
1.2566899999999999	83362359.79525906
1.2567	116772344.53891668
1.25671	116809993.5632697
1.25672	112924974.19738336
1.25673	115005867.96391913
1.25674	106509905.65669237
1.25675	95812020.77852188
1.25676	110524866.75305292
1.2567700000000002	112274207.95768707
1.25678	108900531.65575273
1.25679	109483834.6287793
1.2568	106429004.51713796
1.25681	111799535.71476263
1.25682	113770587.30465971
1.25683	109481313.69934696
1.25684	101002006.1424725
1.25685	97987347.14962511
1.25686	109269762.71889116
1.2568700000000002	100276692.29965886
1.25688	103340367.10629608
1.25689	108390195.59690046
1.2569	109713482.36066526
1.25691	112470855.86830491
1.25692	110856203.19414495
1.2569299999999999	112649689.75899477
1.25694	111132222.56147943
1.25695	113120157.20509192
1.25696	113075886.17646235
1.2569700000000001	109123930.42251882
1.25698	106999069.27079135
1.25699	103188191.2683023
1.257	104416708.7544775
1.25701	109615002.97962473
1.25702	114960858.93812747
1.2570299999999999	112917173.8859331
1.25704	105891231.71514973
1.25705	98793870.42021443
1.25706	111892248.19552429
1.2570700000000001	111627191.96634535
1.25708	105618501.13788508
1.25709	111683753.13499819
1.2571	108540045.6749971
1.25711	116142187.08055888
1.25712	107676269.30567294
1.2571299999999999	111488481.42185614
1.25714	112155351.29256083
1.25715	115933781.0173916
1.25716	108462597.28540854
1.2571700000000001	109599860.15336812
1.25718	95415734.98400298
1.25719	108900531.65575273
1.2572	112919773.92988077
1.25721	116163583.23264812
1.25722	117619681.7572317
1.2572299999999998	104116605.39880282
1.25724	113297414.71568337
1.25725	114009226.71127607
1.25726	114053863.15774037
1.25727	107364325.48567134
1.25728	107681228.09530367
1.25729	114976742.46490183
1.2573	116184983.32641676
1.25731	116799235.46071051
1.25732	118181636.63501364
1.2573299999999998	113247858.93832295
1.25734	113747012.76619977
1.25735	111670895.80788475
1.25736	108083649.39098415
1.25737	105891231.71514973
1.25738	107280305.11042303
1.25739	116104753.2968866
1.2574	113741774.64329377
1.2574100000000001	116963404.23640765
1.25742	119652010.38573812
1.2574299999999998	114717586.11377324
1.25744	110591054.72027531
1.25745	107277834.91854918
1.25746	112667848.20709957
1.25747	104503298.84664296
1.25748	110024651.08919162
1.25749	112917173.8859331
1.2575	112121784.17553753
1.2575100000000001	116801924.89345798
1.25752	116600389.185145
1.25753	116758901.39979039
1.2575399999999999	101400477.47270328
1.25755	112924974.19738336
1.25756	112013405.21134584
1.25757	101648271.9722095
1.25758	107542468.26955523
1.25759	109753909.74784519
1.2576	108482578.67447866
1.2576100000000001	116094060.14636517
1.2576200000000002	95117406.4633685
1.25763	105145332.81218502
1.2576399999999999	109423348.34036821
1.25765	111627191.96634535
1.25766	114085381.75900838
1.25767	112292305.88039787
1.25768	104322983.78442663
1.25769	116273300.39367595
1.2577	107606870.22337748
1.25771	100732589.87999135
1.2577200000000002	109546876.73339964
1.25773	101349124.17066233
1.2577399999999999	109809521.72992773
1.25775	105637958.57682769
1.25776	107606870.22337748
1.25777	103671647.45476417
1.25778	106106013.98865616
1.25779	109174195.42267035
1.2578	105285848.14440836
1.25781	100693166.88518041
1.2578200000000002	117246530.45822978
1.25783	102176259.53505458
1.25784	99990790.08376677
1.25785	101910750.53036232
1.25786	102376434.46432726
1.25787	113133181.39419498
1.2578799999999999	112748299.38216352
1.25789	110662378.39776672
1.2579	98698374.4608577
1.25791	107760599.79432172
1.2579200000000001	113527219.16616368
1.25793	104804516.7987917
1.25794	93948532.34876023
1.25795	116482316.78711888
1.25796	112553757.99598478
1.25797	89073804.04906508
1.2579799999999999	108690102.92170185
1.25799	117822979.24225901
1.258	112883378.76206218
1.25801	109668019.3495195
1.2580200000000001	99033014.75304078
1.25803	106096241.71364939
1.25804	115800384.12357868
1.25805	116694395.87156717
1.25806	115103889.70807733
1.25807	110700606.4305621
1.2580799999999999	106674348.71094368
1.25809	103781513.51235846
1.2581	107795343.30711126
1.25811	107760599.79432172
1.2581200000000001	106625234.66770884
1.25813	109310026.60359745
1.25814	110250355.87679441
1.25815	116099406.59851667
1.25816	111948943.66738601
1.25817	96336308.36322129
1.2581799999999999	99281881.74619922
1.25819	108255507.4193718
1.2582	112507118.0330179
1.25821	113521991.16489397
1.2582200000000001	110390067.77948806
1.25823	109488876.66178614
1.25824	116834202.91715772
1.25825	109524177.39502141
1.25826	117665731.7549328
1.25827	118421347.89525716
1.2582799999999998	117149381.48790535
1.25829	115571300.4119833
1.2583	98925897.71189153
1.25831	88149529.78711663
1.25832	86786065.5390125
1.25833	102827671.15547813
1.25834	107770525.36943233
1.25835	90317103.25676799
1.2583600000000001	94641148.07472834
1.25837	105382864.66508491
1.2583799999999998	106257599.40296304
1.25839	99940150.70442194
1.2584	103841272.15211274
1.25841	112709364.22340126
1.25842	115813716.90297268
1.25843	111786665.05845438
1.25844	108787751.36187932
1.25845	102180965.03404337
1.2584600000000001	100869530.6399702
1.25847	102282185.69340454
1.2584799999999998	106723485.37724005
1.2584899999999999	106880874.85777341
1.2585	85019784.53436139
1.25851	91924229.85097668
1.25852	104770737.2591744
1.25853	97033120.91675669
1.25854	103793462.48848067
1.25855	99291026.36655468
1.2585600000000001	111270489.8596362
1.25857	84094966.13181813
1.25858	113362652.72544008
1.2585899999999999	91068880.94600245
1.2586	104532178.16485538
1.25861	115488834.89389823
1.25862	115872399.37145254
1.25863	115024406.21368828
1.25864	111091287.47862013
1.25865	117752463.01915394
1.2586600000000001	116737395.59614177
1.2586700000000002	115957808.77260849
1.25868	114480099.9698682
1.2586899999999999	114245736.04021956
1.2587	102195082.83125618
1.25871	104884183.0972593
1.25872	117114319.70126484
1.25873	118751744.97453272
1.25874	119379567.18281916
1.25875	115337358.28446935
1.25876	97955764.85168476
1.2587700000000002	109340234.25327872
1.25878	115824384.23173806
1.2587899999999999	97827284.83760047
1.2588	99976976.7998157
1.25881	105484828.22644979
1.25882	117273530.57793793
1.25883	117530342.02653229
1.25884	114198394.95634185
1.25885	118015757.9593465
1.25886	114074874.59091404
1.2588700000000002	114482736.00193278
1.25888	114884119.48593128
1.25889	119566633.0905856
1.2589	102782694.79665293
1.25891	102910573.86880042
1.25892	115923103.61327438
1.2589299999999999	112080484.59185448
1.25894	114208913.50160621
1.25895	116222442.97736394
1.25896	110902158.76835229
1.2589700000000001	111629762.30701925
1.25898	107401414.21460652
1.25899	113663231.7397512
1.259	95194092.93298648
1.25901	88399538.96113849
1.25902	113016017.6554099
1.2590299999999999	96602863.51023757
1.25904	114677970.9049179
1.25905	115707097.63525489
1.25906	112300063.02600463
1.2590700000000001	112145021.87865572
1.25908	73700426.3128618
1.25909	103674034.61014706
1.2591	115236484.2712915
1.25911	110886838.12723507
1.25912	105138069.88076302
1.2591299999999999	108382708.52603932
1.25914	113016017.6554099
1.25915	113354822.1812724
1.25916	104056688.31010082
1.2591700000000001	114172102.83126381
1.25918	115552674.0203882
1.25919	114501189.92599578
1.2592	112930174.7043726
1.25921	114219433.015709
1.25922	114889410.21697319
1.2592299999999998	104551435.47727951
1.25924	113663231.7397512
1.25925	114416853.40595685
1.25926	115979170.9578299
1.2592700000000001	102312807.0228974
1.25928	106284516.19970511
1.25929	110718450.69823197
1.2593	111150136.40305696
1.25931	112631534.23745061
1.25932	104085444.20821169
1.2593299999999998	105142911.77929908
1.25934	110400235.54870334
1.25935	111784091.10500273
1.25936	117858253.18800774
1.25937	119972027.94385795
1.25938	114942330.93014403
1.25939	109380524.10544129
1.2594	86383341.59666432
1.2594100000000001	94896457.40229963
1.25942	110529956.7284651
1.2594299999999998	108447613.65888534
1.25944	108427638.71001594
1.25945	116517189.36417864
1.25946	102202142.46131365
1.25947	97229936.02579223
1.25948	118051089.61935483
1.25949	117725352.63387062
1.2595	116404561.72106116
1.2595100000000001	118385905.42018089
1.25952	111337124.34427309
1.2595299999999998	110318919.61055696
1.2595399999999999	112984794.48954538
1.25955	115747068.35328165
1.25956	116931090.5179962
1.25957	112950979.12741798
1.25958	115717755.14357056
1.25959	117476229.76459254
1.2596	120104699.23271404
1.2596100000000001	115909758.24099486
1.25962	114855024.81999439
1.25963	110308759.33047144
1.2596399999999999	114551294.14455335
1.25965	116000537.07847367
1.25966	117408624.47096747
1.25967	101655293.82860634
1.25968	112561533.20268717
1.25969	116793856.78099145
1.2597	103547591.08787617
1.25971	117616973.49515338
1.2597200000000002	113203537.93197785
1.25973	104130990.6330885
1.2597399999999999	109350305.32479988
1.25975	108435128.88465145
1.25976	90869889.51251942
1.25977	115164864.24767996
1.25978	118285088.73220913
1.25979	103583361.33577162
1.2598	108590041.7243625
1.25981	115683121.83019039
1.2598200000000002	120642408.81970015
1.25983	101688068.90602797
1.25984	117736196.03890198
1.25985	119517087.13637929
1.25986	115435662.56429262
1.25987	118456800.98113237
1.2598799999999999	106767727.72823715
1.25989	114815362.1496884
1.2599	115318769.596851
1.25991	117841971.59331386
1.2599200000000002	84959118.94909798
1.25993	101561708.94697505
1.25994	111539835.58875485
1.25995	96267567.9099141
1.25996	112982192.94846167
1.25997	119198283.10318467
1.2599799999999999	121565404.63839704
1.25999	118822859.61899988
1.26	114337844.33555248
1.26001	119000832.60453184
1.2600200000000001	121090479.7959242
1.26003	118885804.22650106
1.26004	116385801.03443396
1.26005	116562807.7183707
1.26006	117197945.90684803
1.26007	117362675.09550971
1.2600799999999999	121879313.68487327
1.26009	117324847.93639413
1.2601	105896108.29886869
1.26011	119379567.18281916
1.2601200000000001	117652185.76672281
1.26013	91329272.87649387
1.26014	88787126.34844962
1.26015	97669732.89014888
1.26016	111232065.03006512
1.26017	103538054.44147547
1.2601799999999999	118108186.18518628
1.26019	89897993.81034788
1.2602	107267954.71981639
1.26021	103285653.09827085
1.2602200000000001	108953202.46459375
1.26023	93050776.15105735
1.26024	100874175.96048385
1.26025	81178308.92097361
1.26026	88285625.8414661
1.26027	113049852.48882778
1.2602799999999998	115443636.85278594
1.26029	89275029.01221591
1.2603	80397028.98473585
1.26031	111920592.34143585
1.26032	107295127.4561703
1.26033	108865431.92975074
1.26034	110863861.13386613
1.26035	111544972.30628508
1.2603600000000001	106888258.18205683
1.26037	106895642.0163794
1.2603799999999998	111206455.84906411
1.26039	110331621.2766981
1.2604	112730127.96790636
1.26041	114143188.48517224
1.26042	113349602.11899444
1.26043	115709761.92031054
1.26044	106558966.57672378
1.26045	99717182.71728566
1.2604600000000001	112748299.38216352
1.26047	97897139.01644294
1.2604799999999998	91571430.78440253
1.2604899999999999	91343994.60245231
1.2605	108517554.96327822
1.26051	81251240.44858521
1.26052	110194520.63847472
1.26053	115867063.37312947
1.26054	114548656.53389737
1.26055	118132664.59486002
1.2605600000000001	115947129.15555516
1.26057	115904420.52227189
1.26058	113266113.80767867
1.2605899999999999	104119002.79983939
1.2606	116847654.72619064
1.26061	119338342.06078444
1.26062	117038837.64413811
1.26063	116495728.08143179
1.26064	118331399.24744616
1.26065	113005608.97485372
1.2606600000000001	81658237.13585937
1.2606700000000002	107542468.26955523
1.26068	88813707.51536752
1.2606899999999999	100990378.52613948
1.2607	111188532.93059592
1.26071	114308888.01504648
1.26072	112411307.68318714
1.26073	102993543.42074458
1.26074	101833342.74561293
1.26075	106593322.66628867
1.26076	111650327.16318429
1.2607700000000002	113788926.43466392
1.26078	115215258.88141386
1.2607899999999999	113472337.15880969
1.2608	106242920.38711286
1.26081	118334123.95997477
1.26082	118407714.91853169
1.26083	118527738.99798676
1.26084	112639314.81693146
1.26085	116243853.91449744
1.26086	118595988.69117397
1.2608700000000002	118380453.67329235
1.26088	100438449.55739136
1.26089	106740688.55707066
1.2609	95172176.20640689
1.26091	108455105.21338867
1.26092	113733917.9112163
1.2609299999999999	104520144.14584349
1.26094	116971484.0612025
1.26095	114773070.39798181
1.26096	114011851.90095837
1.2609700000000001	114337844.33555248
1.26098	115707097.63525489
1.26099	111357635.28956804
1.261	114190506.68314002
1.26101	112191511.73422027
1.26102	114987332.70192248
1.2610299999999999	103333228.85318117
1.26104	119867100.45021851
1.26105	116136838.65833922
1.26106	114395778.98375912
1.2610700000000001	109771601.41374077
1.26108	116699769.97083662
1.26109	117192548.86625667
1.2611	116345609.74404885
1.26111	117568235.43979423
1.26112	116027250.26457042
1.2611299999999999	107629172.1919206
1.26114	116958017.99661116
1.26115	114564483.10887058
1.26116	118100027.84250288
1.2611700000000001	114670049.50492732
1.26118	95205053.1888638
1.26119	107663873.33062728
1.2612	119319108.54274312
1.26121	116917629.1036157
1.26122	118315052.28972374
1.2612299999999999	113456661.4589532
1.26124	111375585.46631292
1.26125	85029573.36226471
1.26126	112940576.43685575
1.2612700000000001	117195247.35548471
1.26128	114966153.20323314
1.26129	116190333.96583186
1.2613	109743801.5046952
1.26131	99673566.87205125
1.26132	110428201.74328366
1.2613299999999998	111509020.25072278
1.26134	115677794.54822
1.26135	115361262.42861012
1.26136	118847486.1476962
1.26137	117430253.93093301
1.26138	112217347.7588363
1.26139	118276918.16995277
1.2614	113091509.2666359
1.2614100000000001	119151633.32180013
1.26142	110907266.1191035
1.2614299999999998	117955990.00740848
1.26144	119594167.49517675
1.26145	107389049.88160159
1.26146	82777060.48336853
1.26147	115355949.96847115
1.26148	117138592.1280026
1.26149	105201031.95732988
1.2615	115579284.07033129
1.2615100000000001	121582200.67991278
1.26152	108193208.47276591
1.2615299999999998	116396521.05652165
1.2615399999999999	112875581.32382357
1.26155	117860967.00582027
1.26156	114886764.8209961
1.26157	113307850.27377877
1.26158	111807258.81983653
1.26159	118576874.81671596
1.2616	105930250.67372619
1.2616100000000001	113582127.7177386
1.26162	118255132.7630345
1.26163	120862062.17407905
1.2616399999999999	122177152.75119211
1.26165	119401559.73728998
1.26166	114082754.87625757
1.26167	115880403.82969771
1.26168	118148986.35305102
1.26169	118522280.71957098
1.2617	111964411.05394238
1.26171	117633224.00306389
1.2617200000000002	113448824.42111655
1.26173	117885394.17829745
1.2617399999999999	119850541.34218942
1.26175	117481639.8694724
1.26176	116348288.73155795
1.26177	114836513.8690802
1.26178	117478934.78588942
1.26179	114009226.71127607
1.2618	107735789.85571128
1.26181	115949798.96760397
1.2618200000000002	121433915.89715812
1.26183	115555334.7496673
1.26184	107959285.09462294
1.26185	83302876.85992095
1.26186	105810800.49833702
1.26187	117381593.2483219
1.26188	117098140.87768103
1.26189	108260492.88451812
1.2619	113642296.1270099
1.26191	97019716.22167668
1.2619200000000002	112170847.19735438
1.26193	103521367.4236761
1.26194	111802110.02384411
1.26195	110171687.10103408
1.26196	119646500.33390322
1.26197	118252409.86932448
1.2619799999999999	121789542.76469713
1.26199	120645186.7458033
1.262	111598922.12474965
1.26201	119778811.63744965
1.2620200000000001	112636721.23071915
1.26203	108575040.49195512
1.26204	105094502.82646865
1.26205	115659150.99318092
1.26206	111794387.27442415
1.26207	108565040.82167608
1.2620799999999999	119517087.13637929
1.26209	113130576.43641587
1.2621	117757885.84533818
1.26211	120093637.69052255
1.2621200000000001	120498044.76937175
1.26213	115704433.41154641
1.26214	79959487.1600641
1.26215	98262995.66781382
1.26216	84964987.91982701
1.26217	110907266.1191035
1.2621799999999999	112901574.87941925
1.26219	108988330.48903419
1.2622	114214173.137547
1.26221	112095970.15271659
1.2622200000000001	114358908.08481064
1.26223	118388631.38777494
1.26224	113263505.78905284
1.26225	105720692.69014801
1.26226	69227715.46466635
1.26227	95321309.51251861
1.2622799999999998	117073876.83289488
1.26229	117714510.22750829
1.2623	111127104.85133973
1.26231	117438366.00567612
1.26232	115605900.24817026
1.26233	115973830.04260723
1.26234	112584862.04560852
1.26235	97055466.19102764
1.26236	110318919.61055696
1.26237	94290947.53311452
1.2623799999999998	107907094.77126205
1.26239	114011851.90095837
1.2624	110159003.84693547
1.26241	99487839.56124085
1.26242	106277174.57899995
1.26243	96513929.94656056
1.26244	95776728.82701506
1.26245	95670930.95118608
1.2624600000000001	105300394.92670766
1.26247	113699878.342992
1.2624799999999998	113833476.63002567
1.26249	109277311.06740113
1.2625	116428687.04752441
1.26251	116284010.05359402
1.26252	114862958.99806839
1.26253	113094113.32484981
1.26254	113762728.58234283
1.26255	100939232.9147883
1.2625600000000001	78366418.66123666
1.26257	102759030.93107507
1.26258	113519377.2545421
1.2625899999999999	116861108.08400948
1.2626	113946240.28965667
1.26261	102409442.04749727
1.26262	104443159.22335513
1.26263	63235360.677445896
1.26264	106728400.28853948
1.26265	108021449.34534311
1.2626600000000001	108542544.93068275
1.2626700000000002	102028147.18383488
1.26268	112455318.51864427
1.2626899999999999	115984512.11901644
1.2627	118312328.01633103
1.26271	115720419.67402676
1.26272	103953711.56463645
1.26273	108655071.0189767
1.26274	118040217.2128885
1.26275	99359637.8725552
1.26276	107186477.79313056
1.2627700000000002	65448545.5870439
1.26278	114308888.01504648
1.2627899999999999	117424846.19240858
1.2628	117514105.7313103
1.26281	107263014.96168971
1.26282	118585066.09995957
1.26283	119069354.71068929
1.26284	114788927.97901835
1.26285	106657156.22297168
1.26286	103807803.075839
1.2628700000000002	118718937.18757504
1.26288	118282365.14874539
1.26289	116958017.99661116
1.2629	111985037.56036274
1.26291	112989997.75142433
1.26292	107309951.84984133
1.2629299999999999	109994254.35427418
1.26294	116059314.2081845
1.26295	118119064.8521146
1.26296	112995201.25292833
1.2629700000000001	119878141.1265982
1.26298	120077047.28737846
1.26299	113788926.43466392
1.263	117443774.36682528
1.26301	120692421.27738245
1.26302	111129663.67694968
1.2630299999999999	107119860.88687143
1.26304	121641005.1021967
1.26305	121887733.10039146
1.26306	122760881.98694834
1.2630700000000001	118565953.98587336
1.26308	111075940.71021083
1.26309	114411584.43645921
1.2631	116775033.35247065
1.26311	117184453.77137397
1.26312	106583505.51056091
1.2631299999999999	110181834.75571883
1.26314	116619184.4620827
1.26315	109584719.41902618
1.26316	93097924.70465298
1.2631700000000001	116756212.95768407
1.26318	119753992.12769347
1.26319	121425527.82913952
1.2632	119759507.12982188
1.26321	112349204.06030758
1.26322	114203654.10787457
1.2632299999999999	104638137.29485257
1.26324	84916092.21583958
1.26325	120409291.23088038
1.26326	121747485.41031474
1.2632700000000001	113728680.39133678
1.26328	88155619.15123042
1.26329	118187079.22582887
1.2633	119343837.92107965
1.26331	113807268.52082442
1.26332	120353853.46906742
1.2633299999999998	105993687.14884195
1.26334	87182636.81538147
1.26335	115249752.12557851
1.26336	118598719.49616979
1.26337	115310803.93358426
1.26338	116013892.90265475
1.26339	118740808.03829509
1.2634	112950979.12741798
1.2634100000000001	117135894.94329482
1.26342	114662128.65210876
1.2634299999999998	114224693.13610247
1.26344	117603433.12012236
1.26345	115318769.596851
1.26346	112587454.43770476
1.26347	117281631.82624096
1.26348	120171089.885052
1.26349	105908300.74072734
1.2635	112000509.93381919
1.2635100000000001	114635729.76069362
1.26352	111954099.22547331
1.2635299999999998	84841824.63131537
1.2635399999999999	90049229.25931846
1.26355	118048371.42385773
1.26356	118913181.84640306
1.26357	110555410.12185201
1.26358	117187152.07420297
1.26359	122422149.32668452
1.2636	115387828.3993308
1.2636100000000001	115520750.04729238
1.26362	117170963.18915002
1.26363	103671647.45476417
1.2636399999999999	102605348.54814628
1.26365	112846995.32476866
1.26366	109789295.93142533
1.26367	103879535.73854008
1.26368	75202105.48452084
1.26369	117551993.90976533
1.2637	114298360.26221319
1.26371	115547352.74562311
1.2637200000000002	113326114.81337461
1.26373	109098806.60156868
1.2637399999999999	97080051.93614978
1.26375	108467592.2876148
1.26376	105611205.52228153
1.26377	111673467.15488836
1.26378	112116620.8954507
1.26379	113833476.63002567
1.2638	112800233.85028233
1.26381	111768648.62884715
1.2638200000000002	104347007.80491987
1.26383	71920053.20374788
1.26384	106040068.59579512
1.26385	94508310.61576897
1.26386	53592004.34577758
1.26387	87550776.04547958
1.26388	101648271.9722095
1.26389	104529771.2502144
1.2639	110963462.50345472
1.26391	103195319.50222972
1.2639200000000002	99398538.76930314
1.26393	114564483.10887058
1.26394	112714554.8009561
1.26395	111496183.03931811
1.26396	109650344.37773514
1.26397	113003006.95450385
1.2639799999999999	119003572.73151058
1.26399	116546705.08371958
1.264	107339606.78208826
1.26401	98407908.11879967
1.2640200000000001	114361541.3262968
1.26403	96805492.77120632
1.26404	113073282.53793919
1.26405	110296060.29625762
1.26406	119118715.05687259
1.26407	117227634.07321246
1.2640799999999999	89305868.84040593
1.26409	105351324.49415551
1.2641	117551993.90976533
1.26411	107048355.5108698
1.2641200000000001	104044709.03073037
1.26413	99407694.13466233
