1.23581	2273526391.8234096
1.23582	2378099381.713262
1.23583	2380509944.1444373
1.23584	2401651567.320007
1.23585	2353314658.5942674
1.23586	2374980236.6326337
1.23587	2415071539.5315385
1.23588	2150502738.841094
1.23589	1820706740.3767645
1.2359	2221979255.343338
1.23591	2434557296.617466
1.23592	2389516314.3538084
1.23593	2409239639.195177
1.23594	2481646967.623793
1.23595	2449458016.014804
1.23596	2451827997.733562
1.23597	2420415915.5945163
1.23598	1949261028.3002183
1.23599	2083435212.6252265
1.236	2432652078.876853
1.23601	2281655120.3053193
1.23602	2282968924.679175
1.23603	2365810745.3659573
1.23604	2393370865.1716785
1.23605	2301600800.868177
1.23606	2121875996.895495
1.23607	2397673260.8611183
1.2360799999999998	2067759381.9194398
1.23609	2027402604.1512184
1.2361	2346064781.24608
1.23611	2243262001.9439006
1.23612	2155261643.566161
1.23613	2350336255.960756
1.23614	2403477163.166649
1.23615	2453126816.4244485
1.23616	2451827997.733562
1.23617	2386382194.6806216
1.2361799999999998	2082475976.1419816
1.23619	2337276002.164353
1.2362	2441124896.4297853
1.23621	2204042679.389383
1.23622	2335662026.6117034
1.23623	2302501914.610404
1.23624	2368045266.9887176
1.23625	2455669973.7174487
1.23626	2421363547.365693
1.23627	2425213627.998654
1.2362799999999998	2406412085.3122697
1.23629	2383636351.5844398
1.2363	2390837174.802197
1.23631	2359391443.044048
1.23632	2343257415.1012306
1.23633	2437866951.683508
1.23634	2346442952.6877484
1.23635	2340722878.496619
1.23636	2251800960.271977
1.23637	2392268930.9056673
1.23638	2398335854.0025325
1.23639	2305313534.3599424
1.2364	2377551867.132029
1.23641	2356025572.4482927
1.23642	2220853955.200061
1.23643	2067521336.0262911
1.23644	2342933704.487293
1.23645	1927835618.5393567
1.23646	2151889666.239313
1.2364700000000002	2416629095.737508
1.23648	2246932365.514802
1.23649	2048094540.9881954
1.2365	2383746124.622639
1.23651	2454313295.238143
1.23652	2382648621.6930184
1.23653	2372083649.5790586
1.23654	2368645131.784136
1.23655	2452110291.113271
1.23656	2425157786.0340915
1.2365700000000002	2210853675.924294
1.23658	2144717028.5709395
1.23659	2014048850.022104
1.2366	2296888958.300641
1.23661	2252163936.956306
1.23662	2195078216.8726835
1.23663	2337760412.274689
1.23664	2352339493.3889427
1.23665	2147583210.242864
1.23666	2064476767.8610148
1.2366700000000002	2448612149.2721877
1.23668	2439214539.0657616
1.23669	2252163936.956306
1.2367	2277875586.493846
1.23671	2354723944.2877307
1.23672	2349091860.1803694
1.23673	2153773355.6621747
1.23674	2192602979.8527503
1.23675	1863631317.653696
1.23676	2029270771.1473715
1.23677	1991957187.3380272
1.23678	2132652027.9401765
1.23679	2320384736.424501
1.2368	2363469487.9715605
1.23681	2409017750.24255
1.23682	2469619240.374016
1.23683	2441855722.519197
1.23684	2433044207.6667852
1.23685	2371482913.971137
1.23686	2235630366.5370026
1.23687	2229718308.946768
1.23688	2409128692.164268
1.23689	2350390375.0760856
1.2369	2386931742.7540283
1.23691	2400380002.424248
1.23692	2377825608.663909
1.23693	2341962840.935895
1.23694	2426330737.3522744
1.23695	2449965676.311107
1.23696	2232029858.574275
1.23697	2307012778.0928288
1.23698	2418076297.368022
1.23699	2435117938.695225
1.237	2409406069.321757
1.23701	2256939929.0287747
1.23702	2270335290.754682
1.23703	2248381483.4365764
1.23704	2011083023.7908466
1.23705	1840009223.4017696
1.23706	2399053869.8712893
1.23707	2442418045.3151073
1.23708	2433604501.302813
1.23709	2350931634.772555
1.2371	1909457515.6052208
1.23711	2333511792.7570877
1.23712	2436520108.7998304
1.2371299999999998	2290920402.552152
1.23714	2324984168.5140724
1.23715	2294404575.191885
1.23716	2322790279.964076
1.23717	2310042659.119518
1.23718	2102132080.4832802
1.23719	2181976153.8163414
1.2372	2264800749.0829988
1.23721	2375800667.421207
1.23722	2414459917.1422057
1.2372299999999998	2460820862.3544593
1.23724	2359174145.0685296
1.23725	2349362324.9442396
1.23726	2420025822.080762
1.23727	2463996008.690161
1.23728	2442530525.412683
1.23729	2473830843.709529
1.2373	2472691864.7845783
1.23731	2406966245.9694467
1.23732	2431476071.6579394
1.2373299999999998	2419970099.56847
1.23734	2334909219.477332
1.23735	2393095334.0290236
1.23736	2329109999.856874
1.23737	2415627694.331312
1.23738	2381277453.5852532
1.23739	2384899046.785153
1.2374	2447992032.646739
1.23741	2465358039.5134363
1.23742	2262976270.604512
1.23743	1748839685.766119
1.23744	2287283515.404689
1.23745	2438821415.8160696
1.23746	2423594732.9504576
1.23747	2289865637.60576
1.23748	2215593079.809535
1.23749	2320117607.6367607
1.2375	2322469396.794045
1.23751	2408019502.821421
1.2375200000000002	2489143875.065596
1.23753	2431364100.6250505
1.23754	2376347778.7273784
1.23755	2204550237.4037037
1.23756	2343851000.7262683
1.23757	2423929588.067107
1.23758	2347091388.4160643
1.23759	1725996854.8547235
1.2376	2315581120.500409
1.23761	2217226190.7072067
1.2376200000000002	2336899308.1414595
1.23763	2285019970.252562
1.23764	2067568943.0124605
1.23765	2308128587.420673
1.23766	2467516128.25537
1.23767	2462861557.8314056
1.23768	2391938449.568313
1.23769	2412237141.1603646
1.2377	1985043370.7421427
1.23771	1991040068.3436007
1.2377200000000002	2318195187.964874
1.23773	2393756662.067735
1.23774	2364939309.011506
1.23775	1943166434.3739567
1.23776	2143828301.934282
1.23777	2374433440.1784163
1.23778	2174753307.4093075
1.23779	2263132596.8665657
1.2378	2413570561.0716467
1.23781	2471268878.535386
1.23782	2430748352.107369
1.23783	2306162999.7202554
1.23784	2417909268.3439817
1.23785	2301865797.7070336
1.23786	2258707531.5682497
1.23787	2290551179.567033
1.23788	2439832432.207779
1.23789	2339645183.9426284
1.2379	2292609037.1255217
1.23791	2421029046.73618
1.23792	2264905049.413459
1.23793	2433660537.762422
1.23794	2348388797.504711
1.23795	2281707657.960851
1.23796	2306109898.966153
1.23797	2224487655.34137
1.23798	2272950616.0663705
1.23799	2399385334.308205
1.238	2494996840.512797
1.23801	2486279791.290577
1.23802	2448837685.171679
1.23803	2344984627.221319
1.23804	2400103664.371286
1.23805	2289865637.60576
1.23806	2296941846.732293
1.23807	2169351867.411222
1.2380799999999998	2131375650.7243235
1.23809	2434052829.1098113
1.2381	2464166221.38339
1.23811	2328841866.593872
1.23812	2327876842.4103484
1.23813	2034791899.3227801
1.23814	2202520706.3753886
1.23815	2375691260.276409
1.23816	2350823372.8626537
1.23817	2220138151.850593
1.2381799999999998	2359282791.554558
1.23819	2408684955.1301165
1.2382	2056411386.8697557
1.23821	2203433764.0198736
1.23822	2385722904.001076
1.23823	2442136867.732201
1.23824	2447428426.540568
1.23825	2387756302.1595225
1.23826	2441462173.595336
1.23827	2331095145.7330203
1.2382799999999998	2199530558.0373664
1.23829	2265583118.6521826
1.2383	2380893667.937864
1.23831	2225358578.0465183
1.23832	2442811748.3197136
1.23833	2391387748.790784
1.23834	2262090625.731491
1.23835	2253408872.699052
1.23836	2412625979.1859107
1.23837	2427392467.8516326
1.23838	2417575244.9077873
1.23839	2381716141.506009
1.2384	2295725720.854723
1.23841	2133732636.4272773
1.23842	2352664503.5504074
1.23843	2334317898.378831
1.23844	2391938449.568313
1.23845	2266574508.102464
1.23846	2348334724.476877
1.2384700000000002	2485077859.0421433
1.23848	2492872116.9904513
1.23849	2455556888.5398602
1.2385	2227563022.509436
1.23851	2409517029.126652
1.23852	2420527382.433243
1.23853	2480447275.0026875
1.23854	2373941431.0064306
1.23855	2412737087.276538
1.23856	2398004534.546664
1.2385700000000002	2302873063.9816732
1.23858	2282128002.758035
1.23859	2411182039.532435
1.2386	2393481086.511128
1.23861	2363469487.9715605
1.23862	2390396806.8797464
1.23863	2416962988.449334
1.23864	2421921151.120621
1.23865	2408185848.6610656
1.23866	2392324015.567635
1.2386700000000002	2398501530.8963
1.23868	2376511936.686264
1.23869	2374870867.269199
1.2387	2273840512.800316
1.23871	2369790750.2035465
1.23872	2235527414.3244786
1.23873	2068664206.2977984
1.23874	2233417938.456252
1.23875	2280394579.421549
1.23876	2285177819.292027
1.23877	2350444495.437568
1.23878	2362816527.4322624
1.23879	2388966171.229309
1.2388	2479876196.661098
1.23881	2425325315.78528
1.23882	2428790189.5375032
1.23883	2407409666.376509
1.23884	2184590295.11538
1.23885	2038261963.1326845
1.23886	2299693723.9847217
1.23887	2455839611.248702
1.23888	2499136629.785826
1.23889	2440956275.319925
1.2389	2432596065.637602
1.23891	2423817964.5546284
1.23892	2310574627.3413873
1.23893	2239597633.91116
1.23894	2381990362.495293
1.23895	2167604280.655089
1.23896	2211464641.774499
1.23897	2240113379.698923
1.23898	2284704304.883207
1.23899	2239649203.14613
1.239	1785130622.3722415
1.23901	2252475106.397125
1.23902	2352610332.0719275
1.23903	2423762154.726034
1.23904	2400269463.3852954
1.23905	2245070586.195233
1.23906	2366083135.0734234
1.23907	2216358450.716454
1.23908	2164561850.9030294
1.23909	2319316405.7747874
1.2391	2306056799.434717
1.23911	2334425400.16604
1.23912	2363415067.701994
1.2391299999999998	2202774295.5401487
1.23914	2375308374.9444423
1.23915	2429293566.3413577
1.23916	2395245318.436825
1.23917	2132406511.4351106
1.23918	1941735183.7901125
1.23919	2176256092.757192
1.2392	1888600063.7072823
1.23921	2387481417.3801136
1.23922	2438091497.86815
1.2392299999999998	2442080636.1001296
1.23924	2179716441.139905
1.23925	1884386568.4129195
1.23926	2378373186.283717
1.23927	2306428521.8319016
1.23928	2370554803.6274824
1.23929	2114900792.756598
1.2393	2076968930.7531128
1.23931	1820958297.6852796
1.23932	1646038541.9901867
1.2393299999999998	2372247512.9721546
1.23934	2294140437.3085704
1.23935	1765590567.5701137
1.23936	2332813393.059525
1.23937	2177509207.107327
1.23938	2126081947.9160352
1.23939	2389681381.994318
1.2394	2345740682.806966
1.23941	2402702498.5383267
1.23942	2337760412.274689
1.23943	1886861399.5732913
1.23944	2208970926.923002
1.23945	2360423881.7864003
1.23946	2337706583.971652
1.23947	2296994736.381761
1.23948	2378154140.1055465
1.23949	2288337090.966009
1.2395	2401153918.247593
1.23951	2333350605.040325
1.2395200000000002	2258343500.2660856
1.23953	2389186213.2782073
1.23954	2423706346.182494
1.23955	2378592252.637714
1.23956	2300064420.6926517
1.23957	2244967199.2545376
1.23958	2314461708.424445
1.23959	1661651714.4976466
1.2396	2325251857.617593
1.23961	2390616980.7011256
1.2396200000000002	2335769590.2997212
1.23963	2348172512.863631
1.23964	2403864589.136768
1.23965	2454821961.81113
1.23966	2427336575.7180057
1.23967	2341423646.142785
1.23968	2416406526.222123
1.23969	2445062697.5276713
1.2397	2480504390.069438
1.23971	2362054968.1318173
1.2397200000000002	2269028756.79232
1.23973	2357599333.143843
1.23974	2340345628.947673
1.23975	2168902353.435396
1.23976	2269394510.4931564
1.23977	2434781537.957574
1.23978	2311745388.684379
1.23979	2245587592.321936
1.2398	2392103684.529785
1.23981	2436632317.2811284
1.23982	2324234802.9597173
1.23983	2362490114.813747
1.23984	2467572945.568036
1.23985	2401043343.5693197
1.23986	2104020660.1532536
1.23987	2156353708.278749
1.23988	2397728469.963816
1.23989	2461387552.5379915
1.2399	2475597297.950485
1.23991	2262715750.8302
1.23992	2287599537.129752
1.23993	2326430055.8698487
1.23994	2401098630.2719326
1.23995	2304782777.410041
1.23996	2204397957.7279124
1.23997	1890035667.638839
1.23998	2068330803.8921075
1.23999	1937403143.2395368
1.24	2313342837.501373
1.24001	2394363039.982208
1.24002	2403587849.9290376
1.24003	2405581083.5401683
1.24004	2398832919.019494
1.24005	2181272881.1694827
1.24006	2231772901.432228
1.24007	2350173906.0913873
1.2400799999999998	2339214245.064916
1.24009	2396072749.745566
1.2401	2473716922.2122173
1.24011	2400048400.5783463
1.24012	2151295159.2892013
1.24013	2079840352.423354
1.24014	2172601124.58068
1.24015	2320812206.4590693
1.24016	2300011460.361904
1.24017	2226434894.5206795
1.2401799999999998	2353043738.8273625
1.24019	2329700001.709055
1.2402	2435678709.880448
1.24021	2313449373.329081
1.24022	1926016485.0815682
1.24023	1892387191.968704
1.24024	2429461381.7920065
1.24025	2424711096.6036663
1.24026	2370391057.158558
1.24027	2420750331.5109897
1.2402799999999998	2412570427.0593266
1.24029	2306853420.7999377
1.2403	2299852586.686205
1.24031	1993333657.9770484
1.24032	2310521425.0069647
1.24033	2420248724.960966
1.24034	2455161131.426908
1.24035	2433156256.073234
1.24036	2251593571.2897973
1.24037	2153872542.8744807
1.24038	2210955491.8430185
1.24039	2210548256.299404
1.2404	2364013759.5918155
1.24041	2411570707.481985
1.24042	2285651431.838665
1.24043	2289180300.821217
1.24044	2313555914.063067
1.24045	2438035359.383089
1.24046	2428957970.214912
1.2404700000000002	2428622420.4495816
1.24048	2412403778.354207
1.24049	2346442952.6877484
1.2405	2165907973.020075
1.24051	1844293348.6620464
1.24052	2259435770.220973
1.24053	2408407660.9891872
1.24054	2453296278.274541
1.24055	2254862167.5256467
1.24056	2347740003.3385386
1.2405700000000002	2376347778.7273784
1.24058	2385832773.1307783
1.24059	2307597182.35548
1.2406	2333296878.275683
1.24061	2357436481.5762053
1.24062	2424934431.0334744
1.24063	2484048093.875897
1.24064	2435230082.6027174
1.24065	2247760318.495177
1.24066	2356351091.8955684
1.2406700000000002	2266678890.119417
1.24068	1930634221.4162009
1.24069	1992599421.9780226
1.2407	2260840893.600131
1.24071	1490767787.668067
1.24072	2198467247.818467
1.24073	2382868081.847305
1.24074	2406578320.1116014
1.24075	2437417921.353864
1.24076	2304782777.410041
1.2407700000000002	2358630987.6824145
1.24078	2475711306.0442944
1.24079	2325037703.869295
1.2408	2260372422.0745764
1.24081	2176707130.825882
1.24082	1918359512.7289414
1.24083	2277403585.1893525
1.24084	2275045045.3208885
1.24085	2336576475.871793
1.24086	2340076202.209537
1.24087	2354995057.506573
1.24088	2413181570.809769
1.24089	2468652723.116648
1.2409	2349903347.896163
1.24091	1780983926.7298374
1.24092	2335285592.709969
1.24093	2297364998.0292354
1.24094	2052532299.1056664
1.24095	1900990734.048977
1.24096	1453315816.4204855
1.24097	1741766767.2679386
1.24098	1893694858.3301828
1.24099	1641950272.1212301
1.2409999999999999	2323111207.468827
1.24101	1862387293.837821
1.24102	1762625301.966166
1.24103	2288969469.233084
1.24104	2023345277.1242518
1.24105	1358219620.8590062
1.24106	1757599822.2852752
1.24107	1915402279.7930274
1.24108	1693479719.272623
1.24109	2233777951.908739
1.2411	1862301529.7082202
1.24111	1725758416.0481615
1.24112	2152781734.7243733
1.2411299999999998	2299852586.686205
1.24114	2247708562.497024
1.24115	2310149042.964905
1.24116	1977834736.0902824
1.24117	1720164576.6669226
1.24118	2263393164.6348143
1.24119	2402813149.625269
1.2412	2098553280.2171388
1.24121	2170950893.9688687
1.24122	2185999206.659389
1.2412299999999998	1858403437.029152
1.24124	1630196663.7320068
1.24125	2212279525.555272
1.24126	2327823241.6822877
1.24127	2348983682.9932685
1.24128	2390231689.8211336
1.24129	2353314658.5942674
1.2413	2274573630.5361924
1.24131	2079553031.7077477
1.24132	1714430956.8480446
1.2413299999999998	2276984110.5818963
1.24134	2358087955.348512
1.24135	2398170188.552914
1.24136	2076060473.925796
1.24137	2262351073.5314736
1.24138	2377880360.7522635
1.24139	2219167073.452754
1.2414	2119824952.8064466
1.24141	1636891901.3499248
1.24142	2279869559.612537
1.24143	2281444981.780009
1.24144	2146199058.4245934
1.24145	2000690914.809345
1.24146	2309404458.919271
1.24147	1981435775.2144148
1.24148	2122951145.1994753
1.24149	2072335181.6685731
1.2415	2299852586.686205
1.24151	1537163274.9710624
1.2415200000000002	1977607042.5586414
1.24153	2152484337.480472
1.24154	2071571845.793355
1.24155	2186301234.473442
1.24156	2357436481.5762053
1.24157	2351364732.272037
1.24158	2199935763.859012
1.24159	2339214245.064916
1.2416	2165658628.00323
1.24161	2010944107.895143
1.2416200000000002	1590779552.3813524
1.24163	1993333657.9770484
1.24164	2315954378.160488
1.24165	2433884696.504183
1.24166	2277928037.121393
1.24167	2409406069.321757
1.24168	2357165087.294209
1.24169	2193916023.138163
1.2417	2264540019.26993
1.24171	2322950738.1742287
1.2417200000000002	2037323524.9102726
1.24173	2264644307.593061
1.24174	1743572457.3885
1.24175	2135747958.964216
1.24176	2261621895.247457
1.24177	2384624490.940491
1.24178	2382154910.2435193
1.24179	2097828590.7488
1.2418	2228589089.4338074
1.24181	2362653315.486059
1.24182	2283810156.464484
1.24183	2303403381.1531672
1.24184	2268088517.9316025
1.24185	2266157028.101009
1.24186	2286598951.426758
1.24187	1655198179.5335016
1.24188	1630684713.423553
1.24189	2351310590.7215524
1.2419	2452900885.499561
1.24191	2336953117.85608
1.24192	2298052785.1555285
1.24193	2178311578.9390244
1.24194	1796635596.2991333
1.24195	2331148821.8003235
1.24196	1734243198.8095038
1.24197	2230950837.349124
1.24198	2377825608.663909
1.24199	2321934690.015602
1.242	2382100059.7311587
1.24201	1742368456.0990036
1.24202	2173351644.0277057
1.24203	1859088224.2920191
1.24204	2115192997.283218
1.24205	2335769590.2997212
1.24206	2025862661.175952
1.24207	2019017113.0064926
1.24208	2330934124.946564
1.24209	2160279776.4821672
1.2421	1607792505.7665346
1.24211	2313609186.269977
1.24212	2260788836.414074
1.24213	2164811069.6414747
1.24214	2231104951.296212
1.24215	2295038630.198439
1.24216	1825828576.3039558
1.24217	2095125293.8524761
1.2421799999999998	2238051108.885627
1.24219	1849864848.8435125
1.2422	2202622138.5378475
1.24221	2294298916.3893404
1.24222	2414404322.788126
1.24223	2295937174.745284
1.24224	2362272531.453155
1.24225	2264748600.718949
1.24226	2355266201.940276
1.24227	2324984168.5140724
1.2422799999999998	2230437201.0718284
1.24229	2074340276.862523
1.2423	2057027037.094899
1.24231	2385777837.9334693
1.24232	1780737891.7032952
1.24233	2088574638.139729
1.24234	2245535886.352067
1.24235	1907216520.5939066
1.24236	1620428974.1419878
1.24237	2139242411.015932
1.2423799999999998	2191341179.3289065
1.24239	1807090904.4831297
1.2424	2337598931.0838237
1.24241	2357382200.220145
1.24242	2311106718.067561
1.24243	2333189428.457641
1.24244	1933882128.5262198
1.24245	1709542885.6690304
1.24246	2151493310.0208077
1.24247	2210751864.6942663
1.24248	2012426372.2906852
1.24249	1964083738.7513735
1.2425	1737320722.9675474
1.24251	2385228555.525889
1.24252	2397286832.734805
1.24253	2444950100.821955
1.24254	2405802655.9495077
1.24255	2291553494.7132115
1.24256	2261778127.949344
1.2425700000000002	1832905185.9683847
1.24258	2027542656.9988253
1.24259	2147830474.130537
1.2426	2346334897.484546
1.24261	2335446914.095562
1.24262	2354778164.4344807
1.24263	2291870106.398469
1.24264	2284493885.53056
1.24265	1815599272.284323
1.24266	2305419700.416061
1.2426700000000002	2032731419.4160216
1.24268	1937046293.2599094
1.24269	2336415076.461542
1.2427	2125005214.0469687
1.24271	1890862722.4514067
1.24272	2255537230.1176696
1.24273	2348875510.7878056
1.24274	1713957307.5084248
1.24275	2254031598.6092925
1.24276	2333404333.042096
1.2427700000000002	2369463374.1271124
1.24278	2295091476.024222
1.24279	2370773149.848664
1.2428	2439944793.230729
1.24281	2413348273.244743
1.24282	2266052670.116137
1.24283	2183936466.321309
1.24284	1326844412.7605364
1.24285	1998849058.7151718
1.24286	2064144040.336274
1.24287	1940841187.5584059
1.24288	2293506630.447591
1.24289	2149314655.419176
1.2429	2202013615.624059
1.24291	2315794403.22507
1.24292	2365320522.9128003
1.24293	2258031520.1326942
1.24294	2367009494.686908
1.24295	1741165286.21695
1.24296	2423762154.726034
1.24297	2294985785.5894623
1.24298	1817439656.008188
1.24299	2231618741.346382
1.2429999999999999	2201760114.0307693
1.24301	1868572702.2369974
1.24302	2069331172.3451848
1.24303	2283389501.8316736
1.24304	2297576602.9097466
1.24305	1774638912.2523232
1.24306	2159583496.7938194
1.24307	1461335719.8287582
1.24308	2399772100.7002697
1.24309	2404473527.5553355
1.2431	2191997224.9523807
1.24311	2399882616.8342967
1.24312	2388251174.520645
1.2431299999999998	2440900070.8716755
1.24314	2379852275.803523
1.24315	2327930444.3726163
1.24316	2391112445.949697
1.24317	2192098172.479443
1.24318	1913683004.942755
1.24319	2008907776.843643
1.2432	1552744501.4329998
1.24321	2350931634.772555
1.24322	2341423646.142785
1.2432299999999998	2085595110.5236988
1.24324	2276145393.141647
1.24325	2376183632.107741
1.24326	2278662472.731834
1.24327	2121192095.1278093
1.24328	1785582825.3054
1.24329	2401043343.5693197
1.2433	2282390757.5791
1.24331	2229512953.7582765
1.24332	2168802474.090681
1.2433299999999998	2208157261.8505034
1.24334	1663872331.7752495
1.24335	2196696206.290453
1.24336	2143433430.5372066
1.24337	1764452616.135791
1.24338	1865477434.400745
1.24339	2139439451.5972755
1.2434	2235527414.3244786
1.24341	2206835695.284031
1.24342	2036901368.6840355
1.24343	2190281828.0684566
1.24344	2209276128.6167397
1.24345	2014698207.3207183
1.24346	2156552324.941401
1.24347	2041126870.3362086
1.24348	1957041341.4806798
1.24349	1496476840.225268
1.2435	1442746402.2834241
1.24351	1858018355.046733
1.2435200000000002	1766525862.391664
1.24353	1596540720.8831625
1.24354	1394472647.421103
1.24355	1115886439.5750477
1.24356	396122945.74926
1.24357	220734389.6488084
1.24358	865525764.0104194
1.24359	1300678615.3405216
1.2436	1503245803.0448961
1.24361	1674364471.1444802
1.2436200000000002	1577066476.158456
1.24363	1700278252.5466108
1.24364	1705257624.4496722
1.24365	1484499309.7584925
1.24366	2060155490.320011
1.24367	2086507739.5829058
1.24368	2023578236.7678835
1.24369	2175755048.960433
1.2437	2224795000.8984427
1.24371	2231464591.909161
1.2437200000000002	2174502944.0943265
1.24373	1621474040.163302
1.24374	2135747958.964216
1.24375	2177108132.029627
1.24376	2059017320.8397238
1.24377	2222030418.8954787
1.24378	2335554467.8770533
1.24379	2163515445.4657087
1.2438	2023391866.9073637
1.24381	2083819030.9241397
1.24382	1668130411.4720256
1.24383	2170251174.8730702
1.24384	2330504790.557425
1.24385	2291184169.6939244
1.24386	2269133251.8342037
1.24387	2284809521.8273892
1.24388	2311851850.9451656
1.24389	2229512953.7582765
1.2439	2393150437.719856
1.24391	2266417944.089817
1.24392	2229820993.6339426
1.24393	2368045266.9887176
1.24394	1839289112.1234567
1.24395	1812842190.3914375
1.24396	2354344438.215467
1.24397	1661957830.2484894
1.24398	2160827010.8632965
1.24399	2055464592.453068
1.244	1800031064.01537
1.24401	2110911374.1802156
1.24402	1882521738.7785802
1.24403	2275883357.303345
1.24404	2343689098.826989
1.24405	2403200468.560415
1.24406	2184338799.3405266
1.24407	2032357010.9362206
1.24408	2264487876.909337
1.24409	2319476624.009916
1.2441	2438596802.406596
1.24411	2352447825.120382
1.24412	2288231711.5750127
1.24413	2285177819.292027
1.24414	2360858727.9834557
1.24415	2321934690.015602
1.24416	1691258529.9581096
1.24417	2084730882.7942152
1.2441799999999998	2054139812.561204
1.24419	1792462175.6514895
1.2442	2196291597.1623974
1.24421	2372793806.040089
1.24422	1736760767.1948204
1.24423	2242332440.296573
1.24424	2334425400.16604
1.24425	2143778939.0316978
1.24426	1932680211.5762024
1.24427	2331470904.160067
1.2442799999999998	2337222185.015142
1.24429	2326751486.2629523
1.2443	2400435273.8526897
1.24431	2447653853.410145
1.24432	2433268309.639822
1.24433	2219933678.986546
1.24434	1724407884.8633535
1.24435	2367391042.289602
1.24436	2369136043.2762203
1.24437	2419245823.6548467
1.2443799999999998	1915269973.0606933
1.24439	1768560821.6421602
1.2444	2316594388.4203696
1.24441	2256160544.196061
1.24442	2027869484.6021345
1.24443	2326537194.400113
1.24444	2344606690.815001
1.24445	2385448253.3118057
1.24446	2304411320.2541504
1.24447	2410404891.54572
1.24448	1928723624.105905
1.24449	2121289781.883061
1.2445	2250505092.457625
1.24451	2316274361.185253
1.24452	2428790189.5375032
1.24453	2391222563.282693
1.24454	2077590735.51358
1.24455	2258759540.829949
1.24456	2382868081.847305
1.2445700000000002	2423371521.9057198
1.24458	2420248724.960966
1.24459	1928235170.4381573
1.2446	1766485187.0987804
1.24461	1855538628.938837
1.24462	1920702050.4086974
1.24463	2133339624.549232
1.24464	2368590592.3423386
1.24465	2156750959.898167
1.24466	2229204956.4369526
1.2446700000000002	2287704887.407377
1.24468	2291184169.6939244
1.24469	1947062982.22528
1.2447	2228743040.231494
1.24471	2082332128.7661731
1.24472	2293242595.9380336
1.24473	1952855008.9713774
1.24474	2130296235.9100986
1.24475	2040422011.8222888
1.24476	1905460717.9632442
1.2447700000000002	2326055109.866076
1.24478	2204651763.031664
1.24479	2284493885.53056
1.2448	2425939690.558719
1.24481	1993058287.7774067
1.24482	1821335698.8176513
1.24483	2428175092.868689
1.24484	2370336477.5158057
1.24485	2206073612.852385
1.24486	2286914878.5692787
1.24487	2391993526.62058
1.24488	2393150437.719856
1.24489	2142002631.3173785
1.2449	2354452862.2801538
1.24491	2378920890.002448
1.24492	2399937876.8098807
1.24493	2359337116.673855
1.24494	2354507076.184939
1.24495	2293717879.9429603
1.24496	2361891808.7904496
1.24497	2198011700.8101025
1.24498	2447259370.013313
1.24499	2379797478.310669
1.245	2416350887.046239
1.24501	2373340224.911125
1.24502	2225461061.9560432
1.24503	2219729224.954279
1.24504	1520092443.1380384
1.24505	1568375321.4039185
1.24506	2001474217.4900715
1.24507	2244243623.9663434
1.24508	1935129350.4248652
1.24509	2381332285.156189
1.2451	2345092620.240855
1.24511	2317234575.5460463
1.24512	2244036931.0085073
1.2451299999999998	2471667232.119659
1.24514	2397673260.8611183
1.24515	2418521764.510679
1.24516	2227511731.5658555
1.24517	2382484039.8415914
1.24518	2416406526.222123
1.24519	2409572510.9453306
1.2452	2290603922.064257
1.24521	2397783680.337774
1.24522	2326162231.12905
1.2452299999999998	2403587849.9290376
1.24524	2385942647.320267
1.24525	2172451051.7951922
1.24526	2224641322.8122416
1.24527	2423817964.5546284
1.24528	1985409062.9245586
1.24529	1749000767.271703
1.2453	2362653315.486059
1.24531	2239907067.133124
1.24532	2228640405.1847553
1.2453299999999998	1615139357.1555018
1.24534	2277508465.915218
1.24535	2401983390.6668787
1.24536	2456122366.509073
1.24537	2433604501.302813
1.24538	2155460159.6412954
1.24539	2044984402.9417255
1.2454	2386217354.932027
1.24541	2358196551.8124943
1.24542	2345956743.457906
1.24543	2341747148.120041
1.24544	2376183632.107741
1.24545	2449288819.2933073
1.24546	2375363069.0706906
1.24547	2287599537.129752
1.24548	2266052670.116137
1.24549	2208106417.735931
1.2455	2065522832.1450832
1.24551	2041643921.3274066
1.2455200000000002	2256732066.751877
1.24553	1977925820.8431687
1.24554	1559911644.407542
1.24555	1905811749.1289766
1.24556	2221416534.0164638
1.24557	2386162410.879497
1.24558	2400656372.2936263
1.24559	2246363324.755732
1.2456	2414070783.5446076
1.24561	2411959438.0824466
1.2456200000000002	2065142383.8201392
1.24563	1759300394.17525
1.24564	2063146179.4775789
1.24565	2259695912.351834
1.24566	2326590765.5154986
1.24567	2312384235.796803
1.24568	2130394341.9361813
1.24569	1825828576.3039558
1.2457	2320010764.732577
1.24571	2365048220.999249
1.2457200000000002	2148770336.5683856
1.24573	1968248821.1470265
1.24574	1976924119.2277136
1.24575	2248485027.614489
1.24576	2351960371.613793
1.24577	2355374668.454719
1.24578	2253720214.145981
1.24579	2055511921.8192608
1.2458	1689195827.504178
1.24581	2487367754.7094607
1.24582	2482618572.336929
1.24583	2417686580.9257717
1.24584	2316967809.413103
1.24585	2325037703.869295
1.24586	1884386568.4129195
1.24587	2333726727.03376
1.24588	2337760412.274689
1.24589	2151889666.239313
1.2459	2313396104.8019576
1.24591	2288179023.699316
1.24592	1929478750.4344945
1.24593	2225153624.3855915
1.24594	1990077547.8443282
1.24595	1924110457.5828524
1.24596	2229923683.0500407
1.24597	2335877158.9413433
1.24598	2342502159.8974986
1.24599	2334425400.16604
1.246	2403366481.501467
1.24601	2378701793.3812337
1.24602	2340776776.253204
1.24603	2376785558.484835
1.24604	2372629904.911699
1.24605	2232132649.714705
1.24606	1998020776.7658641
1.24607	1598527087.8142517
1.24608	1986323588.147966
1.24609	2253305101.774905
1.2461	2355645856.5952635
1.24611	2313236306.5796995
1.24612	2365157138.0027
1.24613	2327394480.2862573
1.24614	2283810156.464484
1.24615	2297100519.3342547
1.24616	2348983682.9932685
1.24617	2359663093.659477
1.2461799999999998	1924243375.015307
1.24619	2385393326.968292
1.2462	2198973521.8944125
1.24621	2271224163.546702
1.24622	2358793921.7664604
1.24623	1916946533.8280878
1.24624	2190281828.0684566
1.24625	2336468875.0261784
1.24626	1996457180.5279372
1.24627	1658249977.2033956
1.2462799999999998	1871112930.441451
1.24629	2376457216.106675
1.2463	2397010850.775675
1.24631	2367173007.5577035
1.24632	2314994694.287167
1.24633	2132750242.4569895
1.24634	2073289747.0679145
1.24635	1561169291.3659065
1.24636	2330612116.740486
1.24637	1784966213.3372676
1.2463799999999998	2289233011.752428
1.24639	2261153261.889623
1.2464	2285283058.0428557
1.24641	2376347778.7273784
1.24642	2445963657.8675165
1.24643	2363469487.9715605
1.24644	2327662446.90315
1.24645	2219729224.954279
1.24646	2428678342.1912184
1.24647	2404473527.5553355
1.24648	2180117996.730155
1.24649	2328091257.6650124
1.2465	2236196688.461322
1.24651	1954069472.451764
1.24652	2341908915.8694763
1.24653	2386437143.793929
1.24654	2306428521.8319016
1.24655	2239494499.003419
1.24656	2285177819.292027
1.2465700000000002	2223207505.804694
1.24658	2401098630.2719326
1.24659	2425772118.369481
1.2466	1724328474.774057
1.24661	2250764206.3470125
1.24662	2386931742.7540283
1.24663	1908973941.123502
1.24664	1396079017.9101212
1.24665	2408407660.9891872
1.24666	2463939273.738553
1.2466700000000002	2431084195.6013017
1.24668	2326751486.2629523
1.24669	2296201519.497549
1.2467	2292450674.773444
1.24671	2128384071.149375
1.24672	2377113946.228304
1.24673	2398998630.250483
1.24674	2371482913.971137
1.24675	2347577832.805764
1.24676	2389186213.2782073
1.2467700000000002	2394583579.123979
1.24678	2215644096.312857
1.24679	2160876766.3167696
1.2468	2172501074.9051714
1.24681	2267670759.064916
1.24682	2225512305.6806674
1.24683	2143137324.7200372
1.24684	1989207096.915342
1.24685	2087516899.4889781
1.24686	2288811358.284757
1.24687	1770883534.775318
1.24688	2322362445.5884705
1.24689	2385448253.3118057
1.2469	2300117382.242879
1.24691	2353314658.5942674
1.24692	2451432841.5983624
1.24693	2298952509.7925315
1.24694	1304938366.4679859
1.24695	2012565390.5811226
1.24696	2282180551.3022127
1.24697	2264696453.555646
1.24698	2329378163.9916267
1.24699	2088334195.9395914
1.247	2230591279.536953
1.24701	2352556161.8407874
1.24702	2216256385.988016
1.24703	2213349516.2175922
1.24704	2105765470.3953485
1.24705	2264800749.0829988
1.24706	2321453559.1719627
1.24707	2449006850.728848
1.24708	2381058139.926497
1.24709	2322736796.3571053
1.2471	2328466531.8834763
1.24711	2209581372.478555
1.24712	2304517444.760817
1.2471299999999998	2352881201.938173
1.24714	2344606690.815001
1.24715	2305791320.1167307
1.24716	2302236844.5400987
1.24717	2300541118.548949
1.24718	2077973477.12086
1.24719	1981162048.654489
1.2472	1756103061.397789
1.24721	2118409912.877789
1.24722	2299270143.760114
1.2472299999999998	2403864589.136768
1.24724	2315207922.9975
1.24725	1329596918.7701519
1.24726	2250919689.0004067
1.24727	2168952294.832635
1.24728	2378099381.713262
1.24729	2360260835.112604
1.2473	1719174655.2886045
1.24731	2373012358.4905
1.24732	2332759678.664504
1.2473299999999998	2392158765.386771
1.24734	2373449523.7842503
1.24735	2304411320.2541504
1.24736	2435734794.101023
1.24737	2178712875.720257
1.24738	2405304146.7250824
1.24739	2373668136.6312885
1.2474	2299005445.7397604
1.24741	2348713261.8196545
1.24742	2260788836.414074
1.2474299999999998	2265165821.254595
1.24744	2301547805.1613674
1.24745	2227050166.2155323
1.24746	2331793031.0202074
1.24747	1919287346.098037
1.24748	2188315819.9344296
1.24749	2366628008.5774555
1.2475	2381551624.065816
1.24751	2379359143.788175
1.24752	2340345628.947673
1.24753	2035494812.928879
1.24754	2258239502.0991826
1.24755	1982302825.5149686
1.24756	2190281828.0684566
1.24757	1397236750.3484738
1.24758	2265374460.344761
1.24759	2325573125.225348
1.2476	2101648102.406244
1.24761	2337598931.0838237
1.2476200000000002	2356188326.5504136
1.24763	2320277881.218865
1.24764	2330558453.031132
1.24765	2148918773.4915085
1.24766	1830374682.2860453
1.24767	2244295300.1804194
1.24768	2306109898.966153
1.24769	2425213627.998654
1.2477	2363251814.411521
1.24771	2323271687.8486233
1.2477200000000002	2228794359.5273304
1.24773	2282706103.297993
1.24774	2107657314.344663
1.24775	1763559025.9832423
1.24776	2280184556.9909983
1.24777	2282968924.679175
1.24778	2188416597.922631
1.24779	2285440925.256409
1.2478	2236196688.461322
1.24781	1985317633.5635734
1.2478200000000002	2274887896.2044787
1.24783	2136879339.0490706
1.24784	2219371475.70657
1.24785	2042161103.296129
1.24786	2247035842.9568415
1.24787	2139833587.2084837
1.24788	2361184915.201973
1.24789	2298793709.264011
1.2479	1478835951.427285
1.24791	2140622076.2717175
1.24792	1789699018.8255355
1.24793	2290920402.552152
1.24794	2310468223.8975677
1.24795	2170650986.7362323
1.24796	2344498720.1728373
1.24797	2428566499.9955764
1.24798	2392544366.899669
1.24799	2403532505.910684
1.248	2353423035.2347584
1.24801	2319156198.606751
1.24802	2172951334.7308946
1.24803	1998480891.0220566
1.24804	1733923768.828017
1.24805	2322950738.1742287
1.24806	2408518574.814619
1.24807	2427727847.6809936
1.24808	2256368353.8313627
1.24809	2276459875.9719524
1.2481	2255329497.028177
1.24811	2146199058.4245934
1.24812	1947645895.6301699
1.24813	1606645270.7567296
1.24814	2261049134.331395
1.24815	1845907778.9593015
1.24816	2255693042.4912624
1.24817	2430244673.855628
1.2481799999999998	2305525871.36142
1.24819	2297259202.8973193
1.2482	2317234575.5460463
1.24821	2335231821.3911023
1.24822	2272741279.2186084
1.24823	2232749495.9750137
1.24824	1742729569.1619384
1.24825	1832778577.7365837
1.24826	2287336182.6602983
1.24827	2378975667.3108873
1.2482799999999998	2417742250.8574986
1.24829	2336899308.1414595
1.2483	1806134132.3231425
1.24831	2231721513.553719
1.24832	2311106718.067561
1.24833	2220751683.4507575
1.24834	2169002237.3798304
1.24835	2390782124.375599
1.24836	2375308374.9444423
1.24837	2389406275.5946608
1.2483799999999998	2367663613.9459577
1.24839	2350228021.4684305
1.2484	2430468517.9702077
1.24841	2432036004.175735
1.24842	1929478750.4344945
1.24843	2221621143.4627953
1.24844	2353802392.7824287
1.24845	2192855427.1313176
1.24846	2380838846.4663463
1.24847	2401983390.6668787
1.24848	2424264489.4488964
1.24849	2409683478.4153113
1.2485	2369790750.2035465
1.24851	2147187647.2298105
1.24852	1964671747.84512
1.24853	1977197260.255605
1.24854	2384624490.940491
1.24855	2208004733.018897
1.24856	2308234883.117761
1.2485700000000002	2294827259.063078
1.24858	2210090205.9709287
1.24859	1838145985.18348
1.2486	1449105484.0012226
1.24861	2125005214.0469687
1.24862	2170151233.4142537
1.24863	2291078659.1931186
1.24864	2333189428.457641
1.24865	2424376133.52508
1.24866	2404916488.7444034
1.2486700000000002	2321774301.9891443
1.24868	2282285652.0205717
1.24869	1754486375.3311455
1.2487	2174603085.9614315
1.24871	2319690265.5402412
1.24872	2367827172.0032635
1.24873	2384844133.0874314
1.24874	2361184915.201973
1.24875	2229307617.4828267
1.24876	2350660989.345614
1.2487700000000002	2313822287.3644285
1.24878	2003872106.3953874
1.24879	1995905615.2278914
1.2488	2169501726.1052427
1.24881	2169002237.3798304
1.24882	1736240969.8669064
1.24883	2297312099.854266
1.24884	2247501550.421252
1.24885	2151641935.0467787
1.24886	2028102965.144385
1.24887	2329753645.6516004
1.24888	2322469396.794045
1.24889	2259279699.317847
1.2489	2363142985.1494536
1.24891	2385338401.8894787
1.24892	2258603516.6374717
1.24893	2370554803.6274824
1.24894	2296888958.300641
1.24895	2192300081.4805284
1.24896	1325470297.3129733
1.24897	2389296241.9028783
1.24898	2356351091.8955684
1.24899	2337814241.8171835
1.249	2315847726.9757004
1.24901	2205667276.5013013
1.24902	2337329820.5527635
1.24903	2266887668.574793
1.24904	2095221780.159526
1.24905	2305260453.165268
1.24906	2389131200.865975
1.24907	2321613925.041527
1.24908	2342556098.6240234
1.24909	1795436293.9215267
1.2491	2429741099.9716554
1.24911	2380619573.2029386
1.24912	2366845993.1107907
1.24913	2332652253.5848484
1.24914	2290551179.567033
1.24915	1892430766.295752
1.24916	2076203888.0560727
1.24917	1895221611.19928
1.24918	2230591279.536953
1.24919	2154070931.002821
1.2492	2165509034.771853
1.24921	2277560908.089404
1.24922	2007751689.3492503
1.2492299999999998	2175404386.941295
1.24924	2413459414.599017
1.24925	2299376031.501412
1.24926	2369408815.844796
1.24927	2332705965.506288
1.24928	2198062312.482561
1.24929	2263549519.6958733
1.2493	2186905415.2960134
1.24931	2336684081.672735
1.24932	2320598461.5989237
1.2493299999999998	1391169347.4375985
1.24934	2168203294.6046147
1.24935	2427895554.9718924
1.24936	2412959318.8085423
1.24937	2359065503.585751
1.24938	2450642720.3772435
1.24939	2407465099.67081
1.2494	2403643195.2217484
1.24941	2436464006.496924
1.24942	2442136867.732201
1.2494299999999998	2447766574.631137
1.24944	2493962965.1245856
1.24945	2394142521.1519065
1.24946	2435510464.966823
1.24947	2408019502.821421
1.24948	2395024718.3494163
1.24949	2416517808.417394
1.2495	1785418374.6229148
1.24951	2402591852.5469484
1.24952	2472976560.3440275
1.24953	2395079866.4664664
1.24954	2355971323.579241
1.24955	2291606260.2898607
1.24956	2437474045.621725
1.24957	2407575970.0886803
1.24958	2320758768.39839
1.24959	2190534008.099165
1.2496	1963089047.3260105
1.24961	2229153627.686881
1.2496200000000002	2321346654.7463627
1.24963	2386711908.339977
1.24964	1717750169.2341652
1.24965	1845610277.7542727
1.24966	2080175610.098591
1.24967	2012333698.765272
1.24968	2360913089.390448
1.24969	2258863562.946073
1.2497	2180218397.185944
1.24971	1764899580.9900355
1.2497200000000002	1808422908.9365144
1.24973	2367827172.0032635
1.24974	2388801152.992102
1.24975	2400103664.371286
1.24976	2422255775.007424
1.24977	2375745963.2190104
1.24978	2414737908.1149874
1.24979	2404861114.1333623
1.2498	2248951035.4284177
1.24981	2251075182.394542
1.2498200000000002	2322736796.3571053
1.24983	2342448222.4129353
1.24984	2243830257.0869193
1.24985	2244605382.4537964
1.24986	1911877226.0950005
1.24987	2255277566.745244
1.24988	2373777450.605655
1.24989	2274207042.127105
1.2499	2023112344.2995465
1.24991	2186099877.9611416
1.24992	1720402242.6026347
1.24993	2375308374.9444423
1.24994	2397452437.1622467
1.24995	2336253688.199973
1.24996	2422590445.1274285
1.24997	2347253525.3452897
1.24998	2225666043.9343204
1.24999	2199024155.713875
1.25	2052390520.094349
1.25001	2115387822.729699
1.25002	2126473622.7574966
1.25003	2347091388.4160643
1.25004	2364884854.898449
1.25005	2062243768.6592226
1.25006	2126816397.4336426
1.25007	1803516001.9064035
1.25008	2257615613.6628475
1.25009	2263705885.557939
1.2501	2249624328.3405933
1.25011	1361068553.3648028
1.25012	2194522308.295318
1.25013	2012750763.2403922
1.25014	2232955149.2737865
1.25015	2320865645.7502103
1.25016	2459744510.426363
1.25017	2370936922.7125173
1.2501799999999998	2115290407.7634435
1.25019	2243055399.39263
1.2502	2377004478.606174
1.25021	2431980005.121964
1.25022	2224180352.2427235
1.25023	1748155254.8591151
1.25024	2151790570.339757
1.25025	2283599819.4621487
1.25026	2241145227.6073885
1.25027	2347253525.3452897
1.2502799999999998	1748477306.618676
1.25029	1946704353.001433
1.2503	2241506486.6521125
1.25031	2197961090.303016
1.25032	2159136006.9336653
1.25033	2290076551.737851
1.25034	2378647022.378902
1.25035	1759705534.7031586
1.25036	2374652143.651677
1.25037	2399993138.057888
1.2503799999999998	2376128919.087558
1.25039	2322736796.3571053
1.2504	2393756662.067735
1.25041	2411515179.6536503
1.25042	2448443010.9790783
1.25043	2468880104.9062085
1.25044	2359771762.662939
1.25045	2371974413.605307
1.25046	2096042093.19488
1.25047	2365592856.1780725
1.25048	2445851019.671989
1.25049	2424934431.0334744
1.2505	2140375642.233746
1.25051	1347162545.9752445
1.25052	2199783802.92876
1.25053	2452279682.741868
1.25054	2334156654.980197
1.25055	2346605044.8230844
1.25056	2399716844.541777
1.2505700000000002	2379687887.110156
1.25058	2318729033.592009
1.25059	2324662982.2680736
1.2506	2304835847.6056986
1.25061	2263393164.6348143
1.25062	2059633751.2316318
1.25063	2402702498.5383267
1.25064	2418800223.1478405
1.25065	2403919940.8017077
1.25066	2377825608.663909
1.2506700000000002	2132799351.411536
1.25068	2197758659.927761
1.25069	2438709106.52537
1.2507	2429741099.9716554
1.25071	2478962744.781424
1.25072	2481247005.625822
1.25073	2424264489.4488964
1.25074	2407964056.761664
1.25075	2342232484.893854
1.25076	2403753889.630372
1.2507700000000002	2461330877.6476245
1.25078	2414626707.8852677
1.25079	1735841231.6327255
1.2508	2275516557.808248
1.25081	2264018649.6880407
1.25082	2328252082.066371
1.25083	2340076202.209537
1.25084	2386601998.725524
1.25085	2322897250.8726144
1.25086	2293084189.822766
1.25087	2276407459.1496754
1.25088	2276984110.5818963
1.25089	2145507317.09192
1.2509	1822972007.784597
1.25091	2326322922.2733736
1.25092	1748477306.618676
1.25093	1518867886.8723545
1.25094	2405802655.9495077
1.25095	1996687044.3868449
1.25096	2151592392.2307143
1.25097	2259279699.317847
1.25098	2310095850.429821
1.25099	2409627994.041541
1.251	2396127921.9947085
1.25101	2367990741.3591585
1.25102	2352610332.0719275
1.25103	2231259075.8894725
1.25104	2357056538.3298297
1.25105	2373777450.605655
1.25106	2378537484.157632
1.25107	2340561192.672905
1.25108	2284967356.3290896
1.25109	2269342256.355059
1.2511	2291447967.20476
1.25111	2290920402.552152
1.25112	2372466015.104807
1.25113	2401651567.320007
1.25114	2359826099.041341
1.25115	2128237052.6642454
1.25116	2259904047.621561
1.25117	2314408416.5877137
1.25118	2218400732.649413
1.25119	2305791320.1167307
1.2512	2300382208.2870226
1.25121	2421419301.9636755
1.25122	2410349390.560989
1.2512299999999998	2251334361.9217377
1.25124	1765021500.1449032
1.25125	2207547209.7369003
1.25126	2383361941.1045666
1.25127	2362054968.1318173
1.25128	2405802655.9495077
1.25129	2383471701.505405
1.2513	2281129810.2794557
1.25131	2326108669.880928
1.25132	2318942606.263541
1.2513299999999998	2298581992.289013
1.25134	2317181219.8624244
1.25135	1285493840.3731725
1.25136	2146050809.3662353
1.25137	2426777725.159032
1.25138	2452336149.218371
1.25139	2429573265.199427
1.2514	2420750331.5109897
1.25141	1921763762.9219308
1.25142	2271276461.0178127
1.2514299999999998	2253097574.262553
1.25144	1931479041.623284
1.25145	2302077817.145616
1.25146	1793576892.229161
1.25147	2122608993.4781766
1.25148	2254394934.8590198
1.25149	2230026377.195261
1.2515	2307437784.6947584
1.25151	2309085424.9410195
1.25152	2274311775.643332
1.25153	2033527266.4697766
1.25154	1965440948.4424949
1.25155	2287862921.920755
1.25156	2417463914.0168877
1.25157	2414293137.9202337
1.25158	2382484039.8415914
1.25159	2369899885.613557
1.2516	2227665607.9397173
1.25161	2298317373.4904647
1.2516200000000002	2328895490.776908
1.25163	2276669555.330905
1.25164	2214980973.3873367
1.25165	2418967313.718984
1.25166	2269081003.71174
1.25167	1954159462.7486067
1.25168	2362435717.094821
1.25169	2218707237.208945
1.2517	1838145985.18348
1.25171	2164860916.832348
1.2517200000000002	2388251174.520645
1.25173	2304835847.6056986
1.25174	2130737748.6085265
1.25175	2296413017.212803
1.25176	1899240662.9397626
1.25177	2171100863.1235366
1.25178	1889687542.2670703
1.25179	1553924807.498745
1.2518	2262142712.89271
1.25181	2368590592.3423386
1.2518200000000002	2371155304.129787
1.25183	2332652253.5848484
1.25184	2405470304.9880943
1.25185	2341477560.035336
1.25186	2370009026.049565
1.25187	1864919113.2986023
1.25188	1792503449.0935187
1.25189	2107948518.0786273
1.2519	2157595362.5972843
1.25191	2194168621.595128
1.25192	2148572436.620344
1.25193	2201202513.247671
1.25194	2317608099.733079
1.25195	2384075474.070289
1.25196	1793700792.4109304
1.25197	2033246343.7014852
1.25198	2350660989.345614
1.25199	2085306994.8137968
1.252	2158042533.152524
1.25201	2019761083.435605
1.25202	2317074512.18079
1.25203	2104553643.1753492
1.25204	2186250893.6067038
1.25205	2373394873.7185125
1.25206	2226793782.348754
1.25207	2215491050.326918
1.25208	2315314544.717556
1.25209	2310627830.900843
1.2521	2364122628.955461
1.25211	2415405217.044157
1.25212	2070999528.4114184
1.25213	2017901671.1531968
1.25214	2170201203.5683484
1.25215	2286598951.426758
1.25216	2363632756.298909
1.25217	2005256810.4122906
1.2521799999999998	2038402766.144153
1.25219	2339645183.9426284
1.2522	2308022296.6185603
1.25221	2367118502.0124197
1.25222	2143828301.934282
1.25223	1316709594.013736
1.25224	2209428745.2762685
1.25225	2335554467.8770533
1.25226	2324716510.227625
1.25227	2191845812.378021
1.2522799999999998	2257615613.6628475
1.25229	2256784030.5262947
1.2523	2252008368.356267
1.25231	2224897458.853692
1.25232	2156750959.898167
1.25233	2049415422.0927556
1.25234	2274678380.934839
1.25235	2285809324.4994674
1.25236	1805344137.4131238
1.25237	2189323808.69176
1.2523799999999998	2177910356.0725827
1.25239	2118556252.5047128
1.2524	2123488923.6246397
1.25241	2094835861.590028
1.25242	2144815798.7143676
1.25243	2095270024.9793363
1.25244	2048990760.2901566
1.25245	2034323425.1104653
1.25246	1920348276.6007192
1.25247	1728303462.4329104
1.25248	1766729252.905395
1.25249	1619981294.921989
1.2525	1635987571.354738
1.25251	1481903760.135224
1.25252	1290446487.9739106
1.25253	1192257326.822918
1.25254	908615204.718141
1.25255	260393416.61260945
1.25256	207037969.63416752
1.2525700000000002	813204924.6541524
1.25258	1150614916.7846875
1.25259	1359220762.8486927
1.2526	1499650304.3804667
1.25261	1644674655.5805533
1.25262	1751136498.437881
1.25263	1790976964.4982946
1.25264	1897448512.093946
1.25265	1881135156.3993945
1.25266	1607126269.611807
1.2526700000000002	1892779397.0346055
1.25268	1911789182.9222794
1.25269	1414555527.2127767
1.2527	2006503862.1154914
1.25271	2145606123.6303086
1.25272	2092088248.5076444
1.25273	1946749178.0417328
1.25274	2207343896.488084
1.25275	2240371297.129294
1.25276	2159533771.118644
1.2527700000000002	1808048183.4786565
1.25278	2242487340.4840946
1.25279	2297946958.350584
1.2528	2264487876.909337
1.25281	2015579812.8251886
1.25282	1980477897.6799738
1.25283	2178512218.089441
1.25284	2315261233.243759
1.25285	1879663031.6408434
1.25286	2256887961.6647115
1.2528700000000002	2273002953.290977
1.25288	2303456419.586676
1.25289	2247191068.055121
1.2529	2202419278.883954
1.25291	2140030682.2416832
1.25292	1945225705.5501711
1.25293	2255589166.379641
1.25294	2191341179.3289065
1.25295	2106250396.6405492
1.25296	2287968284.327977
1.25297	2360967452.0491714
1.25298	2355917075.959293
1.25299	2106638418.0387712
1.253	2133585248.4891
1.25301	2148621909.89856
1.25302	1921321311.4037237
1.25303	2337598931.0838237
1.25304	2397728469.963816
1.25305	2328144864.5644307
1.25306	2296465894.685381
1.25307	1759948663.801469
1.25308	2255796923.3866763
1.25309	2415460834.4449353
1.2531	2357490764.182164
1.25311	2307225271.6076546
1.25312	2381058139.926497
1.25313	2427504255.9798613
1.25314	2362435717.094821
1.25315	1261043302.7704074
1.25316	1807631912.9259453
1.25317	2166207224.935875
1.25318	2144766413.0740824
1.25319	2285493550.0843344
1.2532	2289443867.614841
1.25321	2396183095.5142536
1.25322	2264435735.749352
1.2532299999999998	2357979363.8854666
1.25324	2421753856.5126762
1.25325	2222644473.420582
1.25326	2082859617.726721
1.25327	2330129187.836954
1.25328	2309670354.239182
1.25329	2384899046.785153
1.2533	2411515179.6536503
1.25331	2393370865.1716785
1.25332	2417519578.8214602
1.2533299999999998	2420192997.3162045
1.25334	2401264498.018125
1.25335	1976332443.106231
1.25336	2242848815.8692822
1.25337	2264540019.26993
1.25338	1899809259.257214
1.25339	2290814904.1979914
1.2534	2412570427.0593266
1.25341	2459178198.523706
1.25342	2396403802.297055
1.2534299999999998	2234240911.62045
1.25344	2281865278.185995
1.25345	2264748600.718949
1.25346	2380126282.1949854
1.25347	2411792831.581483
1.25348	2406744566.394432
1.25349	2220035913.064493
1.2535	2322736796.3571053
1.25351	2389571335.633709
1.25352	2202825016.876666
1.25353	2265165821.254595
1.25354	2310787448.929752
1.25355	2268036293.864749
1.25356	2264070781.244153
1.25357	2288284400.6638985
1.25358	2350119791.960383
1.25359	2234806881.572988
1.2536	2315901051.954161
1.25361	2286598951.426758
1.2536200000000002	1892561495.2970746
1.25363	1271422813.9878314
1.25364	2209428745.2762685
1.25365	1819198126.139753
1.25366	1980477897.6799738
1.25367	1945539264.1591747
1.25368	1896400232.972769
1.25369	2108968048.027236
1.2537	2229923683.0500407
1.25371	2416406526.222123
1.2537200000000002	2446188949.820691
1.25373	2361891808.7904496
1.25374	2276774402.252668
1.25375	2301812795.898516
1.25376	2363360648.6854863
1.25377	2458328975.128684
1.25378	2457027402.132185
1.25379	2288916764.3700843
1.2538	2093967804.6833112
1.25381	2351635458.725041
1.2538200000000002	2406799984.3740625
1.25383	2328252082.066371
1.25384	2258967589.8527107
1.25385	2238669590.702598
1.25386	1932902732.4175203
1.25387	1702354487.9165885
1.25388	2298687848.339035
1.25389	2302767015.1997857
1.2539	2367500067.1864448
1.25391	2402259945.1437764
1.25392	2364884854.898449
1.25393	2312810231.9489465
1.25394	2366736998.334489
1.25395	2399993138.057888
1.25396	2397728469.963816
1.25397	2334586662.129575
1.25398	2351906216.348373
1.25399	2381825826.11324
1.254	2390011551.4847217
1.25401	2203636717.115605
1.25402	2363415067.701994
1.25403	2435398308.1475444
1.25404	2456518278.567291
1.25405	2348334724.476877
1.25406	2414515512.7763987
1.25407	2404362800.006934
1.25408	2441124896.4297853
1.25409	2386656952.9000545
1.2541	2385283478.075358
1.25411	2167654192.1627626
1.25412	1429716732.7839403
1.25413	2324662982.2680736
1.25414	2345902726.429541
1.25415	2291817334.746609
1.25416	1901647426.3881176
1.25417	1851953167.612492
1.25418	2302024810.4552264
1.25419	2264957201.3799143
1.2542	2123586716.155197
1.25421	2220087031.8690095
1.25422	2182277625.786709
1.25423	2345146618.615621
1.25424	2374050757.5667577
1.25425	2389076189.720435
1.25426	2261361531.392394
1.25427	2124026838.27792
1.2542799999999998	2248122643.8525105
1.25429	2377442379.3433604
1.2543	2413792869.37296
1.25431	2454369808.540843
1.25432	2422088457.2852783
1.25433	2358793921.7664604
1.25434	2381277453.5852532
1.25435	2149463129.9438205
1.25436	2253512648.4021273
1.25437	2422646227.976102
1.2543799999999998	2263080486.912689
1.25439	1846120309.1800406
1.2544	2303403381.1531672
1.25441	2420471648.3722296
1.25442	2402204631.701209
1.25443	1977242787.4291344
1.25444	2359554429.660303
1.25445	2348767343.5637326
1.25446	2294140437.3085704
1.25447	2310361825.3537035
1.2544799999999998	2335608246.625216
1.25449	2058685473.202955
1.2545	2235064188.0350146
1.25451	2335016748.496501
1.25452	2401209207.4963107
1.25453	2363632756.298909
1.25454	2333995422.719469
1.25455	2115533953.5908122
1.25456	1854556205.919859
1.25457	2123586716.155197
1.25458	2326215793.61048
1.25459	2314674888.042705
1.2546	2339106522.7483273
1.25461	1954114467.0821593
1.25462	1679267952.9073114
1.25463	2013446062.792968
1.25464	2014187980.393203
1.25465	2403698541.788847
1.25466	2164860916.832348
1.2546700000000002	2161424151.9252377
1.25468	2196089320.546062
1.25469	1582413575.2293034
1.2547	2364122628.955461
1.25471	2452053829.8372827
1.25472	2371646735.8654637
1.25473	2383801013.037481
1.25474	2463485441.152029
1.25475	2411959438.0824466
1.25476	2342340351.169625
1.2547700000000002	2172451051.7951922
1.25478	2035166756.3669102
1.25479	2350011567.436364
1.2548	2231978464.779177
1.25481	1981162048.654489
1.25482	2395024718.3494163
1.25483	2322095089.1216545
1.25484	2319636853.312919
1.25485	2354995057.506573
1.25486	2395245318.436825
1.2548700000000002	2359174145.0685296
1.25488	2309883092.53709
1.25489	2340507299.8802576
1.2549	2333780463.696149
1.25491	2143285372.515056
1.25492	1923357432.2047164
1.25493	2268767540.239894
1.25494	2237175218.795276
1.25495	1963631543.8204136
1.25496	2405193380.9261355
1.25497	2454878486.826446
1.25498	2359391443.044048
1.25499	2207445550.771762
1.255	2401043343.5693197
1.25501	2335124282.467679
1.25502	2386986704.5212827
1.25503	2335124282.467679
1.25504	2256576182.607519
1.25505	2362707718.2154303
1.25506	2222081583.6257176
1.25507	2221467684.6113267
1.25508	2048188861.3991735
1.25509	2230745368.6458
1.2551	2249779732.251294
1.25511	2239597633.91116
1.25512	1695664781.1791975
1.25513	1852081100.4237792
1.25514	1920834732.388601
1.25515	1784884014.4980896
1.25516	2062956165.4426804
1.25517	2161971676.19548
1.25518	2330773115.282636
1.25519	2212228586.523162
1.2552	2326055109.866076
1.25521	2266626698.5100694
1.25522	1836411484.155597
1.2552299999999998	2067806994.3868816
1.25524	2410626908.264666
1.25525	2279397145.134507
1.25526	2260788836.414074
1.25527	2395190166.510136
1.25528	2340453408.3285236
1.25529	2361239284.119789
1.2553	2212687080.039843
1.25531	2353531416.866283
1.25532	2246311600.9241786
1.2553299999999998	1747350384.9554698
1.25534	1787598575.8776488
1.25535	1825366181.0423362
1.25536	1788627896.569809
1.25537	2367391042.289602
1.25538	2273997589.5635552
1.25539	1701061439.9399805
1.2554	1967252020.3555255
1.25541	2412570427.0593266
1.25542	2227511731.5658555
1.2554299999999998	1875814981.0658824
1.25544	2301335834.5364537
1.25545	2379304357.649975
1.25546	2226434894.5206795
1.25547	1818528032.2253566
1.25548	1939947602.9323888
1.25549	2301918800.735968
1.2555	2209886658.514281
1.25551	2230180427.280698
1.25552	2304092976.0558486
1.25553	2159682951.579174
1.25554	2018831163.2216504
1.25555	2420137270.954595
1.25556	2422423104.287878
1.25557	2360913089.390448
1.25558	2474628441.1033874
1.25559	2436520108.7998304
1.2556	2106589911.4550507
1.25561	2024603577.8869765
1.2556200000000002	2153079173.058061
1.25563	1837384295.283451
1.25564	1586207503.6402755
1.25565	2038496640.2221203
1.25566	2387316501.702517
1.25567	2399993138.057888
1.25568	2074913517.4549105
1.25569	2074483572.1616926
1.2557	2407686845.6124487
1.25571	2398280630.914452
1.2557200000000002	2409794450.9956603
1.25573	2390782124.375599
1.25574	2119336901.2640052
1.25575	2205870435.320598
1.25576	2168802474.090681
1.25577	1542055483.4704735
1.25578	2078834903.559582
1.25579	2266417944.089817
1.2558	2345470634.976055
1.25581	2321346654.7463627
1.2558200000000002	2369136043.2762203
1.25583	2430860294.783328
1.25584	2115533953.5908122
1.25585	2207293071.1017165
1.25586	2327019378.8481607
1.25587	2043901677.0315485
1.25588	2009971965.266013
1.25589	1905899517.0243602
1.2559	2239339805.546932
1.25591	2348010312.4551787
1.25592	2338675683.086525
1.25593	2380784026.2571244
1.25594	2212839932.3276954
1.25595	2295672860.425081
1.25596	2385832773.1307783
1.25597	2408407660.9891872
1.25598	2039811331.3361735
1.25599	2171650838.6638136
1.256	2342771865.9504128
1.25601	2394969571.502184
1.25602	1897710672.402448
1.25603	2275045045.3208885
1.25604	1978563531.5758898
1.25605	2172250970.873114
1.25606	2431420085.496933
1.25607	2364775950.4338093
1.25608	1911833204.0018227
1.25609	2075725879.4786913
1.2561	2043619321.0844648
1.25611	2083291298.989997
1.25612	2248485027.614489
1.25613	2341962840.935895
1.25614	2274573630.5361924
1.25615	1785212832.5683858
1.25616	2225973552.303039
1.25617	1661613453.9934642
1.25618	2033761398.4257343
1.25619	2391773226.0204744
1.2562	2372411387.6849327
1.25621	2378208899.758714
1.25622	2156204757.7862644
1.25623	2059349221.9683144
1.25624	2143433430.5372066
1.25625	2286335712.1473594
1.25626	2302820038.9802585
1.25627	2313715734.363781
1.2562799999999998	2297576602.9097466
1.25629	2285598803.3754296
1.2563	2402979135.8103533
1.25631	2364721500.08218
1.25632	1940975260.748662
1.25633	2125788239.1292036
1.25634	2287546863.810251
1.25635	2303721630.0738306
1.25636	2125543512.80154
1.25637	2041690932.4572315
1.2563799999999998	2116995817.5261812
1.25639	2192754444.732184
1.2564	2267357490.4121103
1.25641	2325787328.290046
1.25642	2296783185.090659
1.25643	2377059211.787092
1.25644	2415850192.110325
1.25645	2356568129.846306
1.25646	2336899308.1414595
1.25647	2364068193.6469307
1.2564799999999998	2306640961.5322595
1.25649	2185747548.686939
1.2565	2342933704.487293
1.25651	2409461548.5854635
1.25652	2108482496.0917075
1.25653	2062101318.8265328
1.25654	1911305017.940489
1.25655	2325626674.141966
1.25656	2365048220.999249
1.25657	2393150437.719856
1.25658	2248588576.5609064
1.25659	1921808013.6773105
1.2566	2324555930.046472
1.25661	2388141194.021997
1.25662	2423427322.7395573
1.25663	2362762122.197485
1.25664	2376840286.624873
1.25665	2278557538.863205
1.25666	2275935762.0575924
1.2566700000000002	2335984732.536808
1.25668	2014048850.022104
1.25669	2117970954.6448386
1.2567	2408574033.6427736
1.25671	1644182418.8215144
1.25672	1835354664.9347925
1.25673	2130688687.1235926
1.25674	2226076064.5338364
1.25675	2186401919.6844087
1.25676	2178110958.267306
1.2567700000000002	2208411499.985052
1.25678	1990856695.221137
1.25679	2301441817.408509
1.2568	2093823163.5075266
1.25681	2221365384.5993814
1.25682	2356242580.4162
1.25683	2293242595.9380336
1.25684	2148374554.898721
1.25685	1796883827.8264575
1.25686	2035073035.6322227
1.2568700000000002	2253097574.262553
1.25688	2005118296.9632492
1.25689	1649947023.0810184
1.2569	2309936280.1731853
1.25691	2079074252.0503106
1.25692	2362870933.9197717
1.25693	2360206488.724139
1.25694	2309883092.53709
1.25695	2405747260.9339485
1.25696	2352447825.120382
1.25697	2246777158.286434
1.25698	1983946698.2859907
1.25699	2211668334.57547
1.2570000000000001	2128580111.5946093
1.25701	2375527159.0058827
1.25702	2432036004.175735
1.25703	2272479635.2708464
1.25704	1945270496.542964
1.25705	2172250970.873114
1.25706	1835016611.2483025
1.25707	2115144293.725299
1.25708	2174853460.8063345
1.25709	2267566331.3717623
1.2571	2340022320.58408
1.25711	2458668629.2897377
1.25712	2371046110.906948
1.25713	2285493550.0843344
1.25714	2169801474.5506773
1.25715	1945987292.7091355
1.25716	2074244752.1620948
1.25717	1985911999.6791706
1.25718	2114024421.3549762
1.25719	2198872257.7530994
1.2572	2307225271.6076546
1.25721	2243933591.668296
1.25722	2263393164.6348143
1.2572299999999998	1832736376.9361234
1.25724	2274992661.0759163
1.25725	1908138964.5457077
1.25726	1936199037.9621038
1.25727	1570398963.6896868
1.25728	1975968422.7449965
1.25729	2270910404.006825
1.2573	2195887062.5592327
1.25731	2336791692.429211
1.25732	2382593759.812662
1.2573299999999998	2148374554.898721
1.25734	2276040575.186148
1.25735	2206226008.282329
1.25736	1822846085.6887374
1.25737	2190231395.5462193
1.25738	2391497878.802237
1.25739	2404473527.5553355
1.2574	2398501530.8963
1.25741	2364340382.7241783
1.25742	2334962983.367929
1.2574299999999998	1821503457.760296
1.25744	2205768853.5719967
1.25745	2327019378.8481607
1.25746	2130492452.4803267
1.25747	1712261138.350455
1.25748	1756224372.8896148
1.25749	2041596911.2800488
1.2575	2296413017.212803
1.25751	2343041603.0561714
1.25752	2441687050.927393
1.25753	2412348231.343937
1.25754	2247553301.6527295
1.25755	2327823241.6822877
1.25756	2335500690.3671784
1.25757	2302183834.1880198
1.25758	2175454478.055112
1.25759	2265165821.254595
1.2576	2281129810.2794557
1.25761	1973104104.4546108
1.2576200000000002	2073051064.5045984
1.25763	2212636131.6235533
1.25764	1822342484.2802048
1.25765	2203839688.904867
1.25766	2276721978.188239
1.25767	2334479152.9161577
1.25768	2300223309.0018396
1.25769	2386052526.569756
1.2577	2369081492.530898
1.25771	2314888087.2964377
1.2577200000000002	2282600983.217593
1.25773	1925661732.4087048
1.25774	2303509459.2414546
1.25775	1586865067.8950615
1.25776	1878192058.9267359
1.25777	1871242186.8079875
1.25778	2254862167.5256467
1.25779	2402647174.905709
1.2578	2314568295.779259
1.25781	2238978895.7017975
1.2578200000000002	2133290503.1545894
1.25783	1494823786.5778787
1.25784	2256368353.8313627
1.25785	2354127605.064866
1.25786	1810089295.2707555
1.25787	2241300045.78233
1.25788	2271119572.216983
1.25789	2336361279.135641
1.2579	1958213318.3576238
1.25791	2122804501.9946046
1.25792	2310042659.119518
1.25793	2354019195.9784927
1.25794	2228640405.1847553
1.25795	1764127621.8864875
1.25796	2189727134.1875143
1.25797	2258135508.721453
1.25798	2345740682.806966
1.25799	2313023259.4535875
1.258	2274678380.934839
1.25801	2265374460.344761
1.25802	2231259075.8894725
1.25803	2191088906.374525
1.25804	2301335834.5364537
1.25805	1905109751.4538946
1.25806	1946794004.1141806
1.25807	2002350036.3500788
1.25808	2260892951.984864
1.25809	2007058356.223984
1.2581	2167504461.0874577
1.25811	2177810061.903568
1.25812	2204093429.9318447
1.25813	2331148821.8003235
1.25814	2351039901.668207
1.25815	2411792831.581483
1.25816	2456631408.0195565
1.25817	2379687887.110156
1.25818	2275883357.303345
1.25819	2312384235.796803
1.2582	2276355043.534317
1.25821	1703726976.5132735
1.25822	2293559440.99737
1.25823	2177408931.41147
1.25824	1976878599.3917143
1.25825	2357599333.143843
1.25826	2380509944.1444373
1.25827	2442811748.3197136
1.2582799999999998	2450417018.2355213
1.25829	2421140541.81128
1.2583	2245070586.195233
1.25831	2218247496.2483497
1.25832	1998158799.918645
1.25833	2008029089.6575692
1.25834	2022460275.0407789
1.25835	1811340092.6195984
1.25836	2115387822.729699
1.25837	2327233715.123875
1.2583799999999998	2362000580.4323893
1.25839	2255589166.379641
1.2584	1386851625.8795373
1.25841	2239442933.330602
1.25842	1845355314.8841093
1.25843	2288864060.7206545
1.25844	2224026716.613472
1.25845	2326483624.5182424
1.25846	2284178292.837475
1.25847	2374488114.1583056
1.2584799999999998	2319636853.312919
1.25849	2268558588.6499114
1.2585	2311372809.37858
1.25851	2217124086.0187764
1.25852	2247346303.8763504
1.25853	2180569835.194403
1.25854	2281287390.5869184
1.25855	2211922976.960474
1.25856	2306640961.5322595
1.25857	2035026176.8833575
1.25858	2095945569.11188
1.25859	1806425270.2124825
1.2586	2138306716.0496671
1.25861	1724963857.8953938
1.25862	2336415076.461542
1.25863	2415349600.924003
1.25864	2406966245.9694467
1.25865	1736121038.7319741
1.25866	2345902726.429541
1.2586700000000002	2377716108.269267
1.25868	2323539179.784171
1.25869	2342124623.5853853
1.2587	2337545106.498986
1.25871	2399772100.7002697
1.25872	2443993238.149681
1.25873	2351852062.329901
1.25874	2410071904.80588
1.25875	2351256450.417718
1.25876	2313662459.703539
1.2587700000000002	2280394579.421549
1.25878	2329109999.856874
1.25879	2237844986.253251
1.2588	2219115975.83082
1.25881	1634857861.409417
1.25882	2345524642.055041
1.25883	2371264502.381285
1.25884	1986232116.6725156
1.25885	1749846688.624658
1.25886	2057453364.4490843
1.2588700000000002	2301865797.7070336
1.25888	2304464381.896582
1.25889	2246156436.575228
1.2589	2178562380.764539
1.25891	2239133564.226664
1.25892	2361076181.1219397
1.25893	2349308229.500357
1.25894	2352447825.120382
1.25895	2374433440.1784163
1.25896	1957807554.6512036
1.25897	2211057312.4506392
1.25898	1663489255.1174874
1.25899	2012426372.2906852
1.2590000000000001	2254550668.3229165
1.25901	1841874350.2930331
1.25902	1727388404.6277034
1.25903	2139340929.0380898
1.25904	2323485678.9333434
1.25905	2118653817.8721316
1.25906	2208970926.923002
1.25907	2241661329.782798
1.25908	2206530830.725337
1.25909	2163864191.0594463
1.2591	2403477163.166649
1.25911	2398501530.8963
1.25912	1841916761.5055285
1.25913	2041032875.1344573
1.25914	2143630857.1434894
1.25915	2304517444.760817
1.25916	1940975260.748662
1.25917	2229358949.778685
1.25918	2273945229.436865
1.25919	2401209207.4963107
1.2592	2382593759.812662
1.25921	2316967809.413103
1.25922	2280552108.939309
1.2592299999999998	2345740682.806966
1.25924	1906382312.7039125
1.25925	2113586371.8449297
1.25926	1694298787.3268654
1.25927	2292872998.6897264
1.25928	2297523699.862462
1.25929	2300170345.012596
1.2593	2279029779.3293657
1.25931	2357165087.294209
1.25932	2348659181.32084
1.2593299999999998	2341531475.169306
1.25934	2365756271.187567
1.25935	2349524618.749623
1.25936	2386766865.045298
1.25937	2411459653.1038857
1.25938	2088959403.2430015
1.25939	2078452003.286311
1.2594	1609978216.7453835
1.25941	1794774952.5772517
1.25942	2253356986.639629
1.2594299999999998	2280027052.8619514
1.25944	2316594388.4203696
1.25945	2380400320.1344147
1.25946	2199581204.6831985
1.25947	1777010524.6640337
1.25948	1861486967.4323301
1.25949	2358087955.348512
1.2595	2293559440.99737
1.25951	2260216286.472066
1.25952	2243933591.668296
1.2595299999999998	2269760323.151285
1.25954	2107414675.2967
1.25955	2332061504.06812
1.25956	2373012358.4905
1.25957	2093823163.5075266
1.25958	1236943890.8630679
1.25959	2127306171.3920145
1.2596	2229975029.531496
1.25961	2364721500.08218
1.25962	2413181570.809769
1.25963	2267096466.260262
1.25964	2321453559.1719627
1.25965	2328037651.9999146
1.25966	2345848710.6449504
1.25967	2010620008.1204066
1.25968	2230796734.047483
1.25969	2338567985.571071
1.2597	1803682119.5187247
1.25971	2104650563.6839375
1.2597200000000002	1635347306.5743613
1.25973	2176606892.066161
1.25974	2192552493.884624
1.25975	2270230740.358135
1.25976	2151493310.0208077
1.25977	2113537705.2805023
1.25978	1971378428.2956066
1.25979	2052815886.5112255
1.2598	2148077766.487157
1.25981	2385338401.8894787
1.2598200000000002	2425939690.558719
1.25983	2338406448.596945
1.25984	2341639309.161642
1.25985	2249365345.6769567
1.25986	2315847726.9757004
1.25987	2306428521.8319016
1.25988	1626222628.9693046
1.25989	2261101197.511103
1.2599	2348388797.504711
1.25991	2177759916.5510526
1.2599200000000002	2147830474.130537
1.25993	2205311793.589236
1.25994	2201912211.48448
1.25995	2218196419.800219
1.25996	2174953618.8157115
1.25997	1602322754.0374432
1.25998	2378373186.283717
1.25999	2349308229.500357
1.26	1890601508.1568112
1.26001	2055038677.1946886
1.26002	2332974543.6657176
1.26003	2163615081.328151
1.26004	2242125923.357152
1.26005	2374925551.3213353
1.26006	2201912211.48448
1.26007	2394914425.924731
1.26008	2431980005.121964
1.26009	2441743273.496737
1.2601	2433604501.302813
1.26011	2364013759.5918155
1.26012	2381880670.3110657
1.26013	2125690345.2171094
1.26014	2140720657.831281
1.26015	2320117607.6367607
1.26016	2319423216.701814
1.26017	2163415814.1915607
1.26018	1683061555.7016644
1.26019	2023624831.9151511
1.2602	2357545048.03803
1.26021	2200746399.4617095
1.26022	2097055864.4844587
1.26023	1746023159.6943812
1.26024	1989573556.1551106
1.26025	2146594439.3160772
1.26026	2251956514.544277
1.26027	2372192890.58342
1.2602799999999998	2356785187.7878976
1.26029	2295937174.745284
1.2603	2259643881.5296307
1.26031	2187660876.123331
1.26032	1790482167.6369095
1.26033	2387316501.702517
1.26034	2262038539.769619
1.26035	2304835847.6056986
1.26036	2118995332.0430555
1.26037	1628883409.6941473
1.2603799999999998	1943882455.232171
1.26039	2276040575.186148
1.2604	2229050973.7323275
1.26041	2206022816.715051
1.26042	2345578650.377591
1.26043	2228229912.259748
1.26044	2338675683.086525
1.26045	2214572996.3909106
1.26046	1879143733.298688
1.26047	2184389096.17916
1.2604799999999998	2161921895.531074
1.26049	2234292357.510911
1.2605	2028243066.3728876
1.26051	1411269643.7221684
1.26052	2357327920.113945
1.26053	2344714666.429513
1.26054	2394914425.924731
1.26055	2472976560.3440275
1.26056	2390672027.325097
1.26057	1979064734.2448747
1.26058	2271799501.964936
1.26059	2286335712.1473594
1.2606	2368099793.8737907
1.26061	2406966245.9694467
1.26062	2389186213.2782073
1.26063	2343958941.539164
1.26064	1695938112.0778205
1.26065	2194623372.109444
1.26066	1927702452.9720805
1.2606700000000002	2301229856.544969
1.26068	2227973392.577505
1.26069	2304411320.2541504
1.2607	2334425400.16604
1.26071	2362707718.2154303
1.26072	2218758325.4192166
1.26073	2308447489.197804
1.26074	2199378625.096766
1.26075	2189878400.4037147
1.26076	2362870933.9197717
1.2607700000000002	2402204631.701209
1.26078	2327394480.2862573
1.26079	1577211736.038159
1.2608	1419449675.9481752
1.26081	2309510813.373766
1.26082	2352285329.394021
1.26083	2421753856.5126762
1.26084	2378318422.847765
1.26085	2372356761.522887
1.26086	1928501584.3745167
1.2608700000000002	2417853594.56658
1.26088	2326376488.454906
1.26089	2321613925.041527
1.2609	2391332685.686907
1.26091	2410238392.425318
1.26092	2401928083.59213
1.26093	2350336255.960756
1.26094	2269655799.232356
1.26095	2249417139.8243914
1.26096	2027869484.6021345
1.26097	1982394116.035716
1.26098	1936199037.9621038
1.26099	2286914878.5692787
1.261	2274311775.643332
1.26101	2340722878.496619
1.26102	2401872777.790869
1.26103	2399993138.057888
1.26104	2277141404.504677
1.26105	2219729224.954279
1.26106	2293031390.2159233
1.26107	2270335290.754682
1.26108	1664830409.4126494
1.26109	2209479619.8389173
1.2611	2289338437.2560625
1.26111	2315581120.500409
1.26112	1959521351.339088
1.26113	2258915575.80056
1.26114	2343041603.0561714
1.26115	1700395707.6640635
1.26116	2361728660.71934
1.26117	2313609186.269977
1.26118	2087949545.993145
1.26119	2346010761.7300725
1.2612	2393040231.606996
1.26121	2348388797.504711
1.26122	2351581310.9409213
1.26123	2283179203.571277
1.26124	2227819494.943359
1.26125	2289654742.8986826
1.26126	2336576475.871793
1.26127	2201962912.97054
1.26128	2267879628.879006
1.26129	2345092620.240855
1.2613	2205464136.392752
1.26131	2057405990.3800285
1.26132	1668437720.7528794
1.2613299999999998	2309883092.53709
1.26134	2347956248.142185
1.26135	2378756565.64472
1.26136	2427783748.824104
1.26137	2402591852.5469484
1.26138	2013585151.5235536
1.26139	1864403888.28886
1.2614	2294615907.394821
1.26141	2158589200.8031483
1.26142	2138109779.7923183
1.2614299999999998	1520127444.9630039
1.26144	2358142252.955371
1.26145	2125935088.4504528
1.26146	2136584138.6505663
1.26147	2315207922.9975
1.26148	2311106718.067561
1.26149	1864833232.5770988
1.2615	2356134073.933845
1.26151	2177208393.872833
1.26152	2241661329.782798
1.2615299999999998	2284283485.5573497
1.26154	2207089781.2588468
1.26155	2374542789.397125
1.26156	2362435717.094821
1.26157	2350336255.960756
1.26158	2252163936.956306
1.26159	2311000290.120621
1.2616	2341962840.935895
1.26161	2307756591.027373
1.26162	2372739171.072627
1.26163	2152286095.476057
1.26164	2428454662.9503284
1.26165	2325787328.290046
1.26166	2342340351.169625
1.26167	1903794202.6863844
1.26168	1956951218.4714644
1.26169	2304941991.6630225
1.2617	1541132574.126194
1.26171	2244502016.936032
1.2617200000000002	2247967354.4054675
1.26173	2346767148.155725
1.26174	2353477225.4266253
1.26175	2349849239.9949193
1.26176	2380455131.508375
1.26177	2422032687.2796016
1.26178	2395024718.3494163
1.26179	2374980236.6326337
1.2618	1680234895.527943
1.26181	2153822948.6973557
1.2618200000000002	2352935379.6537237
1.26183	2293401012.995986
1.26184	2322522874.243842
1.26185	2177960504.889145
1.26186	2313396104.8019576
1.26187	2372903079.7491164
1.26188	2356079822.5664835
1.26189	2236248179.3857274
1.2619	2013538787.545809
1.26191	2235167118.914689
1.2619200000000002	2259487796.2511806
1.26193	2176707130.825882
1.26194	1931078817.5580835
1.26195	2105329132.232336
1.26196	2370936922.7125173
1.26197	2373449523.7842503
1.26198	2405913449.8072624
1.26199	2322469396.794045
1.262	2346551012.8672013
1.26201	2384569583.564578
1.26202	1852763558.022656
1.26203	1813426675.8708012
1.26204	1823685730.6540406
1.26205	2221365384.5993814
1.26206	1859131031.8731813
1.26207	1679461296.904648
1.26208	2119141712.1106997
1.26209	2166606291.807324
1.2621	2173601874.786738
1.26211	2421029046.73618
1.26212	2427727847.6809936
1.26213	2419858658.3929768
1.26214	2246777158.286434
1.26215	2331256177.642792
1.26216	2364177065.517415
1.26217	2319636853.312919
1.26218	1943211177.9497328
1.26219	2258343500.2660856
1.2622	2102422520.825245
1.26221	2250764206.3470125
1.26222	2385063795.465103
1.26223	2462351225.364183
1.26224	2405525693.626434
1.26225	2176256092.757192
1.26226	1962727466.2637491
1.26227	2286862221.0144424
1.2622799999999998	2295778582.501535
1.26229	2132210118.5816557
1.2623	2311745388.684379
1.26231	2412348231.343937
1.26232	2400048400.5783463
1.26233	2307225271.6076546
1.26234	2252008368.356267
1.26235	2196949124.8462577
1.26236	1491179758.9435775
1.26237	1864232178.2525
1.2623799999999998	2342556098.6240234
1.26239	2381770983.1782236
1.2624	2225051154.6337643
1.26241	1843529111.4209952
1.26242	1816268287.0049
1.26243	2089151812.3749056
1.26244	2256368353.8313627
1.26245	2307172146.3941197
1.26246	1863330959.9819496
1.26247	2156055817.5825515
1.2624799999999998	2336307483.0484643
1.26249	2112515966.2408512
1.2625	2352610332.0719275
1.26251	2198264770.8265285
1.26252	2394583579.123979
1.26253	2224333998.485115
1.26254	2361565523.9177203
1.26255	2316647730.591543
1.26256	2298105700.385603
1.26257	2299376031.501412
1.26258	2353856591.7094274
1.26259	2422088457.2852783
1.2626	2368426981.551637
1.26261	2257563630.74075
1.26262	2232184047.0600824
1.26263	2115680094.546645
1.26264	2240268126.5938745
1.26265	2230129076.0698395
1.26266	2230642641.3905625
1.2626700000000002	2243210349.522122
1.26268	2258551510.968329
1.26269	2282338204.1947994
1.2627	1709818453.6340976
1.26271	1726831650.1401026
1.26272	1861229811.267939
1.26273	2313342837.501373
1.26274	2372957718.490749
1.26275	2321613925.041527
1.26276	2334210401.5421576
1.2627700000000002	2159235441.110876
1.26278	2173301601.332875
1.26279	1955239669.6208858
1.2628	2259695912.351834
1.26281	2062196284.2883124
1.26282	2433884696.504183
1.26283	2310042659.119518
1.26284	2263028378.158684
1.26285	2246415049.778284
1.26286	2107802911.1827304
1.2628700000000002	2400269463.3852954
1.26288	2364884854.898449
1.26289	2335016748.496501
1.2629	2323378680.927325
1.26291	2286335712.1473594
1.26292	2273788156.2904105
1.26293	2326001551.084484
1.26294	2342610038.592548
1.26295	2326858639.595983
1.26296	2220393769.415482
1.26297	2177960504.889145
1.26298	2149809610.3893576
1.26299	2237793458.561423
1.263	1816728377.6203954
1.26301	2393811780.986374
1.26302	2347199478.457764
1.26303	2351202311.360496
1.26304	2448048400.3953238
1.26305	2255744982.340977
1.26306	1567003620.8968813
1.26307	2267200872.314829
1.26308	2337760412.274689
1.26309	2346118802.0059376
1.2631	2334855456.8246694
1.26311	2411071003.052754
1.26312	2375144300.1217947
1.26313	2170051296.5578146
1.26314	1770598125.0752418
1.26315	2167754018.625923
1.26316	2257771569.611048
1.26317	2333028263.008246
1.26318	2138897633.664432
1.26319	2190584447.5893946
1.2632	2061389217.2456453
1.26321	1895876310.6098406
1.26322	2310893867.0747666
1.26323	2315261233.243759
1.26324	1777296968.0041156
1.26325	2343041603.0561714
1.26326	2380455131.508375
1.26327	2290392959.3618
1.26328	2074865741.355612
1.26329	2262715750.8302
1.2633	2364830402.03922
1.26331	2291131413.8361497
1.26332	2399385334.308205
1.2633299999999998	2162569133.583841
1.26334	2230848100.6319213
1.26335	2362925341.6600504
1.26336	2372575273.7181664
1.26337	1869175156.0067642
1.26338	1972695255.2107253
1.26339	2232698085.6098433
1.2634	2322897250.8726144
1.26341	2329163630.2139683
1.26342	1777419743.5697176
1.2634299999999998	2101261000.173472
1.26344	2345092620.240855
1.26345	2218349652.672924
1.26346	2254394934.8590198
1.26347	2359989115.683597
1.26348	2270178466.965345
1.26349	2321827763.4336176
1.2635	2284283485.5573497
1.26351	2310681035.6853704
1.26352	2330182841.661989
1.2635299999999998	2191139358.6419067
1.26354	1802851684.4359665
1.26355	2198922889.240833
1.26356	2032637810.8301625
1.26357	2231721513.553719
1.26358	2292239541.98661
1.26359	1947421677.517165
1.2636	2092714579.7025774
1.26361	1768520099.4931548
1.26362	2266574508.102464
1.26363	2008121564.9438343
1.26364	2162718523.7270236
1.26365	2349145950.642098
1.26366	2312277749.0193524
1.26367	2275254594.363121
1.26368	2262455261.047608
1.26369	2344228815.3199177
1.2637	2318675643.497615
1.26371	2363469487.9715605
1.2637200000000002	2337276002.164353
1.26373	2298846641.55469
1.26374	2154219734.090691
1.26375	2374652143.651677
1.26376	2356296835.5312424
1.26377	2245794428.1075253
1.26378	2025536157.0083046
1.26379	2255381428.506852
1.2638	1560019403.0083158
1.26381	2326322922.2733736
1.2638200000000002	1739602407.3802993
1.26383	2057405990.3800285
1.26384	2256472265.8267183
1.26385	2241816183.6100464
1.26386	1989756811.0906568
1.26387	2134469728.855462
1.26388	2254862167.5256467
1.26389	2320545028.459846
1.2639	2182981222.3771744
1.26391	2184288503.659998
1.2639200000000002	2252682576.5754275
1.26393	2337868072.5991626
1.26394	2041032875.1344573
1.26395	2315421171.347827
1.26396	2344066887.323041
1.26397	2302395882.920193
1.26398	2406079650.1608834
1.26399	2365865220.798675
1.264	2024883306.5305593
1.26401	1898191393.7130296
1.26402	2240938820.009261
1.26403	1773086813.6809394
1.26404	2033152711.4030406
1.26405	1739522297.5734944
1.26406	2317661465.246086
1.26407	2334801695.4099326
1.26408	2257771569.611048
1.26409	2313342837.501373
1.2641	2236917669.3058405
1.26411	2345254619.095299
1.26412	2357545048.03803
1.26413	2304941991.6630225
