1.23581	3484175319.018585
1.23582	3538587996.7040095
1.23583	3541930213.0702724
1.23584	3552957397.343444
1.23585	3523708710.4248757
1.23586	3536877351.328513
1.23587	3556722644.94614
1.23588	3388597608.4856725
1.23589	3212033010.9953647
1.2359	3454220044.3858085
1.23591	3564100978.3517733
1.23592	3545602133.165228
1.23593	3554675819.990702
1.23594	3593105756.0285296
1.23595	3587566830.392617
1.23596	3581211743.825587
1.23597	3566974462.097342
1.23598	3293366018.0035944
1.23599	3358535939.346414
1.236	3562952233.108003
1.23601	3499371093.3587623
1.23602	3490599322.048288
1.23603	3534516390.972676
1.23604	3547153642.143546
1.23605	3485619688.145536
1.23606	3387037460.882619
1.23607	3547480362.1132865
1.2360799999999998	3360701965.656473
1.23609	3325676487.602545
1.2361	3517223773.787039
1.23611	3460349776.156485
1.23612	3417039506.7046127
1.23613	3515928219.326796
1.23614	3557459790.412605
1.23615	3577420571.3673406
1.23616	3576102843.6720095
1.23617	3537773300.5058312
1.2361799999999998	3365968132.880692
1.23619	3514309447.310267
1.2362	3557295967.10715
1.23621	3414286807.5796924
1.23622	3420581952.567501
1.23623	3453822385.498228
1.23624	3528011564.1766796
1.23625	3577338199.162889
1.23626	3569603674.527558
1.23627	3568864012.7124634
1.2362799999999998	3558934539.706533
1.23629	3542174889.3922725
1.2363	3541114747.386929
1.23631	3522329661.694253
1.23632	3509053583.7105603
1.23633	3557869381.6842365
1.23634	3522248557.9902844
1.23635	3507518739.5256786
1.23636	3474561474.9704423
1.23637	3545765417.937315
1.23638	3546010359.195031
1.23639	3506630452.3851194
1.2364	3536795912.655469
1.23641	3519330068.0418134
1.23642	3421369661.3536787
1.23643	3335569545.680741
1.23644	3524925966.4977508
1.23645	3186764716.0556035
1.23646	3393907487.744288
1.2364700000000002	3547888804.3946366
1.23648	3389846243.973013
1.23649	3301946254.425923
1.2365	3531181170.3957157
1.23651	3573304283.708157
1.23652	3538832442.1458936
1.23653	3536551607.887185
1.23654	3531994348.525075
1.23655	3559918045.530786
1.23656	3529392837.463536
1.2365700000000002	3432258585.1325765
1.23658	3379480929.1014824
1.23659	3326289156.2780447
1.2366	3478804314.293176
1.23661	3467208829.981377
1.23662	3441121443.960905
1.23663	3507518739.5256786
1.23664	3512287030.328132
1.23665	3381971940.282229
1.23666	3367208429.825201
1.2366700000000002	3580139918.430693
1.23668	3566071117.6590843
1.23669	3462182843.9615808
1.2367	3485940740.367663
1.23671	3524114415.736135
1.23672	3530693353.3862844
1.23673	3401104688.174597
1.23674	3416174133.6366425
1.23675	3243097459.4228096
1.23676	3303619340.8459
1.23677	3308491323.147606
1.23678	3394220092.571585
1.23679	3495505582.049816
1.2368	3521599795.583464
1.23681	3550585703.1262383
1.23682	3582943831.9642787
1.23683	3569932462.3169203
1.23684	3562213949.5459666
1.23685	3533865368.955632
1.23686	3449610014.7791505
1.23687	3440566845.4116716
1.23688	3536144470.773685
1.23689	3510104127.2169056
1.2369	3523952128.0065756
1.23691	3524601323.7689533
1.23692	3481208217.362947
1.23693	3429256732.975597
1.23694	3504612454.515736
1.23695	3541767104.9118314
1.23696	3446513627.2452106
1.23697	3480246456.8635683
1.23698	3549196135.738793
1.23699	3563444507.154243
1.237	3550830977.368961
1.23701	3476001858.666605
1.23702	3469844400.4886017
1.23703	3453981443.5594287
1.23704	3301186040.729789
1.23705	3210702010.561909
1.23706	3531669054.8042283
1.23707	3576102843.6720095
1.23708	3572481594.7097244
1.23709	3498484869.6282096
1.2371	3193743252.977175
1.23711	3513823961.054513
1.23712	3575773487.5956936
1.2371299999999998	3513662147.206992
1.23714	3506468969.8032875
1.23715	3497276744.409725
1.23716	3489313574.5919404
1.23717	3479925929.080182
1.23718	3347341331.2923484
1.23719	3388987757.661005
1.2372	3474401469.185592
1.23721	3543888096.9739428
1.23722	3558360953.460092
1.2372299999999998	3576514581.4280257
1.23724	3527767866.1887345
1.23725	3518114744.390057
1.23726	3556968343.1284275
1.23727	3577173460.4439726
1.23728	3565003823.721357
1.23729	3581871488.1705194
1.2373	3583273848.4841304
1.23731	3554593971.497475
1.23732	3561311810.718412
1.2373299999999998	3553448290.456704
1.23734	3512772304.234391
1.23735	3538669476.6417904
1.23736	3521518708.6850905
1.23737	3558360953.460092
1.23738	3547725421.8392406
1.23739	3538425042.456761
1.2374	3568699664.235255
1.23741	3578573981.4041467
1.23742	3444133682.073511
1.23743	3159802948.4385433
1.23744	3472402018.47148
1.23745	3569110549.6196756
1.23746	3555821896.8040304
1.23747	3488349574.808963
1.23748	3457960276.612061
1.23749	3497115692.5721607
1.2375	3505903839.326129
1.23751	3561557825.919989
1.2375200000000002	3599067567.45215
1.23753	3570179073.0325813
1.23754	3529067783.339665
1.23755	3455254171.779577
1.23756	3515685355.997928
1.23757	3560819831.294721
1.23758	3507599504.0591393
1.23759	3181559136.5275497
1.2376	3487305542.250153
1.23761	3455413295.778491
1.2376200000000002	3507922580.790355
1.23763	3480406731.8262315
1.23764	3364108544.0203056
1.23765	3498968236.5637736
1.23766	3589301992.2311635
1.23767	3580222355.147844
1.23768	3543643302.311844
1.23769	3544785822.0883718
1.2377	3295565896.500589
1.23771	3294048581.720794
1.2377200000000002	3502273031.842632
1.23773	3546826952.2644405
1.23774	3533377181.13608
1.23775	3279668887.997453
1.23776	3381193302.112241
1.23777	3533865368.955632
1.23778	3434788498.657802
1.23779	3472481974.4032464
1.2378	3552139392.8493905
1.23781	3585997644.868332
1.23782	3561557825.919989
1.23783	3505177376.829494
1.23784	3551812243.786823
1.23785	3505015961.1627235
1.23786	3465532691.149628
1.23787	3480647158.1099186
1.23788	3563854787.481532
1.23789	3516818861.744585
1.2379	3495183648.913782
1.23791	3556804542.4544344
1.23792	3485378918.383507
1.23793	3556313185.689853
1.23794	3522572984.011365
1.23795	3475201571.800275
1.23796	3486663215.9918947
1.23797	3447704216.4759827
1.23798	3474001486.959362
1.23799	3548624119.011141
1.238	3599813489.078782
1.23801	3597659026.0634604
1.23802	3576926366.5898337
1.23803	3522086356.1846704
1.23804	3540544033.120214
1.23805	3485619688.145536
1.23806	3483854429.390285
1.23807	3437716035.881891
1.2380799999999998	3418770910.535773
1.23809	3565332187.8292775
1.2381	3578491582.6417522
1.23811	3504531758.7608423
1.23812	3502031111.7481194
1.23813	3351351651.5705066
1.23814	3433207084.2609572
1.23815	3521194379.761884
1.23816	3508003354.6227107
1.23817	3456527368.976512
1.2381799999999998	3521275459.1922216
1.23819	3542582720.82334
1.2382	3305902188.616954
1.23821	3418928354.3797164
1.23822	3543480115.2645288
1.23823	3568453155.710003
1.23824	3568042346.006497
1.23825	3535493148.8808937
1.23826	3559426258.649572
1.23827	3501869840.968874
1.2382799999999998	3426178614.651157
1.23829	3470243904.085013
1.2383	3533377181.13608
1.23831	3430915326.584858
1.23832	3563608613.616951
1.23833	3549359586.024639
1.23834	3448656983.9796767
1.23835	3445085462.8657928
1.23836	3547562046.807704
1.23837	3558934539.706533
1.23838	3549768244.672093
1.23839	3529555375.7527814
1.2384	3478083467.121294
1.23841	3377769423.305659
1.23842	3500338138.9206142
1.23843	3510508266.1524744
1.23844	3536144470.773685
1.23845	3470084097.127086
1.23846	3515847263.0197873
1.2384700000000002	3588558248.704256
1.23848	3601803369.302982
1.23849	3568946189.789301
1.2385	3473361611.172952
1.23851	3547071966.8528843
1.23852	3562377999.3380976
1.23853	3586410521.871015
1.23854	3543398524.5589757
1.23855	3551566901.762973
1.23856	3541767104.9118314
1.2385700000000002	3489715319.788891
1.23858	3480326593.4222827
1.23859	3547643733.383003
1.2386	3537854761.684323
1.23861	3519978412.3108587
1.23862	3528986524.486497
1.23863	3547970498.4938936
1.23864	3556231299.4953365
1.23865	3546826952.2644405
1.23866	3538180625.15608
1.2386700000000002	3545438855.912511
1.23868	3531018557.237585
1.23869	3531506419.178693
1.2387	3452152718.0215425
1.23871	3506549710.164628
1.23872	3446672348.717892
1.23873	3352972565.6240478
1.23874	3448498171.11327
1.23875	3476081897.4887238
1.23876	3484576472.617946
1.23877	3520870080.7090993
1.23878	3528824012.3932037
1.23879	3541359367.3766103
1.2388	3586162789.965315
1.23881	3561065812.510376
1.23882	3563444507.154243
1.23883	3539647382.2485266
1.23884	3423260902.621986
1.23885	3364573344.89795
1.23886	3485539429.710214
1.23887	3578491582.6417522
1.23888	3594926372.108485
1.23889	3571494617.928082
1.2389	3560819831.294721
1.23891	3554430280.1648345
1.23892	3492287584.6016192
1.23893	3453663334.7617664
1.23894	3521113302.1984468
1.23895	3417983800.065198
1.23896	3433681432.1141896
1.23897	3444450913.117304
1.23898	3473681534.332473
1.23899	3471043049.2747307
1.239	3199189752.387727
1.23901	3437874352.201189
1.23902	3525169468.16744
1.23903	3557951305.597425
1.23904	3534679165.2157116
1.23905	3425232057.292422
1.23906	3485860474.539926
1.23907	3454617749.058196
1.23908	3436449767.75972
1.23909	3502998892.401766
1.2391	3494781274.188415
1.23911	3513257645.188349
1.23912	3511963551.634769
1.2391299999999998	3436291517.043436
1.23914	3523384179.8043427
1.23915	3561885872.6251655
1.23916	3527199303.0117345
1.23917	3165628884.80955
1.23918	3023917929.218048
1.23919	3386101717.1303225
1.2392	3253493923.907662
1.23921	3521194379.761884
1.23922	3564265115.046794
1.2392299999999998	3571330148.309831
1.23924	3394767220.3048177
1.23925	3223814171.0328693
1.23926	3513014966.329836
1.23927	3501224832.114731
1.23928	3519573183.1471796
1.23929	3395158079.82385
1.2393	3358613273.3846445
1.23931	3165628884.80955
1.23932	3044107604.4388423
1.2393299999999998	3507761038.7051954
1.23934	3465532691.149628
1.23935	3152390427.0369496
1.23936	3492930947.0022764
1.23937	3417275555.584273
1.23938	3395001730.6162853
1.23939	3545847063.143244
1.2394	3538262095.713674
1.23941	3555658148.9246273
1.23942	3508084130.314989
1.23943	3239440444.001154
1.23944	3410986495.598573
1.23945	3536063048.9756455
1.23946	3515037802.4662485
1.23947	3495666559.7373576
1.23948	3525981261.891825
1.23949	3482330607.2016625
1.2395	3530855951.5678797
1.23951	3473841506.9623327
1.2395200000000002	3417747702.263432
1.23953	3523465309.657272
1.23954	3551158036.049375
1.23955	3532401007.8105884
1.23956	3480647158.1099186
1.23957	3461226339.6409287
1.23958	3462661195.2404947
1.23959	3067397081.315593
1.2396	3484255546.043736
1.23961	3539810392.787899
1.2396200000000002	3501386073.189537
1.23963	3512610538.8163424
1.23964	3544949069.2670774
1.23965	3570836784.897257
1.23966	3548869257.747753
1.23967	3503886259.6084805
1.23968	3549768244.672093
1.23969	3570590128.750039
1.2397	3588392993.294863
1.23971	3510427434.643064
1.2397200000000002	3480647158.1099186
1.23973	3529880474.7876406
1.23974	3498162662.1022854
1.23975	3407846307.2678533
1.23976	3474881508.646592
1.23977	3555903773.5715938
1.23978	3487385841.352187
1.23979	3454220044.3858085
1.2398	3537528928.224319
1.23981	3560245941.1996665
1.23982	3505500230.4642744
1.23983	3524763641.395757
1.23984	3575279510.355515
1.23985	3540870144.29443
1.23986	3346339501.269189
1.23987	3375281507.513331
1.23988	3545438855.912511
1.23989	3581871488.1705194
1.2399	3578409185.7766523
1.23991	3472881781.6790576
1.23992	3483613781.5638127
1.23993	3506065295.8821282
1.23994	3526143643.068592
1.23995	3443340732.281273
1.23996	3415623555.7946963
1.23997	3213438554.501965
1.23998	3323533035.774771
1.23999	3294883018.3787923
1.24	3489233231.1027193
1.24001	3542011769.966329
1.24002	3546745284.496006
1.24003	3546010359.195031
1.24004	3539647382.2485266
1.24005	3403846759.484518
1.24006	3427993580.8017755
1.24007	3509780849.5670905
1.2400799999999998	3489715319.788891
1.24009	3520383688.1309533
1.2401	3555903773.5715938
1.24011	3545193954.1314783
1.24012	3383062334.968091
1.24013	3342258219.4434443
1.24014	3423024440.30348
1.24015	3491563943.545289
1.24016	3495344611.775414
1.24017	3456049865.0584784
1.2401799999999998	3504773851.5999107
1.24019	3509295988.9170194
1.2402	3560573867.0702453
1.24021	3472242112.130987
1.24022	3261294364.4663506
1.24023	3257016809.7301483
1.24024	3547071966.8528843
1.24025	3557787459.6573954
1.24026	3525737704.1473494
1.24027	3550503948.810362
1.2402799999999998	3538343568.147221
1.24029	3476722274.4165325
1.2403	3460349776.156485
1.24031	3306815769.3588
1.24032	3491644340.701765
1.24033	3546826952.2644405
1.24034	3570343489.640635
1.24035	3553121020.8457775
1.24036	3462342287.044973
1.24037	3406277297.352205
1.24038	3435183966.062028
1.24039	3448577576.632273
1.2404	3511801823.460296
1.24041	3542582720.82334
1.24042	3500015760.7101398
1.24043	3488670878.4745226
1.24044	3498807106.83191
1.24045	3558934539.706533
1.24046	3563362456.756871
1.2404700000000002	3556640749.3235826
1.24048	3543806496.8743577
1.24049	3506711196.464776
1.2405	3400243350.6358533
1.24051	3210702010.561909
1.24052	3445720129.5134315
1.24053	3542501150.7808194
1.24054	3563362456.756871
1.24055	3467687875.6738877
1.24056	3505823113.8363442
1.2405700000000002	3522572984.011365
1.24058	3528417764.900802
1.24059	3493574427.9255986
1.2406	3516656909.9799666
1.24061	3526549628.7279687
1.24062	3554430280.1648345
1.24063	3587236418.492728
1.24064	3561393813.8973703
1.24065	3470963126.4750586
1.24066	3508407251.683973
1.2406700000000002	3479765676.2587943
1.24068	3227750819.048057
1.24069	3262496091.064984
1.2407	3442706503.8944354
1.24071	2925229873.86123
1.24072	3386881485.6347647
1.24073	3534679165.2157116
1.24074	3545357220.105792
1.24075	3559098438.4727674
1.24076	3501144214.3618274
1.2407700000000002	3531506419.178693
1.24078	3580304793.763192
1.24079	3495666559.7373576
1.2408	3454776843.748085
1.24081	3411850554.552548
1.24082	3274537738.7641897
1.24083	3451437393.358564
1.24084	3485619688.145536
1.24085	3525818888.1928024
1.24086	3518924913.5172315
1.24087	3511640102.733523
1.24088	3545683774.611328
1.24089	3577255828.8551188
1.2409	3486422374.148005
1.24091	3191831820.1376977
1.24092	3498082114.8576407
1.24093	3504935256.116853
1.24094	3295034756.8431053
1.24095	3155295223.421617
1.24096	2848590358.387055
1.24097	3118602336.975833
1.24098	3211293498.205258
1.24099	3061399451.12837
1.2409999999999999	3488751209.014947
1.24101	3220697973.3807163
1.24102	3161768002.305045
1.24103	3479685552.6155105
1.24104	3229609396.66833
1.24105	2759942282.8542576
1.24106	3178044689.9329534
1.24107	3202653837.609866
1.24108	3059637675.071966
1.24109	3431468369.367679
1.2411	3251696473.4210896
1.24111	3175557639.358242
1.24112	3403454899.7018533
1.2411299999999998	3474161474.323925
1.24114	3449927750.235053
1.24115	3480006058.258387
1.24116	3331578110.7079353
1.24117	3162277660.1683784
1.24118	3429493625.820499
1.24119	3551812243.786823
1.2412	3361475884.978618
1.24121	3412557674.6795893
1.24122	3416488789.392262
1.2412299999999998	3202506353.346159
1.24124	3075105358.099388
1.24125	3411536325.974472
1.24126	3494057116.4117064
1.24127	3517223773.787039
1.24128	3532401007.8105884
1.24129	3511720962.16597
1.2413	3455254171.779577
1.24131	3354980497.818773
1.24132	3179142537.262741
1.2413299999999998	3457323355.453671
1.24134	3521518708.6850905
1.24135	3529717921.5273633
1.24136	3383373940.8739014
1.24137	3467368504.525309
1.24138	3530368179.4859858
1.24139	3454538204.460684
1.2414	3347572565.4263234
1.24141	3071708503.573027
1.24142	3437795193.130197
1.24143	3479124738.767265
1.24144	3369147308.809781
1.24145	3290334112.262581
1.24146	3474641480.626105
1.24147	3322232328.3693714
1.24148	3383296036.706796
1.24149	3370155967.0541487
1.2415	3434630324.444041
1.24151	2955085153.5474963
1.2415200000000002	3255592205.2915945
1.24153	3394610889.096583
1.24154	3360934122.7422514
1.24155	3430362372.934805
1.24156	3510265777.2077627
1.24157	3512529658.9008713
1.24158	3408160195.966996
1.24159	3491322763.182825
1.2416	3442468698.367789
1.24161	3271749163.14542
1.2416200000000002	3003654667.294059
1.24163	3281557360.664305
1.24164	3478243642.4723053
1.24165	3553121020.8457775
1.24166	3482891937.816509
1.24167	3541440911.128293
1.24168	3511478389.4540787
1.24169	3431705414.992287
1.2417	3458517678.877133
1.24171	3480166322.1500444
1.2417200000000002	3359696136.9121466
1.24173	3460827874.1702285
1.24174	3171100455.393629
1.24175	3359850860.199585
1.24176	3458278781.190919
1.24177	3527930329.6435776
1.24178	3522491874.704744
1.24179	3363334018.5757995
1.2418	3428072514.179703
1.24181	3516656909.9799666
1.24182	3480567014.1700144
1.24183	3486261822.1611547
1.24184	3468566298.0195866
1.24185	3479765676.2587943
1.24186	3482651356.4742885
1.24187	3039694936.20543
1.24188	2984076826.0473194
1.24189	3512448780.8477077
1.2419	3569603674.527558
1.24191	3510104127.2169056
1.24192	3493091806.1207623
1.24193	3369302467.349792
1.24194	3154205611.23998
1.24195	3495908040.1690073
1.24196	3132636472.4609237
1.24197	3427677865.464504
1.24198	3528824012.3932037
1.24199	3507114944.7522697
1.242	3518276763.291963
1.24201	3149488304.8369265
1.24202	3370155967.0541487
1.24203	3220030608.730163
1.24204	3367130897.8784714
1.24205	3500257541.584341
1.24206	3326825333.955543
1.24207	3325829644.191176
1.24208	3503482883.0157037
1.24209	3371553069.3197136
1.2421	3004761458.433824
1.24211	3474481471.1569424
1.24212	3473761519.726533
1.24213	3403219805.48632
1.24214	3438903586.0074487
1.24215	3471762437.2909193
1.24216	3172561137.4296737
1.24217	3330350938.040349
1.2421799999999998	3435183966.062028
1.24219	3208115532.8236327
1.2422	3418141207.66053
1.24221	3477362769.3170104
1.24222	3547480362.1132865
1.24223	3482571166.386543
1.24224	3512367904.656809
1.24225	3485138165.2527018
1.24226	3517628732.449397
1.24227	3493333108.688605
1.2422799999999998	3437241130.66605
1.24229	3328051207.5032787
1.2423	3327591451.9968514
1.24231	3523870986.944369
1.24232	3168618839.186331
1.24233	3320091096.357454
1.24234	3484977672.4044805
1.24235	3211071677.570622
1.24236	2998402974.222265
1.24237	3364031083.4502497
1.2423799999999998	3403925136.85495
1.24239	3229163240.461245
1.2424	3494620337.268855
1.24241	3511397535.6070104
1.24242	3482170243.643304
1.24243	3496632581.5573144
1.24244	3293138528.1959352
1.24245	3059919491.0938873
1.24246	3354053610.5090904
1.24247	3414208191.6257205
1.24248	3321773376.7152624
1.24249	3247805403.2913213
1.2425	3149995983.287373
1.24251	3515199679.666479
1.24252	3543806496.8743577
1.24253	3571165686.2654967
1.24254	3542174889.3922725
1.24255	3472881781.6790576
1.24256	3443023603.4842057
1.2425700000000002	3242574775.9966784
1.24258	3287002239.687752
1.24259	3377769423.305659
1.2426	3500499339.160735
1.24261	3510831610.802919
1.24262	3497437803.664173
1.24263	3455254171.779577
1.24264	3432653761.2529764
1.24265	3235042570.495714
1.24266	3439220335.319407
1.2426700000000002	3267156965.628527
1.24268	3220030608.730163
1.24269	3450324960.710367
1.2427	3260994001.987278
1.24271	3103630420.5603447
1.24272	3378936265.028734
1.24273	3444133682.073511
1.24274	3156094511.5729327
1.24275	3430204402.546972
1.24276	3491965947.840454
1.2427700000000002	3506630452.3851194
1.24278	3480166322.1500444
1.24279	3523303051.8194776
1.2428	3556476963.735495
1.24281	3541930213.0702724
1.24282	3471043049.2747307
1.24283	3379169681.738795
1.24284	2785030784.271498
1.24285	3273030105.579462
1.24286	3298602623.112713
1.24287	3263623111.913168
1.24288	3489554616.1597795
1.24289	3345723139.523805
1.2429	3392579238.391857
1.24291	3500257541.584341
1.24292	3521194379.761884
1.24293	3472641891.790059
1.24294	3495505582.049816
1.24295	3214474611.68548
1.24296	3545847063.143244
1.24297	3464415715.446563
1.24298	3171027438.947898
1.24299	3450722216.9188576
1.2429999999999999	3418849631.551425
1.24301	3221513829.123793
1.24302	3355753099.572577
1.24303	3470163999.686128
1.24304	3466889502.952505
1.24305	3200589675.852839
1.24306	3312302558.050294
1.24307	2948424423.131505
1.24308	3514228528.276433
1.24309	3530043035.533932
1.2431	3438666043.1679893
1.24311	3534597777.157189
1.24312	3538343568.147221
1.2431299999999998	3564265115.046794
1.24314	3529555375.7527814
1.24315	3503966940.5000505
1.24316	3536877351.328513
1.24317	3431310348.0480003
1.24318	3237054415.2262692
1.24319	3256191962.77607
1.2432	3046632004.6155386
1.24321	3509619221.907461
1.24322	3506388231.3010416
1.2432299999999998	3387817444.8748307
1.24324	3481849538.6807666
1.24325	3544459350.28351
1.24326	3481849538.6807666
1.24327	3357221533.104446
1.24328	3199558093.922437
1.24329	3550013462.444835
1.2433	3499209945.075071
1.24331	3462740926.8789353
1.24332	3438903586.0074487
1.2433299999999998	3408395631.464414
1.24334	3133574323.8859234
1.24335	3451198984.7442546
1.24336	3427598941.173594
1.24337	3134801168.647394
1.24338	3195802999.259023
1.24339	3409573052.931996
1.2434	3477763138.547451
1.24341	3455731565.760928
1.24342	3371630703.091875
1.24343	3481528863.254888
1.24344	3488831541.4050856
1.24345	3406747924.460871
1.24346	3480246456.8635683
1.24347	3381582598.7862267
1.24348	3316041827.762249
1.24349	2973377152.667478
1.2435	2965992168.712244
1.24351	3370621603.471891
1.2435200000000002	3354980497.818773
1.24353	3250049682.8407393
1.24354	3077938939.5143256
1.24355	2728914946.4958572
1.24356	1333521432.1633234
1.24357	989053991.5918523
1.24358	2153128750.108913
1.24359	3024475006.7929177
1.2436	3178556971.499821
1.24361	3286548154.9140773
1.2436200000000002	3063232774.3657303
1.24363	3130833700.8792663
1.24364	3143547304.108939
1.24365	2985382618.917957
1.24366	3410750881.1367826
1.24367	3404709009.825975
1.24368	3350425766.809597
1.24369	3434709410.640397
1.2437	3452152718.0215425
1.24371	3440725293.018623
1.2437200000000002	3388831692.600733
1.24373	3085034321.5591397
1.24374	3369224887.1866217
1.24375	3409730073.1891904
1.24376	3356062190.089006
1.24377	3437399425.1146502
1.24378	3515118740.134524
1.24379	3391095339.5594296
1.2438	3303543273.0751967
1.24381	3306282816.5821595
1.24382	3073194165.478871
1.24383	3411929116.2192802
1.24384	3502434321.189929
1.24385	3487225244.997039
1.24386	3464655037.0718045
1.24387	3469844400.4886017
1.24388	3475361614.4320607
1.24389	3430362372.934805
1.2439	3535737380.5308795
1.24391	3467528186.422709
1.24392	3450245514.956821
1.24393	3523221925.702617
1.24394	3156530572.264707
1.24395	3151664645.8783426
1.24396	3506711196.464776
1.24397	3136606224.7445717
1.24398	3403533268.0492625
1.24399	3292531965.5294104
1.244	3181046371.107859
1.24401	3351197319.677077
1.24402	3233106420.3056226
1.24403	3496310544.6255693
1.24404	3517871730.026591
1.24405	3536551607.887185
1.24406	3413107758.3200445
1.24407	3334110582.630356
1.24408	3464734814.620678
1.24409	3496954648.1511216
1.2441	3558360953.460092
1.24411	3515604405.282976
1.24412	3481368536.6173525
1.24413	3485860474.539926
1.24414	3517466743.389713
1.24415	3485459173.12289
1.24416	3091434149.1714034
1.24417	3334033812.780948
1.2441799999999998	3291243390.7916164
1.24419	3161986417.0448155
1.2442	3440408405.101321
1.24421	3521356540.489505
1.24422	3166941200.123777
1.24423	3415544909.061328
1.24424	3502756922.1683
1.24425	3361785502.6073484
1.24426	3259267454.4919376
1.24427	3500418738.1127315
1.2442799999999998	3495908040.1690073
1.24429	3494700804.802208
1.2443	3532482345.2860584
1.24431	3555821896.8040304
1.24432	3551485124.854409
1.24433	3400086767.248304
1.24434	3137256299.346791
1.24435	3508407251.683973
1.24436	3517790728.9691105
1.24437	3540136436.3882313
1.2443799999999998	3208780428.0254784
1.24439	3137906508.6796684
1.2444	3490438577.7103057
1.24441	3464415715.446563
1.24442	3368216507.606311
1.24443	3491322763.182825
1.24444	3511963551.634769
1.24445	3521680884.3489547
1.24446	3497276744.409725
1.24447	3538506518.6423383
1.24448	3254692776.1883545
1.24449	3344259735.3373427
1.2445	3437478575.0726404
1.24451	3489072549.6740875
1.24452	3550176950.3708205
1.24453	3525737704.1473494
1.24454	3374271315.239472
1.24455	3454140508.9456787
1.24456	3526955661.1308646
1.2445700000000002	3554184757.2996697
1.24458	3546990293.4428453
1.24459	3214992765.535205
1.2446	3105918102.6750584
1.24461	3206343152.434944
1.24462	3233031976.136225
1.24463	3359773497.6652074
1.24464	3511478389.4540787
1.24465	3401652925.662955
1.24466	3431942476.9919786
1.2446700000000002	3472881781.6790576
1.24468	3459154820.0583053
1.24469	3312760201.172049
1.2447	3423260902.621986
1.24471	3364883247.8264213
1.24472	3469285172.7188425
1.24473	3256341919.410385
1.24474	3350734366.6379623
1.24475	3297691311.433543
1.24476	3221662188.734264
1.2447700000000002	3479525310.863613
1.24478	3436845426.43563
1.24479	3478403825.1998467
1.2448	3491403154.7858553
1.24481	3219882324.2549853
1.24482	3169275548.5351853
1.24483	3550176950.3708205
1.24484	3517142787.649116
1.24485	3438507690.390802
1.24486	3469844400.4886017
1.24487	3524844803.012342
1.24488	3526143643.068592
1.24489	3410829417.482308
1.2449	3501789208.3642635
1.24491	3527686637.266921
1.24492	3534272243.662732
1.24493	3513176750.372876
1.24494	3503482883.0157037
1.24495	3496954648.1511216
1.24496	3500499339.160735
1.24497	3435263065.0066013
1.24498	3557132151.345877
1.24499	3525250639.1286244
1.245	3542093328.7403092
1.24501	3513985782.3539944
1.24502	3427993580.8017755
1.24503	3386023750.1545844
1.24504	2912527267.629882
1.24505	2891012703.344112
1.24506	3241977526.659689
1.24507	3430125420.0810647
1.24508	3278158892.375192
1.24509	3516899840.4237385
1.2451	3512853189.737042
1.24511	3464894375.2293835
1.24512	3427520018.699948
1.2451299999999998	3555740021.9217124
1.24514	3464256176.880448
1.24515	3509538410.868801
1.24516	3456845741.573623
1.24517	3521437623.65379
1.24518	3546255317.3732758
1.24519	3534190864.9738173
1.2452	3486663215.9918947
1.24521	3525737704.1473494
1.24522	3494218027.3934045
1.2452299999999998	3535086133.6199775
1.24524	3525007131.8520384
1.24525	3367906297.6874075
1.24526	3364495873.625596
1.24527	3539239888.7413483
1.24528	3234223288.567952
1.24529	3108350612.5771065
1.2453	3506388231.3010416
1.24531	3438824403.2377467
1.24532	3412086244.9797115
1.2453299999999998	3073477230.1572022
1.24534	3442944325.848688
1.24535	3538913927.712317
1.24536	3561967889.022555
1.24537	3546418632.2262993
1.24538	3387973463.22618
1.24539	3267834097.411313
1.2454	3518033737.737029
1.24541	3511316683.621649
1.24542	3508488036.676432
1.24543	3495747051.361151
1.24544	3516333028.824348
1.24545	3562213949.5459666
1.24546	3521843067.48147
1.24547	3462581465.437922
1.24548	3457641801.367207
1.24549	3435500372.7685513
1.2455	3343104868.3952284
1.24551	3330887770.452481
1.2455200000000002	3451437393.358564
1.24553	3221810555.1771173
1.24554	2944964066.2660213
1.24555	3265351966.7519584
1.24556	3419636941.4100213
1.24557	3522248557.9902844
1.24558	3527361740.2826586
1.24559	3450722216.9188576
1.2456	3536795912.655469
1.24561	3532563684.634401
1.2456200000000002	3329430855.189429
1.24563	3158129976.987792
1.24564	3248777734.090754
1.24565	3424916596.289152
1.24566	3500660546.824586
1.24567	3482090064.633463
1.24568	3354748751.980631
1.24569	3185957660.6048765
1.2457	3489072549.6740875
1.24571	3479124738.767265
1.2457200000000002	3338105051.659895
1.24573	3203391360.815566
1.24574	3226413305.478123
1.24575	3453822385.498228
1.24576	3506711196.464776
1.24577	3501627948.724824
1.24578	3462900395.6636024
1.24579	3267232195.5638924
1.2458	3093427913.0684853
1.24581	3580717015.3144407
1.24582	3581459133.7133217
1.24583	3541930213.0702724
1.24584	3485057917.9047275
1.24585	3479445192.7548976
1.24586	3276498700.1558433
1.24587	3478564015.3042326
1.24588	3485539429.710214
1.24589	3409023538.9728107
1.2459	3489554616.1597795
1.24591	3445482115.820077
1.24592	3248328929.862897
1.24593	3432890888.764384
1.24594	3258892239.05875
1.24595	3223443037.074828
1.24596	3429256732.975597
1.24597	3487305542.250153
1.24598	3494861745.427534
1.24599	3495505582.049816
1.246	3532157006.6211047
1.24601	3514471290.9677315
1.24602	3506146026.948425
1.24603	3525169468.16744
1.24604	3513257645.188349
1.24605	3443816480.2464323
1.24606	3231469044.4798803
1.24607	3017102050.4598927
1.24608	3305978310.70432
1.24609	3451040054.817081
1.2461	3503079552.860701
1.24611	3488028300.7352014
1.24612	3508488036.676432
1.24613	3488751209.014947
1.24614	3470323810.3237877
1.24615	3479204849.497169
1.24616	3501063598.465194
1.24617	3493735316.6781588
1.2461799999999998	3311921237.076634
1.24619	3507114944.7522697
1.2462	3430441360.856816
1.24621	3460987254.85352
1.24622	3497840484.251405
1.24623	3257916881.076325
1.24624	3397817118.2708325
1.24625	3494781274.188415
1.24626	3231320233.257412
1.24627	3029423569.589602
1.2462799999999998	3231097029.2726946
1.24629	3509619221.907461
1.2463	3530043035.533932
1.24631	3512125287.257257
1.24632	3474081479.7206745
1.24633	3389299909.343548
1.24634	3267006510.9543962
1.24635	3015435198.8611283
1.24636	3484496238.203273
1.24637	3198084982.190739
1.2463799999999998	3457482574.744195
1.24639	3465213518.491739
1.2464	3479365076.490936
1.24641	3516009177.497913
1.24642	3553039208.15271
1.24643	3519086969.729677
1.24644	3496471559.383861
1.24645	3456288608.7713017
1.24646	3537203124.773304
1.24647	3531181170.3957157
1.24648	3399773622.105185
1.24649	3486663215.9918947
1.2465	3427520018.699948
1.24651	3304304029.6066318
1.24652	3496471559.383861
1.24653	3520383688.1309533
1.24654	3482972135.290375
1.24655	3405806735.258585
1.24656	3438111840.350697
1.2465700000000002	3441042210.1237245
1.24658	3524763641.395757
1.24659	3532645025.855673
1.2466	3154786690.903409
1.24661	3416882149.843316
1.24662	3518114744.390057
1.24663	3166795360.4499226
1.24664	2858577690.6474805
1.24665	3527361740.2826586
1.24666	3569685868.635949
1.2466700000000002	3546826952.2644405
1.24668	3492930947.0022764
1.24669	3469205290.3952928
1.2467	3457801035.323059
1.24671	3392891720.877234
1.24672	3512610538.8163424
1.24673	3531181170.3957157
1.24674	3515037802.4662485
1.24675	3496632581.5573144
1.24676	3515604405.282976
1.2467700000000002	3520464748.894212
1.24678	3426020836.928063
1.24679	3394376405.7825603
1.2468	3399695340.325825
1.24681	3448656983.9796767
1.24682	3421448442.208469
1.24683	3362482246.545479
1.24684	3208337149.247984
1.24685	3352046233.0498905
1.24686	3476722274.4165325
1.24687	3181046371.107859
1.24688	3471122973.9147143
1.24689	3532238338.478161
1.2469	3478884417.644948
1.24691	3505419514.267805
1.24692	3559918045.530786
1.24693	3423103259.2614164
1.24694	2767387659.656056
1.24695	3254318087.4041533
1.24696	3423497381.2752943
1.24697	3409808586.029487
1.24698	3484255546.043736
1.24699	3299210304.1386914
1.247	3405101014.001716
1.24701	3500096352.4791393
1.24702	3430757330.7331405
1.24703	3424837735.578082
1.24704	3283371317.4474344
1.24705	3419794425.137093
1.24706	3480326593.4222827
1.24707	3553202835.422657
1.24708	3506549710.164628
1.24709	3477923299.1464605
1.2471	3487707056.2505274
1.24711	3416803474.1300826
1.24712	3468087130.9769125
1.2471299999999998	3501789208.3642635
1.24714	3492609250.987988
1.24715	3470643453.6786237
1.24716	3478884417.644948
1.24717	3447704216.4759827
1.24718	3271824498.8212576
1.24719	3257541821.124698
1.2472	3082194208.0644407
1.24721	3357376142.4295444
1.24722	3469045531.2661943
1.2472299999999998	3527524185.034282
1.24724	3457164143.4952826
1.24725	2832696200.280896
1.24726	3395783548.6605177
1.24727	3430678335.5357385
1.24728	3514228528.276433
1.24729	3474561474.9704423
1.2473	3149995983.287373
1.24731	3490358208.317229
1.24732	3495827544.838353
1.2473299999999998	3530693353.3862844
1.24734	3517628732.449397
1.24735	3485378918.383507
1.24736	3538587996.7040095
1.24737	3408788060.1025896
1.24738	3508649612.2418556
1.24739	3503321545.381475
1.2474	3463618096.081166
1.24741	3482651356.4742885
1.24742	3436528895.8507905
1.2474299999999998	3437399425.1146502
1.24744	3461226339.6409287
1.24745	3436766291.0562434
1.24746	3486261822.1611547
1.24747	3236309141.708177
1.24748	3378780662.8461595
1.24749	3502676269.138125
1.2475	3516899840.4237385
1.24751	3519330068.0418134
1.24752	3501063598.465194
1.24753	3309253219.140855
1.24754	3413657930.630667
1.24755	3301186040.729789
1.24756	3372717763.61936
1.24757	2897743898.162407
1.24758	3397660646.6128545
1.24759	3479445192.7548976
1.2476	3362559671.451823
1.24761	3429809508.4031816
1.2476200000000002	3439933127.9466195
1.24763	3478003382.2118764
1.24764	3484736946.989809
1.24765	3357840013.1272826
1.24766	3161913610.455157
1.24767	3397347724.913413
1.24768	3503644228.0799913
1.24769	3544296125.6566772
1.2477	3508003354.6227107
1.24771	3475841786.551177
1.2477200000000002	3441359156.419315
1.24773	3440646068.3030496
1.24774	3323533035.774771
1.24775	3131626792.524789
1.24776	3448101170.942775
1.24777	3457721417.428516
1.24778	3403376533.15892
1.24779	3452311699.18993
1.2478	3393204232.144623
1.24781	3220104753.528568
1.2478200000000002	3420739479.8149323
1.24783	3367130897.8784714
1.24784	3420109414.349225
1.24785	3258141937.774748
1.24786	3411065037.3693852
1.24787	3415073066.6882753
1.24788	3503563554.619078
1.24789	3473041717.4781003
1.2479	2923277204.577601
1.24791	3303771481.641982
1.24792	3193007951.07467
1.24793	3430678335.5357385
1.24794	3476642220.849375
1.24795	3405414649.8383594
1.24796	3492689672.2138352
1.24797	3538262095.713674
1.24798	3526874450.910549
1.24799	3526955661.1308646
1.248	3498243211.2016354
1.24801	3469764505.2885194
1.24802	3390783022.519268
1.24803	3237278030.7468424
1.24804	3104917034.33562
1.24805	3479445192.7548976
1.24806	3534272243.662732
1.24807	3534353624.225497
1.24808	3459075170.992061
1.24809	3458119525.234577
1.2481	3445164789.80338
1.24811	3391173423.314173
1.24812	3191831820.1376977
1.24813	2971666031.738031
1.24814	3442230909.2675834
1.24815	3212772694.0842023
1.24816	3422472758.411545
1.24817	3546826952.2644405
1.2481799999999998	3482090064.633463
1.24819	3471043049.2747307
1.2482	3475201571.800275
1.24821	3480166322.1500444
1.24822	3452788686.6255875
1.24823	3439457916.4493484
1.24824	3069304668.7800946
1.24825	3103773351.314228
1.24826	3454538204.460684
1.24827	3519492142.9127455
1.2482799999999998	3520140517.039819
1.24829	3453901913.6132092
1.2483	3206712317.58268
1.24831	3429651563.475101
1.24832	3479765676.2587943
1.24833	3439378720.9158487
1.24834	3418613473.9422045
1.24835	3515361564.321617
1.24836	3515685355.997928
1.24837	3518924913.5172315
1.2483799999999998	3498162662.1022854
1.24839	3426336399.640338
1.2484	3497840484.251405
1.24841	3542256451.9222603
1.24842	3253044468.1591234
1.24843	3390626874.785897
1.24844	3492046354.253528
1.24845	3422787994.318662
1.24846	3510589099.523121
1.24847	3531181170.3957157
1.24848	3545112323.9637814
1.24849	3538262095.713674
1.2485	3498887670.770305
1.24851	3405257828.3091645
1.24852	3253119373.1384845
1.24853	3258742164.980565
1.24854	3507276457.083018
1.24855	3424049228.3302326
1.24856	3474801497.464129
1.2485700000000002	3467128995.46685
1.24858	3422393953.9712744
1.24859	3114368513.6261287
1.2486	2866817190.524893
1.24861	3370466384.184801
1.24862	3402592966.9666657
1.24863	3470163999.686128
1.24864	3497598870.335857
1.24865	3532563684.634401
1.24866	3523627574.9674873
1.2486700000000002	3486101277.5678105
1.24868	3435816808.6185517
1.24869	3130401190.0962343
1.2487	3348189267.879928
1.24871	3465213518.491739
1.24872	3510346604.994831
1.24873	3513904870.772736
1.24874	3499773996.537009
1.24875	3441755380.342019
1.24876	3494057116.4117064
1.2487700000000002	3476562169.125497
1.24878	3270694645.803515
1.24879	3250648419.2608075
1.2488	3135162096.745707
1.24881	3205088308.797833
1.24882	3134873350.942821
1.24883	3454379120.7603
1.24884	3432811844.440558
1.24885	3378313899.290585
1.24886	3317416496.945385
1.24887	3477602985.3239536
1.24888	3478964522.841191
1.24889	3420739479.8149323
1.2489	3495586069.966918
1.24891	3503402213.2698555
1.24892	3446354913.081741
1.24893	3506065295.8821282
1.24894	3450404408.293239
1.24895	3337643907.259511
1.24896	2843609785.0833464
1.24897	3472801816.5414953
1.24898	3506872690.2018013
1.24899	3493493986.327733
1.249	3472561932.1760874
1.24901	3419400729.4172554
1.24902	3486502652.9141088
1.24903	3437320276.979134
1.24904	3348266363.674487
1.24905	3476001858.666605
1.24906	3527361740.2826586
1.24907	3484416005.6360445
1.24908	3477042507.118832
1.24909	3235713046.4373803
1.2491	3527036873.221136
1.24911	3518114744.390057
1.24912	3510669934.755047
1.24913	3485619688.145536
1.24914	3461863979.8218107
1.24915	3214030546.2817674
1.24916	3293896888.6704783
1.24917	3219141004.301773
1.24918	3426573090.748792
1.24919	3398677841.205033
1.2492	3352818159.086486
1.24921	3455015499.520661
1.24922	3266254341.5053315
1.2492299999999998	3364418404.137062
1.24924	3533539902.915356
1.24925	3487787364.597869
1.24926	3507680270.4522915
1.24927	3483533569.315665
1.24928	3441596885.2988715
1.24929	3451755297.130005
1.2493	3406434165.8307505
1.24931	3492528831.613873
1.24932	3474001486.959362
1.2493299999999998	2864243920.8008394
1.24934	3326595532.9400463
1.24935	3539076904.474068
1.24936	3526630831.468892
1.24937	3505823113.8363442
1.24938	3547153642.143546
1.24939	3523952128.0065756
1.2494	3514309447.310267
1.24941	3535411742.079908
1.24942	3544867444.737997
1.2494299999999998	3549849982.04756
1.24944	3573139730.753635
1.24945	3529717921.5273633
1.24946	3541848658.052125
1.24947	3530937253.466707
1.24948	3519573183.1471796
1.24949	3514552215.591461
1.2495	3223739940.822955
1.24951	3508326468.551652
1.24952	3560327919.8357897
1.24953	3522816323.137154
1.24954	3486823786.464041
1.24955	3472402018.47148
1.24956	3544214516.161992
1.24957	3528336521.0146904
1.24958	3500096352.4791393
1.24959	3380492681.034073
1.2496	3259642713.125885
1.24961	3431784433.8393397
1.2496200000000002	3472481974.4032464
1.24963	3510427434.643064
1.24964	3113651486.328761
1.24965	3193669715.167752
1.24966	3291773919.3038416
1.24967	3266856063.208785
1.24968	3494620337.268855
1.24969	3424758876.6828265
1.2497	3373106084.4547434
1.24971	3073406461.5434237
1.2497200000000002	3105417528.167045
1.24973	3501144214.3618274
1.24974	3515280621.0621576
1.24975	3525737704.1473494
1.24976	3530286890.690436
1.24977	3515442509.4448705
1.24978	3528580258.2852616
1.24979	3518519805.6351023
1.2498	3435500372.7685513
1.24981	3438586865.8678365
1.2498200000000002	3486582933.5287337
1.24983	3502031111.7481194
1.24984	3442547965.051453
1.24985	3404944206.915653
1.24986	3223739940.822955
1.24987	3441913882.684286
1.24988	3499371093.3587623
1.24989	3445323449.158371
1.2499	3333189461.094738
1.24991	3395939933.8729644
1.24992	3164462838.8355193
1.24993	3494861745.427534
1.24994	3523140801.4537463
1.24995	3496713095.424837
1.24996	3528824012.3932037
1.24997	3491885543.278785
1.24998	3428230386.388189
1.24999	3410201177.349433
1.25	3299742116.8691363
1.25001	3324910810.447323
1.25002	3382517093.687438
1.25003	3487546445.103227
1.25004	3506872690.2018013
1.25005	3305978310.70432
1.25006	3300198024.581938
1.25007	3178922937.461101
1.25008	3441596885.2988715
1.25009	3457801035.323059
1.2501	3378236111.633901
1.25011	2850164982.638605
1.25012	3380103509.834283
1.25013	3261444556.0803714
1.25014	3401339636.2779703
1.25015	3477763138.547451
1.25016	3549686509.1786757
1.25017	3499371093.3587623
1.2501799999999998	3374193620.6656537
1.25019	3392032463.2912226
1.2502	3488028300.7352014
1.25021	3538343568.147221
1.25022	3396721967.971354
1.25023	3102130044.9780154
1.25024	3363488909.397738
1.25025	3440408405.101321
1.25026	3417354242.167709
1.25027	3484817186.94707
1.2502799999999998	3141304236.356516
1.25029	3204129053.8618
1.2503	3394454565.087515
1.25031	3347033043.9597106
1.25032	3318791735.999307
1.25033	3477522911.4779115
1.25034	3497759944.425093
1.25035	3203612650.8943915
1.25036	3488911875.6449537
1.25037	3514875932.720552
1.2503799999999998	3504773851.5999107
1.25039	3473521569.0694675
1.2504	3520545811.523986
1.25041	3529067783.339665
1.25042	3547725421.8392406
1.25043	3560245941.1996665
1.25044	3512206157.8616195
1.25045	3494620337.268855
1.25046	3342027352.3988185
1.25047	3504531758.7608423
1.25048	3547807112.1764336
1.25049	3540380988.7962327
1.2505	3327208370.9255466
1.25051	2766559404.701221
1.25052	3338720009.9723783
1.25053	3555330675.787571
1.25054	3478884417.644948
1.25055	3490036749.250004
1.25056	3520221572.203793
1.2505700000000002	3507680270.4522915
1.25058	3477202634.5307736
1.25059	3474801497.464129
1.2506	3478724212.785829
1.25061	3425310927.0832033
1.25062	3340796330.7973714
1.25063	3514552215.591461
1.25064	3526549628.7279687
1.25065	3518600823.4803867
1.25066	3504208994.321494
1.2506700000000002	3371320178.7284274
1.25068	3422315151.3455076
1.25069	3546745284.496006
1.2507	3542909019.7762794
1.25071	3563198361.6298594
1.25072	3564183045.75443
1.25073	3534190864.9738173
1.25074	3522005258.082953
1.25075	3495908040.1690073
1.25076	3529311571.125792
1.2507700000000002	3555985652.2244616
1.25078	3524925966.4977508
1.25079	3175630760.116893
1.2508	3425863066.4707475
1.25081	3454140508.9456787
1.25082	3479124738.767265
1.25083	3492770095.29147
1.25084	3508649612.2418556
1.25085	3476802329.8270283
1.25086	3470803286.39648
1.25087	3456686551.609675
1.25088	3446513627.2452106
1.25089	3353590262.8860717
1.2509	3186984857.566841
1.25091	3477282701.002082
1.25092	3026355901.393998
1.25093	2891212414.324441
1.25094	3526955661.1308646
1.25095	3273030105.579462
1.25096	3341950400.261135
1.25097	3451993744.174325
1.25098	3481689197.275922
1.25099	3524195562.403561
1.251	3513176750.372876
1.25101	3502595617.9650326
1.25102	3491081599.47995
1.25103	3428704046.637719
1.25104	3487867674.7944
1.25105	3515604405.282976
1.25106	3513338541.866517
1.25107	3476642220.849375
1.25108	3458836234.7970014
1.25109	3465133729.9204273
1.2511	3462581465.437922
1.25111	3467208829.981377
1.25112	3502918233.800085
1.25113	3524601323.7689533
1.25114	3516009177.497913
1.25115	3383685575.480985
1.25116	3443895777.964293
1.25117	3472402018.47148
1.25118	3421921165.433045
1.25119	3471122973.9147143
1.2512	3488590549.7837567
1.25121	3533295823.056504
1.25122	3526387228.8553033
1.2512299999999998	3440249972.087261
1.25124	3157039385.8860345
1.25125	3372640104.8169928
1.25126	3506226759.87366
1.25127	3495183648.913782
1.25128	3521843067.48147
1.25129	3512044418.514989
1.2513	3463139612.6106462
1.25131	3480086189.281656
1.25132	3473201660.642614
1.2513299999999998	3473601550.780136
1.25134	3448895216.9927297
1.25135	2772617754.99427
1.25136	3339181303.0521164
1.25137	3535004736.190755
1.25138	3552057602.758899
1.25139	3523303051.8194776
1.2514	3519005940.6905775
1.25141	3253943441.755096
1.25142	3413972354.624752
1.2514299999999998	3437716035.881891
1.25144	3244441889.4290924
1.25145	3448815804.15987
1.25146	3152753380.290046
1.25147	3324834252.428059
1.25148	3432021501.2976627
1.25149	3421684795.657123
1.2515	3464495487.484789
1.25151	3472322064.380746
1.25152	3432732801.936774
1.25153	3308796060.493105
1.25154	3270468722.0246763
1.25155	3439378720.9158487
1.25156	3533865368.955632
1.25157	3529961754.225012
1.25158	3512853189.737042
1.25159	3493413546.5820827
1.2516	3412557674.6795893
1.25161	3459632752.9713593
1.2516200000000002	3479124738.767265
1.25163	3443657890.2883267
1.25164	3419873169.720312
1.25165	3531099862.880574
1.25166	3426415294.859834
1.25167	3258367010.0200863
1.25168	3502918233.800085
1.25169	3400791449.2818127
1.2517	3167670499.243997
1.25171	3353976381.459782
1.2517200000000002	3520140517.039819
1.25173	3475361614.4320607
1.25174	3398364825.822821
1.25175	3445958159.648743
1.25176	3227230609.0087643
1.25177	3385633942.203584
1.25178	3141593574.493114
1.25179	2879254140.2015824
1.2518	3402906371.793002
1.25181	3511559245.162912
1.2518200000000002	3514633142.078557
1.25183	3501950475.43014
1.25184	3521275459.1922216
1.25185	3497115692.5721607
1.25186	3493091806.1207623
1.25187	3189260543.849861
1.25188	3141521237.4606023
1.25189	3300882004.2607346
1.2519	3383685575.480985
1.25191	3405414649.8383594
1.25192	3352200604.0381393
1.25193	3413422131.639055
1.25194	3481128060.5043244
1.25195	3518033737.737029
1.25196	3120541768.5417747
1.25197	3260918915.6899605
1.25198	3486904074.473111
1.25199	3336721809.5650873
1.252	3362791956.867803
1.25201	3292077116.848636
1.25202	3470963126.4750586
1.25203	3330887770.452481
1.25204	3382205566.696536
1.25205	3516252063.1963644
1.25206	3430046439.4337626
1.25207	3418219914.1765714
1.25208	3473601550.780136
1.25209	3476882387.080874
1.2521	3508245687.279409
1.25211	3541522456.7576118
1.25212	3354671506.925283
1.25213	3279970970.5763164
1.25214	3374659814.944392
1.25215	3470963126.4750586
1.25216	3509457601.690876
1.25217	3281255131.980243
1.2521799999999998	3301262054.2225857
1.25219	3511882686.6165576
1.2522	3500660546.824586
1.25221	3522248557.9902844
1.25222	3372795424.209923
1.25223	2785094912.713473
1.25224	3371009682.9640265
1.25225	3511316683.621649
1.25226	3497357273.109817
1.25227	3422945623.1604104
1.2522799999999998	3460748186.580948
1.25229	3472002266.427269
1.2523	3475601692.1993327
1.25231	3457562187.139119
1.25232	3427362179.2043505
1.25233	3369690394.962026
1.25234	3496632581.5573144
1.25235	3512772304.234391
1.25236	3206564646.423366
1.25237	3423733876.2645197
1.2523799999999998	3456447780.4088826
1.25239	3426099724.8813753
1.2524	3435975037.4731874
1.25241	3425547547.352061
1.25242	3471282828.7158012
1.25243	3462103125.173312
1.25244	3407610909.7151103
1.25245	3419794425.137093
1.25246	3347726730.389807
1.25247	3206195498.275921
1.25248	3250798120.599645
1.25249	3136895130.1583705
1.2525	3186177746.3647733
1.25251	2841122764.960814
1.25252	2344282793.80462
1.25253	2774405904.0906363
1.25254	2384404869.022399
1.25255	995749277.58199
1.25256	885421370.73215
1.2525700000000002	2104650563.6839375
1.25258	2847344397.833196
1.25259	3067043954.503911
1.2526	3164389975.224798
1.25261	3283673741.0483565
1.25262	3342335178.6690073
1.25263	3331347981.393591
1.25264	3386725517.5696845
1.25265	3306815769.3588
1.25266	3081981304.984816
1.2526700000000002	3309177021.646803
1.25268	3232362055.7423053
1.25269	2863980126.335019
1.2527	3372484792.5766354
1.25271	3460509134.822042
1.25272	3370078367.2386484
1.25273	3209741075.493957
1.25274	3467049162.7905602
1.25275	3482170243.643304
1.25276	3397347724.913413
1.2527700000000002	3173291730.737273
1.25278	3463937121.7884536
1.25279	3513095857.420052
1.2528	3483774211.6010804
1.25281	3292759413.435745
1.25282	3263247395.0452538
1.25283	3424601164.3395905
1.25284	3497437803.664173
1.25285	3233702035.3739142
1.25286	3427598941.173594
1.2528700000000002	3475041536.53857
1.25288	3480727303.895227
1.25289	3426651991.418351
1.2529	3428309325.218844
1.25291	3358922627.344948
1.25292	3266028724.441267
1.25293	3456447780.4088826
1.25294	3424916596.289152
1.25295	3384620651.536431
1.25296	3481849538.6807666
1.25297	3520221572.203793
1.25298	3499935170.796814
1.25299	3368992157.414905
1.253	3386803500.7044
1.25301	3341411784.9074554
1.25302	3215585043.637645
1.25303	3487867674.7944
1.25304	3525656521.971207
1.25305	3485378918.383507
1.25306	3456049865.0584784
1.25307	3139279615.401317
1.25308	3413579329.156969
1.25309	3535330337.1533732
1.2531	3508084130.314989
1.25311	3484095093.840709
1.25312	3511235833.4979525
1.25313	3540788613.684973
1.25314	3479124738.767265
1.25315	2688437843.06458
1.25316	3065420094.7070146
1.25317	3381738330.0056906
1.25318	3388753662.7657104
1.25319	3454697295.487325
1.2532	3466330751.4175763
1.25321	3516899840.4237385
1.25322	3447545447.4851155
1.2532299999999998	3490679696.993277
1.25324	3528661507.783712
1.25325	3418062502.9567533
1.25326	3333880278.385091
1.25327	3478804314.293176
1.25328	3467847572.2792115
1.25329	3503240879.350521
1.2533	3521599795.583464
1.25331	3515766308.576845
1.25332	3531262479.783055
1.2533299999999998	3529311571.125792
1.25334	3519897362.7457843
1.25335	3260318287.548786
1.25336	3391641963.601378
1.25337	3428309325.218844
1.25338	3213882538.1133275
1.25339	3435342165.77253
1.2534	3525250639.1286244
1.25341	3550585703.1262383
1.25342	3513095857.420052
1.2534299999999998	3432258585.1325765
1.25344	3448180567.3204064
1.25345	3443499307.6333904
1.25346	3498726544.748548
1.25347	3520059463.742189
1.25348	3518681843.191197
1.25349	3430520350.597625
1.2535	3462581465.437922
1.25351	3498968236.5637736
1.25352	3407375528.422477
1.25353	3437161986.1753426
1.25354	3474161474.323925
1.25355	3440962978.110949
1.25356	3438903586.0074487
1.25357	3461226339.6409287
1.25358	3479685552.6155105
1.25359	3422078754.354943
1.2536	3445799471.0649266
1.25361	3367828749.671861
1.2536200000000002	2739365614.254144
1.25363	2480447275.0026875
1.25364	3305749949.700449
1.25365	3177532490.929478
1.25366	3226487597.2452435
1.25367	3205974029.7864685
1.25368	3188599693.3863893
1.25369	3321696890.9372487
1.2537	3422709182.619885
1.25371	3521680884.3489547
1.2537200000000002	3542501150.7808194
1.25373	3497035169.434588
1.25374	3450960592.598075
1.25375	3453186226.49735
1.25376	3495666559.7373576
1.25377	3549114413.4185195
1.25378	3551648680.5545273
1.25379	3452550184.6704845
1.2538	3311387461.4621377
1.25381	3482571166.386543
1.2538200000000002	3516656909.9799666
1.25383	3476642220.849375
1.25384	3444292293.943157
1.25385	3439061957.0167236
1.25386	3161112848.6037445
1.25387	3021829802.010796
1.25388	3466490385.523565
1.25389	3463378846.082796
1.2539	3499935170.796814
1.25391	3517142787.649116
1.25392	3497357273.109817
1.25393	3478884417.644948
1.25394	3502998892.401766
1.25395	3515847263.0197873
1.25396	3514795000.64306
1.25397	3488831541.4050856
1.25398	3490518948.953978
1.25399	3505338799.929888
1.254	3504451064.8640146
1.25401	3406826368.63385
1.25402	3487466142.303197
1.25403	3535655968.1063313
1.25404	3543480115.2645288
1.25405	3500418738.1127315
1.25406	3523140801.4537463
1.25407	3514309447.310267
1.25408	3535655968.1063313
1.25409	3511882686.6165576
1.2541	3508972785.696065
1.25411	3321161539.8005023
1.25412	2879585645.667312
1.25413	3462023408.2206297
1.25414	3482250424.4993567
1.25415	3440962978.110949
1.25416	3197569553.334091
1.25417	3184564137.1171308
1.25418	3458915878.361459
1.25419	3441834630.60074
1.2542	3375514671.7529674
1.25421	3412164812.0734787
1.25422	3401496277.363585
1.25423	3476642220.849375
1.25424	3500982984.42479
1.25425	3503079552.860701
1.25426	3445244118.567559
1.25427	3372562447.8027644
1.2542799999999998	3436845426.43563
1.25429	3515199679.666479
1.2543	3525331811.9588623
1.25431	3542011769.966329
1.25432	3519492142.9127455
1.25433	3490760073.7890053
1.25434	3500982984.42479
1.25435	3381504735.865823
1.25436	3440725293.018623
1.25437	3526712036.0796127
1.2543799999999998	3413657930.630667
1.25439	3196023765.134297
1.2544	3474801497.464129
1.25441	3524033270.9371595
1.25442	3508326468.551652
1.25443	3264976050.853732
1.25444	3474961521.6713862
1.25445	3489715319.788891
1.25446	3455254171.779577
1.25447	3466889502.952505
1.2544799999999998	3481448699.013206
1.25449	3299514186.631383
1.2545	3397895356.802033
1.25451	3488349574.808963
1.25452	3518924913.5172315
1.25453	3495666559.7373576
1.25454	3473681534.332473
1.25455	3319708878.7467985
1.25456	3187718772.4411325
1.25457	3375514671.7529674
1.25458	3476642220.849375
1.25459	3485138165.2527018
1.2546	3486904074.473111
1.25461	3174753422.1253014
1.25462	3013491702.5190673
1.25463	3281406242.8427305
1.25464	3295869443.3154736
1.25465	3511478389.4540787
1.25466	3387817444.8748307
1.2546700000000002	3391641963.601378
1.25468	3383451846.8348236
1.25469	3061258471.719773
1.2547	3476882387.080874
1.25471	3539728886.5798554
1.25472	3500257541.584341
1.25473	3512125287.257257
1.25474	3549032692.9799514
1.25475	3521680884.3489547
1.25476	3477683061.0137863
1.2547700000000002	3395392617.135869
1.25478	3323303462.1753345
1.25479	3483052334.610877
1.2548	3418456044.598707
1.25481	3304151864.2863607
1.25482	3501869840.968874
1.25483	3478243642.4723053
1.25484	3472721853.245177
1.25485	3493493986.327733
1.25486	3519168000.6345477
1.2548700000000002	3493252672.6472416
1.25488	3461624850.989301
1.25489	3483774211.6010804
1.2549	3468646165.629609
1.25491	3375203789.679259
1.25492	3240111831.4202924
1.25493	3407453987.0467386
1.25494	3391017257.6025963
1.25495	3264299511.2901673
1.25496	3509457601.690876
1.25497	3541277825.50252
1.25498	3488188934.073285
1.25499	3423418553.242468
1.255	3514714070.429075
1.25501	3481128060.5043244
1.25502	3499854582.7391176
1.25503	3473841506.9623327
1.25504	3440170758.316232
1.25505	3494459407.760543
1.25506	3396800181.2854967
1.25507	3391485776.313233
1.25508	3255817101.40157
1.25509	3400086767.248304
1.2551	3428546152.616861
1.25511	3423891548.6667585
1.25512	3028377424.430117
1.25513	3106204181.4781923
1.25514	3164171394.458844
1.25515	3088801503.4109464
1.25516	3276121501.016379
1.25517	3331424689.398734
1.25518	3482731548.408501
1.25519	3418219914.1765714
1.2552	3467927423.3397713
1.25521	3434393076.780823
1.25522	3160821712.7583513
1.2552299999999998	3289576572.0531826
1.25524	3514714070.429075
1.25525	3450483857.705481
1.25526	3436133273.6147127
1.25527	3501950475.43014
1.25528	3483212738.791976
1.25529	3483613781.5638127
1.2553	3420660715.284417
1.25531	3477282701.002082
1.25532	3388909724.232493
1.2553299999999998	3102701531.0840664
1.25534	3153552024.55071
1.25535	3138845937.8526835
1.25536	3147820794.519225
1.25537	3501144214.3618274
1.25538	3421054556.0738397
1.25539	3054077123.924447
1.2554	3228791490.704277
1.25541	3516171099.432661
1.25542	3400634840.653984
1.2554299999999998	3216399604.1915503
1.25544	3446434269.249837
1.25545	3491885543.278785
1.25546	3376991752.689568
1.25547	3118889584.093935
1.25548	3240484884.554677
1.25549	3450801673.6489983
1.2555	3405101014.001716
1.25551	3419400729.4172554
1.25552	3453583812.140203
1.25553	3361630690.228385
1.25554	3284354296.001104
1.25555	3502434321.189929
1.25556	3510104127.2169056
1.25557	3478804314.293176
1.25558	3550749217.4054866
1.25559	3531669054.8042283
1.2556	3336414500.281491
1.25561	3297691311.433543
1.2556200000000002	3333726751.0596037
1.25563	3157620987.598113
1.25564	2942930459.6222253
1.25565	3224779319.316374
1.25566	3508084130.314989
1.25567	3508972785.696065
1.25568	3317798450.6206393
1.25569	3307653440.155311
1.2557	3500579942.064681
1.25571	3503886259.6084805
1.2557200000000002	3517304761.789743
1.25573	3509780849.5670905
1.25574	3338643133.988192
1.25575	3398990885.418354
1.25576	3362249982.5228047
1.25577	2959306854.000409
1.25578	3292304533.334065
1.25579	3429256732.975597
1.2558	3477763138.547451
1.25581	3469365056.8817573
1.2558200000000002	3497679406.453258
1.25583	3534109488.158695
1.25584	3281481800.8836074
1.25585	3339104416.4464
1.25586	3478083467.121294
1.25587	3306663488.371302
1.25588	3230427509.821411
1.25589	3180533688.3295164
1.2559	3409730073.1891904
1.25591	3476081897.4887238
1.25592	3482571166.386543
1.25593	3491965947.840454
1.25594	3404081897.010009
1.25595	3444847493.012143
1.25596	3501547321.689925
1.25597	3513985782.3539944
1.25598	3306206687.483368
1.25599	3361630690.228385
1.256	3479845801.7469983
1.25601	3499209945.075071
1.25602	3214030546.2817674
1.25603	3375436948.5501513
1.25604	2880912049.255935
1.25605	3134223770.114172
1.25606	3521113302.1984468
1.25607	3495344611.775414
1.25608	3209519362.093166
1.25609	3295338254.7359548
1.2561	3298222879.311559
1.25611	3306130560.137493
1.25612	3423497381.2752943
1.25613	3483934649.026608
1.25614	3432890888.764384
1.25615	3121188513.71907
1.25616	3384386858.2997212
1.25617	3011549458.791564
1.25618	3222626692.7554398
1.25619	3500902372.240571
1.2562	3493011375.6355467
1.25621	3495827544.838353
1.25622	3378702864.4419856
1.25623	3295414133.5769663
1.25624	3338105051.659895
1.25625	3447307307.707632
1.25626	3461146642.8767467
1.25627	3459473434.6637344
1.2562799999999998	3447545447.4851155
1.25629	3450404408.293239
1.2563	3503966940.5000505
1.25631	3491724739.709476
1.25632	3241455023.730859
1.25633	3320396902.13075
1.25634	3457721417.428516
1.25635	3461146642.8767467
1.25636	3373106084.4547434
1.25637	3290334112.262581
1.2563799999999998	3314820377.8186088
1.25639	3391798158.082392
1.2564	3429414659.7206435
1.25641	3446354913.081741
1.25642	3442389433.509286
1.25643	3495264129.4180284
1.25644	3512125287.257257
1.25645	3482330607.2016625
1.25646	3473201660.642614
1.25647	3487225244.997039
1.2564799999999998	3459871744.189846
1.25649	3400634840.653984
1.2565	3474401469.185592
1.25651	3500418738.1127315
1.25652	3321620406.9203644
1.25653	3276875942.724463
1.25654	3216251486.9264736
1.25655	3458119525.234577
1.25656	3492207172.634075
1.25657	3504289682.6443906
1.25658	3405336238.1710176
1.25659	3231394638.01202
1.2566	3470883205.5156555
1.25661	3504128307.856508
1.25662	3522978558.5597634
1.25663	3490518948.953978
1.25664	3493011375.6355467
1.25665	3452550184.6704845
1.25666	3454697295.487325
1.2566700000000002	3469205290.3952928
1.25668	3277706029.2707076
1.25669	3343797740.69472
1.2567	3513500340.8111176
1.25671	2991231323.4733315
1.25672	3079073103.033217
1.25673	3356989632.466418
1.25674	3417432930.562991
1.25675	3391876258.020317
1.25676	3398912621.661966
1.2567700000000002	3377613874.856893
1.25678	3267683611.5548143
1.25679	3444530225.4436746
1.2568	3347187184.0767407
1.25681	3383218134.333494
1.25682	3443895777.964293
1.25683	3446592987.067877
1.25684	3352046233.0498905
1.25685	3125935409.1637287
1.25686	3283522525.766109
1.2568700000000002	3438745222.2912745
1.25688	3265126412.019567
1.25689	3087379385.231501
1.2569	3427677865.464504
1.25691	3354439782.4307384
1.25692	3484255546.043736
1.25693	3480647158.1099186
1.25694	3462661195.2404947
1.25695	3510104127.2169056
1.25696	3490117111.2411275
1.25697	3428546152.616861
1.25698	3295490014.16516
1.25699	3399069150.976853
1.2570000000000001	3367751203.4419045
1.25701	3495425095.9859962
1.25702	3528255278.999267
1.25703	3406434165.8307505
1.25704	3233329763.098949
1.25705	3371630703.091875
1.25706	3203907728.11234
1.25707	3354130841.3366838
1.25708	3350425766.809597
1.25709	3387271437.222779
1.2571	3447624831.0666084
1.25711	3535493148.8808937
1.25712	3483453358.914438
1.25713	3398286576.481822
1.25714	3372329487.4884915
1.25715	3280801841.1439967
1.25716	3288592030.517918
1.25717	3227676498.1945024
1.25718	3317492884.1625643
1.25719	3379169681.738795
1.2572	3450324960.710367
1.25721	3419164533.7408576
1.25722	3388753662.7657104
1.2572299999999998	3177751994.6791573
1.25724	3431310348.0480003
1.25725	3262270733.6026826
1.25726	3138484585.6609025
1.25727	2854696877.4927826
1.25728	3211071677.570622
1.25729	3358303947.9155693
1.2573	3071072011.2073746
1.25731	3336184036.892742
1.25732	3448577576.632273
1.2573299999999998	3339565762.6375237
1.25734	3418613473.9422045
1.25735	3379247490.8919573
1.25736	3175996389.166244
1.25737	3382517093.687438
1.25738	3502918233.800085
1.25739	3510184951.281803
1.2574	3508649612.2418556
1.25741	3483453358.914438
1.25742	3444926814.470209
1.2574299999999998	3190582655.6971464
1.25744	3397895356.802033
1.25745	3466410567.551643
1.25746	3308872249.2151012
1.25747	3037246218.3681026
1.25748	3088374799.189493
1.25749	3259267454.4919376
1.2575	3447545447.4851155
1.25751	3477442839.475601
1.25752	3530286890.690436
1.25753	3509780849.5670905
1.25754	3426809798.2078533
1.25755	3460827874.1702285
1.25756	3470883205.5156555
1.25757	3453583812.140203
1.25758	3366820787.943314
1.25759	3419007079.020689
1.2576	3452470687.679854
1.25761	3272050516.2570753
1.2576200000000002	3301490105.202925
1.25763	3390314600.890949
1.25764	3192199314.510387
1.25765	3391485776.313233
1.25766	3441359156.419315
1.25767	3463378846.082796
1.25768	3453981443.5594287
1.25769	3491965947.840454
1.2577	3492448414.091475
1.25771	3472641891.790059
1.2577200000000002	3419164533.7408576
1.25773	3222255695.5030184
1.25774	3433286137.68562
1.25775	2921056787.090368
1.25776	3099559659.8373823
1.25777	3172341992.2393136
1.25778	3418849631.551425
1.25779	3507680270.4522915
1.2578	3459154820.0583053
1.25781	3423260902.621986
1.2578200000000002	3287532084.5521035
1.25783	2899679511.895151
1.25784	3417432930.562991
1.25785	3476322025.013107
1.25786	3181412623.6883593
1.25787	3390392666.6683273
1.25788	3434155845.5055275
1.25789	3470563540.0798755
1.2579	3246235329.776468
1.25791	3321696890.9372487
1.25792	3459154820.0583053
1.25793	3481528863.254888
1.25794	3421448442.208469
1.25795	3105703560.863452
1.25796	3351197319.677077
1.25797	3438824403.2377467
1.25798	3476001858.666605
1.25799	3459393778.261216
1.258	3429888483.5948696
1.25801	3424601164.3395905
1.25802	3412793413.954568
1.25803	3395705358.754937
1.25804	3429967460.6050487
1.25805	3196170950.8569245
1.25806	3176654627.5428324
1.25807	3247207190.5259147
1.25808	3428072514.179703
1.25809	3277328691.140344
1.2581	3335953589.4232783
1.25811	3369224887.1866217
1.25812	3407767839.610189
1.25813	3463219355.26518
1.25814	3476322025.013107
1.25815	3508003354.6227107
1.25816	3539973410.834342
1.25817	3500015760.7101398
1.25818	3444688855.5752378
1.25819	3455254171.779577
1.2582	3414286807.5796924
1.25821	3087734853.380941
1.25822	3430994327.239244
1.25823	3351505990.57136
1.25824	3259717770.0372014
1.25825	3490277840.7746897
1.25826	3503160215.176948
1.25827	3527930329.6435776
1.2582799999999998	3531669054.8042283
1.25829	3512934077.102171
1.2583	3424601164.3395905
1.25831	3401339636.2779703
1.25832	3295490014.16516
1.25833	3235042570.495714
1.25834	3240783357.9872475
1.25835	3137400778.6652865
1.25836	3331271275.154695
1.25837	3466969331.952449
1.2583799999999998	3487466142.303197
1.25839	3401574600.611529
1.2584	2844657602.6468463
1.25841	3342566066.978252
1.25842	3202137672.4000764
1.25843	3426020836.928063
1.25844	3388207504.225337
1.25845	3462342287.044973
1.25846	3447624831.0666084
1.25847	3491965947.840454
1.2584799999999998	3458438044.4814515
1.25849	3434551240.0686746
1.2585	3460509134.822042
1.25851	3417118187.8527603
1.25852	3429888483.5948696
1.25853	3387973463.22618
1.25854	3431231340.11705
1.25855	3407297071.604771
1.25856	3429967460.6050487
1.25857	3283749351.300909
1.25858	3305521604.470639
1.25859	3156748625.203145
1.2586	3347187184.0767407
1.25861	3137689757.263589
1.25862	3459393778.261216
1.25863	3514390368.207353
1.25864	3503644228.0799913
1.25865	3149343268.8801084
1.25866	3443182164.231666
1.2586700000000002	3487867674.7944
1.25868	3454458661.694732
1.25869	3468646165.629609
1.2587	3477683061.0137863
1.25871	3512206157.8616195
1.25872	3532238338.478161
1.25873	3488028300.7352014
1.25874	3500982984.42479
1.25875	3472242112.130987
1.25876	3453186226.49735
1.2587700000000002	3434709410.640397
1.25878	3466171124.662826
1.25879	3426257506.2374644
1.2588	3387505429.7260237
1.25881	3065420094.7070146
1.25882	3438903586.0074487
1.25883	3452152718.0215425
1.25884	3211663233.315422
1.25885	3088161469.184506
1.25886	3312531371.7079616
1.2588700000000002	3447148556.9946685
1.25888	3444292293.943157
1.25889	3423497381.2752943
1.2589	3384542718.6630955
1.25891	3415859506.8605533
1.25892	3477843217.924989
1.25893	3474321469.056334
1.25894	3475041536.53857
1.25895	3477602985.3239536
1.25896	3210332386.110233
1.25897	3342489102.4363627
1.25898	2997298525.203192
1.25899	3201990211.906108
1.2590000000000001	3412557674.6795893
1.25901	3202580094.629025
1.25902	3115803063.6208296
1.25903	3341411784.9074554
1.25904	3466490385.523565
1.25905	3323686093.6515236
1.25906	3372018898.7675858
1.25907	3419715682.367001
1.25908	3388597608.4856725
1.25909	3343489779.723793
1.2591	3505177376.829494
1.25911	3500741153.440505
1.25912	3189187109.257441
1.25913	3289652318.2250204
1.25914	3384776522.6666164
1.25915	3446751712.195297
1.25916	3243246813.0190754
1.25917	3382205566.696536
1.25918	3447942383.6719
1.25919	3503966940.5000505
1.2592	3492207172.634075
1.25921	3449848313.6275115
1.25922	3443499307.6333904
1.2592299999999998	3482410791.750279
1.25924	3205678762.2638674
1.25925	3288743479.26485
1.25926	3129248120.094161
1.25927	3432021501.2976627
1.25928	3447307307.707632
1.25929	3442310170.475889
1.2593	3438507690.390802
1.25931	3475921821.687443
1.25932	3481528863.254888
1.2593299999999998	3478884417.644948
1.25934	3484175319.018585
1.25935	3473361611.172952
1.25936	3494620337.268855
1.25937	3507276457.083018
1.25938	3304151864.2863607
1.25939	3277706029.2707076
1.2594	2964148790.4584017
1.25941	3084679164.302018
1.25942	3410279701.037415
1.2594299999999998	3441121443.960905
1.25944	3459314123.692834
1.25945	3491644340.701765
1.25946	3386959472.3608193
1.25947	3083187950.249359
1.25948	3161840805.541913
1.25949	3477282701.002082
1.2595	3447704216.4759827
1.25951	3429414659.7206435
1.25952	3422236350.534232
1.2595299999999998	3431705414.992287
1.25954	3352895361.466432
1.25955	3463139612.6106462
1.25956	3493654871.375721
1.25957	3280273080.9792953
1.25958	2608434886.2372303
1.25959	3272050516.2570753
1.2596	3399460505.8024697
1.25961	3482490978.1452203
1.25962	3506226759.87366
1.25963	3433602369.587641
1.25964	3456766145.675277
1.25965	3456447780.4088826
1.25966	3467128995.46685
1.25967	3264449841.299486
1.25968	3390002355.756178
1.25969	3449848313.6275115
1.2597	3160748932.986691
1.25971	3285715829.079297
1.2597200000000002	3037386091.946104
1.25973	3375747852.0995736
1.25974	3386569556.68702
1.25975	3440804519.5584326
1.25976	3385945784.974082
1.25977	3309100825.907244
1.25978	3236458182.683674
1.25979	3307577279.4971085
1.2598	3362946822.726302
1.25981	3491483548.240005
1.2598200000000002	3512853189.737042
1.25983	3476161938.1538115
1.25984	3472961748.6579075
1.25985	3429414659.7206435
1.25986	3450404408.293239
1.25987	3417747702.263432
1.25988	3054850771.8671927
1.25989	3406277297.352205
1.2599	3472801816.5414953
1.25991	3332805735.565918
1.2599200000000002	3362404823.421889
1.25993	3392813597.5576677
1.25994	3393594911.7076344
1.25995	3413107758.3200445
1.25996	3339104416.4464
1.25997	3026913428.101304
1.25998	3461943693.1034765
1.25999	3470163999.686128
1.26	3187571975.946757
1.26001	3284656810.1418533
1.26002	3463777605.2618976
1.26003	3326365747.798093
1.26004	3374193620.6656537
1.26005	3481047905.491361
1.26006	3400399941.234486
1.26007	3496954648.1511216
1.26008	3521843067.48147
1.26009	3525900074.107609
1.2601	3523384179.8043427
1.26011	3486823786.464041
1.26012	3481689197.275922
1.26013	3361862911.4703856
1.26014	3367130897.8784714
1.26015	3459951411.598077
1.26016	3451198984.7442546
1.26017	3372795424.209923
1.26018	3010648128.342864
1.26019	3210480230.784367
1.2602	3478724212.785829
1.26021	3366123145.0108705
1.26022	3306206687.483368
1.26023	3090651236.4047084
1.26024	3218029344.376383
1.26025	3373649808.737675
1.26026	3432021501.2976627
1.26027	3483052334.610877
1.2602799999999998	3471602560.403564
1.26029	3450086628.937529
1.2603	3432416650.121205
1.26031	3333266211.502006
1.26032	3139135049.5611963
1.26033	3481528863.254888
1.26034	3426494191.8959665
1.26035	3421763583.7682323
1.26036	3176069520.0275984
1.26037	2342070694.7938256
1.2603799999999998	2719693729.7398443
1.26039	3365968132.880692
1.2604	3385789859.9986033
1.26041	3392501122.267384
1.26042	3461146642.8767467
1.26043	3422078754.354943
1.26044	3478483919.329912
1.26045	3372018898.7675858
1.26046	3195508668.479813
1.26047	3381271157.8615217
1.2604799999999998	3371164927.2715125
1.26049	3412007679.694997
1.2605	3212254898.0388675
1.26051	2842824175.204184
1.26052	3460748186.580948
1.26053	3473201660.642614
1.26054	3499371093.3587623
1.26055	3541604004.264624
1.26056	3486021008.0436106
1.26057	3250798120.599645
1.26058	3414679914.5036273
1.26059	3418062502.9567533
1.2606	3421999958.986846
1.26061	3488670878.4745226
1.26062	3492850520.2209363
1.26063	3458597315.1064844
1.26064	3086455359.5481515
1.26065	3321161539.8005023
1.26066	3190876532.752918
1.2606700000000002	3409494545.5150013
1.26068	3420345675.2979174
1.26069	3451198984.7442546
1.2607	3471602560.403564
1.26071	3479044629.881957
1.26072	3412557674.6795893
1.26073	3445799471.0649266
1.26074	3398756099.5553393
1.26075	3386257656.467669
1.26076	3481689197.275922
1.2607700000000002	3506307494.6578465
1.26078	3433602369.587641
1.26079	2988271136.3712363
1.2608	2843871703.284999
1.26081	3412007679.694997
1.26082	3478003382.2118764
1.26083	3510508266.1524744
1.26084	3491805140.5684643
1.26085	3461306038.240217
1.26086	3218696294.256641
1.2608700000000002	3492930947.0022764
1.26088	3445164789.80338
1.26089	3394610889.096583
1.2609	3484576472.617946
1.26091	3508811195.248281
1.26092	3501063598.465194
1.26093	3480727303.895227
1.26094	3450960592.598075
1.26095	3389846243.973013
1.26096	3260918915.6899605
1.26097	3178922937.461101
1.26098	3153842490.802241
1.26099	3428704046.637719
1.261	3428625098.718373
1.26101	3458119525.234577
1.26102	3445958159.648743
1.26103	3455731565.760928
1.26104	3438982770.600423
1.26105	3400165058.0407057
1.26106	3442468698.367789
1.26107	3432653761.2529764
1.26108	3052249280.2793684
1.26109	3341488724.642905
1.2611	3437399425.1146502
1.26111	3436924563.6371827
1.26112	3248328929.862897
1.26113	3415308979.7263656
1.26114	3452629683.4916224
1.26115	3125863432.6696467
1.26116	3458039900.006617
1.26117	3451596341.584275
1.26118	3342873942.8681717
1.26119	3468726035.078672
1.2612	3489393919.93116
1.26121	3467528186.422709
1.26122	3465133729.9204273
1.26123	3432811844.440558
1.26124	3413893745.911259
1.26125	3449212886.6102915
1.26126	3463299099.7558928
1.26127	3392657356.315028
1.26128	3413107758.3200445
1.26129	3464974158.289285
1.2613	3397973597.134763
1.26131	3275442651.990855
1.26132	3052952167.5684385
1.2613299999999998	3432969934.908293
1.26134	3469844400.4886017
1.26135	3490679696.993277
1.26136	3515037802.4662485
1.26137	3470084097.127086
1.26138	3170662381.9371533
1.26139	3140002544.472935
1.2614	3435025773.636739
1.26141	3311387461.4621377
1.26142	3273708454.594773
1.2614299999999998	2906631661.8609395
1.26144	3465452895.2291656
1.26145	3300577995.793185
1.26146	3342335178.6690073
1.26147	3456447780.4088826
1.26148	3435975037.4731874
1.26149	3165847566.2588468
1.2615	3461624850.989301
1.26151	3358535939.346414
1.26152	3387895453.152391
1.2615299999999998	3373960547.677857
1.26154	3351737512.399742
1.26155	3480967752.3240128
1.26156	3483693995.658937
1.26157	3469684611.928072
1.26158	3412007679.694997
1.26159	3435421268.3598285
1.2616	3467847572.2792115
1.26161	3453504291.3496795
1.26162	3473281634.987033
1.26163	3316499987.5189056
1.26164	3506065295.8821282
1.26165	3463937121.7884536
1.26166	3459154820.0583053
1.26167	3208854313.775916
1.26168	3227973791.8767643
1.26169	3417354242.167709
1.2617	2978242110.561048
1.26171	3332115140.932859
1.2617200000000002	3355289517.1726727
1.26173	3458597315.1064844
1.26174	3468087130.9769125
1.26175	3470643453.6786237
1.26176	3487064656.037469
1.26177	3511801823.460296
1.26178	3499290518.2892647
1.26179	3477202634.5307736
1.2618	3070859876.3953557
1.26181	3317416496.945385
1.2618200000000002	3466969331.952449
1.26183	3443895777.964293
1.26184	3457323355.453671
1.26185	3393751196.127304
1.26186	3454379120.7603
1.26187	3486984364.3309155
1.26188	3471682497.926916
1.26189	3369380049.299332
1.2619	3198600494.131412
1.26191	3410044135.3975763
1.2619200000000002	3416410122.73637
1.26193	3355366776.458409
1.26194	3167597561.775016
1.26195	3292152920.598309
1.26196	3474881508.646592
1.26197	3485459173.12289
1.26198	3496391051.0778475
1.26199	3461226339.6409287
1.262	3474001486.959362
1.26201	3490599322.048288
1.26202	3145864408.908764
1.26203	3082903991.2218285
1.26204	3131987355.1385064
1.26205	3368992157.414905
1.26206	3092644495.376525
1.26207	2985107667.679514
1.26208	3303999705.973413
1.26209	3333266211.502006
1.2621	3394220092.571585
1.26211	3510669934.755047
1.26212	3514552215.591461
1.26213	3505984566.6747103
1.26214	3441359156.419315
1.26215	3472481974.4032464
1.26216	3495747051.361151
1.26217	3441596885.2988715
1.26218	3233627577.4901304
1.26219	3412400524.2095327
1.2622	3330811074.8102107
1.26221	3408003248.0036545
1.26222	3502514968.648983
1.26223	3536795912.655469
1.26224	3508811195.248281
1.26225	3366820787.943314
1.26226	3259342502.762505
1.26227	3445006137.754754
1.2622799999999998	3437795193.130197
1.26229	3351814689.896592
1.2623	3455731565.760928
1.26231	3502595617.9650326
1.26232	3488028300.7352014
1.26233	3435737696.923708
1.26234	3420975784.2885084
1.26235	3349037419.263771
1.26236	2875014239.339509
1.26237	3160021227.4325137
1.2623799999999998	3468726035.078672
1.26239	3485459173.12289
1.2624	3370932063.4912033
1.26241	3157402874.401109
1.26242	3155731173.6800237
1.26243	3358922627.344948
1.26244	3426967612.26478
1.26245	3451437393.358564
1.26246	3173510941.535511
1.26247	3322614836.519625
1.2624799999999998	3452470687.679854
1.26249	3344105730.0311913
1.2625	3453345255.261657
1.26251	3388207504.225337
1.26252	3494700804.802208
1.26253	3421527224.877276
1.26254	3471122973.9147143
1.26255	3447466065.7314897
1.26256	3443578598.047984
1.26257	3437003702.660957
1.26258	3464575261.3598557
1.26259	3505903839.326129
1.2626	3478243642.4723053
1.26261	3420424432.574285
1.26262	3397817118.2708325
1.26263	3363411463.0951447
1.26264	3396174525.195413
1.26265	3397034832.033797
1.26266	3401026375.746661
1.2626700000000002	3401261318.440203
1.26268	3407140163.3888464
1.26269	3423891548.6667585
1.2627	3053163065.317029
1.26271	2963875794.837773
1.26272	3098275266.0479407
1.26273	3440804519.5584326
1.26274	3478163553.874756
1.26275	3458597315.1064844
1.26276	3463458594.2459483
1.2627700000000002	3396252725.904088
1.26278	3380492681.034073
1.26279	3280122022.2996387
1.2628	3375514671.7529674
1.26281	3301566125.6971464
1.26282	3512448780.8477077
1.26283	3451198984.7442546
1.26284	3404160279.7947307
1.26285	3390158474.7287087
1.26286	3328511026.531664
1.2628700000000002	3493091806.1207623
1.26288	3470323810.3237877
1.26289	3454458661.694732
1.2629	3460827874.1702285
1.26291	3434472157.514288
1.26292	3428230386.388189
1.26293	3456129444.4636626
1.26294	3458756593.066369
1.26295	3449927750.235053
1.26296	3388675634.727371
1.26297	3359618777.9403486
1.26298	3374815227.350538
1.26299	3373183753.986826
1.263	3149995983.287373
1.26301	3484977672.4044805
1.26302	3468087130.9769125
1.26303	3478483919.329912
1.26304	3524114415.736135
1.26305	3389143829.9084897
1.26306	2989578764.617045
1.26307	3407689373.759288
1.26308	3462900395.6636024
1.26309	3460668500.82652
1.2631	3456288608.7713017
1.26311	3500418738.1127315
1.26312	3480006058.258387
1.26313	3334571238.8501806
1.26314	3136461782.015793
1.26315	3340180990.047697
1.26316	3415702204.3390064
1.26317	3455095055.108439
1.26318	3334340902.785011
1.26319	3362714526.6129518
1.2632	3281104028.076494
1.26321	3184930794.7187247
1.26322	3435342165.77253
1.26323	3437161986.1753426
1.26324	3146009284.654471
1.26325	3447624831.0666084
1.26326	3486823786.464041
1.26327	3423339727.0247173
1.26328	3305978310.70432
1.26329	3406042008.179069
1.2633	3472561932.1760874
1.26331	3433681432.1141896
1.26332	3481128060.5043244
1.2633299999999998	3373805174.6302447
1.26334	3413972354.624752
1.26335	3478804314.293176
1.26336	3481929712.1522303
1.26337	3123273382.348569
1.26338	3182291801.9395585
1.26339	3419558202.266098
1.2634	3451596341.584275
1.26341	3448815804.15987
1.26342	3082265179.02589
1.2634299999999998	3269791044.318197
1.26344	3467128995.46685
1.26345	3398364825.822821
1.26346	3424285761.441033
1.26347	3465053943.1862807
1.26348	3430046439.4337626
1.26349	3448815804.15987
1.2635	3428230386.388189
1.26351	3445323449.158371
1.26352	3459712414.8765364
1.2635299999999998	3384776522.6666164
1.26354	3131049978.6793914
1.26355	3340873256.3613176
1.26356	3310472617.6895967
1.26357	3397817118.2708325
1.26358	3422393953.9712744
1.26359	3265502345.229759
1.2636	3271297185.5165863
1.26361	3067255825.7122803
1.26362	3387271437.222779
1.26363	3259642713.125885
1.26364	3344644779.632532
1.26365	3459792078.616018
1.26366	3445323449.158371
1.26367	3428230386.388189
1.26368	3427835719.498325
1.26369	3456925339.304766
1.2637	3443102882.94518
1.26371	3468087130.9769125
1.2637200000000002	3454617749.058196
1.26373	3428625098.718373
1.26374	3373339098.416288
1.26375	3475601692.1993327
1.26376	3468326706.223328
1.26377	3415151702.5569463
1.26378	3326672131.5147595
1.26379	3390783022.519268
1.2638	2996470455.4221287
1.26381	3419873169.720312
1.2638200000000002	3108994831.086948
1.26383	3269791044.318197
1.26384	3407610909.7151103
1.26385	3405493063.311203
1.26386	3284959352.146481
1.26387	3345029868.260137
1.26388	3423733876.2645197
1.26389	3455890711.745154
1.2639	3373183753.986826
1.26391	3366820787.943314
1.2639200000000002	3420897014.316944
1.26393	3444371602.617145
1.26394	3267984590.198086
1.26395	3444212987.095284
1.26396	3463139612.6106462
1.26397	3443023603.4842057
1.26398	3494137570.976285
1.26399	3476322025.013107
1.264	3252370400.952973
1.26401	3187351793.880219
1.26402	3380181340.489881
1.26403	3128743785.5346565
1.26404	3193669715.167752
1.26405	3046211125.9232216
1.26406	3434630324.444041
1.26407	3450324960.710367
1.26408	3415780854.694274
1.26409	3439774716.819379
1.2641	3416488789.392262
1.26411	3468007276.2389913
1.26412	3471043049.2747307
1.26413	3440012336.245946
