1.23581	183620007.16403124
1.23582	191266979.71303377
1.23583	189291015.01193187
1.23584	188395272.2321028
1.23585	183041682.87058505
1.23586	175978657.40037856
1.23587	161458160.41105524
1.23588	130839838.68406594
1.23589	115869731.3415743
1.2359	143288059.09796318
1.23591	170188417.49676952
1.23592	180056995.88770142
1.23593	185917384.0440029
1.23594	186315934.87613955
1.23595	183446740.68044695
1.23596	172238406.94938743
1.23597	151321277.82000676
1.23598	117722641.93865846
1.23599	123174270.8278229
1.236	154340534.52451035
1.23601	160468576.48125562
1.23602	167009047.83495745
1.23603	175877385.0933846
1.23604	177398523.15353897
1.23605	168131853.22841132
1.23606	155901394.54861525
1.23607	149668360.04232848
1.2360799999999998	120979002.68743798
1.23609	121146256.86481988
1.2361	150504678.37428162
1.23611	160690425.22491202
1.23612	163987218.66443315
1.23613	181121497.4000229
1.23614	190160363.9842071
1.23615	195029361.97623083
1.23616	191460857.647306
1.23617	175654791.11725566
1.2361799999999998	157757494.42756432
1.23619	172190822.29315984
1.2362	183607323.58137327
1.23621	177296433.74131927
1.23622	184931120.0451867
1.23623	186298775.33460832
1.23624	188091859.5177449
1.23625	203502617.68833572
1.23626	201182407.06549552
1.23627	205135110.6544124
1.2362799999999998	203104712.42512044
1.23629	203399555.73386905
1.2363	205102049.44555405
1.23631	201196304.7338432
1.23632	200373368.8595016
1.23633	204974577.54533985
1.23634	196702554.51339263
1.23635	197642345.8674377
1.23636	187305271.3767465
1.23637	193227973.86151505
1.23638	193575326.2981628
1.23639	185314755.09266767
1.2364	182835279.4968239
1.23641	181288393.31060508
1.23642	162095142.2930275
1.23643	152478987.68401113
1.23644	155922934.6101394
1.23645	145871349.24367142
1.23646	144258030.95267317
1.2364700000000002	164040090.4194147
1.23648	168503916.67958087
1.23649	165047898.8897912
1.2365	182612288.88184595
1.23651	198865753.4610693
1.23652	197542251.7915873
1.23653	195970183.823681
1.23654	197246815.3349627
1.23655	203676066.93818468
1.23656	194361391.6496762
1.2365700000000002	174068425.09295905
1.23658	165082105.7489032
1.23659	158591534.03301525
1.2366	177979507.22608483
1.23661	170879513.93339342
1.23662	168364296.49690193
1.23663	180339142.37374064
1.23664	174068425.09295905
1.23665	150921113.2299696
1.23666	139990962.65683442
1.2366700000000002	171885800.07797742
1.23668	184803418.2648225
1.23669	178209150.50847238
1.2367	170702546.5531115
1.23671	176015129.70436373
1.23672	164979506.43423003
1.23673	148953255.66126254
1.23674	140792655.4132393
1.23675	121927031.397004
1.23676	133638010.01635952
1.23677	143661368.7807729
1.23678	158584230.7911374
1.23679	178694012.15235823
1.2368	192096742.3534161
1.23681	200821404.44888425
1.23682	206609363.60508248
1.23683	207319427.07450488
1.23684	206381136.64365435
1.23685	191734382.8919083
1.23686	185985891.15822905
1.23687	190989723.5068965
1.23688	202353164.2693497
1.23689	203479189.932278
1.2369	203952954.04522052
1.23691	203605731.86399132
1.23692	203474504.7047243
1.23693	199273707.06239468
1.23694	207247833.84558892
1.23695	204042201.1822289
1.23696	190182258.26548845
1.23697	194903662.4248896
1.23698	201906360.3128795
1.23699	199003172.5142921
1.237	187538310.84277052
1.23701	162162339.03191617
1.23702	162308027.54481974
1.23703	167710402.02270105
1.23704	153175744.54687542
1.23705	144850500.44853756
1.23706	178414439.52635252
1.23707	188773053.14691848
1.23708	184039057.2917232
1.23709	169796994.99838582
1.2371	153362789.75443158
1.23711	170141399.19531137
1.23712	180193864.74425185
1.2371299999999998	169429878.73268652
1.23714	178517172.6997074
1.23715	179011115.9701355
1.23716	179626331.330432
1.23717	171029095.92081127
1.23718	154159395.97333217
1.23719	159224538.94340563
1.2372	168081532.83328414
1.23721	180813144.9091794
1.23722	196480746.7249019
1.2372299999999998	204404286.9634099
1.23724	194876737.34879008
1.23725	196110117.5476049
1.23726	209117317.8559044
1.23727	215536089.93182275
1.23728	215436854.7457869
1.23729	218237812.5699381
1.2373	215829100.1283577
1.23731	208857463.8139729
1.23732	211207822.92995802
1.2373299999999998	203362091.6017525
1.23734	198499766.39556208
1.23735	197856353.157589
1.23736	190410108.27879244
1.23737	193606529.4690235
1.23738	188977456.7598197
1.23739	187003614.12108058
1.2374	181949136.98658183
1.23741	164459891.72576135
1.23742	131962337.57054804
1.23743	112356965.13643664
1.23744	143347459.33758152
1.23745	167147544.14476258
1.23746	180967255.4788791
1.23747	178459634.83691514
1.23748	174843704.69043627
1.23749	182629108.86979032
1.2375	186474735.58104503
1.23751	193245771.63520685
1.2375200000000002	197424024.14542183
1.23753	193972427.1067066
1.23754	183895033.37517583
1.23755	166628774.40902907
1.23756	170129646.64974967
1.23757	162952114.3754896
1.23758	137375725.81436568
1.23759	110672571.2488719
1.2376	135528302.87525675
1.23761	145224536.81696478
1.2376200000000002	157235280.58493552
1.23763	159580565.59782517
1.23764	145237913.1071008
1.23765	158792505.03936392
1.23766	176636316.68395
1.23767	180256112.24941823
1.23768	169761811.16147506
1.23769	151851819.48782185
1.2377	122585753.25016876
1.23771	123623205.362496
1.2377200000000002	148627783.1007336
1.23773	157641297.2238605
1.23774	147784878.88238668
1.23775	120071517.66232207
1.23776	127620370.17483042
1.23777	153532386.2789542
1.23778	156336361.4387017
1.23779	168624237.94527823
1.2378	185075955.40975067
1.23781	193259121.04126468
1.23782	191187722.6095
1.23783	175670970.26646328
1.23784	181856990.5862823
1.23785	179270983.05596134
1.23786	181802562.37742665
1.23787	188764360.02672336
1.23788	200313398.86035892
1.23789	193250221.33476603
1.2379	187948991.62501624
1.23791	190191016.68381327
1.23792	177235208.29638174
1.23793	188707864.5025265
1.23794	188803482.2204153
1.23795	181739780.83953792
1.23796	185182524.36381775
1.23797	186973475.1286665
1.23798	191249364.1844204
1.23799	202511644.3256564
1.238	212804104.38144508
1.23801	212902126.8619181
1.23802	205707440.24381235
1.23803	196128180.78876528
1.23804	196308904.73260105
1.23805	188174166.04787147
1.23806	178965780.99571568
1.23807	157206319.44338349
1.2380799999999998	148977266.02444023
1.23809	175335558.07267913
1.2381	192916778.02658463
1.23811	188751321.09703317
1.23812	184259547.3733681
1.23813	162978381.26995495
1.23814	173236739.00142965
1.23815	192207353.9607809
1.23816	192823517.04381576
1.23817	183189256.49537432
1.2381799999999998	186178702.78636393
1.23819	188907847.71509093
1.2382	166498375.30215997
1.23821	171096056.56342065
1.23822	191218540.91309857
1.23823	203053275.69230956
1.23824	209981000.1711632
1.23825	207802132.47792432
1.23826	207481796.6356377
1.23827	196159795.46431628
1.2382799999999998	187068214.03658012
1.23829	185930227.20549518
1.2383	189644389.97045648
1.23831	184850232.00873
1.23832	192530704.5077681
1.23833	187115601.49048847
1.23834	177590610.4162676
1.23835	178871026.78250903
1.23836	196557672.09827325
1.23837	204079790.60669863
1.23838	206072481.09694892
1.23839	202721588.20696655
1.2384	194670435.30014324
1.23841	167953864.07364696
1.23842	197505866.5153608
1.23843	201173142.48659265
1.23844	199305828.7777407
1.23845	186221576.95281208
1.23846	199572179.39926347
1.2384700000000002	208905560.5593766
1.23848	215347582.1430241
1.23849	208396298.10150504
1.2385	188833916.19889528
1.23851	203287184.0377861
1.23852	208790146.97316518
1.23853	213122842.5595336
1.23854	205366688.38400933
1.23855	207869130.7691478
1.23856	205239052.00943488
1.2385700000000002	194280852.28546363
1.23858	193521846.84767792
1.23859	208214034.77214164
1.2386	207854772.17422745
1.23861	206880710.9494361
1.23862	208535501.1334609
1.23863	212432030.37014288
1.23864	213446972.88554618
1.23865	211597240.6745224
1.23866	208915181.23749056
1.2386700000000002	202371802.54284343
1.23868	198994008.29053837
1.23869	194406150.1667997
1.2387	187257835.888505
1.23871	186504794.17966303
1.23872	178172223.57883176
1.23873	164630387.34394473
1.23874	160764442.94235498
1.23875	172607634.17775315
1.23876	181589193.5896938
1.23877	187590136.7527246
1.23878	194656988.4073165
1.23879	201864523.05626282
1.2388	208583523.73568207
1.23881	205376146.0872844
1.23882	199113176.12385067
1.23883	183096482.04840976
1.23884	165664708.24918836
1.23885	157782923.98073718
1.23886	179044094.07360712
1.23887	200802908.96575692
1.23888	209657305.51148018
1.23889	206742612.53424543
1.2389	204399580.43495512
1.23891	200216562.15890437
1.23892	188603609.49212748
1.23893	183611551.3449093
1.23894	184637537.77453727
1.23895	170623953.22347772
1.23896	167236088.02087122
1.23897	165721936.69476926
1.23898	155160081.84036285
1.23899	132525667.39590952
1.239	111833006.35676216
1.23901	129115981.21376702
1.23902	155854734.62294427
1.23903	173172927.9833295
1.23904	181284219.03914383
1.23905	176550926.09918523
1.23906	181651923.1076053
1.23907	165966333.59988508
1.23908	161759576.0420884
1.23909	174566136.41626424
1.2391	176868299.37153068
1.23911	185003523.55389908
1.23912	187957647.19524425
1.2391299999999998	176644451.27424768
1.23914	183412951.6541907
1.23915	183696127.0618986
1.23916	175460757.5142404
1.23917	157507050.89261633
1.23918	145207818.18670443
1.23919	142367218.47025782
1.2392	128380777.04724734
1.23921	149551233.69038054
1.23922	160742234.0479384
1.2392299999999998	152605434.58847958
1.23924	125394936.5416125
1.23925	116388480.94739284
1.23926	145375091.13705024
1.23927	154731950.44836023
1.23928	156559707.0458833
1.23929	141016522.28216034
1.2393	128203534.91189536
1.23931	116812683.2437345
1.23932	111498750.36336523
1.2393299999999998	132138690.92079856
1.23934	130978496.23996872
1.23935	114564483.10887058
1.23936	133318371.48115952
1.23937	129288530.71749058
1.23938	129327237.22998697
1.23939	151060180.74531242
1.2394	154024568.21958262
1.23941	157420033.32569078
1.23942	147560459.86006784
1.23943	119473063.52421471
1.23944	130229687.97265732
1.23945	154514770.08299574
1.23946	167028276.56902805
1.23947	173416333.57976833
1.23948	182671165.61792952
1.23949	184408102.876581
1.2395	192357887.96596065
1.23951	187750023.48474023
1.2395200000000002	183831529.248202
1.23953	188920897.45763108
1.23954	191818283.34247676
1.23955	179936803.02070174
1.23956	171628734.40590763
1.23957	156982051.38916075
1.23958	139376643.00852907
1.23959	115563317.30510832
1.2396	140873725.51224002
1.23961	164782087.383972
1.2396200000000002	174984668.86246583
1.23963	185583773.05339792
1.23964	194258486.16326955
1.23965	201094410.7895143
1.23966	202642250.5057373
1.23967	199021502.22793335
1.23968	199544609.38825995
1.23969	201349242.4635622
1.2397	198066031.4835835
1.23971	171794794.39154375
1.2397200000000002	162113805.26024812
1.23973	180821471.853955
1.23974	185951634.44624642
1.23975	179341170.52998084
1.23976	181447086.86925918
1.23977	197337671.76915088
1.23978	190046554.34589392
1.23979	187866783.58516496
1.2398	196281785.52851307
1.23981	198490625.35398215
1.23982	191482901.66207263
1.23983	190976530.85985145
1.23984	195803296.8551336
1.23985	181681204.29804495
1.23986	155826027.76393607
1.23987	159147565.66438577
1.23988	180850619.18067947
1.23989	192145403.61621395
1.2399	196562198.0580368
1.23991	180044558.4206431
1.23992	175950295.27783227
1.23993	181911435.0899031
1.23994	180442983.81407028
1.23995	167687233.57485953
1.23996	151227230.92540622
1.23997	128593791.09001224
1.23998	129933159.78903526
1.23999	128798261.197416
1.24	151394465.83825108
1.24001	169851739.9058809
1.24002	179709071.36313224
1.24003	183552371.5131397
1.24004	176774655.679117
1.24005	158489319.24611107
1.24006	161094235.43966517
1.24007	175836892.49093565
1.2400799999999998	177566077.06147817
1.24009	183988212.4457396
1.2401	185348894.4763311
1.24011	168670836.98167008
1.24012	140779688.52761322
1.24013	135947116.36280745
1.24014	154106160.3982527
1.24015	172464613.70742548
1.24016	171423358.70515648
1.24017	170942479.87087226
1.2401799999999998	183704586.77596593
1.24019	172886069.14532194
1.2402	170553250.16565636
1.24021	145824333.45493147
1.24022	126052075.23554942
1.24023	126963825.64321712
1.24024	153904032.81864142
1.24025	172520218.69221145
1.24026	177959017.75756618
1.24027	184153509.5746724
1.2402799999999998	184675804.66726315
1.24029	165939585.14321622
1.2403	150976724.86626893
1.24031	136285609.25691906
1.24032	162622262.89693046
1.24033	184671552.3986709
1.24034	193521846.84767792
1.24035	192810197.7271768
1.24036	176510278.4260422
1.24037	166694012.25497317
1.24038	166836088.81255382
1.24039	158441884.77718297
1.2404	167803107.82909566
1.24041	183844228.31897363
1.24042	173472245.41224834
1.24043	177271941.02573285
1.24044	187698153.40255243
1.24045	195388950.42902118
1.24046	195983721.43196663
1.2404700000000002	190361886.4835064
1.24048	187689509.78218082
1.24049	172742817.96735305
1.2405	150955868.1016726
1.24051	129053563.19381955
1.24052	146123477.78198856
1.24053	170930671.9905299
1.24054	187257835.888505
1.24055	180779840.9645132
1.24056	187417439.39401343
1.2405700000000002	192694802.1820344
1.24058	193121221.6364426
1.24059	184157749.9147505
1.2406	184726839.52824825
1.24061	181697938.52598068
1.24062	191734382.8919083
1.24063	191933153.98311555
1.24064	179543629.39215267
1.24065	163402990.3280979
1.24066	161528812.38386324
1.2406700000000002	143133074.49044758
1.24068	121694233.61020732
1.24069	122312262.5813918
1.2407	125366066.61435103
1.24071	104310973.84842148
1.24072	123259385.9941302
1.24073	147387278.6021917
1.24074	163787215.62979382
1.24075	172222543.93638667
1.24076	164600064.09884486
1.2407700000000002	169550861.18732548
1.24078	182293003.2786155
1.24079	169793085.32310274
1.2408	161194418.53822777
1.24081	149207275.39763442
1.24082	125400711.32481292
1.24083	137021904.63015008
1.24084	147394066.19349298
1.24085	157036280.43335512
1.24086	165173358.70370018
1.24087	174064417.06549567
1.24088	174280982.66724673
1.24089	164528068.77441153
1.2409	139216272.05293426
1.24091	116621869.74895498
1.24092	141997271.68762115
1.24093	149282878.28362784
1.24094	145010683.64219734
1.24095	136131929.4551134
1.24096	121204850.43860744
1.24097	134217764.1809988
1.24098	129747799.19393855
1.24099	126528977.95045865
1.2409999999999999	144743809.96661595
1.24101	131774082.1824541
1.24102	137356747.9674353
1.24103	135743799.17885223
1.24104	117046922.67986812
1.24105	103088447.6781636
1.24106	122393963.83017512
1.24107	118070118.74042119
1.24108	113537675.89100638
1.24109	135101446.8304676
1.2411	129837456.76148231
1.24111	142849919.50608012
1.24112	146312017.88750204
1.2411299999999998	158858332.66595262
1.24114	161164728.16368008
1.24115	164839010.93045464
1.24116	139395899.9335497
1.24117	154049396.04764667
1.24118	159374927.42052287
1.24119	163339040.46591854
1.2412	150148154.99427083
1.24121	148966975.3949116
1.24122	145797474.0939331
1.2412299999999998	128215343.43762358
1.24124	135453427.85792312
1.24125	153684475.7543988
1.24126	170023910.26437613
1.24127	178143507.92368206
1.24128	182603879.46879742
1.24129	180372365.13124833
1.2413	167521286.66793826
1.24131	149492704.8913423
1.24132	156942295.32571444
1.2413299999999998	164812444.1620885
1.24134	174509872.0118185
1.24135	169949542.57413298
1.24136	147750854.07387948
1.24137	161886263.79027358
1.24138	171735468.81740364
1.24139	156066611.09540525
1.2414	148463604.34944665
1.24141	141951504.5526633
1.24142	152946660.9012283
1.24143	154408071.91760737
1.24144	139978069.60643968
1.24145	133995434.0955674
1.24146	145274704.25811845
1.24147	132595870.8579775
1.24148	143057292.05996436
1.24149	141768583.47732952
1.2415	143496067.6908913
1.24151	125605888.51865514
1.2415200000000002	134955317.10518813
1.24153	146689828.22062844
1.24154	148156257.84659842
1.24155	155378169.23256472
1.24156	170741856.79259995
1.24157	173300573.53270793
1.24158	161606937.37618452
1.24159	167374772.609265
1.2416	144820485.8043781
1.24161	130229687.97265732
1.2416200000000002	126665983.62896316
1.24163	129990016.83515114
1.24164	147149909.7248696
1.24165	167942262.63243982
1.24166	170706477.16975507
1.24167	181764890.85264665
1.24168	178073789.17032948
1.24169	166901407.82542223
1.2417	177006820.05216593
1.24171	178624077.95209375
1.2417200000000002	152594893.3426021
1.24173	165721936.69476926
1.24174	154870963.4145894
1.24175	158274153.69821575
1.24176	170730062.77032942
1.24177	181467977.93969315
1.24178	178591177.2113261
1.24179	167536716.65920243
1.2418	173916184.90931126
1.24181	176583450.97719267
1.24182	168449606.18893602
1.24183	171482576.4616644
1.24184	165638008.40486428
1.24185	155808088.66218156
1.24186	147160074.83161318
1.24187	124698147.0112362
1.24188	114406315.70960148
1.24189	139270777.46318716
1.2419	157732068.9728202
1.24191	156221210.97879913
1.24192	147829122.8476446
1.24193	130854903.04432972
1.24194	118503178.72447692
1.24195	132245225.04618609
1.24196	115523410.04148686
1.24197	133604165.8847654
1.24198	153585423.64524618
1.24199	158460127.12337634
1.242	159694515.08939722
1.24201	145696795.54394192
1.24202	143258368.20913088
1.24203	127077891.40633358
1.24204	136848486.9360441
1.24205	144221497.27649468
1.24206	129613428.91401398
1.24207	129825498.84047526
1.24208	142797301.34406814
1.24209	131956260.62024978
1.2421	114757215.0076002
1.24211	136952511.1970024
1.24212	147815507.90926206
1.24213	148074406.29132167
1.24214	153666783.19373918
1.24215	154767582.8987914
1.24216	145609597.03812972
1.24217	145217849.1338836
1.2421799999999998	137492813.82463616
1.24219	125660852.00763305
1.2422	146450210.41548836
1.24221	161224114.38244832
1.24222	170392313.6621873
1.24223	171352324.39014167
1.24224	174682741.82474482
1.24225	163068471.3423553
1.24226	172012496.88698104
1.24227	167174487.31711054
1.2422799999999998	155937296.30450538
1.24229	140384771.67951617
1.2423	136389205.65100145
1.24231	152170336.15328607
1.24232	136832732.5786538
1.24233	138963261.96365985
1.24234	130626111.83367243
1.24235	116128816.48681498
1.24236	107961770.9776476
1.24237	128008851.17848228
1.2423799999999998	135079672.80486763
1.24239	125522043.22412124
1.2424	149761437.48873678
1.24241	158719395.22381672
1.24242	159004713.9981768
1.24243	153387510.90781355
1.24244	128404427.83857548
1.24245	117314042.41617844
1.24246	131780150.74293208
1.24247	143869919.30037883
1.24248	140310444.34994137
1.24249	146382783.12811315
1.2425	135737548.08982053
1.24251	168721333.80318373
1.24252	171383891.56211913
1.24253	176295001.94524232
1.24254	175602219.17252734
1.24255	170490427.59928867
1.24256	167768337.1479123
1.2425700000000002	135359892.25456086
1.24258	150490817.01947626
1.24259	149792476.16555148
1.2426	168950701.7535486
1.24261	166383402.01400468
1.24262	172599685.48547238
1.24263	168127981.89399296
1.24264	159521784.77328134
1.24265	154917328.81798184
1.24266	156790592.036917
1.2426700000000002	150664175.74958563
1.24268	147017827.21579167
1.24269	150785645.66940084
1.2427	135166789.96857628
1.24271	125901237.82844412
1.24272	141807760.99689123
1.24273	152254451.82859474
1.24274	144747142.8543783
1.24275	151932260.6858089
1.24276	159871113.56408495
1.2427700000000002	161465596.00533128
1.24278	158503917.32412297
1.24279	159782789.92876083
1.2428	160439019.79944268
1.24281	154646466.03494918
1.24282	140358914.23054397
1.24283	124222424.12937354
1.24284	105730430.37421848
1.24285	118527738.99798676
1.24286	130623104.09092198
1.24287	139476165.76399958
1.24288	145117570.83637255
1.24289	145623008.79525602
1.2429	146781053.34410134
1.24291	151589806.99079254
1.24292	153776509.91234583
1.24293	149699379.42845783
1.24294	149413555.32680938
1.24295	144967283.21117598
1.24296	146069653.81866908
1.24297	135947116.36280745
1.24298	123055208.32818867
1.24299	134710050.82758045
1.2429999999999999	132788357.80140369
1.24301	121884926.5639306
1.24302	127526370.64597324
1.24303	136445745.96251112
1.24304	130875996.06261742
1.24305	113665848.9625136
1.24306	128182872.60873972
1.24307	130136763.01074636
1.24308	140329830.293297
1.24309	142383610.04556417
1.2431	136414331.78527525
1.24311	142606722.92738128
1.24312	144917221.93115646
1.2431299999999998	146291805.53147563
1.24314	143863293.99830267
1.24315	141941699.22878215
1.24316	141048996.27493066
1.24317	132330514.18466872
1.24318	122865513.48079991
1.24319	125435365.60928468
1.2432	124916555.41075855
1.24321	134069503.17310344
1.24322	135257077.69035822
1.2432299999999998	129586571.56153607
1.24324	130761531.96227808
1.24325	131471010.203593
1.24326	130352690.64912628
1.24327	127479396.84819551
1.24328	127840953.15811332
1.24329	129190327.74376836
1.2433	125950530.1885822
1.24331	124182386.00482126
1.24332	122735444.55885434
1.2433299999999998	122729792.51289824
1.24334	119889182.81990859
1.24335	118181636.63501364
1.24336	116541338.03318638
1.24337	110649638.65399674
1.24338	112160516.35628945
1.24339	115568639.31508546
1.2434	115645836.00782056
1.24341	113739155.67229857
1.24342	110914927.58624844
1.24343	111529562.86333048
1.24344	110838336.7251848
1.24345	109327646.7182166
1.24346	107604392.51215015
1.24347	105801055.41224542
1.24348	102931902.5105164
1.24349	101039223.5119376
1.2435	99462644.03839776
1.24351	98752932.27172616
1.2435200000000002	97167269.77281608
1.24353	95251100.04539396
1.24354	92695787.84969829
1.24355	88803483.04799756
1.24356	71267249.8466735
1.24357	51627369.78677221
1.24358	84257777.61867374
1.24359	91240992.33344404
1.2436	93920414.37361974
1.24361	96006359.0945348
1.2436200000000002	96934862.81183425
1.24363	98326368.58915976
1.24364	99549710.18007049
1.24365	100776669.1398006
1.24366	104621272.97893555
1.24367	106679261.35936348
1.24368	108160827.19048132
1.24369	109683171.59296712
1.2437	111565521.54211617
1.24371	113323505.41319048
1.2437200000000002	114580311.87051743
1.24373	115616548.43543288
1.24374	116011221.61480552
1.24375	117549287.20623934
1.24376	117985870.19880591
1.24377	120124059.38321929
1.24378	121887733.10039146
1.24379	119009053.17475344
1.2438	118151706.86531912
1.24381	122329161.81227292
1.24382	119792602.47660604
1.24383	123441161.64232844
1.24384	127958753.26794784
1.24385	128940692.9926298
1.24386	130289674.77170621
1.24387	131856031.33368999
1.24388	133088337.49454364
1.24389	133100595.94793636
1.2439	135987816.32845184
1.24391	134440463.16457382
1.24392	133051568.90790936
1.24393	130972464.59619428
1.24394	115040298.52044924
1.24395	114437931.71056367
1.24396	130358693.75059845
1.24397	131619428.27767852
1.24398	129969066.60833484
1.24399	131041845.27263908
1.244	129437465.356472
1.24401	119541857.54659751
1.24402	113933122.49907725
1.24403	127617431.6410425
1.24404	138605351.96450317
1.24405	142216504.48956344
1.24406	133610318.72565356
1.24407	129792620.23605411
1.24408	140675996.42598245
1.24409	146591908.83167833
1.2441	151621224.60474238
1.24411	149540903.4139395
1.24412	146946754.97836977
1.24413	146997517.3553385
1.24414	148778439.77762657
1.24415	140119958.49400052
1.24416	122098407.61697564
1.24417	132156947.81670693
1.2441799999999998	138841724.7433952
1.24419	137831981.59484038
1.2442	140672757.27875164
1.24421	148313266.48258665
1.24422	144843829.99007046
1.24423	144980635.80628812
1.24424	144813816.7281046
1.24425	127203775.008569
1.24426	120809197.65409511
1.24427	142945339.34842402
1.2442799999999998	149021866.96759465
1.24429	151084530.73206013
1.2443	158547719.62622166
1.24431	159173219.28862768
1.24432	151140202.58468372
1.24433	130734436.71000512
1.24434	113705114.5364581
1.24435	138998463.6423912
1.24436	152054752.97324967
1.24437	156491228.53730148
1.2443799999999998	141494643.73529446
1.24439	140627417.04797998
1.2444	152724952.94616684
1.24441	152500054.8898906
1.24442	139107325.21826097
1.24443	156794202.31528103
1.24444	163064716.59527123
1.24445	168845698.08804032
1.24446	163749506.57126305
1.24447	165867003.91832954
1.24448	156422779.98091
1.24449	154390296.05465618
1.2445	154390296.05465618
1.24451	161532531.76503876
1.24452	171076359.53582886
1.24453	166168997.58828193
1.24454	147180407.15176305
1.24455	158664584.95274848
1.24456	166966752.41173503
1.2445700000000002	165928122.83866188
1.24458	159757038.06125703
1.24459	141546781.89209244
1.2446	131135416.51414672
1.24461	123151583.37829034
1.24462	121842836.27084021
1.24463	132153904.82556058
1.24464	152731986.35211575
1.24465	152240429.32112
1.24466	158197639.8601152
1.2446700000000002	166241710.96163672
1.24468	165802089.73273608
1.24469	141247249.6362684
1.2447	158350704.54298297
1.24471	145918380.1909541
1.24472	150258829.01217642
1.24473	129523926.04598735
1.24474	134459038.08403733
1.24475	139318888.19354904
1.24476	148118736.93554652
1.2447700000000002	161339237.46021223
1.24478	160501834.25687426
1.24479	162166073.00075045
1.2448	170855907.68680406
1.24481	153879228.4184729
1.24482	154049396.04764667
1.24483	173045376.45202658
1.24484	176433073.6276682
1.24485	170063064.22409198
1.24486	173972257.90079647
1.24487	186805646.78427815
1.24488	184047532.7986741
1.24489	163628895.91602603
1.2449	182053905.48111236
1.24491	188139506.27788252
1.24492	190042178.412644
1.24493	190576786.66969588
1.24494	189696797.89198327
1.24495	176961992.67027003
1.24496	186003021.88073543
1.24497	168000277.8532998
1.24498	193981360.0727768
1.24499	184735346.70947173
1.245	183362279.78369018
1.24501	173025455.01360732
1.24502	157514304.5273844
1.24503	148977266.02444023
1.24504	133177236.86687408
1.24505	119212007.10267608
1.24506	124928061.18054506
1.24507	132211733.64057076
1.24508	125646385.60017212
1.24509	153911120.52447474
1.2451	165931943.51887032
1.24511	174875915.05767182
1.24512	168434092.12131083
1.2451299999999998	191275788.08577836
1.24514	186264460.9925385
1.24515	180971422.45190063
1.24516	164183685.41319904
1.24517	175145909.94133797
1.24518	185148415.6238384
1.24519	181501408.6555496
1.2452	173940213.97803026
1.24521	187223344.8972237
1.24522	183818831.05462152
1.2452299999999998	194330066.81921205
1.24524	194795984.43591723
1.24525	169219341.22549167
1.24526	173344473.41694534
1.24527	183827296.41954583
1.24528	159896883.8198686
1.24529	152012744.49630043
1.2453	171533915.06418306
1.24531	172452700.68543345
1.24532	166433214.02125385
1.2453299999999998	157804724.00311577
1.24534	172925882.21735525
1.24535	189221290.46935156
1.24536	195236044.39752376
1.24537	191407962.36539015
1.24538	163828705.62407959
1.24539	171913507.02850115
1.2454	186818551.3069069
1.24541	190269860.60169017
1.24542	186805646.78427815
1.24543	191328646.84154418
1.24544	197797136.47926107
1.24545	198801657.04802585
1.24546	193798316.46734503
1.24547	187607415.2385153
1.24548	179056462.42865035
1.24549	161651597.19287294
1.2455	153638479.33315995
1.24551	157380166.342317
1.2455200000000002	158314247.1432828
1.24553	146103291.47194052
1.24554	133088337.49454364
1.24555	135185465.24072748
1.24556	164956715.24749598
1.24557	176750235.04485452
1.24558	179990672.6569032
1.24559	171245828.1047307
1.2456	181317615.9022427
1.24561	173620099.19014153
1.2456200000000002	154728387.6545536
1.24563	152289513.74820468
1.24564	157913769.3032205
1.24565	166586575.29092118
1.24566	169789175.73784226
1.24567	168085403.098161
1.24568	146224451.17545095
1.24569	132260451.21684864
1.2457	155088644.43240193
1.24571	169933890.36362317
1.2457200000000002	156214016.8918185
1.24573	148685973.26897573
1.24574	150414602.3844626
1.24575	164797265.07403994
1.24576	180555199.73031977
1.24577	184999263.73938745
1.24578	167228386.69173607
1.24579	162113805.26024812
1.2458	158379876.50747755
1.24581	184051770.69851863
1.24582	194567366.18922812
1.24583	193847408.76683813
1.24584	191553459.56650943
1.24585	192132131.14037243
1.24586	145649836.01559797
1.24587	188955701.17845333
1.24588	183151297.63205987
1.24589	167001356.96116918
1.2459	166115439.66531593
1.24591	151544437.48561883
1.24592	137492813.82463616
1.24593	154974412.98574612
1.24594	154148747.38731194
1.24595	152851603.82330438
1.24596	165744833.608057
1.24597	178982265.11240482
1.24598	185250760.6958566
1.24599	190326823.75763518
1.246	195325974.62422392
1.24601	193544128.15625447
1.24602	187223344.8972237
1.24603	185144152.47310203
1.24604	182238444.57496864
1.24605	165074503.6120335
1.24606	145834406.99094698
1.24607	145864631.77446243
1.24608	140045771.37092158
1.24609	161346667.57775792
1.2461	179337041.09446484
1.24611	180808981.58059096
1.24612	189657490.5932905
1.24613	188286854.40389824
1.24614	185310488.11186683
1.24615	188013918.11873356
1.24616	192233910.22245958
1.24617	191487310.7695833
1.2461799999999998	147438193.15690845
1.24619	189055797.59495035
1.2462	164987104.19621664
1.24621	169652396.95183173
1.24622	158077478.55436066
1.24623	130872982.56613564
1.24624	142069221.28601813
1.24625	151387494.02597985
1.24626	134527168.08171925
1.24627	129008997.36888684
1.2462799999999998	125747685.43676612
1.24629	153006541.97961304
1.2463	169320678.45881656
1.24631	173548154.59103945
1.24632	169777447.52217472
1.24633	157072443.53646487
1.24634	148689396.92944828
1.24635	143932874.88961893
1.24636	140261991.2073517
1.24637	119212007.10267608
1.2463799999999998	143387073.17694262
1.24639	157166506.58353972
1.2464	169332375.12090516
1.24641	184931120.0451867
1.24642	196693496.2345729
1.24643	193236872.54345608
1.24644	186539152.7968197
1.24645	172679188.88297176
1.24646	194679400.411418
1.24647	187119910.0360387
1.24648	177541547.0958636
1.24649	183907736.832808
1.2465	178008196.44531402
1.24651	148764737.40794998
1.24652	192490809.9919212
1.24653	198280497.5408588
1.24654	186080129.66026008
1.24655	181915623.80371395
1.24656	184106872.27731365
1.2465700000000002	180575988.11254036
1.24658	188512433.60709083
1.24659	183260978.0364841
1.2466	164941522.87220064
1.24661	164751736.19726503
1.24662	159562194.26381066
1.24663	133419712.35365286
1.24664	133893655.92529692
1.24665	160302390.94535565
1.24666	182284608.56887376
1.2466700000000002	191271383.84870136
1.24668	185220904.20726648
1.24669	182477784.73415387
1.2467	172965704.45774272
1.24671	156041458.15689117
1.24672	185280621.99713123
1.24673	197205943.5881925
1.24674	195150649.03371003
1.24675	197396750.89253443
1.24676	201024967.2337968
1.2467700000000002	194939568.31325564
1.24678	180725735.13713092
1.24679	176811292.95703492
1.2468	170090477.3606287
1.24681	181050613.17218104
1.24682	174924241.73495808
1.24683	168430213.82766423
1.24684	157968320.2069618
1.24685	148884675.9443304
1.24686	144407583.29584387
1.24687	119239459.8422142
1.24688	141899217.31798977
1.24689	160779250.57665345
1.2469	169871295.93581113
1.24691	178057388.72351366
1.24692	179733900.80397812
1.24693	160501834.25687426
1.24694	143162739.41163898
1.24695	154610861.46949604
1.24696	168511676.7503946
1.24697	176575319.19599783
1.24698	180003106.40153697
1.24699	167259194.13634545
1.247	179097696.44982946
1.24701	184412349.07895476
1.24702	181539025.57255536
1.24703	172627507.51000187
1.24704	177963115.46255696
1.24705	177508845.74628305
1.24706	184935378.29061365
1.24707	198586627.2891959
1.24708	194110934.3200693
1.24709	189282298.03926137
1.2471	187629015.5837904
1.24711	186410340.61034748
1.24712	192349029.76182324
1.2471299999999998	194365867.03763133
1.24714	194424056.4595368
1.24715	189517797.26113927
1.24716	182784767.22098863
1.24717	172226509.55266562
1.24718	164331189.92696938
1.24719	139929731.2421968
1.2472	131250207.90002748
1.24721	152314061.89599115
1.24722	170651456.77192667
1.2472299999999998	175222551.49376932
1.24724	166241710.96163672
1.24725	145144304.94302592
1.24726	162873339.08965778
1.24727	161079398.79552466
1.24728	187910046.49133503
1.24729	184565277.49906677
1.2473	173956235.20157477
1.24731	187585817.379928
1.24732	188048554.75239772
1.2473299999999998	196974496.943179
1.24734	198595772.75192925
1.24735	195699627.9457278
1.24736	208309942.96064663
1.24737	172913937.33316454
1.24738	206928352.47826523
1.24739	204267841.62755376
1.2474	199136101.19505656
1.24741	197319497.1348844
1.24742	191509357.83005348
1.2474299999999998	185750503.65235493
1.24744	183172384.9183028
1.24745	169992593.58713892
1.24746	160487052.17238644
1.24747	134177593.97650167
1.24748	145911660.55593982
1.24749	170714338.6745634
1.2475	180081873.3994172
1.24751	178846316.54388112
1.24752	164766911.09175658
1.24753	145951983.00817502
1.24754	152457923.388472
1.24755	157768392.30560824
1.24756	156837532.14039183
1.24757	149083644.16425684
1.24758	162817094.34494525
1.24759	175258867.09168068
1.2476	170623953.22347772
1.24761	186956255.0282288
1.2476200000000002	192309172.8910161
1.24763	187365661.1955119
1.24764	181873741.0054791
1.24765	168050573.92224047
1.24766	165439801.37289602
1.24767	173444287.24302804
1.24768	172874127.01122582
1.24769	189535253.29920053
1.2477	189849737.067567
1.24771	184603529.4155519
1.2477200000000002	165356015.96772584
1.24773	159378597.20609328
1.24774	134706949.04974213
1.24775	120425927.53839198
1.24776	149056184.47133255
1.24777	163821161.20709035
1.24778	163564857.64278892
1.24779	167024430.64510885
1.2478	152601920.75894642
1.24781	143179222.57995024
1.2478200000000002	163504609.22116867
1.24783	163734425.37887555
1.24784	165802089.73273608
1.24785	161938458.16824833
1.24786	167803107.82909566
1.24787	157010971.21520528
1.24788	176088096.99100783
1.24789	160520313.77716842
1.2479	141400192.27112392
1.24791	147431403.53353277
1.24792	145542556.77839756
1.24793	160117942.19508362
1.24794	168534959.10713843
1.24795	167895864.88077042
1.24796	182818440.5207375
1.24797	193161246.807708
1.24798	193058976.74322173
1.24799	196101086.5508874
1.248	191258171.7459212
1.24801	179783569.97779527
1.24802	164353894.6882175
1.24803	144467447.6355835
1.24804	153034729.42230776
1.24805	172691117.55075464
1.24806	184212883.2216944
1.24807	183632691.62286955
1.24808	165989264.28018486
1.24809	163038435.78631696
1.2481	152936096.08508566
1.24811	139910400.57074913
1.24812	120564652.85255912
1.24813	111871638.77996244
1.24814	131210925.85920522
1.24815	120656299.08987956
1.24816	137445333.68911123
1.24817	163083491.19528458
1.2481799999999998	167001356.96116918
1.24819	173792087.59240997
1.2482	181547385.94614065
1.24821	182725853.8699769
1.24822	179489893.55209568
1.24823	162993392.82489982
1.24824	150761343.85335183
1.24825	154813917.35203597
1.24826	172143250.78324163
1.24827	184111111.54351583
1.2482799999999998	190348737.20440945
1.24829	181769076.19211292
1.2483	166306797.26601398
1.24831	165500762.87699893
1.24832	177206643.65808144
1.24833	170561104.6139386
1.24834	172901993.27406803
1.24835	194012628.69382343
1.24836	198243976.28726408
1.24837	202693583.11911145
1.2483799999999998	202232057.32595456
1.24839	202955114.46320745
1.2484	204399580.43495512
1.24841	195564490.1122522
1.24842	178422656.00411946
1.24843	179283367.08448088
1.24844	189382567.46549132
1.24845	177439375.37613755
1.24846	195321477.1292284
1.24847	197765257.9167865
1.24848	196137213.0332465
1.24849	184637537.77453727
1.2485	176681061.5667646
1.24851	146345711.3535887
1.24852	124108063.72156537
1.24853	124775695.70016669
1.24854	152342121.767391
1.24855	152198369.54698783
1.24856	164353894.6882175
1.2485700000000002	166237883.14885142
1.24858	154507654.578713
1.24859	139463320.1259674
1.2486	139062489.54183412
1.24861	153024158.52281794
1.24862	165760099.9744127
1.24863	179299880.45327687
1.24864	187546947.50001398
1.24865	198472344.53365716
1.24866	196833946.44420516
1.2486700000000002	187512403.25730982
1.24868	177901659.79367107
1.24869	168608707.79421458
1.2487	174594275.42078054
1.24871	185481244.00279063
1.24872	192260470.1532749
1.24873	190309294.8165978
1.24874	181810934.88760895
1.24875	165139132.9359551
1.24876	170176661.7034108
1.2487700000000002	160857013.03606457
1.24878	133186436.74223258
1.24879	132543977.75828692
1.2488	159415299.70966983
1.24881	160897760.76186255
1.24882	161945915.88156214
1.24883	172981635.92150995
1.24884	171818530.35908553
1.24885	163030927.76176068
1.24886	158606141.5257905
1.24887	176957918.01671803
1.24888	182835279.4968239
1.24889	185161205.6650402
1.2489	194639060.6617421
1.24891	195083258.02609187
1.24892	187236278.2744117
1.24893	187016532.3192801
1.24894	176323419.6324168
1.24895	158960785.4413109
1.24896	150480421.84115988
1.24897	172325679.64175165
1.24898	179870524.06243637
1.24899	189517797.26113927
1.249	187879761.41105887
1.24901	181463799.53318983
1.24902	179448569.23459262
1.24903	167922928.67789203
1.24904	155024378.88710433
1.24905	168787390.91979623
1.24906	179700795.64511356
1.24907	176331539.81294167
1.24908	174325130.90523458
1.24909	171269488.2245379
1.2491	182616493.73359752
1.24911	181861178.0464484
1.24912	177815657.50917155
1.24913	166924467.69992453
1.24914	149944313.43454564
1.24915	121540214.92658414
1.24916	125005752.85109009
1.24917	131607306.23858751
1.24918	148415753.05106726
1.24919	154294341.75061134
1.2492	171941218.44521692
1.24921	170781176.08464697
1.24922	169347971.9272623
1.2492299999999998	178949298.39719987
1.24924	190884207.84297436
1.24925	181138180.07467413
1.24926	189269223.33291563
1.24927	183818831.05462152
1.24928	164839010.93045464
1.24929	164376602.5864603
1.2493	162480033.52273223
1.24931	173404354.81756788
1.24932	166452376.45619032
1.2493299999999998	149689038.91882578
1.24934	162390268.54325283
1.24935	188395272.2321028
1.24936	200364141.53732628
1.24937	195780755.46512032
1.24938	211626475.93310237
1.24939	212290226.3005656
1.2494	208694017.69345123
1.24941	209575253.4280671
1.24942	218267965.3208061
1.2494299999999998	215188966.62393132
1.24944	221192297.69604743
1.24945	203624485.50853702
1.24946	211198096.67422333
1.24947	208170890.49481192
1.24948	203277822.53255343
1.24949	194751136.16646883
1.2495	181305091.3576457
1.24951	192056937.75938237
1.24952	205574858.4997909
1.24953	203901302.49327904
1.24954	196965426.14123663
1.24955	182936345.9293093
1.24956	195893488.3714038
1.24957	186479029.36994323
1.24958	165523629.23188302
1.24959	148627783.1007336
1.2496	138417180.9468055
1.24961	153511176.46107417
1.2496200000000002	166107789.94275716
1.24963	160549885.43526542
1.24964	138643655.3301338
1.24965	123407058.30065732
1.24966	135369242.90762028
1.24967	141631547.37551296
1.24968	161916087.08883718
1.24969	161380107.341385
1.2497	157275110.86636448
1.24971	149978843.36388803
1.2497200000000002	152507077.93866217
1.24973	175170108.91458565
1.24974	187081136.69733852
1.24975	196037881.2175252
1.24976	195541976.2142987
1.24977	193370401.9602141
1.24978	201808753.53247127
1.24979	198285063.1706009
1.2498	184777888.4926357
1.24981	179423779.21103767
1.2498200000000002	180007251.17395002
1.24983	172814428.71317646
1.24984	161320663.66327193
1.24985	151537458.767057
1.24986	138928069.19983467
1.24987	158379876.50747755
1.24988	170804772.00597075
1.24989	157554205.49016562
1.2499	143608451.72486258
1.24991	153320419.9034917
1.24992	160265484.2049881
1.24993	175683105.60632068
1.24994	181000593.9497545
1.24995	176546860.9106819
1.24996	180913093.55996892
1.24997	177701052.4664033
1.24998	167301563.6398643
1.24999	157452659.27814218
1.25	143962705.57274824
1.25001	148146023.92834732
1.25002	155930115.29197758
1.25003	171798750.15841204
1.25004	170172743.28607944
1.25005	148371333.51251334
1.25006	150750929.9883492
1.25007	156870037.3670654
1.25008	164198807.98587045
1.25009	162517450.24063548
1.2501	158799817.87284684
1.25011	147271937.36199015
1.25012	155987572.65280768
1.25013	156931454.51045668
1.25014	169550861.18732548
1.25015	178180428.90188453
1.25016	189190794.05854765
1.25017	182011990.8460101
1.2501799999999998	164108093.43892142
1.25019	169679743.89129063
1.2502	174566136.41626424
1.25021	166084842.88866305
1.25022	142794013.35254887
1.25023	120259667.84562822
1.25024	134756586.06670564
1.25025	148960115.37013248
1.25026	149965030.43804666
1.25027	143406884.20164156
1.2502799999999998	118173473.21872815
1.25029	129912218.72575352
1.2503	151067137.48390234
1.25031	159151230.214698
1.25032	164406884.66463757
1.25033	168725218.80019262
1.25034	175065270.83833697
1.25035	168966263.40487057
1.25036	180846454.989224
1.25037	191721138.80739188
1.2503799999999998	192810197.7271768
1.25039	180800655.2110004
1.2504	195060799.52884057
1.25041	199802077.6765864
1.25042	201075890.16273093
1.25043	201734418.13399488
1.25044	184268033.0344964
1.25045	181359370.63319656
1.25046	163889073.46922445
1.25047	180285168.44359663
1.25048	188547162.0791608
1.25049	181050613.17218104
1.2505	162408965.49009532
1.25051	144870513.66715246
1.25052	159841666.92887193
1.25053	179936803.02070174
1.25054	174513890.29637912
1.25055	180235360.69214684
1.25056	190103450.6482184
1.2505700000000002	191328646.84154418
1.25058	185173996.5897772
1.25059	185340359.04084012
1.2506	171877884.62661996
1.25061	160302390.94535565
1.25062	147512899.65415272
1.25063	175020935.15821877
1.25064	187369975.49896583
1.25065	188221833.65760633
1.25066	180032121.81270418
1.2506700000000002	157242521.70393023
1.25068	158164859.53935298
1.25069	186564925.91347167
1.2507	194491219.7476764
1.25071	201576546.31358013
1.25072	202586266.1175952
1.25073	198212025.70852503
1.25074	195573496.39722067
1.25075	190519748.70203465
1.25076	193058976.74322173
1.2507700000000002	188733937.25847098
1.25078	183869629.09232992
1.25079	163655271.90357843
1.2508	170513983.34944987
1.25081	174248881.88051447
1.25082	181534845.53013945
1.25083	181940758.1121042
1.25084	180713251.47679657
1.25085	173252695.42955047
1.25086	170832304.70131293
1.25087	162753373.7806955
1.25088	156210419.9725631
1.25089	134403321.0234215
1.2509	121037515.3671044
1.25091	137492813.82463616
1.25092	121986002.60004194
1.25093	126299025.60699354
1.25094	149447963.03050923
1.25095	155320936.34289935
1.25096	160011059.18042687
1.25097	164021205.69318518
1.25098	173172927.9833295
1.25099	182877383.72297025
1.251	187996602.19436803
1.25101	185161205.6650402
1.25102	184242577.22340336
1.25103	174940353.59498155
1.25104	184365646.22989967
1.25105	182150345.7760296
1.25106	178521283.25683862
1.25107	180115048.7618633
1.25108	171929341.57684067
1.25109	172230475.26025736
1.2511	173480234.28832468
1.25111	173716071.71842602
1.25112	178949298.39719987
1.25113	176067825.26660532
1.25114	164202588.84667447
1.25115	149066481.26341873
1.25116	152978359.72875836
1.25117	164713805.07523322
1.25118	156181647.5999264
1.25119	158296021.59117603
1.2512	163990994.6531569
1.25121	175784266.04485676
1.25122	174172666.20677328
1.2512299999999998	161049729.6064459
1.25124	154368967.72034755
1.25125	163855113.81974813
1.25126	174751132.92850557
1.25127	177190323.07464084
1.25128	177202563.37129644
1.25129	175501163.49843842
1.2513	171237942.12449244
1.25131	169543053.26140115
1.25132	165706673.84322026
1.2513299999999998	161487904.84279913
1.25134	155031518.18796876
1.25135	136902065.32032973
1.25136	145800831.24348786
1.25137	167062893.86959812
1.25138	173484228.86432764
1.25139	173452274.83155274
1.2514	169036308.57539517
1.25141	160638633.10038534
1.25142	156902549.3305815
1.2514299999999998	148231328.1851012
1.25144	134852809.84189254
1.25145	138487316.52379236
1.25146	120162789.04695056
1.25147	131677023.21276268
1.25148	147631828.92186782
1.25149	152433352.05482182
1.2515	156329162.04896784
1.25151	155349550.15206006
1.25152	145985593.56362137
1.25153	135089004.10038465
1.25154	133594937.1546966
1.25155	147129581.6178039
1.25156	160427937.44735798
1.25157	164728976.4759785
1.25158	166130740.16732296
1.25159	164660716.1753079
1.2516	158682852.93972304
1.25161	160927401.95466778
1.2516200000000002	160025797.422321
1.25163	152286007.19293392
1.25164	148562773.97985187
1.25165	153935930.06545773
1.25166	145901581.68362084
1.25167	135859496.26622418
1.25168	148432841.02973852
1.25169	146200884.47784755
1.2517	142514810.60757175
1.25171	148016455.46768308
1.2517200000000002	154003290.4089515
1.25173	150276129.19502458
1.25174	142432796.09590173
1.25175	142360662.3685194
1.25176	130692299.69893844
1.25177	137366236.56316438
1.25178	133844336.76499069
1.25179	135176127.28214166
1.2518	144560619.272921
1.25181	150127412.69292557
1.2518200000000002	151698050.63167322
1.25183	149920147.21430296
1.25184	152760123.21513703
1.25185	149313817.77706903
1.25186	143195707.64606562
1.25187	127908674.96387458
1.25188	136210315.85222828
1.25189	140993794.93587244
1.2519	139887851.49584934
1.25191	138025713.236842
1.25192	141706574.53937563
1.25193	141553300.51238674
1.25194	141436011.26436388
1.25195	135518941.2351035
1.25196	115699105.14816403
1.25197	120806415.95154476
1.25198	134304325.47250903
1.25199	132455501.10337128
1.252	129148688.41440082
1.25201	127926347.42111117
1.25202	136423755.2789528
1.25203	131452848.0669221
1.25204	132696662.52751616
1.25205	138423555.44033152
1.25206	135765680.25760308
1.25207	135656310.12345442
1.25208	137632183.53059107
1.25209	136845335.91946104
1.2521	136807529.3792044
1.25211	134775204.66317856
1.25212	125444030.6766513
1.25213	123520772.76118805
1.25214	127461786.13519782
1.25215	131044862.65737258
1.25216	132357940.23059471
1.25217	129601491.62578401
1.2521799999999998	129059506.46688338
1.25219	129246859.73632652
1.2522	128070763.91323084
1.25221	128967416.48410515
1.25222	125886743.74713588
1.25223	123429792.81474388
1.25224	125319888.55540185
1.25225	125883845.13111208
1.25226	125210283.82474372
1.25227	123404216.78084314
1.2522799999999998	122973065.68099365
1.25229	121862476.5985148
1.2523	120859279.25429212
1.25231	119338342.06078444
1.25232	117095444.62438701
1.25233	115989853.52617866
1.25234	117476229.76459254
1.25235	116541338.03318638
1.25236	115228524.29189688
1.25237	114572397.216341
1.2523799999999998	113268721.886357
1.25239	111992773.47989231
1.2524	110453631.70402168
1.25241	109433427.0673318
1.25242	108547543.61469889
1.25243	107144528.98626643
1.25244	105791311.22366811
1.25245	104500892.59696476
1.25246	102669157.91859704
1.25247	100667666.11043662
1.25248	100085231.95024183
1.25249	98564381.2686456
1.2525	97721471.94962975
1.25251	95953318.67678559
1.25252	94308318.16737558
1.25253	91413428.99478096
1.25254	85280551.45552364
1.25255	56996737.85219663
1.25256	48527732.61101051
1.2525700000000002	82778966.51756784
1.25258	90729809.7055978
1.25259	93961512.71479748
1.2526	95898099.40139309
1.25261	97534890.33493996
1.25262	98891735.81717406
1.25263	100052973.4831353
1.25264	101582758.03086218
1.25265	102749566.91040426
1.25266	103573821.39496104
1.2526700000000002	104621272.97893555
1.25268	106558966.57672378
1.25269	107413779.97118989
1.2527	108867938.67781755
1.25271	110555410.121852
1.25272	111550109.26037581
1.25273	112075323.21363954
1.25274	114224693.13610248
1.25275	115268329.6879978
1.25276	114656848.38752918
1.2527700000000002	112271622.77827407
1.25278	117516811.62474357
1.25279	118749010.6460356
1.2528	119522591.22837897
1.25281	117001114.86105852
1.25282	116584281.35878102
1.25283	119955454.34056124
1.25284	123537838.96545447
1.25285	124285367.26498252
1.25286	125652171.96329676
1.2528700000000002	126418315.75063892
1.25288	127268228.78586821
1.25289	126922903.93765256
1.2529	125869353.05209637
1.25291	121026367.91332832
1.25292	117871822.9019721
1.25293	128061917.40382674
1.25294	129461310.81490897
1.25295	132205645.20542292
1.25296	134146702.00043799
1.25297	134480712.06707653
1.25298	133942993.25880016
1.25299	127353240.48463656
1.253	128813090.49885464
1.25301	129130847.09618004
1.25302	126505672.59794983
1.25303	135712546.61222896
1.25304	138589395.35219514
1.25305	137651199.43298006
1.25306	132714996.51537594
1.25307	116853035.88345416
1.25308	129252811.91123004
1.25309	139942619.8402581
1.2531	141374147.79199353
1.25311	140993794.93587244
1.25312	144440838.19917035
1.25313	145194444.66828534
1.25314	140446202.21387947
1.25315	129756762.16395338
1.25316	127309261.82895598
1.25317	135790691.52367535
1.25318	140896433.5040636
1.25319	146365931.15749413
1.2532	147887000.32754922
1.25321	152805856.67335922
1.25322	149899436.41122076
1.2532299999999998	153482901.26167387
1.25324	154931597.88836613
1.25325	147455168.58335882
1.25326	143730852.0089798
1.25327	151603769.5709764
1.25328	152788265.26163682
1.25329	156314764.26409566
1.2533	159023021.14620975
1.25331	159933705.67708877
1.25332	161666486.5408605
1.2533299999999998	161629265.7420333
1.25334	159470369.3132125
1.25335	151918267.8518685
1.25336	152679243.70172358
1.25337	144191612.96882924
1.25338	131486147.23434655
1.25339	147621631.22863165
1.2534	161238964.3560008
1.25341	165615126.24900433
1.25342	164372817.71888798
1.2534299999999998	158931506.47929135
1.25344	161001528.82906017
1.25345	162626007.45602432
1.25346	167467292.88873312
1.25347	169566478.11791977
1.25348	165817361.37281865
1.25349	155081502.5008366
1.2535	160879237.78887978
1.25351	166678659.87607872
1.25352	159915293.68866044
1.25353	161863899.92128417
1.25354	163745736.14294317
1.25355	163870206.12846303
1.25356	161748402.47236136
1.25357	160631235.58828217
1.25358	166613428.03848556
1.25359	164183685.41319904
1.2536	166647959.3599833
1.25361	163824933.37215582
1.2536200000000002	148258635.91988698
1.25363	140068345.90154994
1.25364	150515075.2282378
1.25365	150719692.70918
1.25366	142167393.13080007
1.25367	140510894.97511178
1.25368	134387848.15995637
1.25369	141922090.61288503
1.2537	154368967.72034755
1.25371	169180381.51781082
1.2537200000000002	176059717.23030514
1.25373	174361260.50902036
1.25374	170353083.89871418
1.25375	175186243.42085612
1.25376	178143507.92368206
1.25377	181815121.28729048
1.25378	178747509.72075132
1.25379	165416946.59845802
1.2538	162918348.87441936
1.25381	171482576.4616644
1.2538200000000002	174896049.55044085
1.25383	168484518.06594276
1.25384	157862872.12255287
1.25385	146760776.1929079
1.25386	126852783.12575756
1.25387	121769914.19161978
1.25388	146973826.0642301
1.25389	161135043.25779846
1.2539	171624782.55375093
1.25391	177496584.29312128
1.25392	177832035.69069448
1.25393	172286004.75555876
1.25394	178562394.03427097
1.25395	184901315.07243055
1.25396	184268033.0344964
1.25397	180655005.79594156
1.25398	181827681.06472385
1.25399	180983923.94667011
1.254	179634603.61916405
1.25401	164645551.06127915
1.25402	174216787.00642103
1.25403	185387308.8006732
1.25404	189238719.19687036
1.25405	183374946.43873692
1.25406	189644389.97045648
1.25407	190414492.6840382
1.25408	190813896.4545708
1.25409	184200158.6860245
1.2541	176226006.62848175
1.25411	156642642.17589197
1.25412	147424614.22282356
1.25413	166100140.572473
1.25414	174670675.58518267
1.25415	169840007.36858368
1.25416	147890405.5907775
1.25417	155521343.7392407
1.25418	169648490.6060034
1.25419	167467292.88873312
1.2542	157652187.07500875
1.25421	167706540.3924437
1.25422	169941716.28867498
1.25423	178131202.6311244
1.25424	192043671.3943354
1.25425	192105588.93902218
1.25426	183920441.1679949
1.25427	175950295.27783227
1.2542799999999998	191712309.9259617
1.25429	195541976.2142987
1.2543	197560446.9432607
1.25431	200092126.61229843
1.25432	195307985.2655793
1.25433	187305271.3767465
1.25434	178061488.6936057
1.25435	158274153.69821575
1.25436	161811729.57417503
1.25437	177553811.65505376
1.2543799999999998	172480499.01690286
1.25439	165432182.76391333
1.2544	168709679.34887683
1.25441	179750455.67037416
1.25442	170918864.92581803
1.25443	149858023.38797712
1.25444	163745736.14294317
1.25445	174763204.7260561
1.25446	174220798.54237232
1.25447	172036262.93331248
1.2544799999999998	165493141.46070054
1.25449	154155846.36292776
1.2545	160457492.08753887
1.25451	170737925.36131984
1.25452	174610356.8883845
1.25453	166686335.8887748
1.25454	155747111.16246587
1.25455	134097289.63168374
1.25456	123319001.60351975
1.25457	137854199.27595663
1.25458	152436862.00287247
1.25459	161049729.6064459
1.2546	162805847.72696418
1.25461	152012744.49630043
1.25462	144118588.50546318
1.25463	131686119.45345446
1.25464	134146702.00043799
1.25465	161198130.21961182
1.25466	157199079.99152613
1.2546700000000002	158052001.5284258
1.25468	157652187.07500875
1.25469	144960607.37478837
1.2547	172921900.49761096
1.25471	190528522.6627271
1.25472	191341863.81273964
1.25473	191906639.2695767
1.25474	196295344.6622246
1.25475	188994863.0283897
1.25476	174908131.35882273
1.2547700000000002	151680586.75349313
1.25478	142508247.70912075
1.25479	160084763.96619484
1.2548	156588549.06605875
1.25481	143972650.50762376
1.25482	170541469.1714208
1.25483	179969951.65773585
1.25484	185613688.0342496
1.25485	191148106.37452742
1.25486	194486741.4734017
1.2548700000000002	191840368.50976613
1.25488	191606395.05634227
1.25489	189478527.05337977
1.2549	186200138.63557023
1.25491	173828106.72076562
1.25492	174706876.80453134
1.25493	172647383.13038418
1.25494	161212977.7998242
1.25495	147676027.06689513
1.25496	172555974.22048151
1.25497	186814249.70031723
1.25498	179308137.70804432
1.25499	171048787.50666508
1.255	186779840.413106
1.25501	190598728.89617056
1.25502	194151164.61337847
1.25503	190743610.96506968
1.25504	180650846.1085989
1.25505	184234092.7345316
1.25506	174068425.09295905
1.25507	170580742.31720036
1.25508	167101365.95159185
1.25509	168000277.8532998
1.2551	168935141.5354417
1.25511	162738384.33130357
1.25512	149606340.55143002
1.25513	139871747.23882544
1.25514	125721629.10958344
1.25515	120572981.4513876
1.25516	138883291.29940793
1.25517	153953653.61457986
1.25518	167082128.80327946
1.25519	168011883.30219483
1.2552	180938089.35411882
1.25521	173176915.48326254
1.25522	161279808.83634722
1.2552299999999998	165253246.41654757
1.25524	184335932.39340985
1.25525	186264460.9925385
1.25526	188425640.4096037
1.25527	196992639.8002902
1.25528	195015890.290484
1.25529	191880128.21892783
1.2553	175283081.67161345
1.25531	190532909.79459617
1.25532	184765124.92913163
1.2553299999999998	142603439.3240417
1.25534	138953663.0531345
1.25535	138873697.91286957
1.25536	138184712.7216145
1.25537	170306020.1045331
1.25538	159066966.90181237
1.25539	127133499.02446376
1.2554	133921405.93880785
1.25541	168298404.96373418
1.25542	169851739.9058809
1.2554299999999998	148905246.54338843
1.25544	190761179.9099449
1.25545	202623587.32421267
1.25546	191866874.06702867
1.25547	154269474.44514614
1.25548	157826527.03748742
1.25549	195600517.74078992
1.2555	191258171.7459212
1.25551	188720900.43023783
1.25552	198746733.70847693
1.25553	180858947.8512481
1.25554	165055499.80143926
1.25555	215144377.06269225
1.25556	210955085.7948368
1.25557	196856609.0942909
1.25558	211066836.05163345
1.25559	201804106.76769432
1.2556	164104314.7539295
1.25561	149816621.80599457
1.2556200000000002	140284600.59130827
1.25563	126896604.09204912
1.25564	140371842.35964033
1.25565	157532440.07580733
1.25566	179576705.59725687
1.25567	193677869.8909935
1.25568	168453484.92911258
1.25569	171589219.9788109
1.2557	204028106.9331088
1.25571	200604190.07146028
1.2557200000000002	199489480.7917525
1.25573	191747627.8913252
1.25574	172424906.8341639
1.25575	163301434.591653
1.25576	158964445.69080007
1.25577	146389524.45962262
1.25578	161726057.64830196
1.25579	181756520.4628209
1.2558	187374289.9017615
1.25581	187167310.58539432
1.2558200000000002	189692430.01208052
1.25583	191438816.17030427
1.25584	176945694.61898047
1.25585	176120536.60489002
1.25586	182267820.3091185
1.25587	157797456.9943445
1.25588	151795885.51413
1.25589	147771268.01883626
1.2559	168441848.97651073
1.25591	189941559.75252149
1.25592	191443224.2626973
1.25593	204526694.7494865
1.25594	191734382.8919083
1.25595	198426649.84846383
1.25596	204998177.47416967
1.25597	211110580.52564737
1.25598	166862981.78018817
1.25599	180825635.47014597
1.256	200470281.40205282
1.25601	208118170.74082133
1.25602	158266865.07190531
1.25603	193050086.2534956
1.25604	185263557.8070489
1.25605	181346843.2043845
1.25606	181088136.65996
1.25607	161135043.25779846
1.25608	129984030.71148744
1.25609	136022264.27788863
1.2561	149355080.40996918
1.25611	160816275.6297206
1.25612	173600111.58813053
1.25613	176258471.64859784
1.25614	163320236.4464017
1.25615	137936753.45124042
1.25616	153982015.53775486
1.25617	155145791.72679797
1.25618	164653133.44369906
1.25619	185570953.82328323
1.2562	188512433.60709083
1.25621	188925247.5721357
1.25622	168360419.81034115
1.25623	156624609.06334126
1.25624	170883448.62490773
1.25625	186857270.22369972
1.25626	195609525.68493018
1.25627	203483875.26771423
1.2562799999999998	198783347.58194143
1.25629	195164130.02858263
1.2563	208065464.33822808
1.25631	195812314.13781297
1.25632	179394861.84521043
1.25633	177582432.25473368
1.25634	181781632.78875387
1.25635	180094313.44419193
1.25636	168317782.14907545
1.25637	160402081.60273993
1.2563799999999998	175238690.83040297
1.25639	187758669.89193502
1.2564	201279710.90730065
1.25641	206871183.95998317
1.25642	209170290.71028468
1.25643	211494949.07076356
1.25644	221737935.65565452
1.25645	214284125.98085824
1.25646	201080520.15950784
1.25647	210625039.66405496
1.2564799999999998	203067302.60014644
1.25649	183176602.66689068
1.2565	203868440.13477442
1.25651	207505685.2353505
1.25652	173089211.69064745
1.25653	160125316.0686081
1.25654	153299239.3678252
1.25655	176242238.39100504
1.25656	193308076.7536931
1.25657	205555925.22752655
1.25658	193900978.18583545
1.25659	160007374.83204898
1.2566	203432342.51104653
1.25661	209898821.40568203
1.25662	215461659.25813293
1.25663	209918154.69188747
1.25664	206499973.37651232
1.25665	194531528.85671192
1.25666	192566173.2408705
1.2566700000000002	196123664.8225028
1.25668	160694125.30128753
1.25669	166069546.61375695
1.2567	177615147.16069862
1.25671	146450210.41548836
1.25672	142741415.78333202
1.25673	151956751.24656418
1.25674	162704663.11748886
1.25675	162644731.54487386
1.25676	160971873.98283762
1.2567700000000002	158781536.42056122
1.25678	149355080.40996918
1.25679	173408347.64636132
1.2568	165192376.0840831
1.25681	184969447.78405064
1.25682	201897062.39546525
1.25683	190546071.7963244
1.25684	184454816.48060265
1.25685	148152846.46196616
1.25686	159771752.905864
1.2568700000000002	173884151.31462055
1.25688	153610180.6858637
1.25689	161402404.36734155
1.2569	181154864.2859272
1.25691	165055499.80143926
1.25692	206290866.46684164
1.25693	207936150.6615502
1.25694	198838281.03967533
1.25695	206837842.9517186
1.25696	194410626.58536962
1.25697	179250344.90935186
1.25698	152342121.767391
1.25699	176880517.42280933
1.2570000000000001	166191956.26958132
1.25701	186973475.1286665
1.25702	195907020.6815715
1.25703	186887390.48458657
1.25704	174517908.67346522
1.25705	170553250.16565636
1.25706	141396936.44885948
1.25707	152317569.09725273
1.25708	166789996.66578403
1.25709	183088050.337956
1.2571	195393449.477664
1.25711	206371632.6599195
1.25712	199880303.40445963
1.25713	184085677.41043052
1.25714	171233999.27055764
1.25715	150851627.48977184
1.25716	167478861.51906016
1.25717	158259576.78124136
1.25718	165310332.72370106
1.25719	175727609.02509913
1.2572	192194077.20570892
1.25721	182860540.86911988
1.25722	184837463.44808623
1.2572299999999998	173133058.03345492
1.25724	177656049.26856118
1.25725	147679427.4722292
1.25726	156037865.21090236
1.25727	143962705.57274824
1.25728	150034107.79118547
1.25729	170145316.89091003
1.2573	192646001.78279436
1.25731	202381122.3233529
1.25732	202097062.0115576
1.2573299999999998	178558282.53054002
1.25734	191557870.29869455
1.25735	194849815.9922711
1.25736	151049746.2381016
1.25737	183950088.02981424
1.25738	210843394.70470092
1.25739	215307917.30580607
1.2574	212212030.09604785
1.25741	204136187.72792637
1.25742	193023417.24071985
1.2574299999999998	178796906.30698234
1.25744	177341345.84263718
1.25745	182322387.80729815
1.25746	166498375.30215997
1.25747	152222903.0028801
1.25748	135054792.50122112
1.25749	150456169.21741492
1.2575	177729696.80041155
1.25751	190805109.3522329
1.25752	207343296.97965416
1.25753	205873287.6733522
1.25754	195442945.85057163
1.25755	199949351.53901383
1.25756	197564995.99303415
1.25757	188716555.02094588
1.25758	177186243.16364756
1.25759	177157686.4169574
1.2576	176522471.74525586
1.25761	174156625.05011448
1.2576200000000002	168422457.50827035
1.25763	174140585.37083277
1.25764	179535361.29284215
1.25765	177104664.6687929
1.25766	191051301.2441585
1.25767	203530734.5561685
1.25768	195717653.3776575
1.25769	202941095.30478483
1.2577	192921220.15069884
1.25771	183151297.63205987
1.2577200000000002	167051353.97230592
1.25773	148946396.26828662
1.25774	158551370.36440942
1.25775	131828709.28890242
1.25776	139113731.4948376
1.25777	143363963.77378443
1.25778	162813345.38596383
1.25779	181840241.70978585
1.2578	181442908.94378585
1.25781	172623532.66051
1.2578200000000002	163775902.00052297
1.25783	156239197.6457555
1.25784	170651456.77192667
1.25785	179365949.13993704
1.25786	173025455.01360732
1.25787	176900882.7172403
1.25788	184357156.0736212
1.25789	185789001.21185836
1.2579	169472798.10629913
1.25791	171711744.32444525
1.25792	175808553.21635097
1.25793	171320763.03251594
1.25794	150549736.59547108
1.25795	126975519.98224366
1.25796	144371011.74519315
1.25797	165306526.3564453
1.25798	183844228.31897363
1.25799	185007783.46649763
1.258	188673106.43070248
1.25801	185220904.20726648
1.25802	181844428.7842896
1.25803	168224792.00171435
1.25804	171771061.70301983
1.25805	166640285.11455095
1.25806	164486401.66480812
1.25807	166743917.25298506
1.25808	177341345.84263718
1.25809	178805140.398401
1.2581	178768089.97298768
1.25811	174956466.93903124
1.25812	181965895.8931666
1.25813	201284345.59727764
1.25814	207080879.10896695
1.25815	210789998.13290858
1.25816	209782859.07488
1.25817	197192321.55470812
1.25818	184535531.48841092
1.25819	172464613.70742548
1.2582	150103216.96294695
1.25821	124296814.89751512
1.25822	150241530.8209708
1.25823	165901380.54034305
1.25824	175602219.17252734
1.25825	193130115.40214884
1.25826	199177372.97496727
1.25827	209749048.79785416
1.2582799999999998	216366490.0980058
1.25829	211650841.734122
1.2583	194446441.64481303
1.25831	183054327.37881732
1.25832	159543825.04475236
1.25833	174706876.80453134
1.25834	174148605.02580965
1.25835	147092320.71485445
1.25836	172258237.77033344
1.25837	191734382.8919083
1.2583799999999998	191064499.0563371
1.25839	173416333.57976833
1.2584	155027948.4964394
1.25841	168457363.75860158
1.25842	172448729.86097112
1.25843	179862240.90941662
1.25844	182444174.17974064
1.25845	192459786.63930172
1.25846	191399147.90593603
1.25847	205560658.38211063
1.2584799999999998	197555897.99823177
1.25849	192300316.9302384
1.2585	194558406.2372004
1.25851	184208641.61213964
1.25852	179382470.11517167
1.25853	183058542.40899867
1.25854	194787013.9558725
1.25855	182213269.14251447
1.25856	179663559.62991333
1.25857	163885299.8272957
1.25858	161309520.41149077
1.25859	160081077.92072105
1.2586	162498740.80474415
1.25861	175129779.14974648
1.25862	194039434.3806536
1.25863	202329868.8413897
1.25864	199457329.47758383
1.25865	183831529.248202
1.25866	196403851.45726576
1.2586700000000002	208559511.0523699
1.25868	207821272.64304948
1.25869	210586244.671192
1.2587	209551126.57422692
1.25871	215983214.23450723
1.25872	223650565.17928502
1.25873	210872525.8084168
1.25874	222377068.08141556
1.25875	214847349.34813303
1.25876	207037969.63416752
1.2587700000000002	204333700.41436103
1.25878	199287472.87786317
1.25879	184939636.63409156
1.2588	179044094.07360712
1.25881	166111614.76000118
1.25882	180913093.55996892
1.25883	177210724.0388189
1.25884	149996111.3103415
1.25885	154992256.10151547
1.25886	159808545.94730905
1.2588700000000002	189605093.5312722
1.25888	194836356.70869303
1.25889	184960929.8223233
1.2589	191513767.5467469
1.25891	195938599.70745277
1.25892	201089780.4728975
1.25893	206937882.10048556
1.25894	204776445.3753664
1.25895	201321426.95918268
1.25896	160320847.50256816
1.25897	172894031.026362
1.25898	156938681.63742146
1.25899	155478377.54018584
1.2590000000000001	144291251.41633517
1.25901	127115936.09571555
1.25902	144950594.19662666
1.25903	154056490.4478589
1.25904	168566007.25344992
1.25905	160342998.1762604
1.25906	167876536.26765373
1.25907	174831627.33233798
1.25908	174521927.14307895
1.25909	182873172.8640738
1.2591	196915544.19671437
1.25911	193085650.6690637
1.25912	169344072.59099853
1.25913	157594116.560516
1.25914	158379876.50747755
1.25915	160494443.04444563
1.25916	134905606.88648888
1.25917	148555932.56880724
1.25918	169340173.3445185
1.25919	192734738.9761057
1.2592	203296545.97414276
1.25921	201990060.84074304
1.25922	188751321.09703317
1.2592299999999998	190554846.96926808
1.25924	175521369.97973835
1.25925	168752416.28414515
1.25926	171889757.94035393
1.25927	183235661.34556964
1.25928	192907894.08520058
1.25929	198966518.15130872
1.2593	194724232.16119584
1.25931	206001318.47354868
1.25932	201664753.56574145
1.2593299999999998	201247271.0653828
1.25934	200890777.68436432
1.25935	195771739.6357388
1.25936	190160363.9842071
1.25937	175897634.89128977
1.25938	148494374.04497933
1.25939	137901820.6530431
1.2594	120967860.62263072
1.25941	134332160.59898126
1.25942	160697825.46286142
1.2594299999999998	175145909.94133797
1.25944	181547385.94614065
1.25945	182831069.607402
1.25946	163293914.45583302
1.25947	140116732.14986885
1.25948	158580579.29631907
1.25949	178714586.2451049
1.2595	177480237.00639108
1.25951	174445592.04057345
1.25952	173908175.95742986
1.2595299999999998	169597716.29455617
1.25954	156592154.69215792
1.25955	167610028.5284794
1.25956	167679511.47018224
1.25957	142744702.56373358
1.25958	121004076.08569561
1.25959	143972650.50762376
1.2596	163994770.728827
1.25961	187871109.427522
1.25962	195370955.27035782
1.25963	193628820.5276084
1.25964	194760104.99424216
1.25965	192623823.86888573
1.25966	182970047.15346
1.25967	158350704.54298297
1.25968	170459024.994297
1.25969	184624783.9057825
1.2597	146946754.97836977
1.25971	164346326.08593428
1.2597200000000002	159775431.82878408
1.25973	163847568.18664384
1.25974	165615126.24900433
1.25975	159034006.44676182
1.25976	144334449.45637065
1.25977	135469023.4078469
1.25978	134032463.51782458
1.25979	152363170.06323975
1.2598	168430213.82766423
1.25981	193139009.57743755
1.2598200000000002	203910692.71148688
1.25983	200812156.49438345
1.25984	200013817.984688
1.25985	188816524.75339347
1.25986	197637795.036638
1.25987	184544029.85937
1.25988	169507922.04405916
1.25989	183374946.43873692
1.2599	190862232.7514133
1.25991	184828951.56432143
1.2599200000000002	171818530.35908553
1.25993	175962449.91344362
1.25994	176043502.27782783
1.25995	176002971.42988697
1.25996	171782927.63743278
1.25997	170859841.8347582
1.25998	191020509.8942375
1.25999	199687095.45290425
1.26	160546188.68009734
1.26001	173444287.24302804
1.26002	191068898.52966082
1.26003	189068857.55785835
1.26004	194522570.55501708
1.26005	211173782.99440464
1.26006	192393324.86214745
1.26007	217906407.104776
1.26008	222592229.79579413
1.26009	225449875.5972981
1.2601	224042288.41787228
1.26011	210891948.7802412
1.26012	214486518.54918033
1.26013	182221660.56687856
1.26014	179097696.44982946
1.26015	196015312.82154375
1.26016	195677098.49035183
1.26017	180256112.24941823
1.26018	168321657.85385644
1.26019	170121812.07038417
1.2602	190261098.5525524
1.26021	180825635.47014597
1.26022	169800904.7636935
1.26023	168062182.8455849
1.26024	161068272.20915452
1.26025	174341187.58257094
1.26026	187266459.6291021
1.26027	202735592.20185235
1.2602799999999998	209541476.61042225
1.26029	200604190.07146028
1.2603	198426649.84846383
1.26031	195379952.64251217
1.26032	151272505.46500537
1.26033	216925196.73660907
1.26034	194594248.5211691
1.26035	204512567.0338924
1.26036	190879812.62226185
1.26037	178094291.85315597
1.2603799999999998	196272746.62637493
1.26039	204686877.08326495
1.2604	190033426.84841624
1.26041	178533615.49614272
1.26042	186500499.79751575
1.26043	169386970.22850412
1.26044	165082105.7489032
1.26045	144843829.99007046
1.26046	131856031.33368999
1.26047	154038755.05989033
1.2604799999999998	163094756.9928594
1.26049	168915693.27806577
1.2605	158430940.37753344
1.26051	150757872.48508814
1.26052	176693266.68366715
1.26053	189121106.43193045
1.26054	199296650.61647183
1.26055	201618323.88582683
1.26056	183971267.2854944
1.26057	161699992.5882894
1.26058	177092431.13450658
1.26059	186711040.8510383
1.2606	201850579.2306237
1.26061	215988187.48905784
1.26062	218861816.78225523
1.26063	214012923.65659085
1.26064	146089835.48118198
1.26065	197333127.95365003
1.26066	163938138.7222298
1.2606700000000002	197296781.19591105
1.26068	194213761.6431252
1.26069	200318011.29992265
1.2607	205570125.01824075
1.26071	210329408.2644856
1.26072	188052884.78023803
1.26073	197319497.1348844
1.26074	177623326.82884353
1.26075	180833962.99014565
1.26076	200691971.83328733
1.2607700000000002	199553798.96871603
1.26078	182162928.71075
1.26079	161770750.38368556
1.2608	157605003.15242755
1.26081	179386600.5967416
1.26082	197269525.5210725
1.26083	211733706.4437486
1.26084	214521092.47765258
1.26085	219159348.13289568
1.26086	164096757.64496234
1.2608700000000002	222361707.3483036
1.26088	212799204.44227335
1.26089	211792218.71228236
1.2609	211694707.24572703
1.26091	210702651.09197682
1.26092	207195347.85780525
1.26093	190212914.49432018
1.26094	172492413.959202
1.26095	162858338.5915614
1.26096	154496981.93667144
1.26097	158259576.78124136
1.26098	162244506.2104105
1.26099	203943561.8808512
1.261	201034224.98881996
1.26101	207821272.64304948
1.26102	214076995.03135276
1.26103	209527002.4979336
1.26104	186135838.49092087
1.26105	176945694.61898047
1.26106	180227060.73816693
1.26107	177410777.83264318
1.26108	167698817.39867502
1.26109	175962449.91344362
1.2611	177023123.73357517
1.26111	170012165.834382
1.26112	152528149.02562252
1.26113	168604825.47994053
1.26114	180318381.25782388
1.26115	173772080.19064146
1.26116	182267820.3091185
1.26117	177206643.65808144
1.26118	161372675.6839168
1.26119	186427510.42789355
1.2612	205257956.09525332
1.26121	205726387.47176808
1.26122	210310037.10217065
1.26123	208809378.1419792
1.26124	190195396.04423052
1.26125	203376139.84257343
1.26126	208968102.8873433
1.26127	186041571.77568525
1.26128	201966807.2142039
1.26129	204178495.79643402
1.2613	186852967.72558507
1.26131	187495133.5220429
1.26132	144148457.67850688
1.2613299999999998	206134175.25512815
1.26134	214605080.93662348
1.26135	218102176.730404
1.26136	215223653.78278217
1.26137	202404423.65242767
1.26138	178780439.2616839
1.26139	174521927.14307895
1.2614	180696607.93771327
1.26141	179982383.97096354
1.26142	166640285.11455095
1.2614299999999998	151953252.35334498
1.26144	175283081.67161345
1.26145	172619557.90254134
1.26146	171474679.57901248
1.26147	178381577.39885348
1.26148	168484518.06594276
1.26149	146524416.30479398
1.2615	173061315.25419357
1.26151	175905735.46325046
1.26152	186586406.23081857
1.2615299999999998	205584325.7898748
1.26154	200853775.64368132
1.26155	210169649.5199304
1.26156	212041076.30157253
1.26157	207343296.97965416
1.26158	198266801.28237996
1.26159	203666687.52464503
1.2616	202656249.0199804
1.26161	201219469.64789945
1.26162	207247833.84558892
1.26163	202772940.91788468
1.26164	213904538.8581852
1.26165	205787978.0161376
1.26166	213545291.48608497
1.26167	159746002.81717545
1.26168	164085422.63402587
1.26169	188057214.9077828
1.2617	169812634.59978586
1.26171	185519685.757119
1.2617200000000002	202004014.30176404
1.26173	211387839.47650456
1.26174	213998140.6781517
1.26175	214906722.06686527
1.26176	217986701.58180436
1.26177	221426706.29584023
1.26178	211339171.23105663
1.26179	199829683.2606057
1.2618	167725849.4329353
1.26181	179299880.45327687
1.2618200000000002	198792502.10418853
1.26183	195807805.44456518
1.26184	199039833.62988135
1.26185	185541045.72981828
1.26186	200761300.35660383
1.26187	206756894.30124608
1.26188	202213431.92287812
1.26189	186668053.99433705
1.2619	176909029.49153462
1.26191	181338492.06592187
1.2619200000000002	180380671.77689758
1.26193	165710489.4243185
1.26194	145355008.21329686
1.26195	155991164.4407542
1.26196	184777888.4926357
1.26197	197469487.94093332
1.26198	208401096.65884453
1.26199	196843011.19114423
1.262	200308786.52699932
1.26201	192965647.01789868
1.26202	170157070.51897106
1.26203	151666617.09851107
1.26204	147890405.5907775
1.26205	168818485.57004902
1.26206	151175007.90938333
1.26207	139017668.31639227
1.26208	153953653.61457986
1.26209	164528068.77441153
1.2621	169617243.07725385
1.26211	203934170.14899784
1.26212	211475470.56311664
1.26213	208458687.96603525
1.26214	188529797.04347315
1.26215	196503368.70902643
1.26216	200585714.59359518
1.26217	200516446.7049801
1.26218	162009320.31305382
1.26219	179849816.8950909
1.2622	159896883.8198686
1.26221	167625466.6935474
1.26222	187585817.379928
1.26223	201043483.17018905
1.26224	189858480.1723729
1.26225	163000899.12086856
1.26226	148508051.51212317
1.26227	169589906.21092477
1.2622799999999998	166391064.42926136
1.26229	157724805.3098597
1.2623	176628182.46825472
1.26231	194128813.42116997
1.26232	195897999.0375958
1.26233	186491911.32986024
1.26234	167498144.34554383
1.26235	149909791.45509866
1.26236	130972464.59619428
1.26237	129223053.7775999
1.2623799999999998	160646030.95316496
1.26239	181752335.4124577
1.2624	181083966.99952543
1.26241	149589117.47640982
1.26242	147143133.37713087
1.26243	158891256.71188614
1.26244	178135304.30086404
1.26245	180144082.2174621
1.26246	164880767.361781
1.26247	177815657.50917155
1.2624799999999998	174112519.48661968
1.26249	161796826.84942642
1.2625	170506131.0711328
1.26251	169316779.75100085
1.26252	196657267.29049945
1.26253	184539780.62496996
1.26254	210324565.30664083
1.26255	206229125.41235143
1.26256	197865464.98918143
1.26257	207878703.7168071
1.26258	216306714.08618015
1.26259	221809427.04321256
1.2626	216680585.2811304
1.26261	199214066.1824229
1.26262	188204498.58439383
1.26263	178200943.86277053
1.26264	192921220.15069884
1.26265	193112328.2802992
1.26266	195677098.49035183
1.2626700000000002	182309793.857914
1.26268	177014971.70516783
1.26269	173085226.21014637
1.2627	161298377.92943093
1.26271	158019251.38555518
1.26272	161090526.15051934
1.26273	185314755.09266767
1.26274	203488560.7110364
1.26275	199471107.9776775
1.26276	194316643.4373957
1.2627700000000002	171383891.56211913
1.26278	174714922.53879365
1.26279	155933705.75690427
1.2628	197401296.17302358
1.26281	177750159.8658594
1.26282	226829742.62244785
1.26283	206390641.0650748
1.26284	200673488.2707947
1.26285	206704532.64502448
1.26286	181647740.46565747
1.2628700000000002	217370197.51571125
1.26288	207496129.46543068
1.26289	197033467.33896887
1.2629	208766110.50284308
1.26291	197760704.25586408
1.26292	199287472.87786317
1.26293	200701214.2529525
1.26294	196988103.92935342
1.26295	182877383.72297025
1.26296	161878808.8239762
1.26297	149186663.0746304
1.26298	148190376.01352242
1.26299	145851197.76406214
1.263	132990310.50242788
1.26301	166847613.83934197
1.26302	185029084.50087503
1.26303	191416777.23077533
1.26304	202987829.5991432
1.26305	181138180.07467413
1.26306	172734863.04977202
1.26307	187633335.95127308
1.26308	203507303.56322223
1.26309	206167402.8364203
1.2631	209671788.62529305
1.26311	212451596.98426127
1.26312	201962156.81014836
1.26313	182557634.61880684
1.26314	176075933.67630288
1.26315	180596778.8882496
1.26316	186797044.2644081
1.26317	197906473.42448744
1.26318	178213253.9730489
1.26319	180264413.5413005
1.2632	163151097.65541652
1.26321	146534538.20249045
1.26322	162682186.1902646
1.26323	153960743.60558793
1.26324	129318303.9294792
1.26325	158993730.7210055
1.26326	181714674.29526675
1.26327	188187165.10772705
1.26328	180065288.00972593
1.26329	189060150.8156812
1.2633	200876901.1203485
1.26331	196485270.91337287
1.26332	196060452.2119388
1.2633299999999998	177754252.7616641
1.26334	181238308.3961744
1.26335	196033367.3304641
1.26336	194392721.52951258
1.26337	176713610.41881907
1.26338	178891621.25599134
1.26339	179642876.28885713
1.2634	192566173.2408705
1.26341	187098368.300332
1.26342	167116757.2649476
1.2634299999999998	181459621.22289756
1.26344	192406615.38123447
1.26345	189338965.53786963
1.26346	191972932.9224501
1.26347	196716142.71379983
1.26348	190730435.31828964
1.26349	195101226.6856396
1.2635	198984844.4888021
1.26351	193579783.58608663
1.26352	182751100.12352023
1.2635299999999998	160535098.92530432
1.26354	137971695.09848982
1.26355	155464058.11185363
1.26356	149227890.56853282
1.26357	165363631.06901646
1.26358	179345300.06058243
1.26359	153055873.41205034
1.2636	160464881.59827384
1.26361	142856498.13946113
1.26362	168802937.52894184
1.26363	154742639.32201222
1.26364	163764589.15274298
1.26365	186766938.5644388
1.26366	197278610.32763213
1.26367	192189651.82448697
1.26368	195879956.99598187
1.26369	207615608.22452265
1.2637	212334224.32726347
1.26371	215506314.57741818
1.2637200000000002	215283130.4926376
1.26373	210605641.27433568
1.26374	186311644.84258768
1.26375	211052256.57468668
1.26376	205262682.3887656
1.26377	182624903.72756708
1.26378	157590487.86365786
1.26379	170710407.87690476
1.2638	170435476.8363887
1.26381	178402115.51914915
1.2638200000000002	172997568.85268676
1.26383	163448146.48112562
1.26384	182465180.050701
1.26385	183282077.9508772
1.26386	160213829.04318452
1.26387	168900136.28421015
1.26388	185212374.66580948
1.26389	190064059.08652523
1.2639	175266938.24662048
1.26391	177656049.26856118
1.2639200000000002	179920230.99187082
1.26393	179659422.77119943
1.26394	167301563.6398643
1.26395	184680057.03376865
1.26396	196988103.92935342
1.26397	200946293.5270096
1.26398	205607995.9226077
1.26399	196435510.56925985
1.264	161227826.74761227
1.26401	148426005.6021896
1.26402	169098595.32582188
1.26403	147292285.13758734
1.26404	172762706.8641073
1.26405	172377270.65323249
1.26406	185806113.79929543
1.26407	200705835.6223984
1.26408	193374854.5295257
1.26409	200414897.06824875
1.2641	187145763.39281183
1.26411	204117386.9560349
1.26412	200567240.81730536
1.26413	196734261.77451128
