1.23581	2011546146.0868595
1.23582	2127894049.0239835
1.23583	2128580111.5946093
1.23584	2153128750.108913
1.23585	2102083677.6606128
1.23586	2126424659.4565675
1.23587	2165309593.2037373
1.23588	1859773263.8863218
1.23589	1505150752.2823784
1.2359	1947376836.9921699
1.23591	2190029677.0693755
1.23592	2142199926.1361234
1.23593	2164262826.288351
1.23594	2246984103.640153
1.23595	2203129369.4228888
1.23596	2208920064.073314
1.23597	2166356866.3981857
1.23598	1632074577.8070993
1.23599	1777174200.9192562
1.236	2184389096.17916
1.23601	2011546146.0868595
1.23602	2017158385.63072
1.23603	2109939487.3700378
1.23604	2141706723.1587813
1.23605	2034510801.8510711
1.23606	1856521572.3815074
1.23607	2137420645.7147171
1.2360799999999998	1753436327.5945046
1.23609	1718343561.593477
1.2361	2087516899.4889781
1.23611	1976241431.7294192
1.23612	1880702058.8866
1.23613	2099326558.2514482
1.23614	2154864666.263684
1.23615	2214878972.0926037
1.23616	2213706294.761883
1.23617	2133192263.758416
1.2361799999999998	1797049334.5648406
1.23619	2077160235.4708292
1.2362	2198366006.9914
1.23621	1937893919.3055112
1.23622	2093196500.5231433
1.23623	2048141700.6507368
1.23624	2126473622.7574966
1.23625	2210446459.134146
1.23626	2171350834.7369237
1.23627	2180268599.14772
1.2362799999999998	2156850284.2373643
1.23629	2135403744.8064594
1.2363	2147039329.8845146
1.23631	2111689205.9433796
1.23632	2090932437.2081056
1.23633	2198770998.275065
1.23634	2094401788.16423
1.23635	2090354771.0360718
1.23636	1987009758.5011551
1.23637	2140572787.1943574
1.23638	2151394232.37371
1.23639	2041408881.9147005
1.2364	2126620519.4250047
1.23641	2107220584.1704192
1.23642	1953394677.3057675
1.23643	1787516255.816495
1.23644	2071047215.486858
1.23645	1656036863.5650294
1.23646	1862387293.837821
1.2364700000000002	2163266375.8829217
1.23648	1989390318.0971906
1.23649	1773127640.9836352
1.2365	2131817387.1359324
1.23651	2216664673.1048284
1.23652	2134862948.9255886
1.23653	2119629718.7040024
1.23654	2118507471.5058641
1.23655	2215082979.3795013
1.23656	2184992748.5853963
1.2365700000000002	1938697275.592735
1.23658	1869347321.329166
1.23659	1729059745.3542626
1.2366	2039999213.5549
1.23661	1980523500.393833
1.23662	1919375734.5818923
1.23663	2086651875.4096546
1.23664	2100632111.1095397
1.23665	1868400608.2563727
1.23666	1758854847.3278613
1.2366700000000002	2199834455.4058385
1.23668	2196847953.9297185
1.23669	1994527368.5572329
1.2367	2007705459.6903894
1.23671	2100632111.1095397
1.23672	2087420767.9966247
1.23673	1870208385.836528
1.23674	1913110256.3344
1.23675	1553638590.3333373
1.23676	1743853510.7145355
1.23677	1704590249.94297
1.23678	1856307844.740019
1.23679	2064999733.7651231
1.2368	2116313488.6889136
1.23681	2168103447.4520073
1.23682	2234086581.05638
1.23683	2203788944.2049413
1.23684	2193916023.138163
1.23685	2118166035.962431
1.23686	1969835681.6285765
1.23687	1971787004.621672
1.23688	2168852413.188086
1.23689	2104311361.4301667
1.2369	2143630857.1434894
1.23691	2156701299.4438124
1.23692	2135944677.6798177
1.23693	2093389299.9241016
1.23694	2190786217.164844
1.23695	2216715714.2827816
1.23696	1969110101.0094812
1.23697	2055795920.903348
1.23698	2177659629.3098645
1.23699	2195735381.2937
1.237	2164860916.832348
1.23701	1979292595.6091344
1.23702	2001612479.2063265
1.23703	1985774822.476161
1.23704	1728104495.597144
1.23705	1547889663.076271
1.23706	2149463129.9438205
1.23707	2199682501.4734764
1.23708	2186552956.194995
1.23709	2088959403.2430015
1.2371	1635987571.354738
1.23711	2068473684.057252
1.23712	2185194003.1226163
1.2371299999999998	2011685103.5713155
1.23714	2064904639.202688
1.23715	2030486002.7168078
1.23716	2070713429.0164187
1.23717	2054802095.7424922
1.23718	1818109348.8760893
1.23719	1908402601.8968246
1.2372	1993058287.7774067
1.23721	2113635039.529959
1.23722	2170700968.397714
1.2372299999999998	2223258697.638673
1.23724	2106541405.9882226
1.23725	2095656023.5320528
1.23726	2178462056.569368
1.23727	2230745368.6458
1.23728	2208716624.3857546
1.23729	2242642251.3721023
1.2373	2240113379.698923
1.23731	2161473921.1285415
1.23732	2192401042.954979
1.2373299999999998	2178763043.0157204
1.23734	2083627112.93694
1.23735	2146545012.7215593
1.23736	2068807109.494361
1.23737	2167404646.1165824
1.23738	2126032993.6336484
1.23739	2138405190.9804964
1.2374	2209683129.804183
1.23741	2227357865.821021
1.23742	1979474903.589612
1.23743	1432385777.0125728
1.23744	2021622209.088923
1.23745	2195634266.2708297
1.23746	2180670256.458601
1.23747	2031701962.0293195
1.23748	1942674323.0314867
1.23749	2063146179.4775789
1.2375	2067092922.4757626
1.23751	2157396649.871737
1.2375200000000002	2251852810.5021553
1.23753	2188063895.2673707
1.23754	2127551100.6649296
1.23755	1927081135.2715702
1.23756	2087853394.5771348
1.23757	2178311578.9390244
1.23758	2076251694.9676926
1.23759	1402910610.8466778
1.2376	2044513582.0888984
1.23761	1935441281.5625448
1.2376200000000002	2075773675.3836305
1.23763	2023531642.6934965
1.23764	1778074689.8407547
1.23765	2039013024.9327905
1.23766	2225256098.856434
1.23767	2224999921.527405
1.23768	2145902570.5482047
1.23769	2157943153.9095
1.2377	1676563472.8973348
1.23771	1686591860.1543887
1.2377200000000002	2055653916.4568179
1.23773	2142347909.1757052
1.23774	2104166005.7714727
1.23775	1630384357.8631694
1.23776	1845397806.2496989
1.23777	2117532087.3689442
1.23778	1895483463.8288
1.23779	1996549122.8958309
1.2378	2169351867.411222
1.23781	2234909800.6029887
1.23782	2191694410.2625194
1.23783	2038168099.861748
1.23784	2168502863.652717
1.23785	2035916677.640623
1.23786	1996089453.394481
1.23787	2036338629.7855728
1.23788	2199429268.2441726
1.23789	2085691157.9394906
1.2379	2031935883.8272398
1.23791	2175204034.0195236
1.23792	1992782955.6189446
1.23793	2190080104.9468203
1.23794	2091991906.5017366
1.23795	2021854970.345596
1.23796	2045879261.2880712
1.23797	1961281807.8876526
1.23798	2012055703.7943144
1.23799	2152137425.9545975
1.238	2261882289.0797424
1.23801	2251282523.6291423
1.23802	2206734069.084589
1.23803	2088622729.9016762
1.23804	2155708330.4484873
1.23805	2033293161.4677048
1.23806	2036338629.7855728
1.23807	1881178471.635774
1.2380799999999998	1834720865.35063
1.23809	2182679653.2080607
1.2381	2226332365.7655406
1.23811	2078882771.053279
1.23812	2070284354.0285125
1.23813	1746907864.4752395
1.23814	1927968793.3057094
1.23815	2131375650.7243235
1.23816	2103003521.900484
1.23817	1951102116.3604763
1.2381799999999998	2106686925.7394183
1.23819	2160677751.376689
1.2382	1787927894.034689
1.23821	1931301154.021488
1.23822	2131032141.2426
1.23823	2201405260.828148
1.23824	2210650058.1527023
1.23825	2146100224.5811687
1.23826	2204550237.4037037
1.23827	2080894201.390368
1.2382799999999998	1937313924.581957
1.23829	2003272364.9767306
1.2383	2129560584.7064047
1.23831	1964355105.6925983
1.23832	2198922889.240833
1.23833	2141903990.7221227
1.23834	1996503151.1826167
1.23835	1990719176.4624653
1.23836	2171200848.3154244
1.23837	2187811999.6025424
1.23838	2178110958.267306
1.23839	2138848384.293373
1.2384	2040328049.079716
1.23841	1863888805.6213746
1.23842	2103729999.035432
1.23843	2083195362.0892587
1.23844	2141854672.1279316
1.23845	2010295960.5801644
1.23846	2094160675.1272712
1.2384700000000002	2249883340.8224273
1.23848	2255693042.4912624
1.23849	2217124086.0187764
1.2385	1952225584.3515491
1.23851	2162917726.637832
1.23852	2176256092.757192
1.23853	2245173977.8971915
1.23854	2120947897.92032
1.23855	2168003604.897416
1.23856	2154070931.002821
1.2385700000000002	2045502431.109356
1.23858	2021389474.6283371
1.23859	2170251174.8730702
1.2386	2149364145.7878084
1.23861	2117775891.294072
1.23862	2150799862.2981143
1.23863	2178612544.594688
1.23864	2180871112.8612504
1.23865	2166905640.2060947
1.23866	2150106638.0805283
1.2386700000000002	2151790570.339757
1.23868	2128580111.5946093
1.23869	2127845053.0169075
1.2387	2015301369.4179773
1.23871	2119288102.2902691
1.23872	1971923215.5470812
1.23873	1788174922.4653828
1.23874	1965938826.945452
1.23875	2011638783.343288
1.23876	2025396242.7600105
1.23877	2093774952.0025496
1.23878	2109988071.0814824
1.23879	2143433430.5372066
1.2388	2245225675.533705
1.23881	2185093373.536982
1.23882	2187006128.3311853
1.23883	2158788023.3717527
1.23884	1908314718.7327693
1.23885	1744174769.990553
1.23886	2037558093.951796
1.23887	2216409484.843296
1.23888	2269655799.232356
1.23889	2200999784.3400784
1.2389	2194067578.722555
1.23891	2183634765.189484
1.23892	2053808751.0225317
1.23893	1979657228.3620489
1.23894	2134617177.8934805
1.23895	1896749594.9817567
1.23896	1943927215.2951262
1.23897	1980523500.393833
1.23898	2026842489.4958198
1.23899	1948049553.2907648
1.239	1463558209.0635743
1.23901	1962817855.285131
1.23902	2097635382.492876
1.23903	2177759916.5510526
1.23904	2156055817.5825515
1.23905	1986689516.1768649
1.23906	2120410763.0157247
1.23907	1937536978.9299102
1.23908	1876074152.385153
1.23909	2056884947.608804
1.2391	2043478157.7386007
1.23911	2078787037.1680708
1.23912	2117385818.4863977
1.2391299999999998	1936199037.9621038
1.23914	2125984040.478463
1.23915	2184037042.6281705
1.23916	2149760109.7636423
1.23917	1880831977.6695414
1.23918	1683642964.9690194
1.23919	1900246756.872044
1.2392	1585696253.1632247
1.23921	2127012293.4841332
1.23922	2196595047.020976
1.2392299999999998	2196139887.9535604
1.23924	1880572149.0778282
1.23925	1569278410.7178051
1.23926	2126669487.2358282
1.23927	2046350396.6363688
1.23928	2118312358.7423441
1.23929	1831470804.661352
1.2393	1778607011.3840559
1.23931	1519007786.2170346
1.23932	1345953326.0067039
1.2393299999999998	2100583742.8245554
1.23934	2013492424.6356218
1.23935	1452446017.14184
1.23936	2059206972.0769207
1.23937	1879663031.6408434
1.23938	1823517770.7258976
1.23939	2131768300.791698
1.2394	2073242008.3568718
1.23941	2145951982.3497746
1.23942	2078643444.6063461
1.23943	1576340377.4099662
1.23944	1915225872.8475294
1.23945	2100003410.266612
1.23946	2078308433.8670983
1.23947	2035119895.4600704
1.23948	2130394341.9361813
1.23949	2032965459.741427
1.2395	2159086291.562206
1.23951	2085691157.9394906
1.2395200000000002	2006041900.7146032
1.23953	2147731565.1593733
1.23954	2182629395.7303443
1.23955	2132799351.411536
1.23956	2043195860.2988286
1.23957	1979110304.4190688
1.23958	2041126870.3362086
1.23959	1361538730.9811535
1.2396	2051256640.5097363
1.23961	2140424926.7716324
1.2396200000000002	2085114939.786369
1.23963	2097393897.1960406
1.23964	2160031079.398096
1.23965	2216919890.747677
1.23966	2191391637.4051538
1.23967	2097442192.0312696
1.23968	2173952246.251828
1.23969	2204804060.2403092
1.2397	2245122281.4510465
1.23971	2108676703.4497247
1.2397200000000002	1987741934.8126683
1.23973	2102132080.4832802
1.23974	2089151812.3749056
1.23975	1904451863.4765246
1.23976	2003180112.999226
1.23977	2194522308.295318
1.23978	2058922501.7712421
1.23979	1984632047.5487156
1.2398	2146050809.3662353
1.23981	2195583710.5055666
1.23982	2068568942.984061
1.23983	2110571162.88435
1.23984	2233366512.699801
1.23985	2154914284.4275093
1.23986	1824147700.2299578
1.23987	1882825189.8877034
1.23988	2149512623.731244
1.23989	2220853955.200061
1.2399	2241300045.78233
1.23991	2000460590.0143547
1.23992	2019296069.7981136
1.23993	2071190283.3015406
1.23994	2156055817.5825515
1.23995	2050076182.0649946
1.23996	1934416553.7356849
1.23997	1593602491.232107
1.23998	1771128208.2780972
1.23999	1632450420.1352367
1.24	2048660528.6137726
1.24001	2144075133.4972746
1.24002	2157048946.638459
1.24003	2162519339.162629
1.24004	2151691479.0036216
1.24005	1902523369.069117
1.24006	1959250652.1595774
1.24007	2097345603.4728198
1.2400799999999998	2082428025.9126327
1.24009	2150948439.4207587
1.2401	2241867803.9296
1.24011	2150403706.8104343
1.24012	1861572694.049088
1.24013	1781681210.5900414
1.24014	1895745352.637089
1.24015	2065570393.1134703
1.24016	2039153879.827562
1.24017	1958078054.445652
1.2401799999999998	2105135233.1828234
1.24019	2074531339.4611192
1.2402	2191744876.4723034
1.24021	2041737944.6695316
1.24022	1622631863.7477756
1.24023	1589351660.5459974
1.24024	2174703232.4403553
1.24025	2178110958.267306
1.24026	2117922187.1228235
1.24027	2178010654.8604307
1.2402799999999998	2170650986.7362323
1.24029	2053997922.5106266
1.2403	2027402604.1512184
1.24031	1692933893.8920429
1.24032	2048613357.004922
1.24033	2180318802.2654605
1.24034	2219371475.70657
1.24035	2194269669.121012
1.24036	1987925021.0418851
1.24037	1877673166.9732068
1.24038	1940573068.960623
1.24039	1927391769.0856762
1.2404	2110814165.3572953
1.24041	2164462171.441241
1.24042	2008260285.8584442
1.24043	2023718025.4284344
1.24044	2058211497.9252946
1.24045	2194219144.776389
1.24046	2186150215.3505754
1.2404700000000002	2184992748.5853963
1.24048	2171500831.519484
1.24049	2091943737.162525
1.2405	1892779397.0346055
1.24051	1543369807.4328465
1.24052	1980204303.4465718
1.24053	2156999279.3227854
1.24054	2216460520.145264
1.24055	1992828841.670495
1.24056	2098649924.39243
1.2405700000000002	2131473806.4604487
1.24058	2141164331.0342312
1.24059	2049651383.3455372
1.2406	2071714949.849476
1.24061	2105426088.454329
1.24062	2180921329.852533
1.24063	2248381483.4365764
1.24064	2190130533.985423
1.24065	1977971364.792611
1.24066	2104844418.091675
1.2406700000000002	1991498575.0472016
1.24068	1626634577.8953788
1.24069	1692115485.6627426
1.2407	1974785819.563139
1.24071	1188611697.5787013
1.24072	1902698606.0169024
1.24073	2127208207.5781574
1.24074	2161324616.9565
1.24075	2194876052.007656
1.24076	2036291741.8956606
1.2407700000000002	2094594698.581395
1.24078	2239958643.4931393
1.24079	2069712392.3445613
1.2408	1997560768.4427047
1.24081	1906953047.0946665
1.24082	1610311891.3841045
1.24083	1994619222.0519547
1.24084	1996273308.493979
1.24085	2066331517.5644855
1.24086	2077303725.5725667
1.24087	2108239762.046654
1.24088	2171150855.1439238
1.24089	2231104951.296212
1.2409	2080894201.390368
1.24091	1466763182.1032667
1.24092	2069140588.6776237
1.24093	2022786283.394872
1.24094	1776846863.4832637
1.24095	1606978254.6286142
1.24096	1164930456.9904528
1.24097	1441451385.7582088
1.24098	1593455721.7775743
1.24099	1341374357.9459589
1.2409999999999999	2053714171.8120391
1.24101	1562715788.6513238
1.24102	1465952842.7397952
1.24103	2016647535.6574144
1.24104	1721472145.73708
1.24105	1070853350.8879373
1.24106	1452847398.2578275
1.24107	1612389643.560008
1.24108	1392803982.7995708
1.24109	1955059593.6851554
1.2411	1561636675.582826
1.24111	1426559860.514876
1.24112	1867368377.1654308
1.2411299999999998	2039013024.9327905
1.24114	1981207667.121688
1.24115	2045926369.9413247
1.24116	1676949560.351604
1.24117	1424754377.4997153
1.24118	1996503151.1826167
1.24119	2147286531.1520426
1.2412	1814387311.1451156
1.24121	1893258869.1720695
1.24122	1899809259.257214
1.2412299999999998	1557220097.1710658
1.24124	1335488030.6561148
1.24125	1941332834.5375175
1.24126	2075056852.3535047
1.24127	2095559517.2278168
1.24128	2143877665.973511
1.24129	2105474568.2397254
1.2413	2008630255.148588
1.24131	1789451779.8476925
1.24132	1418730809.2351403
1.2413299999999998	2008399016.355877
1.24134	2104699025.6120114
1.24135	2148869293.3778343
1.24136	1780573887.2351363
1.24137	1994619222.0519547
1.24138	2124907356.1936734
1.24139	1942629591.8171093
1.2414	1835058864.5537024
1.24141	1345302657.1990016
1.24142	2007936618.6298423
1.24143	2017390632.9411411
1.24144	1861701291.3766718
1.24145	1708991882.9699314
1.24146	2045031490.9898672
1.24147	1678649401.6787698
1.24148	1840644849.835562
1.24149	1785911772.1132612
1.2415	2024696816.4742079
1.24151	1249712172.566119
1.2415200000000002	1687485306.6089895
1.24153	1873138973.0187817
1.24154	1786405305.953201
1.24155	1903794202.6863844
1.24156	2104892884.4834712
1.24157	2097490487.9785414
1.24158	1939143728.5352247
1.24159	2085258979.398593
1.2416	1884386568.4129195
1.24161	1714470433.5341756
1.2416200000000002	1301427561.6815436
1.24163	1690908082.2703125
1.24164	2045737941.83646
1.24165	2191341179.3289065
1.24166	2016601101.1664808
1.24167	2164212992.8688717
1.24168	2105523049.141424
1.24169	1918447858.4834988
1.2417	2007381881.8820016
1.24171	2067997455.2202122
1.2417200000000002	1752548316.535929
1.24173	1996135415.581841
1.24174	1447371444.2131405
1.24175	1852763558.022656
1.24176	2003318492.5586379
1.24177	2135797136.94453
1.24178	2133044913.1465788
1.24179	1825702456.8901558
1.2418	1967478521.6525493
1.24181	2107414675.2967
1.24182	2013214269.591827
1.24183	2040891890.4477715
1.24184	2000921266.122984
1.24185	1995170431.85932
1.24186	2016322516.6728172
1.24187	1357312972.8865607
1.24188	1332447173.7966359
1.24189	2077160235.4708292
1.2419	2208157261.8505034
1.24191	2081085867.6555114
1.24192	2032684614.5842414
1.24193	1887513210.9703312
1.24194	1493378862.6067724
1.24195	2054234411.3736289
1.24196	1425279373.1120698
1.24197	1946525063.161213
1.24198	2119824952.8064466
1.24199	2060677361.5734696
1.242	2128482089.114997
1.24201	1451209123.3039606
1.24202	1888947988.7396464
1.24203	1557650432.4352155
1.24204	1826879910.2887144
1.24205	2071428751.6221712
1.24206	1724249068.3416386
1.24207	1719570555.459898
1.24208	2066331517.5644855
1.24209	1874994508.0674171
1.2421	1313983767.0963564
1.24211	2034089228.4525185
1.24212	1986506543.7366114
1.24213	1888991483.8752024
1.24214	1956635820.6209788
1.24215	2029410953.0478485
1.24216	1536384793.3315995
1.24217	1807923292.2484527
1.2421799999999998	1949575237.3788226
1.24219	1547176997.6533792
1.2422	1932813721.006737
1.24221	2035776046.3561413
1.24222	2163664900.9800577
1.24223	2039858300.2685602
1.24224	2111494721.1364067
1.24225	1998066783.4241
1.24226	2101454542.3765035
1.24227	2069283524.7826524
1.2422799999999998	1962953446.622246
1.24229	1786076268.2414203
1.2423	1763315398.1294172
1.24231	2125347752.0245106
1.24232	1483508366.7117133
1.24233	1797711513.9767735
1.24234	1949620128.5244398
1.24235	1595548463.2240582
1.24236	1314800922.129182
1.24237	1850333450.020437
1.2423799999999998	1906514005.4772055
1.24239	1499581244.521926
1.2424	2071571845.793355
1.24241	2103875324.5747988
1.24242	2057453364.4490843
1.24243	2074388040.862424
1.24244	1630309277.6176069
1.24245	1411724656.6397815
1.24246	1862644609.9253855
1.24247	1937536978.9299102
1.24248	1723018736.1378686
1.24249	1671629397.11483
1.2425	1437076871.9968598
1.24251	2130590567.5427246
1.24252	2146199058.4245934
1.24253	2198315388.3262067
1.24254	2157744409.152664
1.24255	2036057318.6399136
1.24256	2000875193.7386198
1.2425700000000002	1536066437.2146301
1.24258	1742649315.3473265
1.24259	1885905816.663065
1.2426	2088189943.9062715
1.24261	2078308433.8670983
1.24262	2106298895.4065626
1.24263	2037839612.4515488
1.24264	2028756853.6847472
1.24265	1516840793.682826
1.24266	2044843145.302604
1.2426700000000002	1747833262.4182172
1.24268	1651353305.1067474
1.24269	2082859617.726721
1.2427	1848076735.6977355
1.24271	1597386464.1126885
1.24272	1985957727.5192926
1.24273	2095077052.3651762
1.24274	1416641629.9934974
1.24275	1983078928.9629128
1.24276	2077447225.586583
1.2427700000000002	2119288102.2902691
1.24278	2036010437.227356
1.24279	2115631379.7730262
1.2428	2196645626.0733995
1.24281	2166506518.19772
1.24282	1996043492.2654347
1.24283	1883128689.911301
1.24284	1041477759.1845863
1.24285	1690985953.258219
1.24286	1769253241.6568565
1.24287	1647517361.97265
1.24288	2023671428.1353238
1.24289	1877370546.2051532
1.2429	1928590397.1994886
1.24291	2053194064.002308
1.24292	2108433947.0470095
1.24293	1989344511.2196593
1.24294	2106250396.6405492
1.24295	1440223854.8788471
1.24296	2164412333.4317226
1.24297	2016415373.8943048
1.24298	1519952443.8973575
1.24299	1950742743.169149
1.2429999999999999	1919110581.3411868
1.24301	1565741273.9185894
1.24302	1768601544.7288382
1.24303	2011221949.2828426
1.24304	2018877649.0622602
1.24305	1455693691.7756526
1.24306	1862172890.9190738
1.24307	1170442276.059031
1.24308	2135157911.5165176
1.24309	2147286531.1520426
1.2431	1902041550.6758718
1.24311	2141164331.0342312
1.24312	2132799351.411536
1.2431299999999998	2188769357.431415
1.24314	2119190507.7136378
1.24315	2064144040.336274
1.24316	2129462517.0753691
1.24317	1907260436.3827965
1.24318	1614544427.4232373
1.24319	1711945757.2412202
1.2432	1254411422.5435536
1.24321	2076682006.7116687
1.24322	2072907868.156135
1.2432299999999998	1793370410.9446485
1.24324	1990260849.201353
1.24325	2096959293.7166488
1.24326	1998112791.1416829
1.24327	1824987944.7489507
1.24328	1485148907.1811287
1.24329	2122169165.1487489
1.2433	1990306677.178597
1.24331	1934193858.619279
1.24332	1868959971.6514888
1.2433299999999998	1903268237.576352
1.24334	1355189412.3510346
1.24335	1880398949.9581926
1.24336	1823895702.3196344
1.24337	1453583551.745809
1.24338	1555464128.3845901
1.24339	1823475783.1609368
1.2434	1911745162.8563468
1.24341	1877889354.529913
1.24342	1701335640.747336
1.24343	1845227846.6575747
1.24344	1856436078.3721426
1.24345	1659434060.8735704
1.24346	1783281893.5080817
1.24347	1675675809.0552225
1.24348	1569712078.2774625
1.24349	1165520723.8142078
1.2435	1116940400.6252544
1.24351	1434333031.5914655
1.2435200000000002	1335395781.5973814
1.24353	1174843450.1534295
1.24354	993024583.2647752
1.24355	757949027.3865616
1.24356	276726021.9679064
1.24357	153133426.37129617
1.24358	577630344.7175581
1.24359	903087851.2721416
1.2436	1088804732.8398886
1.24361	1249108029.2324858
1.2436200000000002	1209233026.2420487
1.24363	1325500817.7458286
1.24364	1335180558.5733798
1.24365	1155819454.123365
1.24366	1674672928.887331
1.24367	1715497146.4920056
1.24368	1666287744.0902905
1.24369	1819449475.0111036
1.2437	1879100464.9133503
1.24371	1896662248.4461527
1.2437200000000002	1844378283.4651663
1.24373	1317801507.4293208
1.24374	1817314116.0604508
1.24375	1865176779.1941226
1.24376	1751217143.1107178
1.24377	1921188595.8132925
1.24378	2039200833.6213946
1.24379	1854769731.8848586
1.2438	1719412184.4521694
1.24381	1779508226.3063798
1.24382	1365871993.075325
1.24383	1873354638.5270665
1.24384	2049604188.9216676
1.24385	2010157099.050984
1.24386	1992828841.670495
1.24387	2013121559.7832372
1.24388	2042537317.9228227
1.24389	1958664265.55242
1.2439	2128531099.7905407
1.24391	1987284293.0078692
1.24392	1946480243.2812808
1.24393	2093148303.4474487
1.24394	1532851206.3629332
1.24395	1501861899.902794
1.24396	2073767194.6404927
1.24397	1367949295.2034786
1.24398	1866336716.3488915
1.24399	1758935847.451992
1.244	1495960064.6847336
1.24401	1800445584.206431
1.24402	1562499906.399515
1.24403	1982576709.689937
1.24404	2076108277.5351448
1.24405	2145754341.9698038
1.24406	1899853004.4856448
1.24407	1732846126.9505386
1.24408	1990902536.9183927
1.24409	2052437778.6765952
1.2441	2188416597.922631
1.24411	2091799235.7995427
1.24412	2018505792.3062367
1.24413	2014141602.5349698
1.24414	2102325702.9194593
1.24415	2048990760.2901566
1.24416	1394825890.2670162
1.24417	1792008230.5071194
1.2441799999999998	1758085532.1635096
1.24419	1491591844.0666926
1.2442	1908534434.2315714
1.24421	2107511727.5637126
1.24422	1444973891.1112356
1.24423	1964716986.6047387
1.24424	2074483572.1616926
1.24425	1846885620.6052823
1.24426	1621399370.2435784
1.24427	2067568943.0124605
1.2442799999999998	2082667788.1006734
1.24429	2060867165.7131095
1.2443	2152732165.663754
1.24431	2205718064.451925
1.24432	2185143687.750529
1.24433	1937046293.2599094
1.24434	1410912236.4580948
1.24435	2100728851.020736
1.24436	2115046889.9737105
1.24437	2168702599.345464
1.2443799999999998	1616069373.7618456
1.24439	1466425486.2796216
1.2444	2049698578.8561032
1.24441	1982531059.6997235
1.24442	1730892116.9064744
1.24443	2056742867.9375648
1.24444	2088045701.8371847
1.24445	2135108748.254752
1.24446	2038966075.4633641
1.24447	2160031079.398096
1.24448	1639570138.8447034
1.24449	1838399951.9791398
1.2445	1986140649.4093769
1.24451	2050406641.9361453
1.24452	2188315819.9344296
1.24453	2139143897.530583
1.24454	1788339627.0469992
1.24455	1993609066.2231085
1.24456	2132210118.5816557
1.2445700000000002	2175654854.0446935
1.24458	2171750849.183585
1.24459	1633014345.9165294
1.2446	1466695636.71781
1.24461	1554354232.114898
1.24462	1613318076.848289
1.24463	1840009223.4017696
1.24464	2116557152.309607
1.24465	1883041970.6271133
1.24466	1963269862.8358095
1.2446700000000002	2028850283.5418012
1.24468	2028476589.9278047
1.24469	1653293658.7470865
1.2447	1958844673.5059886
1.24471	1798829495.0721188
1.24472	2030626268.5653992
1.24473	1655198179.5335016
1.24474	1845057902.7185853
1.24475	1743572457.3885
1.24476	1618415391.4176471
1.2447700000000002	2072526059.582572
1.24478	1932502213.3476605
1.24479	2018970623.9546523
1.2448	2184992748.5853963
1.24481	1700160805.5423837
1.24482	1522544518.2859476
1.24483	2181323107.411929
1.24484	2119727333.5075128
1.24485	1934416553.7356849
1.24486	2027309240.9607203
1.24487	2145704934.7190106
1.24488	2148522964.481279
1.24489	1863245152.3959253
1.2449	2102083677.6606128
1.24491	2129462517.0753691
1.24492	2154120530.8900146
1.24493	2111446102.7334535
1.24494	2106056412.7433567
1.24495	2031234199.219453
1.24496	2105620014.2938352
1.24497	1924243375.015307
1.24498	2209276128.6167397
1.24499	2133978305.6169147
1.245	2173401687.874827
1.24501	2124564889.1938329
1.24502	1962682273.314002
1.24503	1948453294.611078
1.24504	1236288985.5258167
1.24505	1278350660.002111
1.24506	1705453960.7907722
1.24507	1958303499.4900246
1.24508	1625997973.5293038
1.24509	2125152009.2768848
1.2451	2091462104.7681668
1.24511	2063526260.0542238
1.24512	1987192777.2913358
1.2451299999999998	2238463411.108556
1.24514	2163565262.8233795
1.24515	2177860208.410736
1.24516	1947914991.4425626
1.24517	2131571966.7169087
1.24518	2173752027.0710073
1.24519	2163515445.4657087
1.2452	2022413706.708116
1.24521	2152038318.645548
1.24522	2072621505.132468
1.2452299999999998	2160329519.334949
1.24524	2139094642.4891546
1.24525	1899721771.8221
1.24526	1960785108.78542
1.24527	2178763043.0157204
1.24528	1692933893.8920429
1.24529	1453349280.6390972
1.2453	2107220584.1704192
1.24531	1978745772.403997
1.24532	1959746962.5587137
1.2453299999999998	1331527069.7260318
1.24534	2015997550.0708613
1.24535	2155360899.3182273
1.24536	2221058512.8285823
1.24537	2194926591.4782925
1.24538	1883692462.6122887
1.24539	1782378767.4480867
1.2454	2139882859.2649386
1.24541	2106589911.4550507
1.24542	2095366517.9516628
1.24543	2093533911.1286163
1.24544	2132750242.4569895
1.24545	2209632250.555607
1.24546	2127110248.275605
1.24547	2035869799.4664066
1.24548	2007243221.643294
1.24549	1926415659.9574425
1.2455	1782871324.947889
1.24551	1760962063.3427434
1.2455200000000002	1989207096.915342
1.24553	1683565432.1304274
1.24554	1268790738.892841
1.24555	1605609762.1150966
1.24556	1950742743.169149
1.24557	2139735046.4991004
1.24558	2153227907.6353526
1.24559	1980523500.393833
1.2456	2172200953.5219264
1.24561	2165459172.6576943
1.2456200000000002	1785665056.3267386
1.24563	1469670578.252569
1.24564	1791595652.8648906
1.24565	1996870954.5290422
1.24566	2070856473.7731614
1.24567	2057595493.2013712
1.24568	1850461270.941732
1.24569	1528938441.1767669
1.2457	2052296006.1942925
1.24571	2115631379.7730262
1.2457200000000002	1882565085.9425585
1.24573	1688573619.3851402
1.24574	1696719300.3023508
1.24575	1983033267.408814
1.24576	2100583742.8245554
1.24577	2109405140.3705766
1.24578	1989802627.4618523
1.24579	1767827966.4030755
1.2458	1393156802.9453032
1.24581	2248692130.27603
1.24582	2245897853.1444035
1.24583	2173401687.874827
1.24584	2067330919.043139
1.24585	2069760049.782248
1.24586	1593492412.8739061
1.24587	2080654643.3822808
1.24588	2088863205.3224254
1.24589	1875901367.5272453
1.2459	2050548283.9012809
1.24591	2015997550.0708613
1.24592	1635159041.0955026
1.24593	1957672318.767436
1.24594	1703805437.846669
1.24595	1634293299.0103695
1.24596	1958709365.9830546
1.24597	2084346896.5414488
1.24598	2093389299.9241016
1.24599	2083771049.770168
1.246	2159285159.9166703
1.24601	2135895496.3023005
1.24602	2084682880.6443195
1.24603	2123586716.155197
1.24604	2123000028.5188625
1.24605	1958664265.55242
1.24606	1708323047.013129
1.24607	1306561930.7055626
1.24608	1690090653.3709838
1.24609	1987650398.021436
1.2461	2105620014.2938352
1.24611	2055606583.8211067
1.24612	2118556252.5047128
1.24613	2074388040.862424
1.24614	2024790059.3553414
1.24615	2039529540.4522054
1.24616	2099036545.6029747
1.24617	2105910936.544952
1.2461799999999998	1631285590.5524118
1.24619	2135698782.1162624
1.2462	1927347389.7610567
1.24621	2011546146.0868595
1.24622	2104747488.6559753
1.24623	1613763914.6987052
1.24624	1913110256.3344
1.24625	2077495061.127437
1.24626	1707418567.9259992
1.24627	1370597704.126624
1.2462799999999998	1566065780.2680984
1.24629	2122951145.1994753
1.2463	2151394232.37371
1.24631	2118848962.086648
1.24632	2059301804.246037
1.24633	1859302272.0549524
1.24634	1787722063.0776918
1.24635	1269404401.9618034
1.24636	2054187111.4228613
1.24637	1469433714.4324903
1.2463799999999998	2014883776.4287238
1.24639	1992645303.803506
1.2464	2017390632.9411411
1.24641	2131326574.551329
1.24642	2208309801.218793
1.24643	2110668360.5163343
1.24644	2071810358.0455198
1.24645	1950607995.2884054
1.24646	2192905920.074811
1.24647	2157396649.871737
1.24648	1911261009.022732
1.24649	2072812409.4190469
1.2465	1963405485.3975863
1.24651	1659319435.1887033
1.24652	2090739864.0821462
1.24653	2143285372.515056
1.24654	2049037940.589139
1.24655	1983672624.853184
1.24656	2030158753.4145925
1.2465700000000002	1958303499.4900246
1.24658	2159136006.9336653
1.24659	2182227377.565917
1.2466	1439859114.8945956
1.24661	1986506543.7366114
1.24662	2132652027.9401765
1.24663	1613280929.2544293
1.24664	1116271919.6634538
1.24665	2153178328.3013406
1.24666	2225666043.9343204
1.2466700000000002	2192855427.1313176
1.24668	2072001187.6192503
1.24669	2042302175.6599526
1.2467	2033995557.3386905
1.24671	1840305821.7507405
1.24672	2127796058.1379929
1.24673	2155360899.3182273
1.24674	2123977931.3156366
1.24675	2101502930.71262
1.24676	2150502738.841094
1.2467700000000002	2152137425.9545975
1.24678	1955689932.0289211
1.24679	1889948630.283897
1.2468	1905022019.9277143
1.24681	2012704418.4749265
1.24682	1961914152.359624
1.24683	1877240866.5211675
1.24684	1720402242.6026347
1.24685	1798912336.1391985
1.24686	2016229663.7274559
1.24687	1457806895.0562801
1.24688	2049651383.3455372
1.24689	2126669487.2358282
1.2469	2042067060.4672782
1.24691	2102374111.3150282
1.24692	2210650058.1527023
1.24693	2026702485.012391
1.24694	1035356704.1711564
1.24695	1729497744.6125069
1.24696	2024790059.3553414
1.24697	2009462935.2700965
1.24698	2076347312.0933805
1.24699	1823559759.2576613
1.247	1969382162.4162934
1.24701	2100148478.373464
1.24702	1955014577.2926664
1.24703	1949575237.3788226
1.24704	1848672581.2834625
1.24705	2006319064.7905746
1.24706	2072955599.1732183
1.24707	2211719260.7071533
1.24708	2134224003.0918906
1.24709	2068664206.2977984
1.2471	2076777643.654401
1.24711	1950742743.169149
1.24712	2053903334.588666
1.2471299999999998	2106007919.5606496
1.24714	2098311689.2495058
1.24715	2056221993.1036148
1.24716	2046397516.138032
1.24717	2043619321.0844648
1.24718	1817900043.3507078
1.24719	1688223728.0408509
1.2472	1464906816.951093
1.24721	1843444215.7227926
1.24722	2044184071.9902344
1.2472299999999998	2158489796.3857183
1.24724	2047434419.7186208
1.24725	1058351671.4073318
1.24726	1974285700.5390813
1.24727	1890775647.0100586
1.24728	2128629124.5272293
1.24729	2108531046.2543101
1.2473	1437242331.110416
1.24731	2127992044.4227335
1.24732	2075821472.3891234
1.2473299999999998	2143630857.1434894
1.24734	2124124655.5809329
1.24735	2047010168.4018672
1.24736	2194623372.109444
1.24737	1925395710.7853014
1.24738	2159682951.579174
1.24739	2128972246.657213
1.2474	2051965241.8181527
1.24741	2106395896.2888286
1.24742	2007982853.611396
1.2474299999999998	2013167914.153848
1.24744	2050642717.3138897
1.24745	1961462456.9368746
1.24746	2074435805.962136
1.24747	1622968160.9071288
1.24748	1910600996.84313
1.24749	2119532108.3957245
1.2475	2137666739.5265574
1.24751	2131130281.1591558
1.24752	2080415112.9527495
1.24753	1746344818.671316
1.24754	1988932296.781808
1.24755	1693440725.909985
1.24756	1908314718.7327693
1.24757	1117866650.584544
1.24758	1991865456.4317203
1.24759	2070427369.1447809
1.2476	1828100216.142744
1.24761	2095656023.5320528
1.2476200000000002	2119385701.3613925
1.24763	2068235555.9317644
1.24764	2073337486.878186
1.24765	1879966021.9436805
1.24766	1549101947.7561114
1.24767	1975195102.0851266
1.24768	2032310214.7254157
1.24769	2181122209.380961
1.2477	2116216031.095147
1.24771	2075486916.4614031
1.2477200000000002	1967523825.0412679
1.24773	2028756853.6847472
1.24774	1821377637.1047816
1.24775	1459855935.6362138
1.24776	2018041067.676943
1.24777	2024370500.2033813
1.24778	1924154762.3734953
1.24779	2030766544.1035547
1.2478	1963134249.6421835
1.24781	1701100608.7780645
1.2478200000000002	2018505792.3062367
1.24783	1871888602.588319
1.24784	1954114467.0821593
1.24785	1776478680.9352698
1.24786	1979474903.589612
1.24787	1864017562.9458113
1.24788	2109648008.5925007
1.24789	2033714569.8780851
1.2479	1195115832.9784706
1.24791	1851185756.299963
1.24792	1491282769.5499165
1.24793	2025302971.96375
1.24794	2057974551.2096386
1.24795	1896531236.1846144
1.24796	2094980572.7229333
1.24797	2192148647.9863124
1.24798	2148572436.620344
1.24799	2162519339.162629
1.248	2109550857.948368
1.24801	2070665749.6266167
1.24802	1906909138.3835871
1.24803	1710842380.7474186
1.24804	1452312248.0803287
1.24805	2066474259.6190453
1.24806	2166955535.626792
1.24807	2186804706.8987513
1.24808	1994251833.45178
1.24809	2011870395.1494298
1.2481	1987147021.0134687
1.24811	1868443630.2655609
1.24812	1645962740.8593962
1.24813	1309754803.8336086
1.24814	1982668012.8237991
1.24815	1535854236.4524615
1.24816	1976150424.5437396
1.24817	2186200553.899085
1.2481799999999998	2044748978.9639986
1.24819	2035447944.4683444
1.2482	2067902222.6107895
1.24821	2086411654.5630145
1.24822	2018180473.8301852
1.24823	1965848294.2013237
1.24824	1450340584.866299
1.24825	1541239035.4699438
1.24826	2027776099.911492
1.24827	2128825187.5437536
1.2482799999999998	2177860208.410736
1.24829	2087372703.9105468
1.2483	1512133030.2411618
1.24831	1949305912.2108207
1.24832	2052437778.6765952
1.24833	1946211345.67298
1.24834	1890209754.373849
1.24835	2146891022.7842727
1.24836	2128972246.657213
1.24837	2146792157.0754454
1.2483799999999998	2122853381.9373684
1.24839	2112807841.2687519
1.2484	2198163539.3236566
1.24841	2192148647.9863124
1.24842	1647669110.9175663
1.24843	1952720115.1855211
1.24844	2104117556.1164925
1.24845	1923268860.3611321
1.24846	2137469862.2105017
1.24847	2158986864.2534366
1.24848	2182378125.699381
1.24849	2165309593.2037373
1.2485	2124369218.5472183
1.24851	1873182104.134107
1.24852	1656074995.6619933
1.24853	1672553428.9541395
1.24854	2134027442.8489766
1.24855	1930900966.816589
1.24856	2050265009.754952
1.2485700000000002	2036807568.0693376
1.24858	1932858226.1997344
1.24859	1542233029.389082
1.2486	1171358949.432948
1.24861	1845610277.7542727
1.24862	1896225576.0998657
1.24863	2031374516.753421
1.24864	2079361506.6155016
1.24865	2188970959.823184
1.24866	2167055329.914889
1.2486700000000002	2067378521.6447449
1.24868	2021249846.8128214
1.24869	1464030080.5402732
1.2487	1914167772.307753
1.24871	2073623948.8252199
1.24872	2120996735.1127024
1.24873	2142051953.3185039
1.24874	2114365189.295204
1.24875	1953529617.6903331
1.24876	2098891554.3030643
1.2487700000000002	2057216505.0117464
1.24878	1709621614.8411145
1.24879	1701453168.9091005
1.2488	1947242321.6119585
1.24881	1919508324.939972
1.24882	1453784385.6076605
1.24883	2037088982.872954
1.24884	1985363347.7177606
1.24885	1874347019.7305715
1.24886	1743130893.6770642
1.24887	2076586374.1730707
1.24888	2067426125.3424547
1.24889	2005626226.39086
1.2489	2117142059.4674766
1.24891	2144717028.5709395
1.24892	2003226238.456929
1.24893	2123880120.769379
1.24894	2038966075.4633641
1.24895	1923047448.5964785
1.24896	1054071327.6026883
1.24897	2134322290.002502
1.24898	2108433947.0470095
1.24899	2087997623.361648
1.249	2064334163.7835321
1.24901	1946390606.6174207
1.24902	2082715743.8508143
1.24903	2002027321.6643863
1.24904	1809464220.5293128
1.24905	2043384054.258548
1.24906	2141558784.4092398
1.24907	2064191569.556441
1.24908	2085931295.831116
1.24909	1501135860.8397348
1.2491	2185194003.1226163
1.24911	2134715482.9108863
1.24912	2118214809.099337
1.24913	2080894201.390368
1.24914	2032310214.7254157
1.24915	1584491814.6363368
1.24916	1775374590.9773145
1.24917	1603651519.1039276
1.24918	1956590767.9349327
1.24919	1880355652.670764
1.2492	1908973941.123502
1.24921	2015533402.9191985
1.24922	1729657044.5774276
1.2492299999999998	1906162844.9629948
1.24924	2170551026.865832
1.24925	2041361877.2792637
1.24926	2123684513.189362
1.24927	2081804773.3934095
1.24928	1914564491.4889321
1.24929	1992415905.2403948
1.2493	1911745162.8563468
1.24931	2083627112.93694
1.24932	2056506090.294452
1.2493299999999998	1116734671.5488837
1.24934	1889687542.2670703
1.24935	2188013513.8143353
1.24936	2174953618.8157115
1.24937	2115144293.725299
1.24938	2218553979.6360283
1.24939	2172951334.7308946
1.2494	2167903766.940648
1.24941	2203078641.078485
1.24942	2209937543.620884
1.2494299999999998	2215797152.8712125
1.24944	2267461908.4875607
1.24945	2152980022.3809524
1.24946	2199176064.167743
1.24947	2168752536.1431427
1.24948	2155410528.908373
1.24949	2174152483.8743753
1.2495	1492897531.7253
1.24951	2160528502.2001963
1.24952	2242022672.020069
1.24953	2155807606.771728
1.24954	2109550857.948368
1.24955	2035026176.8833575
1.24956	2201557333.768611
1.24957	2166755960.83715
1.24958	2053666883.8400927
1.24959	1912493641.844204
1.2496	1668015185.0852954
1.24961	1960378812.1752515
1.2496200000000002	2069521773.5669587
1.24963	2132848461.4968612
1.24964	1434399086.5895627
1.24965	1535076417.7630374
1.24966	1798373937.389554
1.24967	1730533456.6960747
1.24968	2111446102.7334535
1.24969	1997100866.028184
1.2497	1912801924.2426775
1.24971	1476250303.8144028
1.2497200000000002	1517085299.2371182
1.24973	2119580912.9879727
1.24974	2147434865.5739868
1.24975	2158092224.4902906
1.24976	2186401919.6844087
1.24977	2131964652.9503558
1.24978	2178813211.466342
1.24979	2166107469.703556
1.2498	1994940742.596832
1.24981	1992599421.9780226
1.2498200000000002	2067426125.3424547
1.24983	2083051465.0217445
1.24984	1974785819.563139
1.24985	1973513038.4341915
1.24986	1621250040.7197733
1.24987	1990123371.6008449
1.24988	2128678138.588436
1.24989	2009925684.4839907
1.2499	1726434078.2324452
1.24991	1910996976.795362
1.24992	1426527013.1383572
1.24993	2123342243.2726347
1.24994	2153971734.654623
1.24995	2075725879.4786913
1.24996	2179867015.8180428
1.24997	2099664956.9851203
1.24998	1959115316.5936003
1.24999	1929567608.2606704
1.25	1763518419.0035121
1.25001	1834932107.5561929
1.25002	1852422297.794884
1.25003	2092714579.7025774
1.25004	2111689205.9433796
1.25005	1782132539.730489
1.25006	1846928147.207877
1.25007	1523175690.9725275
1.25008	1993976336.4102786
1.25009	1995537989.6871605
1.2501	1976878599.3917143
1.25011	1089707650.6132162
1.25012	1923888948.931307
1.25013	1740684250.9295905
1.25014	1973240406.365196
1.25015	2070951842.4340103
1.25016	2227255294.5624614
1.25017	2123048912.9638426
1.2501799999999998	1838950333.7517586
1.25019	1987238534.6227922
1.2502	2132602922.3778481
1.25021	2189878400.4037147
1.25022	1953799526.4251215
1.25023	1448071479.5894694
1.25024	1864919113.2986023
1.25025	2017808745.4867663
1.25026	1974876763.9049985
1.25027	2085739183.306088
1.2502799999999998	1438533566.1724632
1.25029	1658517277.0621016
1.2503	1976833080.6038368
1.25031	1937626207.859759
1.25032	1899196931.8108547
1.25033	2029784818.7937372
1.25034	2127894049.0239835
1.25035	1466965836.9241314
1.25036	2124809502.846804
1.25037	2164960614.657464
1.2503799999999998	2134125720.7074454
1.25039	2073480712.9046848
1.2504	2148522964.481279
1.25041	2172851268.927993
1.25042	2215899196.4506965
1.25043	2238154177.3212657
1.25044	2111008587.4798784
1.25045	2118068493.0576735
1.25046	1820077999.1329167
1.25047	2114267821.4218824
1.25048	2210191986.729745
1.25049	2181674723.492981
1.2505	1865949990.5022454
1.25051	1080214493.4534314
1.25052	1918889648.28854
1.25053	2211566485.82988
1.25054	2083723069.7209985
1.25055	2091702907.1028469
1.25056	2159931608.581241
1.2505700000000002	2138454430.1465344
1.25058	2069521773.5669587
1.25059	2076299502.98012
1.2506	2050265009.754952
1.25061	2001243802.5192184
1.25062	1766851298.4538784
1.25063	2161274851.1910033
1.25064	2184640597.744984
1.25065	2168203294.6046147
1.25066	2135207075.9103227
1.2506700000000002	1849226038.4847555
1.25068	1924420612.5416968
1.25069	2197809265.773661
1.2507	2190937556.542432
1.25071	2250764206.3470125
1.25072	2252993817.6739073
1.25073	2188920557.484456
1.25074	2169601637.6524444
1.25075	2091751070.8966863
1.25076	2159981343.4170685
1.2507700000000002	2230334488.007896
1.25078	2166855745.934277
1.25079	1444208843.383147
1.2508	2011360884.371812
1.25081	2001612479.2063265
1.25082	2079888243.0686245
1.25083	2089777264.4570427
1.25084	2141065729.0432324
1.25085	2067664160.273445
1.25086	2033246343.7014852
1.25087	2016322516.6728172
1.25088	2017344181.339949
1.25089	1858703000.4140172
1.2509	1515130357.8281903
1.25091	2058448471.92202
1.25092	1448671779.3870487
1.25093	1234468464.4879842
1.25094	2148077766.487157
1.25095	1719095486.1928866
1.25096	1878884137.9304347
1.25097	1996457180.5279372
1.25098	2051351106.544124
1.25099	2168952294.832635
1.251	2159633223.6139846
1.25101	2123195573.0526078
1.25102	2106153402.4586265
1.25103	1974603943.4433718
1.25104	2112272767.852116
1.25105	2121485168.890016
1.25106	2130296235.9100986
1.25107	2085979326.727156
1.25108	2026235873.2421265
1.25109	2001243802.5192184
1.2511	2032684614.5842414
1.25111	2031140659.5815527
1.25112	2127796058.1379929
1.25113	2158539498.02222
1.25114	2097731984.3964405
1.25115	1837299682.5579734
1.25116	1992553541.2089946
1.25117	2059538903.7761426
1.25118	1946659528.9932468
1.25119	2038496640.2221203
1.2512	2031748744.234427
1.25121	2180218397.185944
1.25122	2168902353.435396
1.2512299999999998	1981709539.5936828
1.25124	1475196930.306505
1.25125	1941556351.6062145
1.25126	2138011318.465364
1.25127	2117532087.3689442
1.25128	2159633223.6139846
1.25129	2135354575.8842387
1.2513	2023019178.6782672
1.25131	2072907868.156135
1.25132	2061341752.5512817
1.2513299999999998	2031561621.8770137
1.25134	2050548283.9012809
1.25135	1019976110.5054547
1.25136	1858446228.8423164
1.25137	2182930957.9556603
1.25138	2214827973.206716
1.25139	2192350561.636568
1.2514	2178261422.038785
1.25141	1644674655.5805533
1.25142	2007659231.0959933
1.2514299999999998	1983763978.4569664
1.25144	1640929792.2098374
1.25145	2028850283.5418012
1.25146	1488195544.596794
1.25147	1832736376.9361234
1.25148	1986415063.8359306
1.25149	1963902848.2842848
1.2515	2049037940.589139
1.25151	2054045218.1051073
1.25152	2003641415.373263
1.25153	1740604091.3031952
1.25154	1671937350.992019
1.25155	2019714577.253402
1.25156	2171000882.53604
1.25157	2169152071.9214296
1.25158	2136731733.7518926
1.25159	2123440029.0481567
1.2516	1970969936.6311266
1.25161	2043007683.6716144
1.2516200000000002	2076682006.7116687
1.25163	2013585151.5235536
1.25164	1938920489.2140274
1.25165	2171300838.1118975
1.25166	1999355400.0416715
1.25167	1663336049.1505494
1.25168	2103148797.2548637
1.25169	1945897678.7459652
1.2517	1546393444.6598337
1.25171	1886166382.1790907
1.2517200000000002	2135551258.3662512
1.25173	2040328049.079716
1.25174	1844123490.7895477
1.25175	2024929931.728515
1.25176	1605277061.810164
1.25177	1888687038.9570172
1.25178	1592098744.9674625
1.25179	1278703930.1467354
1.2518	1994619222.0519547
1.25181	2112759192.6304476
1.2518200000000002	2113781049.3089247
1.25183	2069855367.9497442
1.25184	2156453014.323421
1.25185	2084346896.5414488
1.25186	2107802911.1827304
1.25187	1571447947.2806563
1.25188	1511402025.8468373
1.25189	1835819590.4435945
1.2519	1878711094.27522
1.25191	1907655723.990068
1.25192	1878062322.4966218
1.25193	1933036257.2197816
1.25194	2053288619.2603989
1.25195	2117385818.4863977
1.25196	1486825496.873356
1.25197	1728701464.8317475
1.25198	2080367210.1759913
1.25199	1801855667.0118692
1.252	1868443630.2655609
1.25201	1726116086.6116474
1.25202	2048471848.6951847
1.25203	1816477404.656575
1.25204	1899984246.2147348
1.25205	2107220584.1704192
1.25206	1950248713.1091528
1.25207	1940126286.9382336
1.25208	2047858758.9632046
1.25209	2037792690.000632
1.2521	2103584683.5344422
1.25211	2144075133.4972746
1.25212	1768235070.703139
1.25213	1718501834.1728704
1.25214	1880398949.9581926
1.25215	2008029089.6575692
1.25216	2090114123.9023492
1.25217	1707851085.1182256
1.2521799999999998	1738881551.9126446
1.25219	2052154243.5049558
1.2522	2017901671.1531968
1.25221	2082092405.220117
1.25222	1842298506.366146
1.25223	1049518262.32304
1.25224	1907436109.650697
1.25225	2042443257.7690551
1.25226	2031234199.219453
1.25227	1894436270.3334281
1.2522799999999998	1958844673.5059886
1.25229	1951551425.9519804
1.2523	1941958747.183645
1.25231	1910644990.5633707
1.25232	1832356613.4556966
1.25233	1722185784.1141765
1.25234	1943121691.8284285
1.25235	1948228983.5481808
1.25236	1494341989.9830189
1.25237	1847310930.6988914
1.2523799999999998	1832103481.5204446
1.25239	1768764446.4527192
1.2524	1761327030.0076184
1.25241	1731210988.3856013
1.25242	1762787653.2323976
1.25243	1704825764.0572903
1.25244	1659243022.4642682
1.25245	1628845903.6993804
1.25246	1517854001.879894
1.25247	1347752046.6317856
1.25248	1362228618.6369646
1.25249	1232054728.9553766
1.2525	1219803850.6636882
1.25251	1086901029.2170184
1.25252	949226818.8536227
1.25253	816582371.3585937
1.25254	599445908.1146425
1.25255	182696404.3154889
1.25256	144361039.29344803
1.2525700000000002	536932880.5683113
1.25258	780944193.1840731
1.25259	955674504.3942908
1.2526	1085925421.312625
1.25261	1215654046.3839705
1.25262	1318651399.4025128
1.25263	1373599107.598509
1.25264	1477338446.0733855
1.25265	1480164554.676831
1.25266	1264940215.314733
1.2526700000000002	1518448266.1412225
1.25268	1542304053.480125
1.25269	1119077077.4877071
1.2527	1640929792.2098374
1.25271	1778402253.4715602
1.25272	1743050621.3812006
1.25273	1635384962.271192
1.25274	1865821099.6950605
1.25275	1903487372.0440946
1.25276	1827426843.181249
1.2527700000000002	1492656924.464338
1.25278	1915358176.5334156
1.25279	1974603943.4433718
1.2528	1949350797.1549253
1.25281	1702824930.8357134
1.25282	1669052509.1660366
1.25283	1865219726.9710493
1.25284	2014790989.738282
1.25285	1585075670.5371385
1.25286	1957762474.9853027
1.2528700000000002	1980477897.6799738
1.25288	2016090392.3267481
1.25289	1962094859.6526067
1.2529	1911261009.022732
1.25291	1830838346.2833734
1.25292	1629296032.6397214
1.25293	1965621980.580368
1.25294	1893258869.1720695
1.25295	1826501360.3336942
1.25296	1998526908.2749288
1.25297	2079313628.0986469
1.25298	2080127712.8365266
1.25299	1806924472.9245691
1.253	1842001586.8602452
1.25301	1861401244.7633452
1.25302	1630759810.9589715
1.25303	2067092922.4757626
1.25304	2135010425.1272247
1.25305	2062766168.907924
1.25306	2023298688.4138968
1.25307	1452178491.3388355
1.25308	1969699614.8999207
1.25309	2156850284.2373643
1.2531	2094112455.850891
1.25311	2036432408.8043664
1.25312	2125054144.6635835
1.25313	2174402806.8388095
1.25314	2092666393.7233922
1.25315	1000322413.8772043
1.25316	1510740945.428699
1.25317	1883735836.7334898
1.25318	1868572702.2369974
1.25319	2020272722.1217406
1.2532	2023578236.7678835
1.25321	2145309717.6652386
1.25322	1999217294.2335367
1.2532299999999998	2099955056.4578328
1.25324	2174953618.8157115
1.25325	1952540271.298644
1.25326	1801980139.0908933
1.25327	2072096608.9973345
1.25328	2050217801.2019827
1.25329	2132062835.8116524
1.2533	2168752536.1431427
1.25331	2146199058.4245934
1.25332	2172351009.030641
1.2533299999999998	2178261422.038785
1.25334	2153872542.8744807
1.25335	1701100608.7780645
1.25336	1975468004.2239707
1.25337	1989802627.4618523
1.25338	1605018342.5687425
1.25339	2028056266.8854682
1.2534	2168203294.6046147
1.25341	2221211943.414499
1.25342	2151443770.6269226
1.2534299999999998	1969790325.0080059
1.25344	2024417113.5933988
1.25345	2010295960.5801644
1.25346	2136288979.0326874
1.25347	2172451051.7951922
1.25348	2163316187.505489
1.25349	1943479661.0409122
1.2535	2068426056.2388895
1.25351	2145951982.3497746
1.25352	1941869318.7375808
1.25353	2004656654.5638077
1.25354	2052106991.4512727
1.25355	2010758901.6273093
1.25356	2002534468.097132
1.25357	2023857823.74557
1.25358	2099471579.601404
1.25359	1974103870.4798574
1.2536	2065903350.5576532
1.25361	2042443257.7690551
1.2536200000000002	1681976795.5389507
1.25363	1025746396.6353008
1.25364	1944419644.0158038
1.25365	1528445649.0889482
1.25366	1692427213.5644965
1.25367	1668552976.3283546
1.25368	1604537974.5978107
1.25369	1826669595.0732503
1.2537	1959972599.7542863
1.25371	2174352739.9403377
1.2537200000000002	2208614911.568321
1.25373	2115485242.1821747
1.25374	2021436019.376914
1.25375	2052154243.5049558
1.25376	2117434573.6579351
1.25377	2224641322.8122416
1.25378	2219269272.226389
1.25379	2020924086.0830894
1.2538	1828647514.3715124
1.25381	2105086761.2108152
1.2538200000000002	2166755960.83715
1.25383	2077973477.12086
1.25384	1993563162.2064312
1.25385	1970470783.9881454
1.25386	1635912233.0775993
1.25387	1409288798.4218714
1.25388	2032871840.377861
1.25389	2047811605.8155696
1.2539	2120117837.6779137
1.25391	2162220596.711875
1.25392	2119239304.4401586
1.25393	2052248750.8764405
1.25394	2116508417.3412194
1.25395	2160279776.4821672
1.25396	2155112768.5082197
1.25397	2080558827.901224
1.25398	2107123545.3107378
1.25399	2139932132.4559386
1.254	2150403706.8104343
1.25401	1932457716.3520684
1.25402	2113781049.3089247
1.25403	2198011700.8101025
1.25404	2223975507.0954065
1.25405	2093919589.8478782
1.25406	2174352739.9403377
1.25407	2170001329.8554173
1.25408	2206124410.1593566
1.25409	2143137324.7200372
1.2541	2139488714.5783274
1.25411	1884603528.9230235
1.25412	1156325225.553163
1.25413	2066283939.0707536
1.25414	2097200728.975029
1.25415	2032216625.5363023
1.25416	1611090734.5037408
1.25417	1558870361.607709
1.25418	2045125670.3389235
1.25419	1998895084.445516
1.2542	1838484615.3750558
1.25421	1952090734.043304
1.25422	1908402601.8968246
1.25423	2107026510.9197679
1.25424	2129462517.0753691
1.25425	2145754341.9698038
1.25426	1998296832.6060567
1.25427	1851569422.1980557
1.2542799999999998	1992186533.0862489
1.25429	2125200943.273632
1.2543	2173701975.157113
1.25431	2221825771.755223
1.25432	2188618167.8225517
1.25433	2114754705.6311665
1.25434	2136830136.150428
1.25435	1868271548.1723487
1.25436	1982531059.6997235
1.25437	2182177130.5021124
1.2543799999999998	2002396142.6943488
1.25439	1570362804.3335516
1.2544	2035401077.086984
1.25441	2182478630.2403607
1.25442	2156552324.941401
1.25443	1694025720.6348808
1.25444	2099471579.601404
1.25445	2102761418.609336
1.25446	2045408234.410216
1.25447	2050359430.1220121
1.2544799999999998	2079792462.8807933
1.25449	1781640186.3363867
1.2545	1967614434.9482121
1.25451	2083483186.0461648
1.25452	2158788023.3717527
1.25453	2111105805.2564738
1.25454	2076490746.0384202
1.25455	1829026509.1258183
1.25456	1548923611.069572
1.25457	1831049141.4716785
1.25458	2062148801.0107574
1.25459	2051067721.4914176
1.2546	2085835237.3568208
1.25461	1668898790.8280544
1.25462	1397848162.8199193
1.25463	1712655446.4423563
1.25464	1719887341.238241
1.25465	2153624583.4079776
1.25466	1889295977.868073
1.2546700000000002	1886991743.8431025
1.25468	1919375734.5818923
1.25469	1290654500.1365185
1.2547	2110473969.72837
1.25471	2219882563.71307
1.25472	2129413484.9533968
1.25473	2140129236.5659087
1.25474	2232184047.0600824
1.25475	2173451732.874263
1.25476	2094884097.5236406
1.2547700000000002	1887947876.9894254
1.25478	1741606352.0076962
1.25479	2091173178.5590441
1.2548	1960514235.0234265
1.25481	1686320035.5721927
1.25482	2147138206.9763324
1.25483	2069283524.7826524
1.25484	2068140312.3576512
1.25485	2109162300.1082895
1.25486	2149364145.7878084
1.2548700000000002	2112029597.4610183
1.25488	2061151904.7025921
1.25489	2092088248.5076444
1.2549	2085066928.793345
1.25491	1875555845.5499866
1.25492	1652304174.1384964
1.25493	2011453513.0964274
1.25494	1978244650.5128195
1.25495	1675560061.4688869
1.25496	2159981343.4170685
1.25497	2221825771.755223
1.25498	2113391712.3105664
1.25499	1932991747.9275167
1.255	2158042533.152524
1.25501	2088574638.139729
1.25502	2149067220.668653
1.25503	2088189943.9062715
1.25504	1997928766.6273735
1.25505	2114900792.756598
1.25506	1960153128.2154374
1.25507	1961326968.5901208
1.25508	1787310472.2483704
1.25509	1970380042.5444887
1.2551	1992599421.9780226
1.25511	1978016909.7907526
1.25512	1413383444.6581938
1.25513	1565993661.9342878
1.25514	1624725512.1295776
1.25515	1485969857.6135151
1.25516	1782214611.8566465
1.25517	1893869282.1046312
1.25518	2071858063.7912078
1.25519	1946659528.9932468
1.2552	2077686414.3057835
1.25521	2010944107.895143
1.25522	1551457917.2679794
1.2552299999999998	1786323040.8428926
1.25524	2168003604.897416
1.25525	2024836682.4061766
1.25526	2006180477.9661343
1.25527	2157446326.337312
1.25528	2094739393.054775
1.25529	2116362219.1688516
1.2553	1937760058.9594226
1.25531	2107123545.3107378
1.25532	1985774822.476161
1.2553299999999998	1462682279.7850814
1.25534	1498269711.290446
1.25535	1529501826.68788
1.25536	1501689001.6146884
1.25537	2108676703.4497247
1.25538	2005072127.939791
1.25539	1409970414.753536
1.2554	1672091349.2046235
1.25541	2166556404.428179
1.25542	1957446946.3862462
1.2554299999999998	1590010528.2148626
1.25544	2049085121.974501
1.25545	2139488714.5783274
1.25546	1966119904.9417336
1.25547	1544863100.31845
1.25548	1659013805.4034307
1.25549	2047292992.8441727
1.2555	1950428345.926001
1.25551	1966300999.616691
1.25552	2056742867.9375648
1.25553	1891515916.0951
1.25554	1742649315.3473265
1.25555	2181222656.0835166
1.25556	2182528884.2465253
1.25557	2130345288.3583965
1.25558	2242797172.9613547
1.25559	2199733151.6179852
1.2556	1834256218.0964785
1.25561	1740684250.9295905
1.2556200000000002	1865606301.4675605
1.25563	1536031068.38503
1.25564	1308127272.0576365
1.25565	1755011634.984384
1.25566	2143236022.1137395
1.25567	2159881874.8905787
1.25568	1803059257.3552675
1.25569	1802021631.6946528
1.2557	2166755960.83715
1.25571	2159384600.9627786
1.2557200000000002	2171500831.519484
1.25573	2147434865.5739868
1.25574	1849481536.152088
1.25575	1939902934.5023394
1.25576	1884082865.6596005
1.25577	1264532512.484532
1.25578	1803391423.7374067
1.25579	2006873507.8306239
1.2558	2097538785.037881
1.25581	2066188785.3698487
1.2558200000000002	2125837187.7758446
1.25583	2190534008.099165
1.25584	1855965931.6906426
1.25585	1950607995.2884054
1.25586	2073194270.7450488
1.25587	1767583748.8140738
1.25588	1728502452.1768992
1.25589	1623005531.5603087
1.2559	1982531059.6997235
1.25591	2103729999.035432
1.25592	2092714579.7025774
1.25593	2141706723.1587813
1.25594	1957852635.3551133
1.25595	2046491758.3963199
1.25596	2142791919.6332211
1.25597	2168253219.905245
1.25598	1765997156.6307335
1.25599	1896487567.4418445
1.256	2092377301.1470854
1.25601	2153624583.4079776
1.25602	1631435844.427082
1.25603	2023298688.4138968
1.25604	1780942918.5315595
1.25605	1937180104.2991004
1.25606	2192451525.4357696
1.25607	2113002447.0241282
1.25608	1611387535.7200036
1.25609	1781558140.662893
1.2561	1765509260.9918523
1.25611	1805801460.761941
1.25612	1988886500.4504864
1.25613	2089729146.111261
1.25614	2012287363.60296
1.25615	1500963046.1351535
1.25616	1951416622.211339
1.25617	1381783492.2694893
1.25618	1753113362.4336512
1.25619	2151840117.7190933
1.2562	2132652027.9401765
1.25621	2138552911.8800054
1.25622	1880442248.242589
1.25623	1780573887.2351363
1.25624	1870380646.327289
1.25625	2030486002.7168078
1.25626	2049887371.7659175
1.25627	2064334163.7835321
1.2562799999999998	2048094540.9881954
1.25629	2034745047.0472429
1.2563	2162668725.866008
1.25631	2119678525.543837
1.25632	1656456364.9268556
1.25633	1851057885.334713
1.25634	2027869484.6021345
1.25635	2047292992.8441727
1.25636	1842213667.338103
1.25637	1763559025.9832423
1.2563799999999998	1847693793.5233579
1.25639	1932724713.6949954
1.2564	2016647535.6574144
1.25641	2085835237.3568208
1.25642	2054139812.561204
1.25643	2137420645.7147171
1.25644	2183483930.2534285
1.25645	2118214809.099337
1.25646	2094160675.1272712
1.25647	2122071437.8973336
1.2564799999999998	2054329014.542598
1.25649	1919773533.134782
1.2565	2095028811.9886727
1.25651	2173852134.3563094
1.25652	1839755034.2924109
1.25653	1788216097.1886296
1.25654	1627946018.8584518
1.25655	2067806994.3868816
1.25656	2119532108.3957245
1.25657	2153723763.768902
1.25658	1989848444.888021
1.25659	1652570515.5697324
1.2566	2069474121.615721
1.25661	2147731565.1593733
1.25662	2187660876.123331
1.25663	2121094412.871095
1.25664	2135207075.9103227
1.25665	2020365761.2611003
1.25666	2013167914.153848
1.2566700000000002	2083147395.2956347
1.25668	1736360909.2866664
1.25669	1838442283.189736
1.2567	2160130554.795857
1.25671	1363075776.7217538
1.25672	1544685251.6191654
1.25673	1856778078.0337238
1.25674	1959792087.9196632
1.25675	1910161115.350904
1.25676	1910732981.0428727
1.2567700000000002	1938161667.7395136
1.25678	1704708002.9329455
1.25679	2045643734.2919
1.2568	1823391810.931372
1.25681	1967931602.4848797
1.25682	2120117837.6779137
1.25683	2040891890.4477715
1.25684	1881091842.1603816
1.25685	1516421732.9808738
1.25686	1758895346.9236562
1.2568700000000002	1982850631.7060087
1.25688	1713602156.3799849
1.25689	1363735041.6728005
1.2569	2050973268.507085
1.25691	1806674854.3266785
1.25692	2119824952.8064466
1.25693	2120752560.395571
1.25694	2063288701.489187
1.25695	2169002237.3798304
1.25696	2107802911.1827304
1.25697	1975922924.914461
1.25698	1704433258.6088312
1.25699	1947511361.6646879
1.2570000000000001	1849268618.9780762
1.25701	2129364453.9604185
1.25702	2196696206.290453
1.25703	2014976567.3922575
1.25704	1669475307.6048706
1.25705	1903969556.687661
1.25706	1547034503.9479222
1.25707	1825282121.758729
1.25708	1907655723.990068
1.25709	2019668072.142039
1.2571	2099084878.2620163
1.25711	2227460441.80328
1.25712	2127551100.6649296
1.25713	2041267871.2552922
1.25714	1891341709.0636969
1.25715	1663221153.9351902
1.25716	1802685643.306021
1.25717	1709582249.8018672
1.25718	1842001586.8602452
1.25719	1936823295.4009726
1.2572	2057690251.1574426
1.25721	1988886500.4504864
1.25722	2004010533.7576609
1.2572299999999998	1555106010.764517
1.25724	2015672635.8431208
1.25725	1625062243.20621
1.25726	1652228084.471333
1.25727	1302716758.312837
1.25728	1697657201.1663632
1.25729	2025396242.7600105
1.2573	1999355400.0416715
1.25731	2106298895.4065626
1.25732	2149215678.10052
1.2573299999999998	1886253245.3510692
1.25734	2023624831.9151511
1.25735	1952495312.9150286
1.25736	1544685251.6191654
1.25737	1925927790.7868927
1.25738	2149859112.15488
1.25739	2168552795.8512588
1.2574	2161175323.097659
1.25741	2122218030.4621813
1.25742	2083387240.308904
1.2574299999999998	1544720819.7209928
1.25744	1944688294.074273
1.25745	2075917069.7018735
1.25746	1856778078.0337238
1.25747	1433606627.3453074
1.25748	1469433714.4324903
1.25749	1755577475.090158
1.2575	2043854614.9980352
1.25751	2099278220.027583
1.25752	2209581372.478555
1.25753	2177910356.0725827
1.25754	1993471357.3439426
1.25755	2083099429.6064663
1.25756	2091799235.7995427
1.25757	2050453854.8373828
1.25758	1910073151.206184
1.25759	2004287417.1705203
1.2576	2018180473.8301852
1.25761	1691102766.4642134
1.2576200000000002	1796470127.6656976
1.25763	1949485458.1884987
1.25764	1545859431.5119104
1.25765	1940885877.592779
1.25766	2025116443.2565641
1.25767	2090258508.8579054
1.25768	2051965241.8181527
1.25769	2148226155.56758
1.2577	2124369218.5472183
1.25771	2061484149.9131887
1.2577200000000002	2022180881.1282446
1.25773	1642630944.6086605
1.25774	2042067060.4672782
1.25775	1306291196.4567955
1.25776	1593492412.8739061
1.25777	1588181014.29983
1.25778	1990994223.479604
1.25779	2160677751.376689
1.2578	2062956165.4426804
1.25781	1976696530.5286784
1.2578200000000002	1856094141.7034261
1.25783	1224503413.1389205
1.25784	1994068164.5284398
1.25785	2099810001.711632
1.25786	1531510575.2344744
1.25787	1978745772.403997
1.25788	2016415373.8943048
1.25789	2084442886.4735305
1.2579	1674248814.1390302
1.25791	1850802169.9017355
1.25792	2053383178.8730206
1.25793	2102132080.4832802
1.25794	1956861099.6124802
1.25795	1466864506.0139744
1.25796	1914564491.4889321
1.25797	1994940742.596832
1.25798	2098408322.298866
1.25799	2065047282.6885862
1.258	2023298688.4138968
1.25801	2014976567.3922575
1.25802	1972967811.959111
1.25803	1919817738.0629
1.25804	2044042869.6340988
1.25805	1624575876.2708905
1.25806	1663642475.195873
1.25807	1723653636.644765
1.25808	2003825966.066197
1.25809	1732846126.9505386
1.2581	1899590548.22348
1.25811	1914079623.6539016
1.25812	1937626207.859759
1.25813	2087228518.2924585
1.25814	2110328188.386487
1.25815	2180419211.9688997
1.25816	2224795000.8984427
1.25817	2136190601.5547762
1.25818	2021203306.3509774
1.25819	2060962074.3387294
1.2582	2009694296.5580504
1.25821	1405076596.2943866
1.25822	2025909308.9246488
1.25823	1906250629.027312
1.25824	1697969949.983858
1.25825	2111300254.241321
1.25826	2139094642.4891546
1.25827	2213706294.761883
1.2582799999999998	2221774612.9152017
1.25829	2187509763.0829906
1.2583	1989298705.3968587
1.25831	1950069096.8363442
1.25832	1716247825.5375092
1.25833	1732766328.274781
1.25834	1747390619.6481724
1.25835	1537977563.8992915
1.25836	1834045053.7010856
1.25837	2076968930.7531128
1.2583799999999998	2116752103.4051952
1.25839	1988840705.173652
1.2584	1124630869.251541
1.25841	1965893560.0522358
1.25842	1563003678.052468
1.25843	2033480443.3131523
1.25844	1965033687.0902646
1.25845	2076490746.0384202
1.25846	2029925036.2045941
1.25847	2133536121.4388218
1.2584799999999998	2071476448.5809538
1.25849	2015022964.4764879
1.2585	2057737631.7719114
1.25851	1950652910.2144265
1.25852	1973285842.4277399
1.25853	1918227001.7252488
1.25854	2031374516.753421
1.25855	1952180633.2137847
1.25856	2051492813.752817
1.25857	1758733354.1355748
1.25858	1820203730.0095265
1.25859	1524333520.5482185
1.2586	1860929840.6420965
1.25861	1441949331.4164002
1.25862	2090258508.8579054
1.25863	2179565876.8627377
1.25864	2164761223.598372
1.25865	1452914305.8936565
1.25866	2095221780.159526
1.2586700000000002	2140572787.1943574
1.25868	2083771049.770168
1.25869	2100632111.1095397
1.2587	2089825383.910802
1.25871	2158688609.7984166
1.25872	2212177648.663954
1.25873	2110862769.2091765
1.25874	2178863381.0721483
1.25875	2112613253.436411
1.25876	2066283939.0707536
1.2587700000000002	2031701962.0293195
1.25878	2083723069.7209985
1.25879	1975468004.2239707
1.2588	1955059593.6851554
1.25881	1355189412.3510346
1.25882	2095800791.321696
1.25883	2128874206.11953
1.25884	1704904275.992887
1.25885	1473872786.0219169
1.25886	1785994018.283509
1.2588700000000002	2050642717.3138897
1.25888	2052248750.8764405
1.25889	1990352506.2110734
1.2589	1917078956.3771362
1.25891	1980842748.7937024
1.25892	2122266896.9007835
1.25893	2107851445.697132
1.25894	2113197070.7041829
1.25895	2132946685.0599828
1.25896	1694337800.447325
1.25897	1951910948.1219022
1.25898	1387714096.7975562
1.25899	1733125451.2570431
1.2590000000000001	1976104922.5225055
1.25901	1531969080.199226
1.25902	1440091211.4682481
1.25903	1854556205.919859
1.25904	2070570394.1405253
1.25905	1844165953.7910125
1.25906	1941645765.6392775
1.25907	1986918255.4271195
1.25908	1939947602.9323888
1.25909	1907963226.5454679
1.2591	2166506518.19772
1.25911	2154368547.457869
1.25912	1565092462.9296768
1.25913	1762584716.4859786
1.25914	1856991859.8159294
1.25915	2046774511.2126973
1.25916	1640854226.3402586
1.25917	1951416622.211339
1.25918	2021575660.0532196
1.25919	2165459172.6576943
1.2592	2144618262.9759493
1.25921	2076777643.654401
1.25922	2030486002.7168078
1.2592299999999998	2093967804.6833112
1.25924	1625249346.181336
1.25925	1832567583.451032
1.25926	1409840557.659424
1.25927	2033855058.7559066
1.25928	2046727383.0304942
1.25929	2055511921.8192608
1.2593	2028196364.8880656
1.25931	2114121778.019052
1.25932	2102567756.0440972
1.2593299999999998	2095270024.9793363
1.25934	2123782314.7273507
1.25935	2109696585.5923202
1.25936	2149859112.15488
1.25937	2173151480.161838
1.25938	1810047616.904316
1.25939	1797339008.0397809
1.2594	1316467069.4811168
1.25941	1507474588.5987089
1.25942	1990673338.987184
1.2594299999999998	2026655819.0003574
1.25944	2066997731.520653
1.25945	2139390189.750541
1.25946	1930989890.1397579
1.25947	1485901427.7483242
1.25948	1579283143.6868234
1.25949	2112321405.2899477
1.2595	2040703926.0142508
1.25951	2002995621.7888184
1.25952	1981709539.5936828
1.2595299999999998	2014234359.3193376
1.25954	1822636234.8577683
1.25955	2080175610.098591
1.25956	2125690345.2171094
1.25957	1810005939.4975452
1.25958	985848091.4398484
1.25959	1849907444.0461621
1.2596	1975877428.131548
1.25961	2124222477.3886945
1.25962	2176857497.6210485
1.25963	2017622906.991561
1.25964	2076299502.98012
1.25965	2087661105.028431
1.25966	2100970720.290422
1.25967	1729657044.5774276
1.25968	1966482110.9718528
1.25969	2085114939.786369
1.2597	1525141013.1086519
1.25971	1827174392.2718847
1.2597200000000002	1356157093.7472167
1.25973	1906426209.2842343
1.25974	1930189727.6345773
1.25975	2000598781.7092767
1.25976	1862130013.2973247
1.25977	1819784660.8610046
1.25978	1674865743.8325224
1.25979	1782748172.8133926
1.2598	1884690320.121292
1.25981	2144766413.0740824
1.2598200000000002	2195482602.4672427
1.25983	2089488571.001132
1.25984	2095945569.11188
1.25985	1997790759.3641808
1.25986	2069426470.7616894
1.25987	2053997922.5106266
1.25988	1347131526.7684069
1.25989	2005949521.1982093
1.2599	2103729999.035432
1.25991	1926326947.2805085
1.2599200000000002	1871328362.6795359
1.25993	1943882455.232171
1.25994	1935530413.9797413
1.25995	1952270536.5243638
1.25996	1912273470.5510185
1.25997	1327149965.1537595
1.25998	2128923225.8240051
1.25999	2104795952.8158548
1.26	1618042780.4022677
1.26001	1780409897.8716516
1.26002	2083962981.0150504
1.26003	1907919294.5744147
1.26004	1991223458.356132
1.26005	2133536121.4388218
1.26006	1947645895.6301699
1.26007	2157943153.9095
1.26008	2198264770.8265285
1.26009	2213349516.2175922
1.2601	2199581204.6831985
1.26011	2125641399.951596
1.26012	2143680216.6363325
1.26013	1855453180.1946485
1.26014	1869132117.1537664
1.26015	2066759773.310691
1.26016	2073051064.5045984
1.26017	1899415597.5252151
1.26018	1409808095.2546484
1.26019	1745902552.8530536
1.2602	2109550857.948368
1.26021	1939009781.8583546
1.26022	1831850384.5542452
1.26023	1464198642.935275
1.26024	1709582249.8018672
1.26025	1870251449.471813
1.26026	1987879247.903669
1.26027	2132062835.8116524
1.2602799999999998	2119580912.9879727
1.26029	2040328049.079716
1.2603	1997882763.1470628
1.26031	1926948021.8203442
1.26032	1513770369.095495
1.26033	2144371368.886464
1.26034	2007659231.0959933
1.26035	2053194064.002308
1.26036	1863631317.653696
1.26037	1460393865.5229244
1.2603799999999998	1741445951.5215638
1.26039	2032825032.312806
1.2604	1975695451.4755461
1.26041	1948408430.3324952
1.26042	2102228889.472209
1.26043	1957221599.9505253
1.26044	2083914996.546552
1.26045	1932546711.3678453
1.26046	1580010597.941352
1.26047	1913154307.8331406
1.2604799999999998	1891080428.59922
1.26049	1971060705.241036
1.2605	1747752773.5752568
1.26051	1139488640.2900677
1.26052	2103778439.7664769
1.26053	2104941351.991252
1.26054	2156949613.1507306
1.26055	2244346977.5843983
1.26056	2145902570.5482047
1.26057	1701609885.7541947
1.26058	2018180473.8301852
1.26059	2030906829.331928
1.2606	2138799136.0563102
1.26061	2175204034.0195236
1.26062	2154269337.404234
1.26063	2099810001.711632
1.26064	1423573844.3086832
1.26065	1934683821.7206922
1.26066	1652722729.9487278
1.2606700000000002	2050642717.3138897
1.26068	1964309875.2655
1.26069	2049981774.7416973
1.2607	2086075391.837165
1.26071	2121192095.1278093
1.26072	1962727466.2637491
1.26073	2057121768.8719878
1.26074	1922294839.2405913
1.26075	1923401719.65611
1.26076	2119239304.4401586
1.2607700000000002	2161921895.531074
1.26078	2070856473.7731614
1.26079	1300708564.9172306
1.2608	1158777356.155126
1.26081	2053950628.0051546
1.26082	2106783944.491553
1.26083	2189172580.784075
1.26084	2140523499.2519078
1.26085	2133094028.8862374
1.26086	1670936708.264951
1.2608700000000002	2182729911.8430037
1.26088	2078308433.8670983
1.26089	2084586879.6603527
1.2609	2150552256.5666733
1.26091	2174452874.890136
1.26092	2165858101.720129
1.26093	2102664585.0970976
1.26094	1999493515.390138
1.26095	1979383747.500479
1.26096	1746304608.058794
1.26097	1707733115.0193233
1.26098	1664983753.0215993
1.26099	2037745768.630132
1.261	2026002607.644401
1.26101	2099084878.2620163
1.26102	2172751207.733177
1.26103	2166306984.7622066
1.26104	2029177321.926593
1.26105	1952270536.5243638
1.26106	2033246343.7014852
1.26107	2011407198.2009056
1.26108	1387522390.2529185
1.26109	1944374872.6143808
1.2611	2034885607.110364
1.26111	2060677361.5734696
1.26112	1675097151.0708766
1.26113	1999907918.6841905
1.26114	2093871376.1226282
1.26115	1418567481.216622
1.26116	2112710545.1123059
1.26117	2057879780.1613762
1.26118	1801399342.9443414
1.26119	2099374897.5883546
1.2612	2159086291.562206
1.26121	2112126862.257944
1.26122	2112321405.2899477
1.26123	2037135889.120229
1.26124	1971560007.3207679
1.26125	2032029460.0874214
1.26126	2093485706.283836
1.26127	1945001766.0557992
1.26128	2016972607.0331125
1.26129	2101502930.71262
1.2613	1938027788.8986566
1.26131	1786940121.5235825
1.26132	1396432667.6760926
1.2613299999999998	2055227961.9683876
1.26134	2106783944.491553
1.26135	2141164331.0342312
1.26136	2195684823.200205
1.26137	2167704104.819696
1.26138	1743371732.745915
1.26139	1586865067.8950615
1.2614	2039294744.4525812
1.26141	1909413549.2272944
1.26142	1866250770.3458574
1.2614299999999998	1252420016.4802096
1.26144	2106638418.0387712
1.26145	1868185513.0690687
1.26146	1864232178.2525
1.26147	2066379097.1537573
1.26148	2054281712.4135296
1.26149	1579574085.1886408
1.2615	2100100121.2244058
1.26151	1920657825.11877
1.26152	1983946698.2859907
1.2615299999999998	2044466505.9659207
1.26154	1958619166.1602492
1.26155	2136387361.0411448
1.26156	2121485168.890016
1.26157	2108191218.5910497
1.26158	1998987139.0856187
1.26159	2062718672.5084329
1.2616	2095173536.4505808
1.26161	2059681176.5973668
1.26162	2131130281.1591558
1.26163	1903706531.7420766
1.26164	2195684823.200205
1.26165	2083531160.571745
1.26166	2095270024.9793363
1.26167	1625848220.4779947
1.26168	1685504824.653842
1.26169	2044654816.961821
1.2617	1268790738.892841
1.26171	1994022249.9407547
1.2617200000000002	2005025959.979401
1.26173	2107705845.5065253
1.26174	2113294389.2664843
1.26175	2108725258.084168
1.26176	2146545012.7215593
1.26177	2188466988.6571283
1.26178	2159036577.335472
1.26179	2132210118.5816557
1.2618	1400876983.954583
1.26181	1884299791.20262
1.2618200000000002	2111203027.5102165
1.26183	2044231141.6098547
1.26184	2073051064.5045984
1.26185	1908973941.123502
1.26186	2063098674.328131
1.26187	2133683505.9832973
1.26188	2115777527.4590445
1.26189	1981800802.791966
1.2619	1757518883.6859605
1.26191	1975468004.2239707
1.2619200000000002	2006134284.4853363
1.26193	1913859269.778323
1.26194	1646645076.7206347
1.26195	1833116219.1241004
1.26196	2130688687.1235926
1.26197	2134715482.9108863
1.26198	2172801237.754591
1.26199	2079026380.1476603
1.262	2101841680.2643504
1.26201	2142939943.567668
1.26202	1571990799.9152613
1.26203	1529537045.1744034
1.26204	1547854022.0099688
1.26205	1957717396.3573887
1.26206	1581066001.8413231
1.26207	1397429799.0742626
1.26208	1846502925.2432773
1.26209	1897972868.9322286
1.2621	1909545451.3982208
1.26211	2186250893.6067038
1.26212	2196898538.805606
1.26213	2188063895.2673707
1.26214	1978563531.5758898
1.26215	2077208064.403416
1.26216	2111105805.2564738
1.26217	2072144321.3342786
1.26218	1682635316.514436
1.26219	2004518182.570632
1.2622	1822888058.7542048
1.26221	1981618280.59812
1.26222	2142446570.214632
1.26223	2231927072.167452
1.26224	2165060317.073949
1.26225	1902260543.9079351
1.26226	1667784756.1891172
1.26227	2027122527.47784
1.2622799999999998	2035588553.0875762
1.26229	1849481536.152088
1.2623	2059017320.8397238
1.26231	2178863381.0721483
1.26232	2166057593.810082
1.26233	2061816448.6796944
1.26234	1994757010.2255363
1.26235	1915843368.246916
1.26236	1217362725.688924
1.26237	1563687627.9567618
1.2623799999999998	2089729146.111261
1.26239	2142545235.7971804
1.2624	1965486204.913816
1.26241	1564443920.7946966
1.26242	1542694744.4514616
1.26243	1785418374.6229148
1.26244	1993746784.6151965
1.26245	2048188861.3991735
1.26246	1580993192.7376928
1.26247	1888339161.9889526
1.2624799999999998	2083914996.546552
1.26249	1834889857.169447
1.2625	2099423238.0383368
1.26251	1925440045.1703343
1.26252	2155658694.001287
1.26253	1969019422.2261558
1.26254	2122364633.1536262
1.26255	2072812409.4190469
1.26256	2046727383.0304942
1.26257	2053856042.2611282
1.26258	2117337064.437486
1.26259	2192098172.479443
1.2626	2130001944.938072
1.26261	2004702814.020528
1.26262	1977743655.531915
1.26263	1831049141.4716785
1.26264	1988108124.1347358
1.26265	1977197260.255605
1.26266	1977242787.4291344
1.2626700000000002	1990398336.298814
1.26268	1996273308.493979
1.26269	2018645230.562628
1.2627	1433738673.4761374
1.26271	1451677013.264039
1.26272	1585185167.4672947
1.26273	2061721500.7095878
1.26274	2136092228.6072192
1.26275	2073910450.3511686
1.26276	2085499067.530961
1.2627700000000002	1877197641.9504604
1.26278	1892735814.6801226
1.26279	1675097151.0708766
1.2628	2001750750.4736922
1.26281	1795477635.845948
1.26282	2200797074.1036468
1.26283	2066759773.310691
1.26284	2016322516.6728172
1.26285	1990627502.567345
1.26286	1847608706.0388806
1.2628700000000002	2166456633.1159205
1.26288	2123586716.155197
1.26289	2089440459.3026786
1.2629	2078356289.2382348
1.26291	2036291741.8956606
1.26292	2022180881.1282446
1.26293	2082044463.8227215
1.26294	2103584683.5344422
1.26295	2083819030.9241397
1.26296	1954069472.451764
1.26297	1896007277.629153
1.26298	1866551598.6733527
1.26299	1962637081.4048488
1.263	1522825007.1840365
1.26301	2149314655.419176
1.26302	2105232180.47523
1.26303	2107123545.3107378
1.26304	2217379356.5565453
1.26305	1994343674.2573407
1.26306	1295716532.1492515
1.26307	2012982503.07532
1.26308	2093485706.283836
1.26309	2107075027.5566785
1.2631	2096717886.2529304
1.26311	2178060805.9864755
1.26312	2135698782.1162624
1.26313	1906250629.027312
1.26314	1491214095.0217226
1.26315	1906821323.9944925
1.26316	1996778997.3406038
1.26317	2086171461.3712296
1.26318	1873138973.0187817
1.26319	1929301047.0578423
1.2632	1795973813.1969206
1.26321	1607755485.4021864
1.26322	2051445576.9289415
1.26323	2052910424.3531985
1.26324	1474212196.8471382
1.26325	2088574638.139729
1.26326	2141608096.1902864
1.26327	2043854614.9980352
1.26328	1809880913.035018
1.26329	2015951130.5462265
1.2633	2126326736.2369003
1.26331	2040609950.289357
1.26332	2163465629.2551107
1.2633299999999998	1890949801.9028265
1.26334	1964626510.1271415
1.26335	2120264295.2881784
1.26336	2131375650.7243235
1.26337	1596651009.818294
1.26338	1698517399.058809
1.26339	1976605502.3854074
1.2634	2072335181.6685731
1.26341	2077399391.1471698
1.26342	1502692088.8287318
1.2634299999999998	1828394894.8318324
1.26344	2098988214.0568204
1.26345	1964716986.6047387
1.26346	2000783052.1523886
1.26347	2117434573.6579351
1.26348	2009971965.266013
1.26349	2078260579.597861
1.2635	2039106927.114869
1.26351	2065475272.2718148
1.26352	2082188291.3266454
1.2635299999999998	1916328682.867447
1.26354	1511367224.9297585
1.26355	1935976137.6414304
1.26356	1740804497.2909412
1.26357	1969835681.6285765
1.26358	2038168099.861748
1.26359	1670359686.825393
1.2636	1820413300.771904
1.26361	1495994510.8347533
1.26362	2008630255.148588
1.26363	1725718679.4496133
1.26364	1890688575.578584
1.26365	2104989820.6150503
1.26366	2067188117.8146784
1.26367	2022739707.5556755
1.26368	2001243802.5192184
1.26369	2107414675.2967
1.2637	2079696687.1036932
1.26371	2128139045.9827087
1.2637200000000002	2099471579.601404
1.26373	2054754782.7204602
1.26374	1892735814.6801226
1.26375	2136239789.7274296
1.26376	2117288311.511165
1.26377	1982028979.175892
1.26378	1724487298.6097114
1.26379	1987696165.89012
1.2638	1289525694.1625311
1.26381	2072955599.1732183
1.2638200000000002	1462244511.7545097
1.26383	1778975635.0373309
1.26384	2003410750.908895
1.26385	1982759320.1624227
1.26386	1696406781.8418238
1.26387	1860372880.5950522
1.26388	1999263328.442915
1.26389	2070999528.4114184
1.2639	1916593451.7481165
1.26391	1923401719.65611
1.2639200000000002	1995905615.2278914
1.26393	2084682880.6443195
1.26394	1768520099.4931548
1.26395	2067283317.537611
1.26396	2102132080.4832802
1.26397	2059017320.8397238
1.26398	2171400832.5131865
1.26399	2124222477.3886945
1.264	1751539758.94289
1.26401	1609792871.8228042
1.26402	1977424906.6066
1.26403	1501446977.450399
1.26404	1759300394.17525
1.26405	1469163059.6682055
1.26406	2072812409.4190469
1.26407	2095559517.2278168
1.26408	1998941111.2356625
1.26409	2063098674.328131
1.2641	1984677745.9165113
1.26411	2101212617.407939
1.26412	2115485242.1821747
1.26413	2060250366.1710129
