1.14001	2992.822774115183
1.14002	413.00375476407595
1.1400299999999999	0.10537340162246978
1.14004	5.505548591039159e-05
1.14005	47.40749413599441
1.14006	500.11859220215024
1.1400700000000001	364.89255295912835
1.14008	16.73100388284283
1.14009	0.004646885804674037
1.1401	10.651382969891172
1.14011	1.2905623763282814
1.14012	98.23856274374572
1.1401299999999999	1372.6158199428332
1.14014	5227.499500598202
1.14015	300.43878708372944
1.14016	7.470557279625614
1.1401700000000001	8.953029180788961
1.14018	0.1795907648295254
1.14019	1097.170191624773
1.1402	7768.640060107352
1.14021	6052.335579044544
1.14022	1414.4969000072697
1.1402299999999999	537.5130342498278
1.14024	4014.5419459309464
1.14025	1494.878858935823
1.14026	5211.407096200907
1.1402700000000001	2093.4326822365715
1.14028	39.80787546229493
1.14029	554.9859644636025
1.1403	8286.440189098228
1.14031	1082.9714309942074
1.14032	6213.180921354019
1.1403299999999998	6447.004895640846
1.14034	3406.0106375173223
1.14035	8726.216826340084
1.14036	1292.0371466483493
1.14037	7878.2906683799765
1.14038	11342.897301466357
1.14039	49701.21435205435
1.1404	15834.013103282929
1.1404100000000001	46188.302344032774
1.14042	73056.01853588226
1.1404299999999998	36800.10009999087
1.14044	5072.639509641807
1.14045	10608.59817935355
1.14046	13324.072894445828
1.14047	43698.144856683066
1.14048	82769.6273693286
1.14049	58982.20442249205
1.1405	25197.995845864472
1.1405100000000001	92037.53952709732
1.14052	34957.06805317581
1.1405299999999998	40426.486679236456
1.1405399999999999	32847.40006415342
1.14055	17776.816931235473
1.14056	3639.0581884522703
1.14057	433.78946445920997
1.14058	4866.63751944547
1.14059	6481.716025995516
1.1406	3655.855317861041
1.1406100000000001	3106.983879958564
1.14062	13389.026465134675
1.14063	7475.977747215282
1.1406399999999999	11821.484033803436
1.14065	12295.579438114484
1.14066	15346.805886687935
1.14067	36651.098857253695
1.14068	33237.09052940978
1.14069	2148.384448551952
1.1407	254.22426476676878
1.1407100000000001	11899.179063313872
1.1407200000000002	10172.928685331424
1.14073	40822.91380549811
1.1407399999999999	101972.01472130473
1.14075	85766.95667578994
1.14076	33631.01695716816
1.14077	24853.01031088609
1.14078	17178.25320930793
1.14079	24823.899252460265
1.1408	10058.70334583756
1.14081	3133.480526109939
1.1408200000000002	253.44515883912248
1.14083	385.6070806776683
1.1408399999999999	849.2352254897265
1.14085	493.6384727547503
1.14086	17.56151584988935
1.14087	0.04579741866169006
1.14088	1.9490007219981587e-09
1.14089	0.0010016615426869824
1.1409	19.55091105776647
1.14091	252.27080904163472
1.1409200000000002	164.3864436500195
1.14093	1766.3550324552355
1.14094	1099.3019541899207
1.14095	5572.986615198986
1.14096	4320.669030504241
1.14097	3670.8446029399634
1.1409799999999999	2980.554037473318
1.14099	17136.337223889597
1.141	25285.933998181776
1.14101	1412.8140331499524
1.1410200000000001	702.9185427383908
1.14103	37275.71649547257
1.14104	33255.309953761614
1.14105	4692.226846595389
1.14106	4640.929808451487
1.14107	20707.65877613248
1.1410799999999999	24803.787386585245
1.14109	4438.630570735575
1.1411	32376.209378809246
1.14111	46116.14542070418
1.1411200000000001	20420.153387574053
1.14113	4041.1688805565277
1.14114	352.81659149428856
1.14115	516.8565210149696
1.14116	1.9112962160758702
1.14117	404.5460825423155
1.1411799999999999	1583.2737084012451
1.14119	626.6888964148674
1.1412	5.002360656894817
1.14121	0.2692092635637904
1.1412200000000001	170.17391880180512
1.14123	264.18368883373614
1.14124	9295.334011550243
1.14125	17754.849690871957
1.14126	45377.64988941055
1.14127	42603.66881666272
1.1412799999999999	23776.723095233338
1.14129	1854.41102230488
1.1413	1494.2318868525388
1.14131	3045.6991352503583
1.1413200000000001	19717.279828093237
1.14133	31264.17694427027
1.14134	50017.61737975063
1.14135	6010.616233901843
1.14136	255.77023352400445
1.14137	6271.436077201519
1.1413799999999998	8332.206026465336
1.14139	40125.457762989245
1.1414	44155.214616904355
1.14141	17705.61432879796
1.14142	15266.799429375402
1.14143	7081.98495816412
1.14144	3101.1087757928008
1.14145	1905.592347072837
1.1414600000000001	721.3399742411433
1.14147	258.7688525200915
1.1414799999999998	16.892502816217124
1.14149	5.531526534184212
1.1415	0.5079757731452486
1.14151	0.0001605531756189569
1.14152	1.2359161292254592e-07
1.14153	0.3247222144502092
1.14154	257.16567441809036
1.14155	330.0228420669023
1.1415600000000001	0.1385667401189437
1.14157	220.9031963888585
1.1415799999999998	110.95375382125134
1.1415899999999999	848.0901125092429
1.1416	1062.8769772617618
1.14161	3815.662905429736
1.14162	1267.5759773459586
1.14163	20348.856071103644
1.14164	12735.060133692468
1.14165	2692.4087915918894
1.1416600000000001	210.43404337668218
1.14167	21.490177371368915
1.14168	240.23041968148578
1.1416899999999999	1.7913522766117682
1.1417	503.70005699582487
1.14171	4450.153587689206
1.14172	10974.051652612272
1.14173	98.01532854546794
1.14174	1178.913660348828
1.14175	16060.201874570157
1.14176	2583.223601867703
1.1417700000000002	6422.897627660245
1.14178	12958.686994598731
1.1417899999999999	19338.86581459512
1.1418	12816.811585964051
1.14181	15783.997374359144
1.14182	25475.457968756597
1.14183	8467.573985792656
1.14184	774.3797719938649
1.14185	192.967868629799
1.14186	3972.72039549913
1.1418700000000002	7179.711607792571
1.14188	23325.179791919523
1.14189	19472.06452413192
1.1419	9197.398420090323
1.14191	3674.514791999398
1.14192	1765.7166001663293
1.14193	8.295718373090908
1.14194	9.711694223177554
1.14195	962.8508097979422
1.14196	11020.56854235023
1.1419700000000002	9680.30408705274
1.14198	11403.338073657533
1.14199	46566.11431829761
1.142	26913.73674064322
1.14201	13908.970947879689
1.14202	21322.543053966114
1.1420299999999999	40845.47961595513
1.14204	23076.290632089363
1.14205	76715.3021699049
1.14206	49894.882015070536
1.1420700000000001	43220.81978035713
1.14208	24850.4352665991
1.14209	73281.7783606603
1.1421	97317.51260164684
1.14211	38619.08679195661
1.14212	10704.663010914152
1.1421299999999999	19907.32927910859
1.14214	9383.827161208877
1.14215	12462.782046674005
1.14216	10751.250973536404
1.1421700000000001	2826.0510323538415
1.14218	242.48115945515622
1.14219	0.1767954158710832
1.1422	7.724546644549009e-07
1.14221	3.076642252141651
1.14222	253.361720773306
1.1422299999999999	165.26390103053768
1.14224	1932.1329193220608
1.14225	4339.672939127999
1.14226	5484.600513662388
1.1422700000000001	10859.004172436249
1.14228	23570.67393001322
1.14229	8336.946220810038
1.1423	5965.776787686897
1.14231	14651.631929004308
1.14232	13695.881823844067
1.1423299999999998	4297.263652285914
1.14234	2580.7444378478344
1.14235	208.5057326727397
1.14236	1431.063813170143
1.14237	17189.80697479872
1.14238	48289.86596951066
1.14239	46933.83043939648
1.1424	8140.217330557528
1.14241	891.9243077910094
1.14242	0.8238022997292179
1.1424299999999998	6.775494545568412
1.14244	733.7988047181282
1.14245	1062.8231366024365
1.14246	2549.8169277858
1.14247	7301.548931670482
1.14248	1825.4502441971024
1.14249	4941.889153994361
1.1425	10351.159484792346
1.1425100000000001	2130.708311582004
1.14252	145.99937612850212
1.1425299999999998	19.94954523206876
1.14254	92.9753881263766
1.14255	77.78824976919849
1.14256	200.0128968891378
1.14257	1.6683532050574097
1.14258	57.62885621032567
1.14259	2372.711854060653
1.1426	1871.815330914932
1.1426100000000001	781.5738135172031
1.14262	666.6455738713188
1.14263	17722.092540172176
1.1426399999999999	11968.397369075894
1.14265	292.69142562942324
1.14266	531.4739712973698
1.14267	10343.892537052698
1.14268	45250.77274208899
1.14269	27019.294189944336
1.1427	8580.685806919671
1.1427100000000001	12164.212546241648
1.1427200000000002	27576.617798450643
1.14273	22610.80372095369
1.1427399999999999	10309.414471372622
1.14275	6181.160206411775
1.14276	8239.00943129142
1.14277	7272.2198536977185
1.14278	5958.7751781142515
1.14279	824.0166744804469
1.1428	116.02057139138468
1.14281	29.293886868267244
1.1428200000000002	2290.055459450467
1.14283	8682.04435019029
1.1428399999999999	6606.036972339874
1.14285	1843.5545808928305
1.14286	7870.820353277358
1.14287	4866.346176144374
1.14288	325.70393084829203
1.14289	0.004833247110754955
1.1429	748.310777211091
1.14291	5168.279592572746
1.1429200000000002	40.059543872003395
1.14293	207.4765415127785
1.14294	1206.3268658204058
1.14295	768.6895905945735
1.14296	760.5521528425638
1.14297	1497.8316388711382
1.1429799999999999	12.215380514917431
1.14299	0.4597545119280147
1.143	102.3017351766332
1.14301	349.6125386820111
1.1430200000000001	10.866057528441981
1.14303	18.750376819085115
1.14304	526.0269560760814
1.14305	111.48437411007016
1.14306	1.6004532768383277
1.14307	2.63022559732596
1.1430799999999999	0.028636701988822857
1.14309	244.56595466437818
1.1431	3261.084107826251
1.14311	3669.315031497129
1.1431200000000001	655.4204683664951
1.14313	1246.6226116406858
1.14314	345.65592049167
1.14315	9.64379566789212
1.14316	1.8798491484698057
1.14317	5.411977719649326
1.1431799999999999	905.436504561037
1.14319	698.5411583105139
1.1432	343.74310848791526
1.14321	1352.8542178450182
1.1432200000000001	1096.9883111054269
1.14323	2967.946034505507
1.14324	14889.701796273166
1.14325	13217.155514958593
1.14326	1767.0913459612598
1.14327	514.2756952727805
1.1432799999999999	1676.7719490812347
1.14329	32.42903310029956
1.1433	1540.1818456772844
1.14331	4207.779757372444
1.1433200000000001	7022.973020000107
1.14333	8779.949136835678
1.14334	15109.114069142568
1.14335	14473.14789491498
1.14336	9013.096065692547
1.14337	1347.6868786181726
1.1433799999999998	22.37350369385782
1.14339	789.723387958895
1.1434	1507.8634006455977
1.14341	1235.3755450939575
1.14342	1268.291260964332
1.14343	5766.44295377422
1.14344	11469.672039832029
1.14345	19735.403037127555
1.1434600000000001	3918.916408830821
1.14347	44.12746711800169
1.1434799999999998	2471.4111403019815
1.14349	10056.642226223721
1.1435	2520.1883521222585
1.14351	115.50080204301712
1.14352	639.2754108338024
1.14353	1082.064128541176
1.14354	1507.2420436063417
1.14355	1390.0134417435095
1.1435600000000001	962.1881412083104
1.14357	401.949043936303
1.1435799999999998	138.70240771700927
1.1435899999999999	5.130645402183151
1.1436	1171.5126972805904
1.14361	4373.4684712251355
1.14362	4229.392589439501
1.14363	289.4549627416288
1.14364	4205.6003485146675
1.14365	3830.063726184812
1.1436600000000001	769.507753310747
1.14367	291.9637949623436
1.14368	4858.139709381608
1.1436899999999999	3585.6838901356423
1.1437	136.2024751818336
1.14371	376.3440030078276
1.14372	2545.218082382936
1.14373	2063.621291138488
1.14374	1487.6645013514303
1.14375	79.01799396084148
1.14376	0.0010745434964718964
1.1437700000000002	4.865797153485185e-06
1.14378	11.339293591947355
1.1437899999999999	854.7419120508298
1.1438	803.7222659721468
1.14381	226.16427256508354
1.14382	392.63408636898464
1.14383	154.12106450592066
1.14384	0.11910829283569394
1.14385	14.14685818591632
1.14386	1.8440173375634203
1.1438700000000002	112.45247023737542
1.14388	137.72919210538313
1.14389	73.37937358330679
1.1439	4735.578062172239
1.14391	1120.2114309051121
1.14392	222.3437878340434
1.14393	177.96557413084142
1.14394	14.065818203915526
1.14395	505.1426055257996
1.14396	2112.170632877927
1.1439700000000002	682.1721733162163
1.14398	14.450537455258681
1.14399	152.44844540487145
1.144	11.477439177939335
1.14401	183.73546803862965
1.14402	243.03733817023868
1.1440299999999999	1037.977644566612
1.14404	2135.207075910322
1.14405	10.463645074093872
1.14406	348.79319242830746
1.1440700000000001	497.68665992570214
1.14408	107.3949845837917
1.14409	79.0361906212264
1.1441	0.009368865408602165
1.14411	479.3138739304584
1.14412	350.49191153306776
1.1441299999999999	2033.17611907341
1.14414	10110.252451616083
1.14415	8306.03965110804
1.14416	613.3847862538462
1.1441700000000001	2811.849033748523
1.14418	3769.719186545817
1.14419	3866.3129134579294
1.1442	1524.1229406364268
1.14421	366.1693591808445
1.14422	1141.6605649878397
1.1442299999999999	3065.681266284908
1.14424	1797.9267748177263
1.14425	1519.2351501356732
1.14426	44.775144902649146
1.1442700000000001	91.20822415579914
1.14428	0.7899034306037797
1.14429	52.3160564840941
1.1443	106.61688752947293
1.14431	21.420963440905258
1.14432	4.716794984003467
1.1443299999999998	0.013355218569076364
1.14434	4.093756434939057e-11
1.14435	0.00023585332326342949
1.14436	0.02053856042261132
1.14437	1.6085771677282823e-05
1.14438	11.154599967817816
1.14439	167.60809885782191
1.1444	344.34041615458005
1.14441	728.1301257845533
1.14442	36.71791397409791
1.1444299999999998	20.34393689365775
1.14444	407.7556617502126
1.14445	137.82785584832988
1.14446	497.3498599686832
1.14447	383.52793313060374
1.14448	117.79232661999276
1.14449	1097.1095614345977
1.1445	776.9069382884952
1.1445100000000001	5098.518506089298
1.14452	9946.10409029072
1.1445299999999998	1661.2041217389465
1.14454	3.5556990851875274
1.14455	90.46258631146328
1.14456	3481.5849793223592
1.14457	604.3910158284511
1.14458	265.80613465929605
1.14459	552.7286801912732
1.1446	207.32611037093818
1.1446100000000001	4407.080668129301
1.14462	4028.48731068606
1.14463	1457.870674215486
1.1446399999999999	114.4687657236054
1.14465	0.0008200348320489083
1.14466	30.433226621767542
1.14467	21.760306087716117
1.14468	612.952753051561
1.14469	691.6000245210035
1.1447	108.50406277326535
1.1447100000000001	372.4688859746133
1.1447200000000002	2901.756727550129
1.14473	12693.72250340796
1.1447399999999999	24140.930180606025
1.14475	9499.199309216267
1.14476	23591.089595784866
1.14477	8551.139669231474
1.14478	20079.458655409868
1.14479	36477.41045305964
1.1448	7405.766246803206
1.14481	4248.376520903114
1.1448200000000002	1524.0071340851011
1.14483	71.9357871185748
1.1448399999999999	993.9235937436299
1.14485	3232.9500895296865
1.14486	3714.120587451103
1.14487	359.19145793478145
1.14488	1630.1028247695215
1.14489	2785.4155770734774
1.1449	4060.2801506331984
1.14491	2450.625791995526
1.1449200000000002	2481.1441686743456
1.14493	298.0904069969469
1.14494	48.21409286031963
1.14495	0.075449957590491
1.14496	5.473422838459005e-08
1.14497	0.06666440388649252
1.1449799999999999	0.3652212175828967
1.14499	19.67175015854667
1.145	86.55337358340192
1.14501	551.8817083723051
1.1450200000000001	612.3236025219898
1.14503	1991.4573051204445
1.14504	1644.0612754469716
1.14505	80.68577967683633
1.14506	50.42628801424182
1.14507	22.808251858824057
1.1450799999999999	73.75763791377021
1.14509	57.74494871860901
1.1451	3.113572623405028
1.14511	122.49884671926374
1.1451200000000001	37.244315762411595
1.14513	0.44926439360452064
1.14514	607.5373744560748
1.14515	3898.8452693567574
1.14516	4576.210571112068
1.14517	7524.991262613941
1.1451799999999999	6173.621504255931
1.14519	1302.2548993118737
1.1452	135.8463581233846
1.14521	957.8885896883548
1.1452200000000001	11259.989875071442
1.14523	11331.959142556898
1.14524	1650.1749874330483
1.14525	4346.433106187178
1.14526	2593.970304387487
1.14527	869.1925595042794
1.1452799999999999	405.5804381013093
1.14529	972.7293052759476
1.1453	2288.2896696395146
1.14531	1588.5760109797964
1.1453200000000001	1894.6543879248254
1.14533	7224.985835496986
1.14534	5707.5930440170805
1.14535	596.7892615938777
1.14536	1360.645532334236
1.14537	1894.4449945549447
1.1453799999999998	287.6981041363215
1.14539	94.38283104229274
1.1454	7.608236428748572
1.14541	1.9021028662394452
1.14542	5.2097034161621
1.14543	0.8125498229264477
1.14544	4.910797205109699e-06
1.14545	4.716629902400747e-05
1.1454600000000001	6.476479571703868
1.14547	267.6424519973787
1.1454799999999998	648.3999907785424
1.14549	67.13515562722031
1.1455	191.1208199659029
1.14551	10.270722609448358
1.14552	559.6248616170269
1.14553	829.4744248818092
1.14554	527.3597745292267
1.14555	655.4566892409092
1.1455600000000001	334.0473262770489
1.14557	254.19968028945468
1.1455799999999998	975.5510484402874
1.1455899999999999	139.1649923295516
1.1456	1.2774267315394825
1.14561	370.2686988946369
1.14562	605.8024145915956
1.14563	617.9950549767831
1.14564	60.34648794139863
1.14565	964.8193391011652
1.1456600000000001	3943.7556610942925
1.14567	2213.4769305248715
1.14568	1888.0782963130337
1.1456899999999999	13314.136342460864
1.1457	16946.10917444693
1.14571	13983.986627927794
1.14572	782.6165000987475
1.14573	232.67943470040134
1.14574	2113.9173342027325
1.14575	10237.572727541432
1.1457600000000001	13971.981438036928
1.1457700000000002	10184.154987411093
1.14578	5793.499849247277
1.1457899999999999	1484.6155326312144
1.1458	1729.6450965711158
1.14581	1118.4510974730103
1.14582	262.45569444454276
1.14583	899.6467181120955
1.14584	505.45674930195196
1.14585	364.51969649416714
1.14586	6334.013723575495
1.1458700000000002	8023.096207554172
1.14588	5935.318104369642
1.1458899999999999	1185.0208727489212
1.1459	442.4610035197891
1.14591	1.9930720553838692
1.14592	1.00127183506845e-06
1.14593	0.012539262670279371
1.14594	9.484839799902028
1.14595	0.7409058092739098
1.14596	13.682107552184648
1.1459700000000002	310.4967080088682
1.14598	21.767873251573697
1.14599	758.8046786417374
1.146	508.75653406193584
1.14601	4135.728302881278
1.14602	1407.262127466774
1.1460299999999999	876.2882735035819
1.14604	840.8431683630965
1.14605	1356.3257282547936
1.14606	899.8559652678567
1.1460700000000001	903.8346776514476
1.14608	197.59593230950793
1.14609	6127.241527990596
1.1461	10167.589407247271
1.14611	1871.94463580325
1.14612	1681.1559422286284
1.1461299999999999	3188.379440330098
1.14614	488.7716412447053
1.14615	558.9165890723698
1.14616	464.5805245478671
1.1461700000000001	626.1234938549602
1.14618	1124.138960790005
1.14619	360.83528558080786
1.1462	215.72625291280366
1.14621	75.45899208862643
1.14622	6.985813707293597
1.1462299999999999	446.46559764220666
1.14624	1098.327860046055
1.14625	1488.6479373314046
1.14626	1923.1891491892854
1.1462700000000001	3502.127877780574
1.14628	3350.418052178052
1.14629	454.82256175821266
1.1463	0.3701016318601573
1.14631	0.006494115373941037
1.14632	114.48299960847763
1.1463299999999998	431.53596851805906
1.14634	364.4936779565842
1.14635	31.32708604911806
1.14636	117.62726522281521
1.1463700000000001	1187.1128334156801
1.14638	1412.74897215741
1.14639	1357.8443827522137
1.1464	2096.8047897381207
1.14641	1317.4617040351422
1.14642	102.14567907303233
1.1464299999999998	2930.3871416199017
1.14644	834.0095045915128
1.14645	1822.61525110344
1.14646	927.085951307308
1.14647	14.867672977946105
1.14648	1.334108035541159
1.14649	0.9041573144422383
1.1465	18.258664138269737
1.1465100000000001	1.1759855896671545
1.14652	0.010882683529751304
1.1465299999999998	195.77038729714153
1.14654	966.0731233894405
1.14655	2490.3019004037233
1.14656	890.2377370141077
1.14657	170.56031915283322
1.14658	399.0010145686071
1.14659	220.47380634915677
1.1466	6.3820323313918115
1.1466100000000001	148.25624629227028
1.14662	10.584613396041197
1.14663	5.266717209182176
1.1466399999999999	5.828583197593929
1.14665	0.3178220320025616
1.14666	2.2090991064986774e-05
1.14667	1.0311408681766292e-06
1.14668	0.111981169800985
1.14669	6.161082155917655
1.1467	3.7264302785536043
1.1467100000000001	12.95185578397318
1.1467200000000002	51.03851149715841
1.14673	289.19115114055046
1.1467399999999999	923.778818491446
1.14675	187.22679371045226
1.14676	26.627475882472826
1.14677	645.1638130253176
1.14678	306.01379163645976
1.14679	321.7132885110634
1.1468	1824.3787289002435
1.14681	426.945066994966
1.1468200000000002	1216.816247536909
1.14683	306.5067195491225
1.1468399999999999	58.87257071217728
1.14685	433.0529486000957
1.14686	263.3188804870611
1.14687	186.06984677640523
1.14688	8.991538330556379
1.14689	142.3046200231887
1.1469	280.34318300843336
1.14691	2183.3381330523725
1.1469200000000002	9609.084223815691
1.14693	757.4674935850283
1.14694	210.88417937684005
1.14695	561.9762991859371
1.14696	658.6246791292413
1.14697	652.744167593905
1.1469799999999999	510.92364284520426
1.14699	34.14349701646211
1.147	73.98215882030323
1.14701	795.6443809075313
1.1470200000000002	292.92605314623654
1.14703	72.70595779285878
1.14704	0.1608044266851703
1.14705	3.4535917643199553e-07
1.14706	0.2917400143629101
1.14707	206.42771249106832
1.1470799999999999	704.3848394023285
1.14709	203.65543279853998
1.1471	1203.4914243646108
1.14711	425.22128934141966
1.1471200000000001	628.6284035307108
1.14713	942.6576579638099
1.14714	1095.5797589987458
1.14715	620.500305989545
1.14716	173.1932651929512
1.14717	2239.989589879202
1.1471799999999999	5269.215977052958
1.14719	8270.33306643116
1.1472	1650.3307811882682
1.14721	274.09492850797756
1.1472200000000001	948.9470936105433
1.14723	2006.0280435159366
1.14724	9.432590919490243
1.14725	391.00832130460253
1.14726	191.14062422970343
1.14727	679.8373173262625
1.1472799999999999	604.6081540564666
1.14729	204.3285250268454
1.1473	2.054570272343605
1.14731	8.795833503539818e-06
1.1473200000000001	0.0276214834973678
1.14733	136.2718023510062
1.14734	373.1530536809604
1.14735	79.96887750109792
1.14736	18.454275507877668
1.14737	409.09295446623526
1.1473799999999998	249.23785215484455
1.14739	15.363847933315965
1.1474	421.104614032616
1.14741	1042.5238519442237
1.14742	737.8634531610915
1.14743	1005.5553940212411
1.14744	243.77153946999442
1.14745	10.57913112236681
1.1474600000000001	3.636511790471809e-05
1.14747	5.804141611963135
1.1474799999999998	217.94905986242986
1.14749	1645.0723390040641
1.1475	201.89892194469337
1.14751	12.610055557617246
1.14752	43.23843834231629
1.14753	306.66343783319815
1.14754	56.84954589979616
1.14755	63.66415805511143
1.1475600000000001	41.59872311165651
1.14757	2.8866757242846783
1.1475799999999998	13.497893587543365
1.1475899999999999	2.4289971207073235
1.1476	0.00015297726777101426
1.14761	1.040497401600842e-06
1.14762	0.5158304792103054
1.14763	70.05884932318273
1.14764	115.10123937358455
1.14765	97.98712152568
1.1476600000000001	311.0548662607133
1.14767	5.541470173201044
1.14768	237.40835565166356
1.1476899999999999	489.3211638135335
1.1477	42.14907033416198
1.14771	272.3503890529937
1.14772	86.28156224623264
1.14773	89.61299658141752
1.14774	13.110009306920986
1.14775	25.366292732616817
1.1477600000000001	7.335673613410428
1.1477700000000002	137.5748348056206
1.14778	352.8945895761547
1.1477899999999999	7175.9763710520765
1.1478	157.4490338384205
1.14781	13.76397895762909
1.14782	3031.642592664716
1.14783	16480.86492590086
1.14784	4139.405763305451
1.14785	354.7186312786393
1.14786	529.681738134839
1.1478700000000002	5526.739565932041
1.14788	1187.4217510023705
1.1478899999999999	120.00214251534452
1.1479	2377.5080714115056
1.14791	2443.734386748269
1.14792	651.9991056369311
1.14793	1775.6975684862539
1.14794	811.7550516993297
1.14795	29.846196915950575
1.14796	285.66892467232816
1.1479700000000002	488.8864494324052
1.14798	392.5039213809503
1.14799	1.0335702494793968
1.148	10.291768292493447
1.14801	283.48102865669205
1.14802	100.64448919214696
1.1480299999999999	100.4824001052545
1.14804	1168.1913872953933
1.14805	482.776364505413
1.14806	1464.7853913702536
1.1480700000000001	694.6179468659132
1.14808	6.050092296034089
1.14809	717.288717978398
1.1481	79.66434688540723
1.14811	163.4466410749958
1.14812	1632.6120589452323
1.1481299999999999	673.4215344519906
1.14814	738.803594932734
1.14815	2196.4382593594805
1.14816	823.5026480070376
1.1481700000000001	772.3088295302044
1.14818	1001.0989364780327
1.14819	1754.4984949355278
1.1482	1086.63077315434
1.14821	1481.0645942856993
1.14822	6904.98914210945
1.1482299999999999	469.0185287308764
1.14824	17.655621098418074
1.14825	9.795080284471936
1.14826	509.83541519204675
1.1482700000000001	2357.9359287004518
1.14828	2663.3853097033716
1.14829	3127.2744740942944
1.1483	227.8667719552117
1.14831	139.2515378232803
1.14832	194.7054015689533
1.1483299999999999	12.581980275053905
1.14834	83.99066116680002
1.14835	3830.301847873036
1.14836	435.0588424537984
1.1483700000000001	3641.8830885943266
1.14838	2527.28954056975
1.14839	1823.8537060525844
1.1484	371.4240318482706
1.14841	141.9282997148197
1.14842	336.5673629499385
1.1484299999999998	1410.077555860393
1.14844	1061.1847494472856
1.14845	107.87579268850261
1.14846	112.43434650130048
1.14847	1395.9825835188276
1.14848	40.292572868513446
1.14849	33.531810257294076
1.1485	312.26549657458247
1.1485100000000001	761.6001133270754
1.14852	617.5739945676061
1.1485299999999998	1.8667708041321618
1.14854	185.20768358543594
1.14855	16.39287019559845
1.14856	11.949699935147816
1.14857	20.111941634167106
1.14858	3.786247503634133
1.14859	124.61519459522832
1.1486	0.25683073817037116
1.1486100000000001	23.455948531168545
1.14862	4.726753995709892
1.1486299999999998	4.32281848593467
1.1486399999999999	2.0851005363723867
1.14865	571.695797823208
1.14866	1117.0175587996594
1.14867	75.0044446864925
1.14868	0.09271286461762145
1.14869	100.27784678438867
1.1487	22.84956833689777
1.1487100000000001	356.2656901323489
1.14872	416.4251971286342
1.14873	55.23927882206941
1.1487399999999999	18.19834944064076
1.14875	117.83437428554507
1.14876	17.628688344731003
1.14877	2.762625397048275
1.14878	6.811613538524661
1.14879	8.48793411836358
1.1488	22.22618884427732
1.14881	8.380462749206558
1.1488200000000002	0.8342246146471366
1.14883	6.134271588372792e-06
1.1488399999999999	0.30038483263097365
1.14885	0.47701825569955114
1.14886	1.7466866462628983e-06
1.14887	0.581582058095916
1.14888	2.6271326386762452
1.14889	76.05083732014158
1.1489	202.33732308653873
1.14891	111.1729167427636
1.1489200000000002	609.8583859131872
1.14893	170.1892012452002
1.14894	0.4078185723740572
1.14895	26.37788679017089
1.14896	31.352776025135217
1.14897	4.224876321601622
1.14898	688.7728186083518
1.14899	152.6746735297672
1.149	3580.9478801139726
1.14901	147.29092853175456
1.1490200000000002	1.1644128781643108
1.14903	132.47197159068236
1.14904	28.718516368589512
1.14905	770.5999917012928
1.14906	3864.7819841456576
1.14907	3713.4535852117856
1.1490799999999999	1061.5366672057814
1.14909	8137.237652687704
1.1491	3504.4187878255348
1.14911	3454.4825243322034
1.1491200000000001	348.02544704364
1.14913	5.20844401094271
1.14914	119.33889163542486
1.14915	70.75953984584842
1.14916	544.069023363186
1.14917	1674.8927396963486
1.1491799999999999	129.33438431471214
1.14919	24.84906201874052
1.1492	120.09529685690309
1.14921	15.177037248356557
1.1492200000000001	210.52127906595808
1.14923	254.8936404288409
1.14924	97.79305197012182
1.14925	50.38636170716669
1.14926	11.209674448692049
1.14927	66.12778866553231
1.1492799999999999	25.903711826570362
1.14929	797.5960600698465
1.1493	333.4125936812357
1.14931	15.696867777119426
1.1493200000000001	205.13652768245035
1.14933	708.6470768319389
1.14934	21.852996691751752
1.14935	161.37601988742523
1.14936	271.43322078792016
1.14937	363.6319207881089
1.1493799999999998	1089.5069375327805
1.14939	716.8412690352684
1.1494	30.263140910309133
1.14941	0.42599450786854975
1.14942	587.0160827816687
1.14943	7367.107379948109
1.14944	2949.741782979069
1.14945	253.69096473834915
1.14946	47.67733809208513
1.14947	821.6143199657167
1.1494799999999998	24.305076928099684
1.14949	139.41323344089358
1.1495	12.485789246596742
1.14951	4.495872640493598
1.14952	46.17054489149662
1.14953	116.37454607382774
1.14954	148.9789811984729
1.14955	164.90126984423057
1.1495600000000001	485.4863234693055
1.14957	4.660430115630016
1.1495799999999998	4.933930185680007
1.14959	0.13488013749659877
1.1496	6.936695009637608e-05
1.14961	5.7535686587016655e-05
1.14962	5.3244285071979025
1.14963	4.123063276937699
1.14964	199.67652041275818
1.14965	51.756035252030856
1.1496600000000001	53.11179752419749
1.14967	526.6620193559444
1.14968	6.9096810363376235
1.1496899999999999	5.1366148146916535
1.1497	30.43077409230581
1.14971	9.664958643142132
1.14972	15.783161484561058
1.14973	5.626197844428949
1.14974	82.60531658986773
1.14975	234.16878360783585
1.1497600000000001	231.63756983594385
1.1497700000000002	17.962964020021047
1.14978	0.17232012460771345
1.1497899999999999	0.8794760151814877
1.1498	0.0003518463094253365
1.14981	1.0183826694334157e-08
1.14982	0.008064807395749593
1.14983	0.5556559894552872
1.14984	8.43319223107022
1.14985	18.77271124312863
1.14986	6.310517856908534
1.1498700000000002	23.009384422320547
1.14988	4.40670522002755
1.1498899999999999	0.008685303518551096
1.1499	10.909930902129709
1.14991	83.54144828926255
1.14992	9.285878566463108
1.14993	216.59528581718618
1.14994	6.082834493485181
1.14995	16.204849427425252
1.14996	24.49051963517689
1.1499700000000002	141.86850754945155
1.14998	512.8141498875067
1.14999	121.16717988879137
1.15	7.270646002955711
1.15001	0.00173344074277004
1.15002	0.24602316429659626
1.1500299999999999	0.6785189791408867
1.15004	3.711508846117818e-05
1.15005	0.45895066133516743
1.15006	21.874191002691514
1.1500700000000001	5.913478198283026
1.15008	167.96005183664886
1.15009	49.49120180486935
1.1501	13.132578334334255
1.15011	114.80187996211471
1.15012	214.18891950246243
1.1501299999999999	283.40662615450714
1.15014	878.5146335502443
1.15015	14.965181899797047
1.15016	3.357360681176636
1.1501700000000001	3.6321936932536043
1.15018	1.9485878936452263
1.15019	7.202130726107808
1.1502	78.38627016338201
1.15021	347.32176553641824
1.15022	37.26327314902393
1.1502299999999999	1.2153098000677347
1.15024	75.08825297076928
1.15025	38.62344430071762
1.15026	2.40284081319321
1.1502700000000001	94.15101363149391
1.15028	0.03481504813788571
1.15029	13.379965696781639
1.1503	19.254311782116588
1.15031	6.2840553260763485
1.15032	43.038784747710416
1.1503299999999999	31.778690695457005
1.15034	8.20079583609498
1.15035	35.46867786853848
1.15036	283.1848399050283
1.1503700000000001	1332.9258791556895
1.15038	1203.2365063561813
1.15039	283.2161403798889
1.1504	273.8060247528147
1.15041	3.5026762691381323
1.15042	8.257450900129523
1.1504299999999998	413.3985985449859
1.15044	2162.2902995921445
1.15045	832.1200758724792
1.15046	87.5294097832096
1.15047	0.011139892502187379
1.15048	6.124801244427354
1.15049	22.109045832975568
1.1505	54.9883894682228
1.1505100000000001	281.11110351428727
1.15052	256.3155768512482
1.1505299999999998	1.659078747022236
1.15054	207.4120576627969
1.15055	51.993254164892484
1.15056	0.2767317566942448
1.15057	0.13831236265036945
1.15058	68.5649241647341
1.15059	2.2261016933291766
1.1506	408.5225179116455
1.1506100000000001	343.641020439742
1.15062	103.3208570491384
1.1506299999999998	26.016507756868045
1.1506399999999999	0.3553980167867294
1.15065	81.1259881990751
1.15066	119.93888302683425
1.15067	745.236298360444
1.15068	4132.672592209037
1.15069	1427.8414983223133
1.1507	144.73514481758028
1.1507100000000001	1.111805965610371
1.15072	4.218810322861984
1.15073	242.48450947931585
1.1507399999999999	405.62900294917415
1.15075	748.9434035447605
1.15076	31.57766404766756
1.15077	14.28676825115198
1.15078	76.75629441254685
1.15079	550.7988185058144
1.1508	210.76136372544102
1.15081	14.48751838160183
1.1508200000000002	0.21562593717721593
1.15083	6.467369884388196e-05
1.1508399999999999	3.203641419727435e-05
1.15085	0.40052810880764833
1.15086	6.337456625861259
1.15087	3.3753514550940578
1.15088	4.779747998361776
1.15089	0.6380313227783986
1.1509	0.2960104205934039
1.15091	8.65416158881183
1.1509200000000002	79.53677911216066
1.15093	153.33207044546046
1.15094	498.43553850940003
1.15095	313.38990301767325
1.15096	94.22084612832683
1.15097	33.698688566616426
1.15098	14.410100177698448
1.15099	0.5408850776998398
1.151	15.553781726353048
1.15101	203.1585011229187
1.1510200000000002	2034.346846259252
1.15103	334.5284051042133
1.15104	5.712549811562603
1.15105	14.060539992329613
1.15106	317.98233930574906
1.15107	84.3563927201023
1.1510799999999999	258.9679387242202
1.15109	80.77612215108957
1.1511	11.369019202075132
1.15111	0.6366914238301925
1.1511200000000001	81.23197268031842
1.15113	82.78525674181945
1.15114	1.4512191479360652
1.15115	14.103957804721526
1.15116	1.1185026052354974
1.15117	1.142825704509301
1.1511799999999999	7.664185365213373
1.15119	5.372977228919436
1.1512	374.6519522694311
1.15121	203.93698762314102
1.1512200000000001	22.451739778971916
1.15123	3.7097615872430025
1.15124	0.3977608179135439
1.15125	0.01765054013341917
1.15126	0.42597096719252364
1.15127	42.78997177343035
1.1512799999999999	1.7572073048758619
1.15129	0.000881351402615762
1.1513	2.3326506422463128e-05
1.15131	0.9230941527930656
1.1513200000000001	28.902605824850706
1.15133	9.570948954970635
1.15134	0.0014871918610213529
1.15135	8.692185779614865
1.15136	9.25232756658016
1.15137	2.648323291000065
1.1513799999999998	78.15864111002122
1.15139	18.65932804546862
1.1514	169.5797536398918
1.15141	73.1182856052493
1.15142	55.32851321096552
1.15143	55.02879463293567
1.15144	5.620513560961976
1.15145	127.84772372487404
1.15146	2.733260341711747
1.15147	33.80492681034067
1.1514799999999998	8.43297863420538
1.15149	0.5145433858799406
1.1515	21.859237062254433
1.15151	0.5773830096838588
1.15152	50.60168747280149
1.15153	188.81608998777875
1.15154	11.504215276592793
1.15155	19.203173244929623
1.1515600000000001	93.46220007851305
1.15157	27.440877812362377
1.1515799999999998	22.600549576797928
1.15159	597.6239587140507
1.1516	1402.47781459702
1.15161	250.75407531081518
1.15162	1.7101767583974812
1.15163	0.03188071111610612
1.15164	5.858709980868168
1.15165	0.15181720791107536
1.1516600000000001	5.821152809755919
1.15167	3.8072553007000285
1.15168	62.96612975608578
1.1516899999999999	12.148957142024786
1.1517	177.28051309128443
1.15171	81.41679458214014
1.15172	38.28802809974257
1.15173	3.4735295671576623
1.15174	12.671703427475855
1.15175	63.237399177486324
1.1517600000000001	115.73614165262258
1.1517700000000002	1206.0852327112882
1.15178	1673.5319189989889
1.1517899999999999	1364.8659520831768
1.1518	5.378064419721911
1.15181	23.886306461218975
1.15182	7.545308479435363
1.15183	62.235903681612925
1.15184	0.2559899997923397
1.15185	0.00721001220687259
1.15186	3.3862420622107794
1.1518700000000002	26.04096057218251
1.15188	3.6925637338929103
1.1518899999999999	14.584414540390053
1.1519	533.7587407130027
1.15191	9.452071539514808
1.15192	33.75600169343129
1.15193	25.7255103987189
1.15194	139.70726799000602
1.15195	2.715682539520673
1.15196	0.20637258303859793
1.1519700000000002	1.3898662208258052
1.15198	12.635283770449133
1.15199	9.525943471301892
1.152	5.193354874482898
1.15201	0.02698416600851441
1.15202	5.477718372681478e-05
1.1520299999999999	1.0313652629556828e-05
1.15204	0.48024848112615126
1.15205	1.1507500435451354
1.15206	5.764849846810023
1.1520700000000001	7.133636898279816
1.15208	10.283098598138507
1.15209	57.98264196601182
1.1521	396.6002649489813
1.15211	102.05587251213096
1.15212	38.73566355699549
1.1521299999999999	9.507032969386911
1.15214	0.09912084597651191
1.15215	0.014563206242965391
1.15216	148.052927752232
1.1521700000000001	207.18771463970592
1.15218	10.183732898255967
1.15219	3.7866398410277746
1.1522	436.36509104652055
1.15221	89.85308651213934
1.15222	24.00440801065528
1.1522299999999999	0.0020092130949953568
1.15224	0.06657390010330004
1.15225	0.04621819706582914
1.15226	2.327330172888667
1.1522700000000001	0.07209630378650937
1.15228	0.2703989494759153
1.15229	0.021391833023803167
1.1523	6.080299891523192
1.15231	0.3142302565563432
1.15232	19.464264607876174
1.1523299999999999	48.7341055978647
1.15234	494.2628852166886
1.15235	168.2526836503549
1.15236	126.29698992362388
1.1523700000000001	7.779810166655622
1.15238	121.62196055716991
1.15239	1.018661752284762
1.1524	0.9087951486230128
1.15241	2.8770539117163065
1.15242	24.487079994913202
1.1524299999999998	225.68515852218314
1.15244	836.3364018047467
1.15245	527.2844938760576
1.15246	55.68368910016731
1.15247	17.72988831989921
1.15248	13.501934598636371
1.15249	0.3928285102701222
1.1525	0.7522392671494622
1.1525100000000001	386.2104316364613
1.15252	195.12009555941566
1.1525299999999998	63.216289325270154
1.15254	9.933424609126504
1.15255	4.286965613769432
1.15256	0.8556634867916464
1.15257	19.411361608025672
1.15258	3.689113355399896
1.15259	0.07724600004011191
1.1526	0.7157889670094487
1.1526100000000001	0.0007276234715291618
1.15262	4.211812217073761e-07
1.1526299999999998	0.059038729092542055
1.1526399999999999	0.09821933739993548
1.15265	0.07166943817528021
1.15266	0.0008028392563720996
1.15267	0.07812877230971071
1.15268	0.20184593150278515
1.15269	10.70449047352234
1.1527	1.0297694416067997
1.1527100000000001	0.000297147239490355
1.15272	3.2071110636830534e-07
1.15273	0.0006849054152475713
1.1527399999999999	0.5384557264223987
1.15275	0.42426382199324963
1.15276	93.90311518729771
1.15277	19.152126429815883
1.15278	10.5631391290479
1.15279	66.24879754839503
1.1528	105.54046419796126
1.1528100000000001	744.8160042746607
1.1528200000000002	165.25400743762353
1.15283	465.06643871494964
1.1528399999999999	334.8042790760829
1.15285	123.26194035762018
1.15286	0.3214215566077628
1.15287	32.645475595180535
1.15288	56.52206237666218
1.15289	5.8808350749042
1.1529	0.001471021431277605
1.15291	0.004725295797741632
1.1529200000000002	7.350738954502032
1.15293	1.3542037122957835
1.1529399999999999	106.12336199362618
1.15295	238.77563021595174
1.15296	131.4846334528476
1.15297	63.381717003247886
1.15298	288.4516317011456
1.15299	0.2917406861198917
1.153	0.971469119382042
1.15301	0.0001412401597171249
1.1530200000000002	1.3004270661202757
1.15303	24.52917829597122
1.15304	0.6289512723135728
1.15305	4.8924455396532505
1.15306	14.036214615118835
1.15307	0.1035237511186938
1.1530799999999999	17.466102319363976
1.15309	136.47308218131963
1.1531	1495.1921215601121
1.15311	478.4648078905456
1.1531200000000001	40.40666434492127
1.15313	47.054807384114326
1.15314	0.533555990118871
1.15315	5.361594932266819
1.15316	3.053788814362939
1.15317	47.76491398439583
1.1531799999999999	3.481809452637304
1.15319	0.2273913813939546
1.1532	0.00015868215871777508
1.15321	1.4848992913938908
1.1532200000000001	77.60112189748409
1.15323	53.89283127776416
1.15324	19.269657697492388
1.15325	41.94797495140115
1.15326	0.6854456111131342
1.15327	0.0020503452667897516
1.1532799999999999	4.8771150430670565
1.15329	80.43461733200762
1.1533	7.738361249423433
1.15331	0.2547469540784292
1.1533200000000001	2.3649501999845777
1.15333	20.33405528505054
1.15334	139.77290773121223
1.15335	2.829091539932031
1.15336	10.05289160932744
1.15337	3.607812841153307
1.1533799999999998	1.0273915749439415
1.15339	0.0004579363307507495
1.1534	55.03690457334475
1.15341	7.753307345673474
1.1534200000000001	6.438993697440411
1.15343	15.118092561163754
1.15344	59.606277452648285
1.15345	0.3439537113806399
1.15346	80.78505035141845
1.15347	177.37360791645716
1.1534799999999998	18.773705462051527
1.15349	1.9062462397280864
1.1535	0.0022641177006709886
1.15351	0.13009152357930462
1.15352	57.322351778574536
1.15353	35.418812798340454
1.15354	13.805813427082906
1.15355	7.814874355605343
1.1535600000000001	0.5919581442129905
1.15357	0.061587418418912396
1.1535799999999998	0.278864351517402
1.15359	25.74903751562974
1.1536	1.6140277601053976
1.15361	0.6555502690982015
1.15362	0.0024711323149436814
1.15363	1.4036667096511426
1.15364	13.081754661351022
1.15365	4.676382213332928
1.1536600000000001	0.041801801631606406
1.15367	8.303668444616024
1.1536799999999998	0.09271862873681645
1.1536899999999999	8.939551280633737e-05
1.1537	0.022566021625504664
1.15371	0.004209233324021647
1.15372	0.5527655898633461
1.15373	0.9485516853238533
1.15374	82.5214784185624
1.15375	51.02958071941208
1.1537600000000001	102.6582838887533
1.15377	0.03838698473544444
1.15378	87.43956733737016
1.1537899999999999	0.9984216734956339
1.1538	22.4858339900033
1.15381	0.0005316155796592566
1.15382	3.4972606388922123
1.15383	53.62372756981833
1.15384	9.819649805921324
1.15385	0.005527834092078586
1.15386	2.127962645329255
1.1538700000000002	20.405958543038842
1.15388	2.965466347727173
1.1538899999999999	16.42657420904715
1.1539	41.72429429867687
1.15391	427.584545698599
1.15392	317.1027438947891
1.15393	521.2919278796791
1.15394	377.9314206428829
1.15395	87.74451948708554
1.15396	3.0540982208146854
1.1539700000000002	0.05057210139387297
1.15398	50.060824713733815
1.15399	16.609019691772676
1.154	10.466054694817679
1.15401	0.4558920301667084
1.15402	0.02956739069621276
1.15403	1.5211484526609898e-05
1.15404	0.00016604882240895145
1.15405	0.01983457960443322
1.15406	0.016088368310791027
1.1540700000000002	0.002138006395518045
1.15408	2.8841510387067975
1.15409	9.1086706667423
1.1541	13.540166350620717
1.15411	339.68783964005945
1.15412	505.11818030583635
1.1541299999999999	4.896288505978125
1.15414	0.8411394458292322
1.15415	26.391920845154694
1.15416	132.26897863815134
1.1541700000000001	2.6765724287454717
1.15418	35.84577710933559
1.15419	6.461673352734171
1.1542	0.07434486890765249
1.15421	0.005867876976137121
1.15422	0.2834327300715237
1.1542299999999999	10.4775562241029
1.15424	2.4429523719150588
1.15425	19.303275097608708
1.15426	5.613361349450032
1.1542700000000001	0.153005485051515
1.15428	0.654428192054456
1.15429	11.287792049873952
1.1543	0.0063006013221804155
1.15431	179.8837779007155
1.15432	13.784785100164722
1.1543299999999999	9.049758711163769
1.15434	6.562162791699192
1.15435	566.4766329412652
1.15436	163.30218662428263
1.1543700000000001	10.033489487954078
1.15438	1.172459905192465
1.15439	0.0005073324014610663
1.1544	0.3756842601220985
1.15441	0.17037112846801808
1.15442	3.322194079976368
1.1544299999999998	2.4937160471849222
1.15444	0.0029303736467194753
1.15445	3.7800626690921336e-05
1.15446	2.3886251461029153
1.15447	12.016029890733158
1.15448	43.97997721226654
1.15449	0.09263263115281735
1.1545	0.027324108425416212
1.1545100000000001	2.5981008201315996
1.15452	119.99716894581293
1.1545299999999998	6.912991135678777
1.15454	13.523683554469448
1.15455	6.7404982456802225
1.15456	0.000121201646591101
1.15457	0.11644933157345538
1.15458	1.2056909470033876
1.15459	123.09091498877605
1.1546	47.38173942403991
1.1546100000000001	25.93396975370449
1.15462	491.9171909011794
1.1546299999999998	1931.2967070413602
1.1546399999999999	226.3163863414828
1.15465	208.42077189916012
1.15466	1180.970365913852
1.15467	26.470186426587926
1.15468	2.0576570853764395
1.15469	10.062803681949372
1.1547	15.203549764713012
1.1547100000000001	2.7049983217793305
1.15472	40.34744144627722
1.15473	82.63290103122127
1.1547399999999999	1.6572880543660957
1.15475	9.007681050211486
1.15476	2.365805297891677
1.15477	0.30159351576250126
1.15478	10.80192108113273
1.15479	11.581345023234157
1.1548	0.000982301483655376
1.1548100000000001	37.84199290926575
1.1548200000000002	27.712199702114955
1.15483	13.744090304645471
1.1548399999999999	0.0032156294688936355
1.15485	2.9422867769845795
1.15486	0.1562643824586779
1.15487	2.1362938980255044
1.15488	12.032392769138145
1.15489	271.9487080825181
1.1549	35.19783896489896
1.15491	8.125030501449483
1.1549200000000002	13.91790923702229
1.15493	0.18305095542455113
1.1549399999999999	34.929470325807834
1.15495	26.34146955475366
1.15496	13.85788649943752
1.15497	0.0019743266146104244
1.15498	0.00010556370150587398
1.15499	6.0408492777876805
1.155	20.495286801037707
1.15501	558.3107627804493
1.1550200000000002	422.3154792145524
1.15503	18.8469899946095
1.15504	3.5248610355599115
1.15505	10.270060452836313
1.15506	2.5469182185047594
1.15507	7.252491024447634e-05
1.1550799999999999	0.24640073558372436
1.15509	0.015460730146383406
1.1551	36.13566072381332
1.15511	336.53559047501636
1.1551200000000001	1054.8579978209614
1.15513	27.975766856010466
1.15514	16.711406368277686
1.15515	612.0106786698204
1.15516	1405.248078104268
1.15517	317.0647780530894
1.1551799999999999	3.12702965594765
1.15519	21.153098903978076
1.1552	0.06546723515987864
1.15521	0.24848661502409847
1.1552200000000001	0.20105690829050923
1.15523	0.01685376755916221
1.15524	0.016347486974732803
1.15525	0.6906277107544877
1.15526	2.833146290193749
1.15527	10.09506221947606
1.1552799999999999	0.31191122188082415
1.15529	0.011388853330602284
1.1553	0.0010095713093171356
1.15531	0.0008360025458823724
1.1553200000000001	2.669180847846835
1.15533	6.24874784520246
1.15534	0.06297511945980465
1.15535	0.0069598038508600375
1.15536	0.00015806313812314702
1.15537	0.11516831159897079
1.1553799999999999	1.8574109435118404
1.15539	0.20581024990479752
1.1554	0.1128350433265266
1.15541	0.00021567703277853081
1.1554200000000001	1.4622950167629196
1.15543	27.036782043836997
1.15544	15.708691110939139
1.15545	92.89899163436128
1.15546	25.01474038926669
1.15547	172.44197966921672
1.1554799999999998	10.182888772426272
1.15549	0.007449840934572804
1.1555	0.06992621159065847
1.15551	136.84407553314333
1.15552	602.4111477758738
1.15553	278.0206151979602
1.15554	25.890771985953197
1.15555	222.25984134455592
1.1555600000000001	3.300714796138566
1.15557	0.2128055743851975
1.1555799999999998	3.092957838642217
1.15559	33.37666962966458
1.1556	0.020467273830304937
1.15561	41.950389740448806
1.15562	2.4335428626875015
1.15563	4.070624104712183
1.15564	30.853113726062283
1.15565	5.415131407579834
1.1556600000000001	0.21519392159004433
1.15567	0.004977542765057033
1.1556799999999998	0.015700121017834145
1.1556899999999999	0.10182232278488407
1.1557	0.040816052511174344
1.15571	0.35511089753269426
1.15572	0.5352972348715003
1.15573	3.356802577624353e-05
1.15574	0.03056750556891386
1.15575	2.244631224577026
1.1557600000000001	0.0013155125632848344
1.15577	3.155757332610849e-05
1.15578	9.76439028622034e-05
1.1557899999999999	0.5727591026514077
1.1558	0.3550405846116126
1.15581	1.5449306881930558
1.15582	0.08875135657081597
1.15583	8.736872541070188
1.15584	0.007346931657896141
1.15585	0.016908302148684086
1.15586	124.7389258669541
1.1558700000000002	80.56158460889192
1.15588	24.919825679630524
1.1558899999999999	14.321450293665768
1.1559	22.967567425492565
1.15591	5.338091331133423
1.15592	0.38419968105994323
1.15593	9.983044338856425
1.15594	0.8455805796042871
1.15595	0.28325461862002593
1.15596	3.981035038678376
1.1559700000000002	766.6532834027192
1.15598	1782.0135418608024
1.15599	1221.1696439721766
1.156	86.49699104402227
1.15601	8.893301172722689
1.15602	0.7858017650875593
1.15603	22.428281585634167
1.15604	16.92123278160472
1.15605	0.3896009435515078
1.15606	0.0019203571201517134
1.1560700000000002	0.002970434634438306
1.15608	1.7813284328768686
1.15609	376.66216644215376
1.1561	308.8531250559164
1.15611	0.488217114966846
1.15612	0.07754539276378625
1.1561299999999999	1.883098337707568
1.15614	22.540108383066666
1.15615	36.64637319459816
1.15616	165.2429729750323
1.1561700000000001	945.7209286309939
1.15618	28.538687766334053
1.15619	0.18102643548898917
1.1562	3.6386308722450247
1.15621	0.20644767678610149
1.15622	19.311054965821672
1.1562299999999999	1.932960592032718
1.15624	6.158628394718873
1.15625	2.4726861712077097
1.15626	0.5436044459285391
1.1562700000000001	0.5908796050226452
1.15628	9.534106524783445
1.15629	1.1604889245470755
1.1563	26.096424004466012
1.15631	746.9250072876271
1.15632	538.786865516924
1.1563299999999999	52.357873561338835
1.15634	5.895314791136836
1.15635	0.029870603699736143
1.15636	0.00021618029243865238
1.1563700000000001	0.1296629804110021
1.15638	0.1883371525153911
1.15639	1.1708412103847912
1.1564	3.7183562798261116
1.15641	8.25840162902428
1.15642	2.635396713439926
1.1564299999999998	0.006866240323745328
1.15644	12.56460962890107
1.15645	0.23365495751958376
1.15646	0.018818326529548582
1.15647	0.0015158771271468069
1.15648	1.7808240000961344
1.15649	62.98266020094629
1.1565	0.05026897153690667
1.15651	15.890589181141129
1.15652	0.0004703233060674869
1.1565299999999998	0.003274952459622315
1.15654	0.038455193412114674
1.15655	0.025114584643848664
1.15656	11.103477069123057
1.15657	4.199397641643942
1.15658	1.0171921501733914
1.15659	20.092130949953575
1.1566	20.033600082904822
1.1566100000000001	20.99249217627512
1.15662	0.010449632087521765
1.1566299999999998	0.12029871822912583
1.15664	91.68515003308949
1.15665	233.6829357364769
1.15666	184.95454160844739
1.15667	100.39613641478842
1.15668	30.020090696717208
1.15669	0.3185026132609832
1.1567	0.5355524371445513
1.1567100000000001	0.0022524128690697416
1.15672	22.620333312393935
1.15673	18.298647875125305
1.1567399999999999	4.855198608347696
1.15675	0.05512365424412726
1.15676	11.86823125370944
1.15677	237.5499809896197
1.15678	57.92619474402848
1.15679	4.888189119388001
1.1568	0.0008387456870913362
1.1568100000000001	0.19095190702351153
1.1568200000000002	0.6762464527042372
1.15683	0.32528272534721814
1.1568399999999999	3.190017018561403e-05
1.15685	0.034062145519834906
1.15686	21.717708518402272
1.15687	35.59647554338211
1.15688	25.922148844468428
1.15689	8.770654433329279
1.1569	0.033557299189314424
1.15691	0.41673022450439096
1.1569200000000002	4.338194306088227
1.15693	0.0009236973549449988
1.1569399999999999	1.9040747768410236
1.15695	5.21479211281539
1.15696	13.808770126244017
1.15697	0.0032618050441748994
1.15698	15.522118691823467
1.15699	5.138980857991598
1.157	12.726852183213177
1.15701	262.61528516020115
1.1570200000000002	371.64645963640294
1.15703	1.3008253748558938
1.15704	3.8756986350206306
1.15705	16.856911238265308
1.15706	15.174241792257554
1.15707	3.1746218423338233
1.1570799999999999	18.706476814446987
1.15709	101.9065267707433
1.1571	28.803150920500833
1.15711	2.648847770044517
1.1571200000000001	0.9306170391651168
1.15713	1.916284558276869
1.15714	277.96684644360283
1.15715	11.906853221156668
1.15716	20.57657085376439
1.15717	8.683283889712342
1.1571799999999999	26.17742958194662
1.15719	12.86305125022771
1.1572	1.1752141178657374
1.15721	6.393023487457178e-05
1.1572200000000001	1.6999846502471292
1.15723	0.4280544339533104
1.15724	1.9009469626236524
1.15725	6.438341371926069
1.15726	453.1865373995629
1.15727	7.1526504237580175
1.1572799999999999	30.912775507537003
1.15729	0.046945719550211824
1.1573	0.254414582194731
1.15731	0.5223733351271705
1.1573200000000001	6.948387014734989
1.15733	0.0006203461625006912
1.15734	4.264567570141605
1.15735	90.18161323104805
1.15736	36.65135203494972
1.15737	2.217221085361109
1.1573799999999999	1.3175041746672091
1.15739	30.72161200621622
1.1574	0.3661963405303167
1.15741	36.75098639304422
1.1574200000000001	470.6271743084718
1.15743	34.789485016543864
1.15744	0.006701067613936634
1.15745	23.920210656222903
1.15746	6.878282359185862
1.15747	1.2193601564366952
1.1574799999999998	69.79093232024793
1.15749	29.39375026462463
1.1575	0.07863592503799663
1.15751	32.3140207858171
1.15752	42.1869375443533
1.15753	24.3493851918487
1.15754	1.6636463058786473
1.15755	11.362188761731991
1.1575600000000001	54.81595692348208
1.15757	2.7846524565187973
1.1575799999999998	8.27031402330745
1.15759	26.968450851808065
1.1576	23.48594286365968
1.15761	64.10988531751242
1.15762	203.15054885304602
1.15763	679.3741217445147
1.15764	86.68401128467153
1.15765	0.297829697231344
1.1576600000000001	5.744589498917361
1.15767	8.738904633993624
1.1576799999999998	0.03995231967586666
1.1576899999999999	0.004945782345848162
1.1577	36.736349655187766
1.15771	80.09474074975572
1.15772	1.049073701165123
1.15773	2.1152709253085242
1.15774	122.82393299820968
1.15775	118.0845285439213
1.1577600000000001	72.78049415948574
1.15777	63.35136837765657
1.15778	0.23011980640992052
1.1577899999999999	8.812539568585606e-05
1.1578	3.1139024271027425
1.15781	2.3748599306098663
1.15782	0.0003636996641368071
1.15783	4.694761127732058e-05
1.15784	0.03743415204702924
1.15785	0.000773270068560276
1.1578600000000001	0.09536938894228007
1.1578700000000002	1.231005518943993
1.15788	0.1658979425575552
1.1578899999999999	141.32304944590283
1.1579	38.06054475598433
1.15791	2.9456015521068926
1.15792	0.00016036936146589587
1.15793	44.30502643308242
1.15794	8.506168862943651
1.15795	77.1029509396265
1.15796	9.623210815955325
1.1579700000000002	303.47016443696396
1.15798	178.17263383601014
1.1579899999999999	0.020073402828046615
1.158	29.37162670772619
1.15801	1257.2741893787902
1.15802	1900.7412504245738
1.15803	1480.246353853135
1.15804	92.34449273910164
1.15805	90.68490450373154
1.15806	526.925237563315
1.1580700000000002	4.928797778036165
1.15808	0.28198434620367485
1.15809	0.0005081791002907755
1.1581	0.8801708879942518
1.15811	0.21187026022407607
1.15812	5.226295962923547
1.1581299999999999	18.0125002562326
1.15814	113.35664925986333
1.15815	7.832348443393542
1.15816	135.03053861745298
1.1581700000000001	1188.228596190001
1.15818	421.96458241825377
1.15819	179.43080270332905
1.1582	272.83808962551973
1.15821	9.620064857124275
1.15822	6.078746044827192
1.1582299999999999	1.6162814925047573
1.15824	16.144626417242847
1.15825	0.028945496274162874
1.15826	7.142561689114282
1.1582700000000001	17.79815563026811
1.15828	104.65548628441032
1.15829	28.450244300032455
1.1583	53.78274942508581
1.15831	176.3802687497828
1.15832	2789.6004215740018
1.1583299999999999	3728.155342704275
1.15834	3983.061388707919
1.15835	111.48078033638424
1.15836	192.09364614470147
1.1583700000000001	718.7005877154104
1.15838	525.4640393380947
1.15839	23.967017887007135
1.1584	954.6276297933758
1.15841	73.46390335909354
1.15842	155.9516593216932
1.1584299999999998	276.13534539351224
1.15844	0.8013237227838291
1.15845	112.1643903101847
1.15846	78.04570355791556
1.15847	174.08044972909414
1.15848	0.002338896478498947
1.15849	0.5060005629341554
1.1585	431.4693992178107
1.15851	2238.922186586262
1.15852	1314.0412539831068
1.1585299999999998	24.27509845521406
1.15854	1513.0072183933407
1.15855	875.1731798365075
1.15856	85.2448203807424
1.15857	33.38135796885202
1.15858	550.0637180119269
1.15859	3082.101948257591
1.1586	312.14759990438216
1.1586100000000001	169.74578538630638
1.15862	303.66728040385215
1.1586299999999998	551.7482952682409
1.15864	578.5434752184246
1.15865	811.2580139979905
1.15866	6547.416974559284
1.15867	3845.4396503176135
1.15868	11954.0756530471
1.15869	1024.0897043567404
1.1587	1751.97941867179
1.1587100000000001	677.3903414845828
1.15872	973.7175552163526
1.15873	1590.2082417715799
1.1587399999999999	20.30761868096166
1.15875	954.39465842259
1.15876	2405.143537980772
1.15877	416.94138047898565
1.15878	13.985950924343006
1.15879	280.01029556341996
1.1588	1627.024152850256
1.1588100000000001	5117.325002600284
1.1588200000000002	715.4248152043679
1.15883	303.6078525406325
1.1588399999999999	79.06094480431875
1.15885	2437.0980377025116
1.15886	404.5460825423155
1.15887	96.64580325921767
1.15888	303.47365828646
1.15889	141.32370026409538
1.1589	595.1398072651857
1.15891	297.85438627056413
1.1589200000000002	133.61739484297334
1.15893	9.421889358491667
1.1589399999999999	0.013565068775641452
1.15895	0.0044677719791270535
1.15896	1.9133424191457616e-05
1.15897	0.18014864504310774
1.15898	6.594069193343861e-05
1.15899	0.1909571832925806
1.159	0.001766318428189615
1.15901	10.897753996231506
1.1590200000000002	73.45646083301011
1.15903	22.28619878742586
1.15904	0.32046234032395426
1.15905	20.911731785590444
1.15906	51.9766159016655
1.15907	37.50170386005754
1.1590799999999999	33.30657688823504
1.15909	21.878170372316387
1.1591	384.31293326325266
1.15911	19.72127549578095
1.1591200000000002	8.04511024931264
1.15913	1.819545834619144
1.15914	2.0796918984306205
1.15915	9.407715600244795e-05
1.15916	5.370565281678942
1.15917	59.94114022275106
1.1591799999999999	631.124442394961
1.15919	2512.366535462506
1.1592	3316.102912072706
1.15921	1778.1238205388172
1.1592200000000001	404.3756536263416
1.15923	12.31337199529776
1.15924	603.51907348747
1.15925	12.782152656586742
1.15926	12.520941890573187
1.15927	3481.2322647804476
1.1592799999999999	534.3576115606944
1.15929	142.2161770243369
1.1593	291.9268223720294
1.15931	6.319067579978842
1.1593200000000001	12.021564751344757
1.15933	341.19369724854477
1.15934	1569.7626806319167
1.15935	945.7231062364136
1.15936	210.30567883652228
1.15937	1021.4309191549944
1.1593799999999999	9797.742018748912
1.15939	3028.600571745892
1.1594	152.24288316669737
1.15941	209.99502211381898
1.1594200000000001	842.4924158017049
1.15943	20.8834862169098
1.15944	66.21143493218725
1.15945	1437.5269653493842
1.15946	23.232342414351223
1.15947	9.137239320430334
1.1594799999999998	107.57367363229746
1.15949	3665.818849386531
1.1595	2161.0757995876434
1.15951	42.13441805656108
1.15952	20.83233736319386
1.15953	416.1836358968216
1.15954	0.20773802576797995
1.15955	1.8199690393983157
1.1595600000000001	141.0714076900464
1.15957	80.35816297208805
1.1595799999999998	656.0969215141263
1.15959	451.1614668522855
1.1596	82.04157704379062
1.15961	2386.481103995553
1.15962	1331.1867922767572
1.15963	1053.4986902187352
1.15964	564.299934681687
1.15965	360.9059150780922
1.1596600000000001	230.30215404812043
1.15967	66.03284361811183
1.1596799999999998	4.601887526634908
1.1596899999999999	3.3375286311136634
1.1597	0.0001965607044797941
1.15971	0.0014255583557106005
1.15972	11.797989355505623
1.15973	28.02521803030964
1.15974	219.52652359512402
1.15975	8.22702846613034
1.1597600000000001	23.888506572663683
1.15977	297.0420955112784
1.15978	450.6599871702417
1.1597899999999999	12.776885415186351
1.1598	423.4128167290377
1.15981	1012.4626244717239
1.15982	3652.388780214287
1.15983	1709.255554956834
1.15984	1231.8873625838962
1.15985	167.18603572044668
1.1598600000000001	2.0455118510178543
1.1598700000000002	0.2268375771795049
1.15988	247.0847831698603
1.1598899999999999	144.40259572074777
1.1599	33.10228702039083
1.15991	0.17057288696458964
1.15992	0.0938296291858786
1.15993	32.82910175080815
1.15994	88.28115368108804
1.15995	846.2740033327677
1.15996	1973.599379775216
1.1599700000000002	1918.103333046725
1.15998	2.148433917501533
1.1599899999999999	14.82763886451705
1.16	382.74012996045064
1.16001	1640.5406651663109
1.16002	719.8300951867299
1.16003	278.95169200232596
1.16004	72.72337068977558
1.16005	0.3501144214361827
1.16006	0.36443409410984257
1.1600700000000002	3.116599523986183
1.16008	13.698625724869835
1.16009	0.00028645051012562327
1.1601	0.20901333746535025
1.16011	4.960643302497263
1.16012	8.547891481396398
1.1601299999999999	40.689841674257316
1.16014	5.502334643792128
1.16015	1.5508650181839774
1.16016	152.15421929005078
1.1601700000000001	159.88105302780684
1.16018	4.421432507886647
1.16019	4.551284667390311
1.1602	0.012146327869863428
1.16021	0.11200566786667573
1.16022	0.29208684656704104
1.1602299999999999	62.98179006934999
1.16024	51.32677769201341
1.16025	202.5116443256564
1.16026	194.84218895075998
1.1602700000000001	422.4458032408386
1.16028	37.52727242821471
1.16029	5.861692068950167
1.1603	207.52193105418354
1.16031	7.450956021041397
1.16032	0.00019374736288841252
1.1603299999999999	0.18979947202781883
1.16034	6.2955111869907245
1.16035	1.4924747761910704
1.16036	0.0001815886918409025
1.1603700000000001	0.7357495412785877
1.16038	0.820670835490822
1.16039	4.670430351697129e-05
1.1604	0.007402288372673201
1.16041	0.0032389780135991747
1.16042	0.04017353052313263
1.1604299999999999	46.08260273901344
1.16044	6.439275403889701
1.16045	284.0972304625697
1.16046	644.6129113266162
1.1604700000000001	790.8607094441403
1.16048	491.6363661547394
1.16049	39.53365791550505
1.1605	0.01799090457352384
1.16051	59.843088588190525
1.16052	26.563542999044085
1.1605299999999998	1.6699212838012527
1.16054	0.17074657462962933
1.16055	334.2627639887745
1.16056	341.5922429897538
1.16057	63.591929133422255
1.16058	0.05982628010513012
1.16059	0.0016571621296070018
1.1606	0.0031875719759467563
1.1606100000000001	2.1423972391272295
1.16062	57.718628112696145
1.1606299999999998	10.269540216874915
1.16064	37.75452407322327
1.16065	240.05016012467718
1.16066	1.158609272788366
1.16067	0.0017361090460741237
1.16068	0.2676492310479526
1.16069	0.5363002507255703
1.1607	0.04206200784038331
1.1607100000000001	22.693736086935345
1.16072	0.01947036082741912
1.1607299999999998	1.8396660764003199
1.1607399999999999	0.00015414338787730672
1.16075	21.361561705078177
1.16076	110.22700315439046
1.16077	371.0769685113497
1.16078	0.9946493427677964
1.16079	29.624702655063984
1.1608	0.8686903557948434
1.1608100000000001	101.77872357326426
1.16082	38.15495977199251
1.16083	0.09054156563550804
1.1608399999999999	1.7270264937956492
1.16085	5.963387079123288
1.16086	1.3834453246537408
1.16087	1.582708737748389
1.16088	6.84399998630453
1.16089	20.519416178312586
1.1609	1.7680518621678352
1.16091	0.24319240073575943
1.1609200000000002	291.20042199355794
1.16093	49.74460652636399
1.1609399999999999	0.3263269936837526
1.16095	2.241155548486339
1.16096	1153.131935747884
1.16097	2660.1553520348048
1.16098	58.54394713821384
1.16099	249.48072646118274
1.161	97.116047755801
1.16101	5.243400123981805
1.1610200000000002	0.0045581435675007475
1.16103	4.2782582845124955
1.16104	7.028521861505884
1.16105	482.05656302611635
1.16106	1.053588447546192
1.16107	15.077904907488033
1.16108	712.8366162678852
1.16109	949.0869459266223
1.1611	549.6902071696604
1.16111	292.52702876846047
1.1611200000000002	371.14703890248194
1.16113	31.682175837970444
1.16114	37.959457757633764
1.16115	689.6948768487701
1.16116	678.1862806763777
1.16117	23.2301492456189
1.1611799999999999	9.339271481305053
1.16119	0.02009171457969698
1.1612	5.82749621345195
1.16121	83.84767024661595
1.1612200000000001	2.06297516605864
1.16123	0.00021930967939051148
1.16124	12.687410743879777
1.16125	79.91880842244073
1.16126	689.156727402271
1.16127	564.2739483076995
1.1612799999999999	1583.171634263466
1.16129	5365.9176088637305
1.1613	1681.0591698986975
1.16131	103.70411747795748
1.1613200000000001	444.0388814712836
1.16133	39.541396189714746
1.16134	263.19037325955924
1.16135	4212.937341826374
1.16136	4898.634084778726
1.16137	317.628892271535
1.1613799999999999	0.04623203390976551
1.16139	8.612019410454351
1.1614	65.14693679071172
1.16141	4.384943481286623
1.1614200000000001	64.39571950308977
1.16143	20.615363647438482
1.16144	0.00016194274631143953
1.16145	0.18234253993591495
1.16146	6.363763040585732
1.16147	0.051198825690550745
1.1614799999999998	52.89017451405462
1.16149	64.76375184027916
1.1615	51.52844064154521
1.16151	0.06648964282870766
1.16152	1.0470610393547608
1.16153	0.05117065781488126
1.16154	2.613268298053491
1.16155	0.00040662614574749837
1.16156	0.03154503401195987
1.16157	4.253926678031425
1.1615799999999998	86.67363284577849
1.16159	0.2505307277735562
1.1616	0.3366223906723625
1.16161	196.78500402356335
1.16162	661.1926238307071
1.16163	1.8448115118079942
1.16164	7.077322727787526
1.16165	8.45164019698502
1.1616600000000001	0.15656944063373324
1.16167	3.688739616446248
1.1616799999999998	0.014456760956759148
1.16169	0.08295068944198769
1.1617	2.505278434485643
1.16171	7.479817471641335
1.16172	1.1050450919526367
1.16173	0.05248352545039469
1.16174	0.1539089941784525
1.16175	9.77198968782911
1.1617600000000001	146.73982607948435
1.16177	21.41282659417421
1.16178	41.73476765038149
1.1617899999999999	0.5606682975129755
1.1618	0.7464298522698778
1.16181	0.29424087270938615
1.16182	7.754467854761377
1.16183	29.03287204087292
1.16184	0.001160080161505765
1.16185	0.002131969561986037
1.1618600000000001	0.3919575189806864
1.1618700000000002	163.43647994627722
1.16188	173.03939977967707
1.1618899999999999	0.9275791968549444
1.1619	0.0037516731920734328
1.16191	0.04530029185088062
1.16192	2.167424608743022
1.16193	47.64726754989786
1.16194	9.773722405938589
1.16195	3.351359368351753
1.16196	9.010575292722142e-05
1.1619700000000002	2.276035334415086
1.16198	3.5218673955955344
1.1619899999999999	0.009227052677127444
1.162	0.0032792309176754592
1.16201	10.046828757051278
1.16202	0.01955428767204513
1.16203	0.0005997662175108271
1.16204	0.5581667988442042
1.16205	0.003973305880350914
1.16206	0.008864597069335914
1.1620700000000002	0.15669567155295952
1.16208	0.8783892255107512
1.16209	0.8582365380811462
1.1621	66.4616317856157
1.16211	12.421784769044278
1.16212	95.13733900050076
1.1621299999999999	1925.8124943100179
1.16214	864.1775901532411
1.16215	156.56980114860838
1.16216	0.03783153822464889
1.1621700000000001	1.0708854058702064
1.16218	9.182522475188396
1.16219	0.3530490116188892
1.1622	41.519680223340515
1.16221	24.796934793619215
1.16222	3.384776522666623
1.1622299999999999	0.027901271812740946
1.16224	3.8358798901983766
1.16225	1.0706511800357472
1.16226	0.05053077975348333
1.1622700000000001	0.09534896868836129
1.16228	97.8642337397885
1.16229	89.36922668791422
1.1623	7.162423559161195
1.16231	0.0006769186817237196
1.16232	0.0001663703001015002
1.1623299999999999	0.00015535280530674497
1.16234	0.013696007968158291
1.16235	26.19135698595021
1.16236	26.58575510959822
1.1623700000000001	28.921445813287587
1.16238	7.3936689291161715
1.16239	12.227959735449394
1.1624	133.4037383774689
1.16241	0.7559568383560433
1.16242	0.06878630800280627
1.1624299999999999	0.17416584853466732
1.16244	1.624594579999536
1.16245	0.0023714228487785594
1.16246	0.1586010287502792
1.1624700000000001	0.27304485656384264
1.16248	0.01366312369160377
1.16249	0.0019209099229123728
1.1625	6.232438475636987
1.16251	0.002205616489720091
1.16252	3.8166206874669535
1.1625299999999998	0.03379582090666856
1.16254	8.51901023462071e-05
1.16255	0.10593268983596908
1.16256	0.003975685299997353
1.16257	0.5782198543880043
1.16258	9.748100545296674
1.16259	2.787699774820457
1.1626	0.45683881884842936
1.1626100000000001	0.07176472087059889
1.16262	0.03148299207136263
1.1626299999999998	0.17592234280204902
1.16264	1.7744999849489924
1.16265	1.0946820580197003
1.16266	55.86129506704568
1.16267	2.2221480995363314
1.16268	0.0261050181801648
1.16269	0.003101415835367783
1.1627	1.5797850512926086
1.1627100000000001	13.933781630134808
1.16272	0.06646209088788911
1.1627299999999998	0.0003560408260730598
1.1627399999999999	0.00759808241576146
1.16275	0.26447218301086883
1.16276	0.21080553028616533
1.16277	0.3230129990153789
1.16278	25.934566912301054
1.16279	23.602010541541226
1.1628	0.172925085866072
1.1628100000000001	0.000344426295019661
1.16282	0.07134310388115273
1.16283	0.36454571688902243
1.1628399999999999	0.003303003242265347
1.16285	0.008229434633933412
1.16286	0.0007738256122549511
1.16287	0.05173053858182756
1.16288	6.207032223363981
1.16289	9.163280898974602
1.1629	0.14920177849972194
1.16291	0.40248157146723335
1.1629200000000002	5.213339407383522
1.16293	0.041515473922165175
1.1629399999999999	0.04325974947173314
1.16295	5.5137110138058185
1.16296	27.776786453739508
1.16297	88.99897399380524
1.16298	1.6544322986140427
1.16299	3.0443599503020544
1.163	3.3929542208280616
1.16301	8.991062156176636
1.1630200000000002	0.015518259143833951
1.16303	0.007831464795454334
1.16304	0.3596979809072089
1.16305	25.404110902597516
1.16306	15.314541533390873
1.16307	1.513195356794426
1.16308	0.19530888469416127
1.16309	69.83915884329726
1.1631	3.255045022980575
1.16311	23.097873578782764
1.1631200000000002	86.16859267350976
1.16313	77.38147433554339
1.16314	96.31767707109051
1.16315	16.29584930891934
1.16316	114.85766948512207
1.16317	21.92547445351752
1.1631799999999999	0.027227326545155816
1.16319	0.02499896335899859
1.1632	0.10289209262092369
1.16321	0.3198504749916786
1.1632200000000001	9.052593101109926
1.16323	2.8832148092457928
1.16324	1.2378698920850937
1.16325	0.7627057139538413
1.16326	0.11491613213106544
1.16327	8.958968301939386
1.1632799999999999	0.030353655445625644
1.16329	0.0006767765465947766
1.1633	0.40017688562151116
1.16331	3.3468943239233866
1.1633200000000001	290.48519309965224
1.16333	64.09556792524639
1.16334	4.276150678317515
1.16335	89.02131391762298
1.16336	70.93000655763304
1.16337	5.426914757330303
1.1633799999999999	8.516477433775917
1.16339	0.09731661627835923
1.1634	0.18426209303067462
1.16341	0.5520202380066174
1.1634200000000001	51.22641930242842
1.16343	675.7032378623763
1.16344	492.8865872364283
1.16345	26.565867363820324
1.16346	45.535698198838965
1.16347	52.53382221343021
1.1634799999999998	670.0357881718159
1.16349	14.57853889955692
1.1635	0.06901190248813949
1.16351	1.616047047092574
1.16352	46.531172918534544
1.16353	1.064471406383181
1.16354	15.666175954205992
1.16355	1.5826978048215135
1.16356	0.1143267874203413
1.16357	43.63188741775115
1.1635799999999998	3.2471473753098747
1.16359	5.964101144593539
1.1636	0.030015390645377605
1.16361	0.021689423064611895
1.16362	22.165881135414793
1.16363	7.4016577567785795
1.16364	47.40061756804828
1.16365	616.7852793842951
1.1636600000000001	407.7791347285209
1.16367	90.65463214975729
1.1636799999999998	0.9731527180890687
1.16369	0.005068191310947325
1.1637	4.954079824025265
1.16371	31.562180559858888
1.16372	84.30454717357837
1.16373	2.9362227548846493
1.16374	5.515247418270125
1.16375	98.1094859026868
1.1637600000000001	0.010316087093267395
1.16377	8.435406189903546
1.16378	1.0275761127240501
1.1637899999999999	2.8893755935692105
1.1638	0.0007227767934396661
1.16381	0.0004786618334667249
1.16382	2.678415810928687
1.16383	0.7078838430884824
1.16384	1.8011587822422592
1.16385	57.90392456734802
1.1638600000000001	156.11405338296697
1.1638700000000002	0.13089076319842544
1.16388	3.093392298868504
1.1638899999999999	2.3638123644857605
1.1639	1.2610491101027987
1.16391	0.12503741886330935
1.16392	2.263877900482252
1.16393	183.8349155813022
1.16394	90.08946337147668
1.16395	1.3852048389329161
1.16396	0.42048160376913757
1.1639700000000002	0.00048365190198808555
1.16398	9.87770382385788
1.1639899999999999	116.67102141934367
1.164	1.006419400569244
1.16401	0.09806296041725233
1.16402	0.0007846260087366737
1.16403	11.90455045427172
1.16404	22.41857479770603
1.16405	1.34165236332493
1.16406	38.1871282702512
1.1640700000000002	9.012826275262112
1.16408	0.347080328639648
1.16409	22.44166111876232
1.1641	9.318070672237775
1.16411	0.09207887403805476
1.16412	0.24730847532509825
1.1641299999999999	45.97534533053478
1.16414	76.10496665335165
1.16415	39.27887133589819
1.16416	3.4049598872993068
1.1641700000000001	2.564200614930204
1.16418	0.19993554000416672
1.16419	2.4198920902067633
1.1642	146.28742655571682
1.16421	0.2924212976458305
1.16422	0.01354849327186051
1.1642299999999999	3.941259222489969
1.16424	0.15280128271147736
1.16425	1.737016724578967
1.16426	0.0011225042655225999
1.1642700000000001	0.19600132172083679
1.16428	57.69298371512228
1.16429	2.416395398284458
1.1643	2.06927876008674
1.16431	144.1238981282856
1.16432	268.49116541520107
1.1643299999999999	0.5915847906856969
1.16434	10.557254717212704
1.16435	0.06990045456718191
1.16436	5.328316329981946
1.1643700000000001	1.4611641225623855
1.16438	0.3461409649162858
1.16439	0.6786002260845254
1.1644	174.8702778150819
1.16441	20.57297034160826
1.16442	4.350698619534082
1.1644299999999999	0.8325608788605354
1.16444	24.43318031149566
1.16445	40.479580206124666
1.16446	18.28575935291845
1.1644700000000001	2.4884791138409588
1.16448	12.746824311413246
1.16449	12.071854713424646
1.1645	2.163221546403245
1.16451	160.316417735045
1.16452	0.37057575320755004
1.1645299999999998	0.004584711370999823
1.16454	0.00360374456156455
1.16455	0.6133621887394681
1.16456	27.64706286226416
1.16457	13.200154062453072
1.16458	0.9876885064664264
1.16459	0.7971737693575768
1.1646	0.0005616654374162536
1.1646100000000001	0.0026292143866116975
1.16462	0.765265262582738
1.1646299999999998	0.04321982459566136
1.16464	0.007274162522112673
1.16465	0.27960053624082803
1.16466	9.103428803293065
1.16467	1.97137388903425
1.16468	1.1816803125447828
1.16469	1.8778807065497602
1.1647	0.3675124026074135
1.1647100000000001	0.05075875952660188
1.16472	3.940760124433739
1.1647299999999998	0.0860631029028506
1.1647399999999999	20.149208923013557
1.16475	9.972384155125958
1.16476	22.938287937170685
1.16477	51.99876152558511
1.16478	0.027491978778609823
1.16479	0.015356703528376503
1.1648	2.567739724801819
1.1648100000000001	45.356026461723005
1.16482	8.403689544640812
1.16483	14.831838912979867
1.1648399999999999	1.1848871783327841
1.16485	0.5805090571157314
1.16486	4.91307054435838
1.16487	15.261949071573005
1.16488	3.8481057641799303
1.16489	0.00046247557390775347
1.1649	0.17655905675701136
1.1649100000000001	0.3025659137416531
1.1649200000000002	0.05576978882273543
1.16493	0.000221443940026018
1.1649399999999999	0.37404340343132014
1.16495	23.484753169390487
1.16496	0.450825008968535
1.16497	0.5157960357967103
1.16498	1.6102303200867578
1.16499	1.9141060678238204
1.165	0.024833275121645758
1.16501	0.1589618835073081
1.1650200000000002	8.667542902512436
1.16503	0.05656672038187088
1.1650399999999999	7.033475840082603
1.16505	0.8179937775104765
1.16506	1.801693866162957
1.16507	10.265899302950494
1.16508	0.39442188107707976
1.16509	0.1404316504478714
1.1651	7.941490121276129
1.16511	14.40917115415492
1.1651200000000002	17.627389462824432
1.16513	23.500602678554117
1.16514	102.11181601438356
1.16515	69.249716533355
1.16516	15.875229047439086
1.16517	2.2475067254907812
1.1651799999999999	0.3833840139109163
1.16519	0.021984014407505387
1.1652	69.62256190520176
1.16521	17.72641857045309
1.1652200000000001	17.50386680827334
1.16523	178.8936808337493
1.16524	135.88202175304005
1.16525	0.7429062294001174
1.16526	0.1322430935221775
1.16527	0.1844412258481615
1.1652799999999999	0.2244662235517623
1.16529	4.949803973941691
1.1653	141.8900690322686
1.16531	50.77185136731249
1.1653200000000001	52.99135199144933
1.16533	6.399676187598543
1.16534	16.235101196078688
1.16535	30.458253715320453
1.16536	16.24037301279988
1.16537	0.6015143603514996
1.1653799999999999	20.360713832741798
1.16539	0.4897235623727281
1.1654	7.960548634691265
1.16541	166.105877567161
1.1654200000000001	294.8573784873309
1.16543	2.644575681417492
1.16544	315.424918850193
1.16545	11.647695270170782
1.16546	8.032042540830039
1.16547	1.9830834951761505
1.1654799999999998	0.06779005714392045
1.16549	0.03387957861067719
1.1655	12.703781047931235
1.16551	49.89028673823239
1.1655200000000001	12.973555080282935
1.16553	30.496710704139975
1.16554	0.15640261138261746
1.16555	0.026530106904564223
1.16556	18.8141672326464
1.16557	0.061582455259401994
1.1655799999999998	3.1468931711952366
1.16559	79.99024003078297
1.1656	72.0760536702553
1.16561	21.35423412692353
1.16562	0.00019950734997654896
1.16563	0.19703029156028964
1.16564	94.58668392808877
1.16565	99.1338561786647
1.1656600000000001	316.7787202687675
1.16567	211.97761425950378
1.1656799999999998	93.47511325062247
1.16569	22.687623162155855
1.1657	140.05770316948662
1.16571	40.0971956828089
1.16572	7.007869405807918
1.16573	2.5413705914975426
1.16574	0.002332056134304251
1.16575	0.000723835368397742
1.1657600000000001	31.880931341017217
1.16577	138.38754340783228
1.1657799999999998	13.659883643825555
1.1657899999999999	0.004710076924062123
1.1658	0.002085446245770203
1.16581	6.625245869340331
1.16582	0.045030109184709045
1.16583	7.230794183478997
1.16584	2.3796824076826133
1.16585	0.004132729687585266
1.1658600000000001	0.10692469004724298
1.16587	0.16062790681897685
1.16588	11.960242905293622
1.1658899999999999	1.6248938689451842
1.1659	38.08859913608632
1.16591	171.03303405661813
1.16592	68.61483131601703
1.16593	247.58310201935186
1.16594	7.504746034163597
1.16595	3.98013680617716
1.16596	58.65931673467542
1.1659700000000002	183.28840839890685
1.16598	172.3387743591042
1.1659899999999999	3.48939391993116
1.166	0.01030032670870314
1.16601	0.01640257378291966
1.16602	30.09449083861143
1.16603	170.68800405845525
1.16604	251.14931617054768
1.16605	12.331332268438716
1.16606	0.3865075661952801
1.1660700000000002	42.5159609998489
1.16608	294.47809841374914
1.16609	8.494875142487906
1.1661	0.688133973975602
1.16611	63.52899718732325
1.16612	12.309063156179638
1.1661299999999999	138.57344057685395
1.16614	7.655401977467744
1.16615	5.589629213008772
1.16616	170.80909827849945
1.1661700000000002	196.93685584532494
1.16618	101.31715821022209
1.16619	19.965583173654945
1.1662	0.00031008545820318653
1.16621	18.185447815646448
1.16622	43.16790775957482
1.1662299999999999	40.198791773480906
1.16624	37.46631671212854
1.16625	0.12478115464605868
1.16626	61.348224757178045
1.1662700000000001	26.23372731610688
1.16628	32.16955104689566
1.16629	12.445518651392554
1.1663	69.20906786007329
1.16631	230.23216636423373
1.16632	90.45883702871237
1.1663299999999999	437.59263107322005
1.16634	311.23970857655735
1.16635	60.19022960335721
1.16636	14.043682423637387
1.1663700000000001	126.83000220402431
1.16638	61.660210071464455
1.16639	10.682010487016198
1.1664	155.62988624068657
1.16641	0.9815332134794358
1.16642	66.49392971259068
1.1664299999999999	224.06447220271664
1.16644	314.99307057596064
1.16645	7.667750977043999
1.16646	2.6466407805199044
1.1664700000000001	0.0763433125258746
1.16648	0.008012037992145981
1.16649	0.0015274113026409325
1.1665	6.25320980231643
1.16651	89.62744165402624
1.16652	12.906010080924338
1.1665299999999998	238.3746124622639
1.16654	46.8745379667279
1.16655	0.17807009893809478
1.16656	0.18674199751733445
1.16657	58.54408194078901
1.16658	16.899700187726204
1.16659	149.5174907623753
1.1666	748.5796211745402
1.1666100000000001	947.2901031053053
1.16662	1553.55988985544
1.1666299999999998	1074.4247400985741
1.16664	4.265618389264424
1.16665	7.022762800237644
1.16666	1.8916204480158374
1.16667	140.81859276764877
1.16668	467.0313133878076
1.16669	188.55931855580727
1.1667	1.5569619530816912
1.1667100000000001	0.7631027172684633
1.16672	0.002948051051877432
1.1667299999999998	0.17602161446083758
1.1667399999999999	31.498291656274354
1.16675	108.43238242720858
1.16676	0.1830269320482184
1.16677	44.98533925078381
1.16678	25.050130921665314
1.16679	22.566904965938303
1.1668	4.395193501984011
1.1668100000000001	3.6141152699737003
1.16682	45.71345012767093
1.16683	31.62532519906879
1.1668399999999999	0.08714350024149967
1.16685	3.4392282544260016
1.16686	374.56224553880617
1.16687	4.984275047424591
1.16688	0.2919066574780252
1.16689	6.247596889321614
1.1669	0.009500249257544268
1.1669100000000001	2.5216395067908604
1.1669200000000002	13.916979900111132
1.16693	14.854840738054246
1.1669399999999999	19.36399670193201
1.16695	222.18462356210694
1.16696	238.29833065200827
1.16697	197.2586243054367
1.16698	2.3490918601803648
1.16699	0.22176806135938062
1.167	6.079165964231344
1.16701	11.414555392932058
1.1670200000000002	117.81104275976702
1.16703	0.07714272928478637
1.1670399999999999	36.36310834956326
1.16705	8.921297045988027
1.16706	29.173665560120433
1.16707	89.65530658418962
1.16708	249.00152103056027
1.16709	0.1296725346844558
1.1671	67.57810355508246
1.16711	29.333102512454975
1.1671200000000002	0.037806458764464264
1.16713	65.36149843650922
1.16714	20.853790200096313
1.16715	18.704840102375833
1.16716	239.86782655312277
1.16717	290.7495157006939
1.1671799999999999	0.35925762954094986
1.16719	109.72030343767817
1.1672	967.1659536293622
1.16721	548.9123473461135
1.1672200000000001	1274.251049632107
1.16723	28.411358488447885
1.16724	1.5093188638433106
1.16725	2.6738128123154694
1.16726	60.51680621654355
1.16727	14.244197937365747
1.1672799999999999	0.008208106825728197
1.16729	0.0014222698377493246
1.1673	14.861854322877713
1.16731	0.55139141501683
1.1673200000000001	0.006612946360020848
1.16733	64.78716854844265
1.16734	0.17574865092898856
1.16735	8.752779744674646
1.16736	109.89375165858512
1.16737	2.580952429657304
1.1673799999999999	0.0002964799986518471
1.16739	0.8302215459111889
1.1674	177.04839740753158
1.16741	349.4161707706898
1.1674200000000001	154.29292065375088
1.16743	3.1224464575229978
1.16744	7.705290200875656
1.16745	0.059342112150213504
1.16746	0.6749941361219488
1.16747	54.37634345014831
1.1674799999999999	17.92775877647147
1.16749	14.085945379063721
1.1675	279.08660972055816
1.16751	103.52589649113824
1.1675200000000001	2.720589389840871
1.16753	0.009531713938063903
1.16754	136.723132480203
1.16755	6.771735710786894
1.16756	59.33350443800039
1.16757	618.5089665559896
1.1675799999999998	148.25829454215497
1.16759	9.91909386416038
1.1676	139.66577641693135
1.16761	275.07618973045334
1.16762	11.141175103539082
1.16763	2.8122440073082147
1.16764	45.44237277544187
1.16765	545.7339851891583
1.1676600000000001	92.6919460104072
1.16767	0.8319438200319962
1.1676799999999998	24.366323172811335
1.16769	17.24403914272038
1.1677	0.5214924197016525
1.16771	0.0013564319162950654
1.16772	42.85574014143732
1.16773	1.1026025689355914
1.16774	0.8466696652312969
1.16775	269.2817989707101
1.1677600000000001	490.4119000775729
1.16777	13.564444095522385
1.1677799999999998	10.050160559037705
1.1677899999999999	2.1528511333267732
1.1678	43.54507069892968
1.16781	656.328102239331
1.16782	5.955442008086361
1.16783	7.026693333428455
1.16784	670.5142313776724
1.16785	167.00981694181635
1.1678600000000001	0.7422086303705757
1.16787	12.698780019749373
1.16788	4.439468716475071
1.1678899999999999	2.9351074178181995
1.1679	0.19538715083857006
1.16791	32.71410174069826
1.16792	9.325475812605712
1.16793	47.4231065560705
1.16794	614.8044467516628
1.16795	140.05480074654514
1.16796	298.04648200777814
1.1679700000000002	710.548946705188
1.16798	1.084755847696197
1.1679899999999999	3.1559637051125504
1.168	0.0006839653488681266
1.16801	5.778671408986427
1.16802	282.31698023163386
1.16803	1049.1872396375531
1.16804	7.613879513467689
1.16805	21.64387414857292
1.16806	146.22007421582077
1.1680700000000002	3.5643964298452255
1.16808	39.36869328094904
1.16809	0.15245687025008448
1.1681	5.433291426558304
1.16811	73.9756857952867
1.16812	8.881370751536751
1.16813	20.060834728849514
1.16814	127.5536821198749
1.16815	218.29963019293174
1.16816	155.78871675190905
1.1681700000000002	313.02426177801215
1.16818	1340.9574578847003
1.16819	3242.104432938604
1.1682	5220.102130613999
1.16821	2013.144736835124
1.16822	74.93159894694097
1.1682299999999999	142.5180921701365
1.16824	0.2757884030082276
1.16825	22.433859726087928
1.16826	0.006196793156155385
1.1682700000000001	136.28435402585066
1.16828	1194.7801537094394
1.16829	2666.0175255450176
1.1683	5340.009135439352
1.16831	1301.9280980778567
1.16832	14.424474490886247
1.1683299999999999	1.2472628873950873
1.16834	0.29039825341859493
1.16835	0.07165805235616676
1.16836	21.508147195485343
1.1683700000000001	0.8335161134834084
1.16838	291.51506280434273
1.16839	47.09241905914034
1.1684	586.5350909525478
1.16841	412.77463305674314
1.16842	11.658267069853709
1.1684299999999999	5.198643063584469
1.16844	8.69354687199245
1.16845	3611.054141758606
1.16846	4327.469344045555
1.1684700000000001	480.7297507638531
1.16848	0.7484658677120926
1.16849	1.124006958834481
1.1685	353.62177519949046
1.16851	976.8727610943421
1.16852	3043.918358768221
1.1685299999999998	1624.6394698268534
1.16854	324.03655028787574
1.16855	134.2261087316072
1.16856	2641.593577372928
1.16857	345.0976484895497
1.16858	502.26278448968486
1.16859	2534.2064970438887
1.1686	794.6392270075148
1.16861	2.7257310409699915
1.16862	0.46944422409964376
1.1686299999999998	0.8881861567783924
1.16864	58.343301351102745
1.16865	199.0421251738416
1.16866	150.93292898846718
1.16867	0.04292951677663448
1.16868	2.197885176727385
1.16869	243.52805490460028
1.1687	784.3971372687282
1.1687100000000001	108.1536049958733
1.16872	694.4372362636049
1.1687299999999998	290.8137924526236
1.16874	16.302379545868256
1.16875	24.403999082922237
1.16876	0.0009800029883486607
1.16877	0.0032766345024772526
1.16878	93.97536041533203
1.16879	145.06010918029529
1.1688	0.507962907076317
1.1688100000000001	0.6434517701948932
1.16882	3.595820466653712
1.16883	1.8514500509539646
1.1688399999999999	0.1608562722638495
1.16885	0.24669877899023
1.16886	28.4503098092163
1.16887	65.12458967595202
1.16888	1.1077429634282965
1.16889	1.5595058204951588
1.1689	86.40900415210373
1.1689100000000001	533.2391162684967
1.1689200000000002	58.20321839691696
1.16893	151.14542287249586
1.1689399999999999	999.4751483816206
1.16895	132.87919853786875
1.16896	0.049877651909044064
1.16897	77.69802864184174
1.16898	2995.394306712216
1.16899	2903.2270391181737
