1.14001	2609636391.529829
1.14002	2250712381.1825824
1.14003	2295725720.854723
1.14004	2304517444.760817
1.14005	2506051548.398388
1.14006	2367227514.358029
1.14007	2551584762.643643
1.14008	2508418528.252384
1.14009	2393040231.606996
1.1401	2534953516.064409
1.14011	2399937876.8098807
1.14012	2034510801.8510711
1.14013	2467743405.3558545
1.14014	2368645131.784136
1.14015	2578160795.0867395
1.14016	2523538878.441637
1.14017	2396900466.888316
1.14018	2506340084.8544426
1.14019	2504321027.086806
1.1402	2348280652.694097
1.14021	2448612149.2721877
1.14022	1716959298.1663039
1.14023	2382319469.358693
1.14024	2384514677.452949
1.14025	2212126711.97762
1.14026	2401928083.59213
1.14027	2290392959.3618
1.14028	2270335290.754682
1.14029	2322469396.794045
1.1403	2464393189.93184
1.14031	2426889484.976652
1.14032	2298529066.0920486
1.1403299999999998	2306375414.963997
1.14034	2366736998.334489
1.14035	2341261911.913437
1.14036	2355428903.585129
1.14037	2220905092.84091
1.14038	1524368620.028725
1.14039	2210090205.9709287
1.1404	2217021986.0323415
1.14041	2076347312.0933805
1.14042	2214471013.8837805
1.1404299999999998	2040375029.9101136
1.14044	1791513148.7357774
1.14045	2006688676.4616466
1.14046	1728144287.1317651
1.14047	1803059257.3552675
1.14048	1950607995.2884054
1.14049	1973285842.4277399
1.1405	2045973479.6793
1.14051	2039294744.4525812
1.14052	1991498575.0472016
1.1405299999999998	1948991746.5387988
1.14054	1877413774.7571735
1.14055	1829026509.1258183
1.14056	1804055940.0917845
1.14057	1787639737.3298726
1.14058	1678726708.1205802
1.14059	1626110297.369642
1.1406	1520827650.73781
1.14061	1556718189.6238348
1.14062	1485627739.7985187
1.14063	1395661183.6540892
1.14064	1321173943.9654744
1.14065	1209678606.2263072
1.14066	1131514177.7822473
1.14067	975056989.9417917
1.14068	509612415.4846946
1.14069	234957871.9176109
1.1407	499148763.9498419
1.14071	973374579.302642
1.1407200000000002	1135638219.1706328
1.14073	1249079267.78834
1.14074	1359189465.9943414
1.14075	1422492548.2026136
1.14076	1510114925.4449873
1.14077	1568194765.9159632
1.14078	1529889274.6447027
1.14079	1687563019.9686215
1.1408	1730613152.541936
1.14081	1792668552.3655305
1.1408200000000002	1787969063.0698235
1.14083	1770394289.1667817
1.14084	1889557011.7845333
1.14085	1962365951.801056
1.14086	1991223458.356132
1.14087	1992094791.6184227
1.14088	1753436327.5945046
1.14089	1997836760.7260094
1.1409	2055275285.8858995
1.14091	2096090356.903313
1.1409200000000002	2041126870.3362086
1.14093	1997100866.028184
1.14094	2072669229.5557227
1.14095	2195229852.741348
1.14096	2043478157.7386007
1.14097	1997054881.610769
1.14098	2226127322.419581
1.14099	2283074061.7043056
1.141	2285598803.3754296
1.14101	2283599819.4621487
1.14102	2335178051.3103514
1.14103	2355374668.454719
1.14104	2333350605.040325
1.14105	2074579107.860441
1.14106	1701100608.7780645
1.14107	2313289571.4272904
1.14108	2297841136.419021
1.14109	2293823511.987162
1.1411	2406190456.7749863
1.14111	2463258556.2064824
1.14112	2481532686.188961
1.14113	2399993138.057888
1.14114	2087132400.080236
1.14115	2245897853.1444035
1.14116	1745299643.598985
1.14117	2239907067.133124
1.14118	2384349966.703419
1.14119	2222439769.726427
1.1412	2029504413.0279849
1.14121	2137962089.502232
1.14122	1492622555.1641998
1.14123	2456687974.6993904
1.14124	2261726049.182917
1.14125	2407964056.761664
1.14126	2574186450.357963
1.14127	2451263508.4654694
1.14128	2378208899.758714
1.14129	2504032723.0699863
1.1413	2478848586.956775
1.14131	2359174145.0685296
1.14132	2492068639.478138
1.14133	2501036328.107437
1.14134	2548062051.983484
1.14135	2599920090.64758
1.14136	2529472720.1966863
1.14137	2472862678.1870213
1.1413799999999998	2536822027.141601
1.14139	2578042069.128239
1.1414	2427392467.8516326
1.14141	2100632111.1095397
1.14142	2401762170.0086627
1.14143	2629359686.3829107
1.14144	2643078122.899846
1.14145	2608014490.088104
1.14146	2192249602.486823
1.14147	2541557853.5017123
1.1414799999999998	2432484043.0282717
1.14149	1809922587.5629144
1.1415	2455217664.251993
1.14151	2338567985.571071
1.14152	2387096631.852489
1.14153	2609155723.01413
1.14154	2547592724.835681
1.14155	2572586581.223453
1.14156	2671099093.8061657
1.14157	2471382687.2935147
1.1415799999999998	2406855403.629754
1.14159	2622647967.071801
1.1416	2683119403.71618
1.14161	2671160598.843817
1.14162	2628330652.6471963
1.14163	2638031639.521289
1.14164	2649781111.641393
1.14165	2367118502.0124197
1.14166	2030813304.7696207
1.14167	2260840893.600131
1.14168	2521505965.667641
1.14169	2329968233.774191
1.1417	2591254086.4980593
1.14171	2600818226.3277416
1.14172	2169002237.3798304
1.14173	2557584551.406754
1.14174	2312703725.5541
1.14175	2672944861.124805
1.14176	2615170448.1379995
1.1417700000000002	2670238171.964084
1.14178	2630873703.214668
1.14179	2546478419.2869396
1.1418	2500345361.696429
1.14181	2322469396.794045
1.14182	2286283067.9281693
1.14183	2404086003.44386
1.14184	2687261932.497401
1.14185	2680464130.822393
1.14186	2677194967.745096
1.1418700000000002	2348983682.9932685
1.14188	2425101945.355313
1.14189	2648134260.065003
1.1419	2490462461.276468
1.14191	2027822791.7192433
1.14192	2435454385.911557
1.14193	2191896282.074017
1.14194	1895308891.3895671
1.14195	2326376488.454906
1.14196	2723202894.3898683
1.1419700000000002	2660296236.148692
1.14198	2586366104.4119925
1.14199	2518140743.7056
1.1420000000000001	2557879021.160577
1.14201	2626636651.3928905
1.14202	2733694632.162261
1.14203	2585413427.4264307
1.14204	2655889487.9580564
1.14205	2709754835.813845
1.14206	2451884453.8095136
1.14207	1795808405.513155
1.14208	2478506145.024126
1.14209	2598902578.476349
1.1421	2717815680.597839
1.14211	2416740388.18271
1.14212	2630631401.9504004
1.14213	2594239095.9937963
1.14214	2531162338.8468776
1.14215	2425883831.8761306
1.14216	2485707370.117087
1.14217	2554700541.208569
1.14218	2335930945.1198373
1.14219	2602795217.0854626
1.1422	2339752931.066053
1.14221	2628814853.640809
1.14222	2561946167.7447877
1.14223	2642591294.756916
1.14224	2597885464.5215955
1.14225	2492011258.1377697
1.14226	2664219483.606291
1.14227	2646732193.832665
1.14228	2642104556.2827954
1.14229	2378099381.713262
1.1423	2302767015.1997857
1.14231	2691410857.0225873
1.14232	2619027146.7538905
1.1423299999999998	2425548706.7893705
1.14234	2573238259.696307
1.14235	2025722724.374336
1.14236	2488055134.779693
1.14237	2482504246.1590858
1.14238	2744795544.003944
1.14239	2753150800.5064373
1.1424	2678859891.921874
1.14241	2701842320.4846783
1.14242	2670299657.178048
1.1424299999999998	2262559453.3618555
1.14244	2506801812.285197
1.14245	2247553301.6527295
1.14246	2303615542.21494
1.14247	2721698412.598281
1.14248	2714688480.168701
1.14249	2593701540.6309237
1.1425	2521622087.982411
1.14251	2016136815.0580406
1.14252	1995170431.85932
1.1425299999999998	2189222988.9259205
1.14254	1114320191.466949
1.14255	1182224621.761461
1.14256	2049415422.0927556
1.14257	2399164352.928803
1.14258	2663912771.6590185
1.14259	2507436826.394616
1.1426	2608194651.5692096
1.14261	2577685924.056189
1.14262	2681637066.760729
1.14263	2470586136.0384274
1.14264	2509516179.292121
1.14265	2346064781.24608
1.14266	2493733273.2246103
1.14267	2666981480.7295218
1.14268	2698919927.8286147
1.14269	2482961582.4616656
1.1427	2655706031.9481635
1.14271	2323699689.7282786
1.1427200000000002	2712938819.909699
1.14273	2729417677.5077443
1.14274	2576499129.1101704
1.14275	2308341183.710069
1.14276	2299958501.250599
1.14277	2178110958.267306
1.14278	2234601057.731221
1.14279	2551526010.909672
1.1428	2303297307.9498343
1.14281	2470415479.8885217
1.1428200000000002	2661276506.063011
1.14283	2627725526.819532
1.14284	2614688760.305285
1.14285	2752453558.771249
1.14286	2793572841.9458976
1.14287	2807695461.6224947
1.14288	2743215967.3605237
1.14289	2665201199.1646576
1.1429	2722450549.56816
1.14291	2381770983.1782236
1.1429200000000002	2023811223.2335289
1.14293	1839119715.136944
1.14294	2726277127.4721646
1.14295	2697987914.8718557
1.14296	2779009299.018541
1.14297	2515648737.255853
1.14298	2049037940.589139
1.14299	2391167503.982309
1.143	2710129228.140789
1.14301	2675531078.326609
1.14302	2514143139.207388
1.14303	2757401452.346361
1.14304	2731618214.8603005
1.14305	2566728896.7122154
1.14306	2422478883.283341
1.14307	2000829122.4150906
1.14308	1918050334.6252275
1.14309	2746123091.254693
1.1431	2621138683.991784
1.14311	2632873540.397957
1.14312	2664587584.55726
1.14313	2768343646.575403
1.14314	2594358567.870125
1.14315	1652570515.5697324
1.14316	1905592347.0728366
1.14317	2699603608.6150107
1.14318	2676023974.760802
1.14319	2675346265.570581
1.1432	2593940440.372621
1.14321	2140819243.9307888
1.14322	2276407459.1496754
1.14323	2064286631.2800407
1.14324	2573238259.696307
1.14325	2662624967.0127
1.14326	2524410628.429322
1.14327	2491380150.588781
1.14328	2471667232.119659
1.14329	2648683096.833924
1.1433	2618544748.556477
1.14331	2557820124.4976172
1.14332	2494422412.3956146
1.14333	2545950760.4705877
1.14334	2602076137.538506
1.14335	2749729671.3006105
1.14336	2553465532.5919604
1.14337	2622104525.073025
1.1433799999999998	2681945819.410356
1.14339	2585115787.839412
1.1434	2476851675.7935467
1.14341	2206378414.239741
1.14342	2703460322.443881
1.14343	2679476793.227881
1.14344	2687942660.121941
1.14345	2747577808.3073144
1.14346	2775492128.637372
1.14347	2676208834.332928
1.1434799999999998	2771277399.5346866
1.14349	2615832913.8043976
1.1435	2648805076.0068684
1.14351	2687633217.1002545
1.14352	2658030744.706951
1.14353	2488055134.779693
1.14354	2497065877.249825
1.14355	2387536391.8042397
1.14356	2389846461.0377
1.14357	2524701278.674253
1.1435799999999998	2342232484.893854
1.14359	1611424639.7163641
1.1436	2570277414.394161
1.14361	2602375729.870352
1.14362	2699852262.746831
1.14363	2709942025.511785
1.14364	2631418962.6618514
1.14365	1856393332.8438706
1.14366	2164910765.170999
1.14367	2337491283.15349
1.14368	2682501663.764678
1.14369	2619328690.755139
1.1437	2428286917.0389624
1.14371	2687756990.0338283
1.14372	2619750910.684925
1.14373	2592805862.5424857
1.14374	2499194175.1958284
1.14375	2295672860.425081
1.14376	2581665671.701621
1.1437700000000002	2048660528.6137726
1.14378	2466720823.2307725
1.14379	2661766776.466086
1.1438	1899678029.6153781
1.14381	2366628008.5774555
1.14382	2569271503.265599
1.14383	2567970320.2847986
1.14384	2675161465.5805364
1.14385	2628935917.826273
1.14386	1732167955.3285086
1.1438700000000002	2568857418.999309
1.14388	2721071790.5243363
1.14389	2815399311.051481
1.1439	2792929672.0781913
1.14391	2773064684.193321
1.14392	2317074512.18079
1.14393	2384459772.605566
1.14394	1818611780.464484
1.14395	2160876766.3167696
1.14396	2692278605.2321496
1.1439700000000002	2781377902.841496
1.14398	2608915421.957657
1.14399	1966708523.6246805
1.1440000000000001	1746425242.674071
1.14401	2144025764.911249
1.14402	2708195424.418925
1.14403	2694573286.7933326
1.14404	2734701948.026713
1.14405	2423706346.182494
1.14406	2477764349.7833805
1.14407	2243778591.5807323
1.14408	2345578650.377591
1.14409	2646915029.930361
1.1441	2465471576.061101
1.14411	2642956407.456766
1.14412	2516054244.6047144
1.14413	2459914429.426352
1.14414	2544895770.8256674
1.14415	2748083977.462048
1.14416	2756703134.123886
1.14417	2580120562.982939
1.14418	2521273737.080388
1.14419	2436127419.8059783
1.1442	2399053869.8712893
1.14421	2020086656.6963503
1.14422	1557506974.1351821
1.14423	1432253855.4823735
1.14424	2374269425.7920237
1.14425	2423427322.7395573
1.14426	2447259370.013313
1.14427	2436295707.338805
1.14428	1632488009.1280172
1.14429	2470529249.3452864
1.1443	2332222602.733867
1.14431	2565251793.973509
1.14432	2734198243.7058825
1.1443299999999998	2559646551.8048873
1.14434	1750370559.2444649
1.14435	2432428033.6581435
1.14436	2298687848.339035
1.14437	2338460293.0151567
1.14438	2639003705.343924
1.14439	2736402635.2924657
1.1444	2343851000.7262683
1.14441	2721635743.897862
1.14442	2643138982.72337
1.1444299999999998	2409572510.9453306
1.14444	2575787314.43711
1.14445	2546243890.757637
1.14446	2713376129.2256703
1.14447	2710441261.260554
1.14448	2344120862.079161
1.14449	2253305101.774905
1.1445	2430356593.335812
1.14451	2591791134.615948
1.14452	2725147414.288646
1.1445299999999998	1873570328.8661895
1.14454	2700847108.3246603
1.14455	2800141640.7533674
1.14456	2714250959.343807
1.14457	2671898769.7703032
1.14458	2027636030.9387765
1.14459	2438540652.286601
1.1446	2443824418.908637
1.14461	2494537287.437944
1.14462	2714938523.73252
1.14463	2489889077.1184826
1.14464	2314355125.978058
1.14465	2651673204.261304
1.14466	2468027531.170062
1.14467	2513506426.7089148
1.14468	1775251956.6809692
1.14469	2496318527.243333
1.1447	2527493224.2498827
1.14471	2783684428.031064
1.1447200000000002	2734953834.983932
1.14473	2780161340.7120514
1.14474	2709442881.7171807
1.14475	2659744993.007388
1.14476	2623735188.984493
1.14477	2643686784.200418
1.14478	2704269686.740736
1.14479	2551937301.457876
1.1448	2229872337.7508683
1.14481	2262142712.89271
1.1448200000000002	2732310178.660344
1.14483	2537581503.1210327
1.14484	2409517029.126652
1.14485	2601776579.6965165
1.14486	2502879838.86766
1.14487	2103633120.919436
1.14488	2474970347.274444
1.14489	2750869575.088749
1.1449	2689985877.8072643
1.14491	1900378025.8015246
1.1449200000000002	2488971937.036758
1.14493	2547592724.835681
1.14494	2724896430.494559
1.14495	2513274934.872499
1.14496	2120606069.0583215
1.14497	2562359137.95921
1.14498	2564365940.3827252
1.14499	2689985877.8072643
1.145	2735898617.7223053
1.14501	2559587614.443498
1.14502	2579051414.0744505
1.14503	2660296236.148692
1.14504	2480618624.148394
1.14505	2634996241.0084124
1.14506	2553230360.5553646
1.14507	2158141916.9722466
1.14508	2178913551.8331738
1.14509	2596510002.733191
1.1451	2747008479.447825
1.14511	2599860225.9643545
1.14512	2606393596.665858
1.14513	2543782644.912425
1.14514	2332813393.059525
1.14515	2410793434.223718
1.14516	2265687455.0129128
1.14517	2373012358.4905
1.14518	2423873775.668316
1.14519	2740879862.0003552
1.1452	2789266430.3675237
1.14521	2737978288.737593
1.14522	2734072332.1227746
1.14523	2472407202.000029
1.14524	2619690589.385461
1.14525	2641922052.4693594
1.14526	2608855350.1516585
1.14527	2800464037.5316744
1.14528	2739176392.116898
1.14529	2436968973.731057
1.1453	2541206748.5621557
1.14531	2724080892.7934623
1.14532	2472122571.986608
1.14533	2443711879.226436
1.14534	2485764606.303398
1.14535	2482218453.747411
1.14536	2384295065.648587
1.14537	2385777837.9334693
1.1453799999999998	2570987706.415225
1.14539	2519996862.109241
1.1454	2442867996.78646
1.14541	2184489693.330877
1.14542	2237535837.898601
1.14543	2410571402.1678705
1.14544	1817188584.7844071
1.14545	2305632047.196254
1.14546	2636999211.9051747
1.14547	2752770464.940164
1.1454799999999998	2790294223.410853
1.14549	2706886212.387742
1.1455	2770001472.94445
1.14551	2552231121.010593
1.14552	2522841695.205121
1.14553	2761595078.0551915
1.14554	2701717898.912591
1.14555	2688004553.001504
1.14556	2710628498.3767323
1.14557	1780573887.2351363
1.1455799999999998	1856820832.4211824
1.14559	2314195261.5112514
1.1456	2204194934.522559
1.14561	2674976678.3555703
1.14562	2649598077.568625
1.14563	2698236420.185929
1.14564	2797821479.3285713
1.14565	2687571332.770918
1.14566	1941645765.6392775
1.14567	2632509820.6014605
1.14568	2744795544.003944
1.14569	2783620332.066325
1.1457	2621138683.991784
1.14571	2636027884.429197
1.14572	2746376030.1865225
1.14573	2606333582.926364
1.14574	2558468062.3842306
1.14575	2749033295.974228
1.14576	2660480009.24961
1.1457700000000002	2753340987.994958
1.14578	2569744824.1597905
1.14579	2344714666.429513
1.1458	2249727929.754956
1.14581	2697987914.8718557
1.14582	2066474259.6190453
1.14583	2112564609.2785969
1.14584	2703211336.012786
1.14585	2662686276.924124
1.14586	2419914378.339221
1.1458700000000002	2602555501.8262467
1.14588	2554288805.314631
1.14589	2144519501.9291692
1.1459	2547534065.0207205
1.14591	2565842533.036314
1.14592	2241403263.8404784
1.14593	2480732863.4881353
1.14594	2727344508.8285484
1.14595	2764139772.814398
1.14596	2722137133.9075704
1.1459700000000002	2460141006.352256
1.14598	2242074297.094248
1.14599	2742394946.7820554
1.146	2659561270.67785
1.14601	2614508150.242535
1.14602	2731806914.879136
1.14603	2602375729.870352
1.14604	2679044947.398995
1.14605	2705079293.345776
1.14606	2394748996.8108377
1.14607	2453861235.659072
1.14608	2483647744.8932877
1.14609	2669316063.6242843
1.1461	2621863031.4427195
1.14611	2315101306.187452
1.14612	2452844406.019675
1.14613	2681637066.760729
1.14614	2725147414.288646
1.14615	2598005104.323267
1.14616	2541616375.707744
1.14617	2693146633.2157764
1.14618	2442755501.148111
1.14619	2560353906.0042076
1.1462	2532503183.7015643
1.14621	2622768747.255115
1.14622	2708819081.2586327
1.14623	2589524354.996957
1.14624	2657357592.343393
1.14625	2451715089.481421
1.14626	2501957913.6939287
1.14627	2368917847.8311834
1.14628	2677441557.869769
1.14629	2749286502.958161
1.1463	2725272914.8546233
1.14631	2548766204.824949
1.14632	2485535669.465403
1.1463299999999998	1934862020.8920445
1.14634	2538516554.927976
1.14635	2653505548.015037
1.14636	2528133479.834108
1.14637	2397452437.1622467
1.14638	1810297701.4987657
1.14639	1762016617.8765106
1.1464	2447090325.163657
1.14641	2740627429.261012
1.14642	2671468145.276066
1.1464299999999998	2718378959.1291256
1.14644	2697801550.906105
1.14645	2564011684.6071763
1.14646	2484848985.453006
1.14647	1858360646.201295
1.14648	2432036004.175735
1.14649	1995583939.176445
1.1465	2623312326.9166822
1.14651	2617218611.61184
1.14652	2401319789.813066
1.1465299999999998	2153674173.0175123
1.14654	2152583465.329921
1.14655	1935530413.9797413
1.14656	2677010040.055629
1.14657	2744226791.660744
1.14658	2765667715.0501533
1.14659	2730612034.875882
1.1466	2515127466.6945148
1.14661	2555936147.1492033
1.14662	2332383712.528299
1.14663	2251282523.6291423
1.14664	2685468113.1878343
1.14665	2820979953.6634297
1.14666	2066046063.0344625
1.14667	1902435756.647513
1.14668	2773703279.451867
1.14669	2831196416.9244485
1.1467	2505878442.4692016
1.14671	2581249589.892406
1.1467200000000002	2659500032.721514
1.14673	2726842159.6732845
1.14674	2465414807.1337
1.14675	2610357560.340791
1.14676	2390892226.496384
1.14677	2737221861.8875213
1.14678	2641496259.261714
1.14679	2721698412.598281
1.1468	2682995844.3464317
1.14681	2772490074.1680217
1.1468200000000002	2816955588.183405
1.14683	2743784510.2062106
1.14684	2609576303.123095
1.14685	2748400380.5353627
1.14686	2497295876.10811
1.14687	2617037826.7991877
1.14688	2715438679.955051
1.14689	2712501581.073993
1.1469	2035166756.3669102
1.14691	2504955412.7725515
1.1469200000000002	2766750518.4552984
1.14693	2663360779.131097
1.14694	2638578382.4803524
1.14695	2777537940.426091
1.14696	2640827294.2944
1.14697	2566315222.232657
1.14698	2620716240.397394
1.14699	2526096865.7405424
1.147	2738797987.053133
1.14701	2747451280.5866733
1.1470200000000002	2668148516.8370576
1.14703	2726088809.4243193
1.14704	2629904632.0438485
1.14705	2235990736.619505
1.14706	2630873703.214668
1.14707	2746818729.3783784
1.14708	2711627314.797896
1.14709	2569685654.2797537
1.1471	2779073288.809097
1.14711	2774469787.882887
1.14712	2708819081.2586327
1.14713	2657969541.991883
1.14714	2242797172.9613547
1.14715	2574186450.357963
1.14716	2560294952.355564
1.14717	2681945819.410356
1.14718	2650574405.4095464
1.14719	2679291707.920938
1.1472	2741069201.8132076
1.14721	2431476071.6579394
1.14722	2045549531.085666
1.14723	2738356580.5480165
1.14724	2239030450.6896296
1.14725	2365865220.798675
1.14726	2628451694.5338783
1.14727	2739239464.7103186
1.14728	2398391078.362176
1.14729	2165409311.691639
1.1473	2729166300.425991
1.14731	2251904661.9262533
1.14732	2501612279.310337
1.14733	2389351258.115365
1.14734	2213400481.0603585
1.14735	2361184915.201973
1.14736	2238669590.702598
1.14737	2653688852.015635
1.1473799999999998	2680464130.822393
1.14739	2001520303.6676352
1.1474	2490577153.9521
1.14741	2715688792.6180053
1.14742	2785223174.0273547
1.14743	2690977087.804894
1.14744	2768981154.649703
1.14745	2636027884.429197
1.14746	2550703628.663156
1.14747	2713126229.5570765
1.1474799999999998	2691039050.555541
1.14749	2810217927.5596037
1.1475	2704145153.386876
1.14751	2646610310.1172643
1.14752	2413292704.486925
1.14753	2277456024.948543
1.14754	2736402635.2924657
1.14755	2740627429.261012
1.14756	2432708093.405873
1.14757	2556465875.47821
1.1475799999999998	2652650296.7479954
1.14759	2587497864.288454
1.1476	2251749111.23568
1.14761	1663029679.545784
1.14762	2452618501.104549
1.14763	2463258556.2064824
1.14764	2339645183.9426284
1.14765	2718253776.034232
1.14766	2431980005.121964
1.14767	2630086305.6946073
1.14768	2591313753.015308
1.14769	2643443302.862125
1.1477	2302183834.1880198
1.14771	2573416018.8375483
1.14772	2622527192.450502
1.14773	2729606225.5135827
1.14774	2702962372.513133
1.14775	2786762770.6011076
1.14776	2284230888.5918694
1.1477700000000002	2682872290.6666603
1.14778	2757274472.2406216
1.14779	2695193806.658795
1.1478	2722325178.973904
1.14781	2381990362.495293
1.14782	2282916357.982239
1.14783	2699665770.000928
1.14784	2810153220.6454825
1.14785	2598603385.9828176
1.14786	2668087081.154361
1.1478700000000002	2829762584.576138
1.14788	2789587575.018888
1.14789	2733316984.379321
1.1479	2707821299.238384
1.14791	2306428521.8319016
1.14792	2607654204.4590983
1.14793	2673252612.9896665
1.14794	2780417414.8268905
1.14795	2575609391.4982395
1.14796	2570869310.7820697
1.1479700000000002	2704954722.709012
1.14798	2602915082.9947906
1.14799	2135895496.3023005
1.148	1982485410.7606359
1.14801	2497353379.1327047
1.14802	2333565524.470376
1.14803	2468766411.393604
1.14804	2465358039.5134363
1.14805	2502995103.397829
1.14806	2642408757.32195
1.14807	2619931882.917245
1.14808	2247863834.0667377
1.14809	2132210118.5816557
1.1481	2385777837.9334693
1.14811	2381112966.447492
1.14812	2628028072.3164425
1.14813	2631661336.4664817
1.14814	2700225286.888239
1.14815	2308022296.6185603
1.14816	1862258649.1244953
1.14817	1782132539.730489
1.14818	2064048985.1790702
1.14819	2407631407.212309
1.1482	2629783523.2484612
1.14821	2363523909.4942145
1.14822	2510383085.174603
1.14823	2590657496.882441
1.14824	2135403744.8064594
1.14825	2424152850.5140038
1.14826	2621923402.7650967
1.14827	2433268309.639822
1.14828	2189525462.152729
1.14829	2552995210.1779165
1.1483	2607834341.0516944
1.14831	1981983341.797502
1.14832	2617700765.503311
1.14833	2601477056.340413
1.14834	2355862829.5884376
1.14835	2526504057.264481
1.14836	2081852709.2716653
1.14837	2629299143.8357573
1.14838	2460480910.8719587
1.14839	2712439124.1360073
1.1484	2486050807.0044765
1.14841	2747198242.6251945
1.14842	2658520417.163628
1.1484299999999998	2705266160.057529
1.14844	2678613171.169834
1.14845	2678058132.554678
1.14846	2479019825.665209
1.14847	2694511242.664815
1.14848	2715063554.150899
1.14849	2452392616.995077
1.1485	2452110291.113271
1.14851	2703647077.3172345
1.14852	2620052538.017371
1.1485299999999998	2692216613.9400296
1.14854	2184338799.3405266
1.14855	2600698456.9799967
1.14856	2784646044.6269426
1.14857	2668640053.227907
1.14858	2709942025.511785
1.14859	2300753015.974453
1.1486	2358630987.6824145
1.14861	2633237310.447672
1.14862	2811188710.084363
1.1486299999999998	2681390090.233201
1.14864	2761277155.973629
1.14865	2745048360.65851
1.14866	2798336904.562017
1.14867	2751756493.614137
1.14868	2501785090.533244
1.14869	2719756353.723232
1.1487	2618303582.7786064
1.14871	2716689473.6639185
1.14872	2603694345.9706264
1.14873	2426330737.3522744
1.14874	2480275937.692961
1.14875	2405747260.9339485
1.14876	2231721513.553719
1.14877	1885167743.1625946
1.14878	2444893804.4135427
1.14879	2544544204.7676344
1.1488	2627786033.1323967
1.14881	2628512217.567565
1.1488200000000002	2560000204.473394
1.14883	2132799351.411536
1.14884	2585770640.166275
1.14885	2569685654.2797537
1.14886	2105862446.7119195
1.14887	2484677344.0943856
1.14888	2728537959.005282
1.14889	2736717693.4241443
1.1489	2628754323.6387486
1.14891	2591910493.7568827
1.1489200000000002	2730423417.393583
1.14893	2637302825.1359987
1.14894	2792801055.8751416
1.14895	2752770464.940164
1.14896	2755624262.891833
1.14897	2788752675.823291
1.14898	2753024016.145931
1.14899	2619931882.917245
1.149	2563657477.770489
1.14901	2696745731.566316
1.1490200000000002	2709442881.7171807
1.14903	2722137133.9075704
1.14904	2810282635.963662
1.14905	2770320399.507944
1.14906	2674237657.088986
1.14907	2363850464.946609
1.14908	2582141275.896305
1.14909	2734576013.247709
1.1491	2509920698.1097703
1.14911	2245794428.1075253
1.14912	2817020451.729619
1.14913	2685097127.684491
1.14914	2403753889.630372
1.14915	2650086196.5275326
1.14916	2778945310.7013865
1.14917	2793894482.419759
1.14918	2467004831.3090854
1.14919	2768024947.5809
1.1492	2742268657.7355237
1.14921	2649598077.568625
1.14922	2404916488.7444034
1.14923	2560059151.3351393
1.14924	2389791433.4228754
1.14925	1881568353.6480672
1.14926	2691906678.8895392
1.14927	2340615086.706493
1.14928	2367063997.722167
1.14929	2623916436.450513
1.1493	2267984071.000376
1.14931	2527726025.6994553
1.14932	2695379990.481733
1.14933	2246673692.7569995
1.14934	1874131239.9767551
1.14935	2508245258.823659
1.14936	2797306149.0312057
1.14937	2687447568.3869696
1.1493799999999998	2700784919.7377357
1.14939	2614146967.5431943
1.1494	2381332285.156189
1.14941	2390727075.2165785
1.14942	2582200732.5809197
1.14943	2647158831.0412602
1.14944	2747451280.5866733
1.14945	2668824402.7191978
1.14946	2773703279.451867
1.14947	2744921949.420568
1.1494799999999998	2499481922.12217
1.14949	2685715465.3324537
1.1495	2513564302.999529
1.14951	2704705598.644904
1.14952	2724582733.257729
1.14953	2734701948.026713
1.14954	2785159042.632087
1.14955	2659806236.604196
1.14956	2600997890.691376
1.14957	2564188806.3771753
1.1495799999999998	2595015761.545116
1.14959	2606093541.7866297
1.1496	2408407660.9891872
1.14961	2440281907.347725
1.14962	2813325612.249145
1.14963	2786121168.6297717
1.14964	2607233934.13088
1.14965	2544544204.7676344
1.14966	2224846229.2862763
1.14967	2456631408.0195565
1.14968	2261830207.914944
1.14969	2340399518.017666
1.1497	2621983775.47758
1.14971	2641800390.2640643
1.14972	2518082762.0397573
1.14973	2570099872.052557
1.14974	2666060497.0168104
1.14975	2789523343.130732
1.14976	2735268726.306708
1.1497700000000002	2530870944.787712
1.14978	2398832919.019494
1.14979	2529239757.878025
1.1498	2126473622.7574966
1.14981	1532463008.2901301
1.14982	2439383039.856597
1.14983	2780673512.528113
1.14984	2693704798.9850483
1.14985	2786955280.002474
1.14986	2786762770.6011076
1.1498700000000002	2531453766.455946
1.14988	2578101431.424053
1.14989	2264748600.718949
1.1499	2685591786.412403
1.14991	2700038768.375631
1.14992	2752453558.771249
1.14993	2691658756.539348
1.14994	2695938619.1235275
1.14995	2711564877.990404
1.14996	2718003427.138453
1.1499700000000002	2526213199.478931
1.14998	2659683750.8207483
1.14999	2517387086.175656
1.15	2623010324.308761
1.15001	2525050103.141349
1.15002	2678181464.529159
1.15003	2643625911.7634444
1.15004	2233829387.1390357
1.15005	2220496024.6818643
1.15006	2531220621.684573
1.15007	2602735286.200777
1.15008	2656868134.0672364
1.15009	2783428053.027045
1.1501	2598962421.108661
1.15011	2665569435.754013
1.15012	2672083344.373533
1.15013	2759243321.1606483
1.15014	2738545746.052729
1.15015	2617700765.503311
1.15016	2479362338.570364
1.15017	2595195025.07485
1.15018	2484448507.3923287
1.15019	2248951035.4284177
1.1502	2432092004.5189466
1.15021	2753467786.952893
1.15022	2822734296.467625
1.15023	2760514292.297953
1.15024	2483018755.4231515
1.15025	2475027336.2288213
1.15026	2852265835.6949377
1.15027	2800141640.7533674
1.15028	2828068991.602739
1.15029	2753784809.895864
1.1503	2776259131.413981
1.15031	2676455333.6271744
1.15032	2520751300.956157
1.15033	2516923409.044972
1.15034	2367282022.413435
1.15035	2626818099.291757
1.15036	2667718496.763465
1.15037	2682439897.592364
1.15038	2577211140.4920588
1.15039	2351094036.985774
1.1504	2680402411.5654683
1.15041	2473090447.7456307
1.15042	2281497514.596866
1.1504299999999998	2640888102.2900834
1.15044	2576380479.672454
1.15045	2436239610.202873
1.15046	2575134990.410314
1.15047	2611860635.520551
1.15048	2708382506.3928323
1.15049	2466323266.849157
1.1505	2443374291.274045
1.15051	2740501221.609796
1.15052	2683428327.0359797
1.1505299999999998	2669807815.1050096
1.15054	2539393478.9153285
1.15055	2585056264.033942
1.15056	2594119629.619235
1.15057	2540329198.4018073
1.15058	2563067241.7773323
1.15059	2519822792.905172
1.1506	2534194826.6185594
1.15061	2414070783.5446076
1.15062	2642043720.277536
1.1506299999999998	2631176611.179645
1.15064	2440787665.8575873
1.15065	2279239695.3960657
1.15066	2635542354.86859
1.15067	2560412861.010315
1.15068	2417909268.3439817
1.15069	2521564026.156567
1.1507	2625366866.9916096
1.15071	2795052694.7841873
1.15072	2714938523.73252
1.15073	2677441557.869769
1.15074	2602016223.2110486
1.15075	2556348148.584674
1.15076	2623251923.6135125
1.15077	2658336779.42186
1.15078	2507321357.320253
1.15079	2734135287.189529
1.1508	2692154624.075285
1.15081	2590836459.343509
1.1508200000000002	2660418750.138792
1.15083	2178712875.720257
1.15084	2095463015.3677487
1.15085	2330665781.685498
1.15086	2584342085.263751
1.15087	2750172911.079125
1.15088	2772170897.82588
1.15089	2792865363.2362924
1.1509	2381277453.5852532
1.15091	2419078713.845583
1.1509200000000002	2284546488.551829
1.15093	1950203807.4900074
1.15094	2488341599.202788
1.15095	2690171701.866797
1.15096	2333081983.587722
1.15097	2458159165.644216
1.15098	2582557501.439917
1.15099	2566906206.18705
1.151	2590001406.94793
1.15101	2103778439.7664769
1.1510200000000002	2680525851.500473
1.15103	2669008764.9453287
1.15104	2404639628.439225
1.15105	2607474080.309468
1.15106	2686952567.842868
1.15107	2645940050.0048785
1.15108	2466096120.5422497
1.15109	2775811687.372365
1.1511	2789651808.3860674
1.15111	2698982073.472018
1.15112	2727532913.620033
1.15113	2621681925.8160033
1.15114	2745301200.5994353
1.15115	2166606291.807324
1.15116	2175254120.5199924
1.15117	2438709106.52537
1.15118	1869820857.736652
1.15119	2531104057.351169
1.1512	2662318438.6303678
1.15121	2589762869.9879107
1.15122	2629480775.659427
1.15123	2705639932.208172
1.15124	2754101869.3395505
1.15125	2745680504.17742
1.15126	2686272090.961472
1.15127	2686581377.2687
1.15128	2555053510.513266
1.15129	2246725424.926121
1.1513	2010527417.7792227
1.15131	2707758950.066629
1.15132	2752707080.787536
1.15133	2683057623.3200397
1.15134	2552524974.392484
1.15135	2763312489.9237146
1.15136	2718316366.861068
1.15137	2800141640.7533674
1.1513799999999998	2745617283.2752805
1.15139	2473489094.9558344
1.1514	2548766204.824949
1.15141	2326430055.8698487
1.15142	2639550649.7676463
1.15143	2422757797.5268645
1.15144	2608014490.088104
1.15145	2742773848.8185
1.15146	2791386668.490218
1.15147	2703398073.686172
1.1514799999999998	2657357592.343393
1.15149	2491150696.563861
1.1515	2476623559.8289857
1.15151	2661705487.726698
1.15152	2617881596.111717
1.15153	2628028072.3164425
1.15154	2686457658.4728484
1.15155	2546243890.757637
1.15156	2373012358.4905
1.15157	2491208058.0888386
1.1515799999999998	2355971323.579241
1.15159	2401098630.2719326
1.1516	2748969997.872105
1.15161	2733883475.6198764
1.15162	2555995000.431483
1.15163	2513043464.356287
1.15164	2413848449.6476326
1.15165	2374597465.8949122
1.15166	2265374460.344761
1.15167	2210039317.349186
1.15168	2531745227.618789
1.15169	2566492503.130895
1.1517	2531686932.7017245
1.15171	2421307794.051492
1.15172	2251386201.407969
1.15173	2772426235.959839
1.15174	2708569601.2903504
1.15175	2764394371.2203307
1.15176	2736213617.8234873
1.1517700000000002	2725963271.285873
1.15178	2631297784.130579
1.15179	2482904410.8166103
1.1518	2541382294.9685717
1.15181	2523306462.6248198
1.15182	2654605561.975536
1.15183	2475483295.106832
1.15184	2472407202.000029
1.15185	2760768556.769424
1.15186	2399661589.655591
1.1518700000000002	2683613698.100318
1.15188	2759052725.967468
1.15189	2720570596.740057
1.1519	2644600038.971826
1.15191	2387976232.770229
1.15192	2743342300.0332923
1.15193	2739050251.286863
1.15194	2610357560.340791
1.15195	2625004184.208723
1.15196	2538633460.6273685
1.1519700000000002	2647341696.6110377
1.15198	1899590548.22348
1.15199	2584877700.8408203
1.1520000000000001	2617098087.0158434
1.15201	2039858300.2685602
1.15202	2033948723.3993864
1.15203	1869175156.0067642
1.15204	2148770336.5683856
1.15205	2097200728.975029
1.15206	2599620781.015373
1.15207	2388746149.446109
1.15208	2534486603.3757825
1.15209	2606633665.442941
1.1521	2704518770.654025
1.15211	2773000832.754405
1.15212	2153079173.058061
1.15213	2511712922.53486
1.15214	2712064412.70717
1.15215	2775428221.305126
1.15216	2688809290.136693
1.15217	2743026479.2594943
1.15218	2654605561.975536
1.15219	2680464130.822393
1.1522	2795245776.8530073
1.15221	2695193806.658795
1.15222	2681081401.5605783
1.15223	2709130963.5334806
1.15224	2615471548.0948486
1.15225	2320010764.732577
1.15226	2412181597.9870143
1.15227	2683490115.967985
1.15228	2633843705.556554
1.15229	2687509449.8664927
1.1523	2645148143.25882
1.15231	2745554063.828851
1.15232	2593820987.7513433
1.15233	2651428987.380413
1.15234	2486165296.5112534
1.15235	2662624967.0127
1.15236	2710628498.3767323
1.15237	2604293937.7773075
1.15238	2444330911.61865
1.15239	2614387750.465023
1.1524	2703024611.238347
1.15241	2392709643.717873
1.15242	2433492432.254374
1.1524299999999998	2349903347.896163
1.15244	2508880638.581826
1.15245	2696311102.537747
1.15246	2681760563.5550165
1.15247	2466550434.0779853
1.15248	2013446062.792968
1.15249	2467572945.568036
1.1525	2241712946.5366783
1.15251	2269499022.379018
1.15252	2723830007.225122
1.1525299999999998	2721197103.396593
1.15254	2637910156.472005
1.15255	2717252518.7841644
1.15256	2619871557.450779
1.15257	2571046906.276455
1.15258	2693332675.6200986
1.15259	2556583607.793384
1.1526	2671345122.454232
1.15261	2294615907.394821
1.15262	1525211250.0651324
1.1526299999999998	2490921263.671465
1.15264	2701095876.9923096
1.15265	2598483718.6299033
1.15266	2244398656.178316
1.15267	2517676927.758854
1.15268	2736276622.1957226
1.15269	2669316063.6242843
1.1527	2589882135.721668
1.15271	2259383745.3887053
1.15272	1432781614.5135367
1.15273	2243055399.39263
1.15274	2697801550.906105
1.15275	2598962421.108661
1.15276	2776450915.224596
1.15277	2714625972.8760824
1.15278	2729229142.525879
1.15279	2613545107.253745
1.1528	2790229975.251693
1.15281	2715688792.6180053
1.1528200000000002	2693456711.0294924
1.15283	2568443401.4701505
1.15284	2774853121.5284963
1.15285	2552701302.661247
1.15286	2705079293.345776
1.15287	2255796923.3866763
1.15288	1999723728.8401387
1.15289	2094257117.0109727
1.1529	2678366473.140558
1.15291	2732436009.0914164
1.1529200000000002	2657112851.935121
1.15293	2562654157.439268
1.15294	2537990545.8989897
1.15295	2726842159.6732845
1.15296	1939099078.6148465
1.15297	2410016411.4883647
1.15298	2742647542.323276
1.15299	2686148386.408454
1.153	2566137953.5801373
1.15301	2338837238.6593533
1.1530200000000002	2636331385.825376
1.15303	2773064684.193321
1.15304	2785736278.353456
1.15305	2532153329.624462
1.15306	2142791919.6332211
1.15307	2639003705.343924
1.15308	2633540490.548665
1.15309	2614508150.242535
1.1531	2192905920.074811
1.15311	2567260861.88317
1.15312	2648622109.353913
1.15313	2646061902.8529396
1.15314	2656990490.183765
1.15315	2684726193.4311466
1.15316	2449909264.416132
1.15317	2547416749.442796
1.15318	2330290153.0184045
1.15319	2630389123.0018764
1.1532	2722074455.1053357
1.15321	2803625490.983307
1.15322	2772362399.221568
1.15323	2622406423.390941
1.15324	2454369808.540843
1.15325	2144124503.2200754
1.15326	2592208915.658363
1.15327	2577982708.199287
1.15328	2614207161.1945767
1.15329	2573771573.9596405
1.1533	2514895825.5616736
1.15331	2292397889.753657
1.15332	2372848442.265573
1.15333	2236557149.831481
1.15334	2580774149.937227
1.15335	2566137953.5801373
1.15336	2281602583.859498
1.15337	2644478253.443534
1.1533799999999998	2614207161.1945767
1.15339	2692898596.66682
1.1534	2708444869.9226665
1.15341	2648683096.833924
1.15342	2546947541.153168
1.15343	2361728660.71934
1.15344	2663115485.8343506
1.15345	2815723464.535119
1.15346	2710815748.4272285
1.15347	2309776720.938891
1.1534799999999998	2456857682.554089
1.15349	2777154235.8846645
1.1535	2759878733.566321
1.15351	2564306894.35465
1.15352	2695069691.255034
1.15353	2717189952.453055
1.15354	2270283014.954568
1.15355	1965078934.1839461
1.15356	2660725059.798813
1.15357	2675839127.95787
1.1535799999999998	2523887542.3061113
1.15359	2347307573.4773173
1.1536	2676886762.025996
1.15361	2666735853.9691925
1.15362	2549587962.4191337
1.15363	2695442054.614139
1.15364	2625669140.9221396
1.15365	2734576013.247709
1.15366	2715938928.3182487
1.15367	2593701540.6309237
1.1536799999999998	2588987776.581164
1.15369	2041502894.432611
1.1537	2404307438.1449013
1.15371	2684973477.2392845
1.15372	2708819081.2586327
1.15373	2746565749.674324
1.15374	2689242709.918513
1.15375	2446132624.8870554
1.15376	2104020660.1532536
1.15377	2440562871.3581314
1.15378	2564897415.821216
1.15379	2534778413.72698
1.1538	2380674389.625445
1.15381	2393150437.719856
1.15382	2549353147.5035033
1.15383	2631479554.0201983
1.15384	2554112367.388858
1.15385	2697863670.797632
1.15386	2568502542.745919
1.1538700000000002	2037182796.4475727
1.15388	2481475547.445089
1.15389	2733505801.749039
1.1539	2702837899.361943
1.15391	2692650582.961822
1.15392	2401596267.885694
1.15393	2387426444.221796
1.15394	2666674450.8138843
1.15395	2252786318.83056
1.15396	2667165715.6467266
1.1539700000000002	2551702270.170088
1.15398	2346388924.464132
1.15399	2282653542.6526732
1.1540000000000001	2607774294.138228
1.15401	2275411768.811028
1.15402	2465187744.495161
1.15403	1621362036.5732045
1.15404	1966346275.8916504
1.15405	2001197722.7082644
1.15406	1913771135.3312192
1.1540700000000002	2566728896.7122154
1.15408	2554406437.36971
1.15409	2182830432.584698
1.1541	2108239762.046654
1.15411	2792222356.252837
1.15412	2798594652.785245
1.15413	2617098087.0158434
1.15414	2633237310.447672
1.15415	2527376831.565532
1.15416	2529880455.887929
1.15417	2755433917.6857057
1.15418	2766559404.701221
1.15419	2755243585.627717
1.1542	2674545557.801062
1.15421	2652711376.9815154
1.15422	2649476061.8774395
1.15423	2761213575.949457
1.15424	2691844696.161241
1.15425	2708257783.640989
1.15426	2543079868.889229
1.15427	2424208669.338805
1.15428	2567319975.929645
1.15429	2621561195.681513
1.1543	2692030648.627843
1.15431	2715251110.574776
1.15432	2623614364.2959275
1.15433	2665999109.411991
1.15434	2303721630.0738306
1.15435	2555406528.5858326
1.15436	2662379741.483633
1.15437	2538691915.4959803
1.15438	2565251793.973509
1.15439	2605133598.2831664
1.1544	2720946483.4228287
1.15441	2710566084.567562
1.15442	2734827888.605372
1.1544299999999998	2594298831.2442303
1.15444	2207140601.9642386
1.15445	1740403708.3867128
1.15446	2397066044.62564
1.15447	2672390997.046903
1.15448	2727030529.762509
1.15449	2772809287.258825
1.1545	2464336445.834911
1.15451	2598423887.019985
1.15452	2735016810.348261
1.1545299999999998	2657479971.0008173
1.15454	2505532266.481946
1.15455	2313396104.8019576
1.15456	2464620179.385828
1.15457	2234703967.282474
1.15458	2133634376.6705828
1.15459	2673252612.9896665
1.1546	2171550832.7495813
1.15461	2462124444.878969
1.15462	2203180098.935369
1.1546299999999998	2352231166.646259
1.15464	2757210984.380576
1.15465	2744163604.2311873
1.15466	1995675841.3291621
1.15467	2190281828.0684566
1.15468	2496261048.046809
1.15469	2648561123.2781873
1.1547	2466323266.849157
1.15471	2728852111.6305165
1.15472	2761340737.4618025
1.15473	2598483718.6299033
1.15474	2588153320.0344524
1.15475	2742394946.7820554
1.15476	2750616222.305198
1.15477	2406190456.7749863
1.15478	2171400832.5131865
1.15479	2540797187.4353533
1.1548	2701406870.04922
1.15481	2470927483.705821
1.1548200000000002	2598064926.2902355
1.15483	2629178062.9234905
1.15484	2612462107.901392
1.15485	2661582914.4815183
1.15486	2612642576.623663
1.15487	2447146672.1494102
1.15488	2667042890.954548
1.15489	2756576186.176139
1.1549	2615531772.246178
1.15491	2405193380.9261355
1.1549200000000002	2646854083.161138
1.15493	2547768712.384947
1.15494	2732058535.181657
1.15495	2460084360.164345
1.15496	2164811069.6414747
1.15497	2341531475.169306
1.15498	2281129810.2794557
1.15499	2554524074.842081
1.155	2588212915.1530924
1.15501	2697366751.713268
1.1550200000000002	2783171701.63495
1.15503	2792415242.8020444
1.15504	2705390745.0368433
1.15505	2752009951.425393
1.15506	2756957047.5585423
1.15507	2757782427.751375
1.15508	2658520417.163628
1.15509	2543899793.129798
1.1551	2032310214.7254157
1.15511	2417519578.8214602
1.15512	2698360681.4263053
1.15513	2754355543.177842
1.15514	2691596779.519597
1.15515	2638153128.1652136
1.15516	2311319588.665559
1.15517	2610417666.736845
1.15518	2692960603.662353
1.15519	2734953834.983932
1.1552	2798014752.664846
1.15521	2684231694.136669
1.15522	2563480392.7021017
1.15523	2686457658.4728484
1.15524	2776450915.224596
1.15525	2753721402.3873487
1.15526	2652283844.8803663
1.15527	2645757281.254073
1.15528	2261101197.511103
1.15529	2682810515.960444
1.1553	2771277399.5346866
1.15531	2703709331.8085303
1.15532	2664710296.1757965
1.15533	2785479714.375741
1.15534	2736213617.8234873
1.15535	2602915082.9947906
1.15536	2518140743.7056
1.15537	2132504714.6452105
1.15538	1935040236.4769032
1.15539	2068902383.7763245
1.1554	2511944270.4979978
1.15541	2417853594.56658
1.15542	2791643776.543567
1.15543	2816177342.1136217
1.15544	2754165285.6087413
1.15545	2602795217.0854626
1.15546	2654238839.996692
1.15547	2703647077.3172345
1.1554799999999998	2459121574.5049987
1.15549	2449063241.844741
1.1555	2685220783.8241405
1.15551	2680834476.2093506
1.15552	2722826695.993944
1.15553	2720069495.270594
1.15554	2702775664.9358892
1.15555	2691286915.826084
1.15556	2660234981.269357
1.15557	2105426088.454329
1.1555799999999998	1964264645.8798578
1.15559	2549646669.527375
1.1556	2698236420.185929
1.15561	2762358240.4042697
1.15562	2663851433.5068235
1.15563	2755687714.2158337
1.15564	2739365614.254144
1.15565	2707073203.921352
1.15566	2761467904.8302984
1.15567	2708382506.3928323
1.1556799999999998	2596510002.733191
1.15569	2758099947.4643197
1.1557	2705328451.8300123
1.15571	2607354004.4553885
1.15572	2501612279.310337
1.15573	1976468968.0302525
1.15574	2380893667.937864
1.15575	2687014437.9244623
1.15576	2616495547.28424
1.15577	1597239346.157423
1.15578	1751701089.1458564
1.15579	2631358372.698656
1.1558	2548238071.9538393
1.15581	2640584076.312732
1.15582	2510614310.6495533
1.15583	2457366876.461862
1.15584	2437642426.179381
1.15585	2176757251.9368315
1.15586	2151691479.0036216
1.1558700000000002	2679661891.320496
1.15588	2699354977.384029
1.15589	2675161465.5805364
1.1559	2757845928.769531
1.15591	2440562871.3581314
1.15592	2553935941.650564
1.15593	2645269959.6373987
1.15594	2710690913.6230392
1.15595	2688252138.7716217
1.15596	2565665297.034869
1.1559700000000002	1825996749.0749664
1.15598	2452562028.1267285
1.15599	2608134596.359382
1.156	2633479851.7360353
1.15601	2749286502.958161
1.15602	2774917015.618439
1.15603	2545423210.991056
1.15604	2607053839.0114923
1.15605	2636452796.167921
1.15606	2537756799.095716
1.1560700000000002	2541206748.5621557
1.15608	2623131121.1796274
1.15609	2643382436.031452
1.1561	2710191631.890841
1.15611	2224743773.6901813
1.15612	2452731450.961281
1.15613	2279449630.797641
1.15614	2645026332.489974
1.15615	2610117148.596097
1.15616	2791450943.2835307
1.15617	2724959174.275925
1.15618	2598064926.2902355
1.15619	2717440226.421596
1.1562	2748020701.2185287
1.15621	2813066507.3168907
1.15622	2775236508.137277
1.15623	2643138982.72337
1.15624	2640462475.722097
1.15625	2238308788.874628
1.15626	1869304278.511961
1.15627	2504148040.693658
1.15628	2754989830.00146
1.15629	2617459677.4555717
1.1563	2688252138.7716217
1.15631	2674853493.963548
1.15632	2669500459.8143315
1.15633	2619027146.7538905
1.15634	2702651200.3826914
1.15635	2599979956.7092447
1.15636	2373941431.0064306
1.15637	2506917257.4330764
1.15638	2493331363.30133
1.15639	2668701501.6434045
1.1564	2739933359.098238
1.15641	2671714207.9166064
1.15642	2612221502.32963
1.1564299999999998	2393922022.6312146
1.15644	2447879301.043262
1.15645	2455613430.477684
1.15646	2705951448.4488893
1.15647	2046680255.9334528
1.15648	2333458062.281004
1.15649	2505128454.938913
1.1565	2655461443.64722
1.15651	2653872168.678862
1.15652	2433660537.762422
1.1565299999999998	2460707539.9751344
1.15654	2706948541.463737
1.15655	2485879082.6298323
1.15656	2559823372.0317802
1.15657	2646732193.832665
1.15658	2750552887.755269
1.15659	2687695102.8545465
1.1566	2608735210.689217
1.15661	2500863568.605419
1.15662	2691410857.0225873
1.1566299999999998	2553877135.7793193
1.15664	2554112367.388858
1.15665	2706574588.534544
1.15666	2598364056.7877355
1.15667	2592029858.394636
1.15668	2657663549.554311
1.15669	2681143136.452006
1.1567	2528482778.5100827
1.15671	2121534018.453671
1.15672	2216613633.102118
1.15673	2100438644.6517391
1.15674	2606093541.7866297
1.15675	2619147760.188428
1.15676	2573534531.7536445
1.15677	2729669077.7432365
1.15678	2693890879.947428
1.15679	2277403585.1893525
1.1568	2095463015.3677487
1.15681	2386382194.6806216
1.1568200000000002	2632994791.4971685
1.15683	2622889533.0006795
1.15684	2543196984.7418237
1.15685	2618183008.2189803
1.15686	2552466201.0095873
1.15687	2414904718.061648
1.15688	2597406960.407301
1.15689	2730234812.9400673
1.1569	2769555037.4369307
1.15691	2594836510.3980513
1.1569200000000002	2580714726.100514
1.15693	2612883220.979586
1.15694	2597586389.120895
1.15695	2731618214.8603005
1.15696	2760768556.769424
1.15697	2728161023.593845
1.15698	2579526536.6607265
1.15699	2349416421.633721
1.157	2453409259.344793
1.15701	2531978420.710379
1.1570200000000002	2687818878.6381297
1.15703	2588868552.03322
1.15704	2629601870.512451
1.15705	2392434188.696769
1.15706	2162867924.190061
1.15707	2148127228.3750405
1.15708	2097731984.3964405
1.15709	2123244462.0002189
1.1571	2598304227.933112
1.15711	2648622109.353913
1.15712	2697987914.8718557
1.15713	2681081401.5605783
1.15714	2010666304.889998
1.15715	2355374668.454719
1.15716	2326912218.112995
1.15717	1930100841.159405
1.15718	2338621833.708841
1.15719	2410460393.808422
1.1572	2469562375.944213
1.15721	2073146534.2324128
1.15722	2704394225.82969
1.15723	2714375958.097936
1.15724	2510383085.174603
1.15725	2482447085.044477
1.15726	2525922375.177703
1.15727	2381935515.7717404
1.15728	2385558109.793085
1.15729	2715438679.955051
1.1573	2706761558.541197
1.15731	2728098206.0880213
1.15732	2646305625.384312
1.15733	2581725117.4349284
1.15734	2663606095.0212307
1.15735	2675407868.404113
1.15736	2738671863.6489053
1.15737	2742521241.644557
1.15738	2798208039.3524427
1.15739	2654666687.23122
1.1574	2625427318.9937
1.15741	2694014941.063672
1.15742	2657969541.991883
1.15743	2508187505.007154
1.15744	2219167073.452754
1.15745	2633904352.7473125
1.15746	2642895551.837134
1.15747	2611620085.343892
1.1574799999999998	2677379908.209345
1.15749	2632812916.942257
1.1575	2667595646.6153502
1.15751	2681081401.5605783
1.15752	2440619068.041976
1.15753	2687323809.7024612
1.15754	2759179787.9667144
1.15755	2742963319.467834
1.15756	2344336773.532228
1.15757	2366628008.5774555
1.1575799999999998	2587259557.902617
1.15759	2441293529.1879897
1.1576	2735709635.0684237
1.15761	2681513575.6535487
1.15762	2733631687.241858
1.15763	2485363980.67398
1.15764	2553700726.289698
1.15765	2662073241.332308
1.15766	2696621544.695429
1.15767	2560059151.3351393
1.1576799999999998	2497468389.154148
1.15769	2600159563.1652665
1.1577	2589762869.9879107
1.15771	2508418528.252384
1.15772	2645148143.25882
1.15773	2642226232.495777
1.15774	2446132624.8870554
1.15775	2654299956.8081822
1.15776	2651917443.6364365
1.15777	2449514417.519281
1.15778	2492412955.268089
1.15779	1800196860.6382601
1.1578	2513159196.9494853
1.15781	2764139772.814398
1.15782	2065189936.0282788
1.15783	1673092683.39
1.15784	2674237657.088986
1.15785	2425213627.998654
1.15786	2610898567.7325807
1.1578700000000002	2759878733.566321
1.15788	2790294223.410853
1.15789	2694511242.664815
1.1579	2678119797.831963
1.15791	2425660410.0073
1.15792	2171200848.3154244
1.15793	2636209981.073865
1.15794	2587080842.516613
1.15795	2575905936.557929
1.15796	2615531772.246178
1.1579700000000002	2336953117.85608
1.15798	2406744566.394432
1.15799	2599800362.65956
1.158	2787918026.5057178
1.15801	2819161786.845239
1.15802	2388306166.669289
1.15803	2000230291.73496
1.15804	2630934282.017808
1.15805	2557231232.449989
1.15806	2571461343.4748397
1.1580700000000002	2718128598.704089
1.15808	2728412308.081916
1.15809	2724269072.1345515
1.1581	2744226791.660744
1.15811	2748463665.521411
1.15812	2704581045.217032
1.15813	2595195025.07485
1.15814	2669746341.2159963
1.15815	2585294367.4795585
1.15816	2411015486.7304068
1.15817	2371482913.971137
1.15818	1941332834.5375175
1.15819	2451545736.852209
1.1582	2654911202.329009
1.15821	2582260190.634601
1.15822	2494594726.9429555
1.15823	2671037590.184693
1.15824	2689614268.194785
1.15825	2711127860.5901127
1.15826	2450529866.7078953
1.15827	2678983260.8196
1.15828	2664833013.4455533
1.15829	2641617907.460947
1.1583	2633419214.319661
1.15831	2621259394.668432
1.15832	2617037826.7991877
1.15833	2583687594.7216825
1.15834	2146248477.0531282
1.15835	2644356473.523533
1.15836	2690915126.480976
1.15837	2522086630.7214537
1.15838	2524875684.883821
1.15839	2371155304.129787
1.1584	2586068355.1502953
1.15841	2557172350.702743
1.15842	2623674775.9446874
1.1584299999999998	2751376350.6651845
1.15844	2546712969.4181237
1.15845	2478620287.078368
1.15846	2743468638.5240173
1.15847	2602016223.2110486
1.15848	2234806881.572988
1.15849	1812174437.6590254
1.1585	2547768712.384947
1.15851	2530929220.9157443
1.15852	2450812010.6261435
1.1585299999999998	2681513575.6535487
1.15854	2701966747.7867107
1.15855	2778049628.9494505
1.15856	2614327552.6554656
1.15857	2263445281.788436
1.15858	2712064412.70717
1.15859	2711752192.725946
1.1586	2831457191.7599893
1.15861	2762930750.56514
1.15862	2706512268.0690336
1.1586299999999998	2678798209.603489
1.15864	2448161139.786293
1.15865	2536062778.4666967
1.15866	2490921263.671465
1.15867	2496548457.2649693
1.15868	2608855350.1516585
1.15869	2587199984.7355857
1.1587	2603694345.9706264
1.15871	2406190456.7749863
1.15872	2589882135.721668
1.15873	2775556037.4411674
1.15874	2792801055.8751416
1.15875	2736906745.714646
1.15876	2753911629.293013
1.15877	2734009378.505609
1.15878	2594956009.7869525
1.15879	2641922052.4693594
1.1588	2552466201.0095873
1.15881	2663176807.0405183
1.1588200000000002	2464109482.512545
1.15883	2499424370.0866256
1.15884	2623795603.415376
1.15885	2671468145.276066
1.15886	2712876352.9040327
1.15887	2563716508.845023
1.15888	2626334266.0800123
1.15889	2584996741.599033
1.1589	2740059540.5978274
1.15891	2737410949.0059505
1.1589200000000002	2451319951.5434256
1.15893	2336415076.461542
1.15894	2393150437.719856
1.15895	2128972246.657213
1.15896	1377685222.3478806
1.15897	2402757823.4448442
1.15898	2077686414.3057835
1.15899	2502764579.645485
1.159	2761595078.0551915
1.15901	2752200060.104129
1.1590200000000002	2723202894.3898683
1.15903	2752326806.519184
1.15904	2679600190.535605
1.15905	2681945819.410356
1.15906	2794280499.871479
1.15907	2714250959.343807
1.15908	2197353855.106546
1.15909	2518024781.708967
1.1591	2254446844.818357
1.15911	2400711650.085793
1.1591200000000002	2704705598.644904
1.15913	2649171047.231615
1.15914	2749729671.3006105
1.15915	2715126071.519315
1.15916	2509053951.902536
1.15917	2401043343.5693197
1.15918	2624399824.2405467
1.15919	2595613354.8038025
1.1592	2731618214.8603005
1.15921	2757464944.592133
1.15922	2453804734.0665607
1.15923	1990215022.2793336
1.15924	2592268604.161619
1.15925	2659193864.089828
1.15926	2595015761.545116
1.15927	2489889077.1184826
1.15928	2516633654.208828
1.15929	2651428987.380413
1.1593	2714313458.0013213
1.15931	2334264149.341693
1.15932	2308660114.860492
1.15933	2631782531.740343
1.15934	2551114786.6483192
1.15935	2480333048.81448
1.15936	2386217354.932027
1.15937	2748780112.310445
1.15938	2776706647.58088
1.15939	2696124854.3980765
1.1594	2598723058.846745
1.15941	2705764534.400715
1.15942	2731429527.8759503
1.15943	2600339182.028501
1.15944	2741384797.234139
1.15945	2654483315.686491
1.15946	2632934165.24958
1.15947	2675900742.1400976
1.1594799999999998	2452053829.8372827
1.15949	2543958369.261593
1.1595	2703149092.988136
1.15951	2567083527.9104233
1.15952	2603994124.6163282
1.15953	2789780279.55757
1.15954	2029364224.671744
1.15955	1987147021.0134687
1.15956	2579526536.6607265
1.15957	2763248863.0347857
1.1595799999999998	2800206117.139688
1.15959	2510094083.277728
1.1596	2614989804.802581
1.15961	2675962357.7410607
1.15962	2673745089.676375
1.15963	2619811233.373353
1.15964	2597706015.1493177
1.15965	2374706822.6674576
1.15966	2163116947.8967595
1.15967	1281710670.7354712
1.1596799999999998	992521675.4616852
1.15969	2136830136.150428
1.1597	1778566057.9156392
1.15971	2015672635.8431208
1.15972	2613545107.253745
1.15973	2600279307.695462
1.15974	2673314167.6145
1.15975	2758481019.3766785
1.15976	2520054887.849373
1.15977	2388856157.8046145
1.15978	2503052737.653493
1.15979	2101890077.5147488
1.1598	2231207699.8420978
1.15981	2674791903.894813
1.15982	2639732989.7647176
1.15983	2150403706.8104343
1.15984	2294932942.197263
1.15985	2515474968.399234
1.15986	2625366866.9916096
1.1598700000000002	2615050017.8612337
1.15988	2627181032.6935744
1.15989	2660908862.522832
1.1599	2694821477.594043
1.15991	2552760081.4576216
1.15992	2583449639.258481
1.15993	2519068631.9525948
1.15994	2420025822.080762
1.15995	2626092382.8941026
1.15996	2642104556.2827954
1.1599700000000002	2622889533.0006795
1.15998	2629359686.3829107
1.15999	2717189952.453055
1.16	2795631981.00585
1.16001	2803560935.863911
1.16002	2638213874.585237
1.16003	2687138182.361545
1.16004	2680525851.500473
1.16005	2723202894.3898683
1.16006	2651551093.009213
1.1600700000000002	2611860635.520551
1.16008	2633237310.447672
1.16009	2263184708.0203233
1.1601	2551643515.7304373
1.16011	2591194421.354667
1.16012	2761913036.740994
1.16013	2605793521.450507
1.16014	2319583442.3154445
1.16015	2694635332.350475
1.16016	2452053829.8372827
1.16017	2624520685.101723
1.16018	2560530775.095076
1.16019	2417129952.1044173
1.1602	2564543086.624693
1.16021	2615772682.7191076
1.16022	2640584076.312732
1.16023	2732561845.317317
1.16024	2647097878.658373
1.16025	2606333582.926364
1.16026	2551996062.6622705
1.16027	2485478438.550497
1.16028	2419580077.905969
1.16029	2127306171.3920145
1.1603	2627362518.1982675
1.16031	2478734434.389177
1.16032	1921144359.320373
1.16033	2157496003.946742
1.16034	2515938378.6927147
1.16035	2598603385.9828176
1.16036	2687014437.9244623
1.16037	2468368525.328701
1.16038	2411570707.481985
1.16039	1491282769.5499165
1.1604	2182277625.786709
1.16041	2291500730.3515205
1.16042	2450134919.789835
1.16043	2611139051.451941
1.16044	2379140006.804145
1.16045	2591671780.971568
1.16046	2345038623.109434
1.16047	2336092311.086325
1.16048	2705017007.3103023
1.16049	2738608804.124832
1.1605	2752580316.860618
1.16051	2752770464.940164
1.16052	2797563802.31397
1.1605299999999998	2669992245.265219
1.16054	2609275881.8423357
1.16055	2772298563.953176
1.16056	2732876461.2362533
1.16057	2782594997.322568
1.16058	2671406633.1569786
1.16059	2526038700.8803296
1.1606	2631116026.7967343
1.16061	2238308788.874628
1.16062	2344282793.80462
1.1606299999999998	2241712946.5366783
1.16064	2661950651.151839
1.16065	2686148386.408454
1.16066	2667288545.9953213
1.16067	2725649451.2315288
1.16068	2444049513.821549
1.16069	1971469215.7176852
1.1607	2521157630.807412
1.16071	2511886431.5095816
1.16072	2707384885.1830826
1.1607299999999998	2550351260.2753344
1.16074	1916152190.6010013
1.16075	2426442476.5848713
1.16076	2706387631.442865
1.16077	2646244692.6469865
1.16078	2206886510.138809
1.16079	2490462461.276468
1.1608	2662931530.6874475
1.16081	2690853166.583753
1.16082	2638821415.7222853
1.16083	2434893666.3728914
1.16084	2419802939.729727
1.16085	2407243374.1517873
1.16086	2315527802.888549
1.16087	2424320310.8443084
1.16088	2449119634.259113
1.16089	2418967313.718984
1.1609	2527493224.2498827
1.16091	2630570830.121251
1.1609200000000002	2691162980.337164
1.16093	2635603041.172645
1.16094	2580417627.440337
1.16095	2585234839.5621877
1.16096	2642287072.703573
1.16097	2640705682.5034213
1.16098	2559175090.909889
1.16099	2584223074.6528826
1.161	2561297349.020039
1.16101	2412403778.354207
1.1610200000000002	2495226648.7969804
1.16103	2501957913.6939287
1.16104	2360750008.9245443
1.16105	2271537966.437045
1.16106	1997054881.610769
1.16107	911569949.6207404
1.16108	869781167.3239353
1.16109	1897404822.230361
1.1611	2262976270.604512
1.16111	2327716043.928722
1.1611200000000002	2430076804.2989497
1.16113	2321667382.793132
1.16114	2507610039.9768786
1.16115	2502188363.146172
1.16116	2622104525.073025
1.16117	2481818399.6441827
1.16118	2460141006.352256
1.16119	2581309026.0449553
1.1612	2539861295.567088
1.16121	2146891022.7842727
1.16122	2420471648.3722296
1.16123	1730294391.178099
1.16124	2549764087.7992787
1.16125	2523364564.572197
1.16126	2492642525.556686
1.16127	2652283844.8803663
1.16128	2371919797.504845
1.16129	2342610038.592548
1.1613	2445400518.7581306
1.16131	2722011777.746306
1.16132	2545130175.182817
1.16133	2608675143.0327
1.16134	2663728761.439464
1.16135	2434949732.5169644
1.16136	1847693793.5233579
1.16137	1603540746.6074548
1.16138	2167604280.655089
1.16139	2474115670.4063225
1.1614	2598244400.456083
1.16141	2632267368.652152
1.16142	2282495867.9780297
1.16143	2371428309.187743
1.16144	1671398468.9312975
1.16145	2106638418.0387712
1.16146	2492585131.002244
1.16147	2673745089.676375
1.1614799999999998	2577685924.056189
1.16149	2669930767.129593
1.1615	2500633241.165644
1.16151	2511423767.543614
1.16152	2596151306.3980627
1.16153	2686705101.762154
1.16154	2659989975.855975
1.16155	2611139051.451941
1.16156	2745301200.5994353
1.16157	2688623560.1859674
1.1615799999999998	2567319975.929645
1.16159	2617881596.111717
1.1616	2566610697.199968
1.16161	2436127419.8059783
1.16162	2447146672.1494102
1.16163	2131424728.027361
1.16164	2506340084.8544426
1.16165	2601057781.570601
1.16166	2671960293.2213964
1.16167	2720257397.504577
1.1616799999999998	2730046221.5144467
1.16169	2722199814.153055
1.1617	2631116026.7967343
1.16171	2546126634.5930552
1.16172	2672575605.6531625
1.16173	2713751021.8873487
1.16174	2753657996.3388186
1.16175	2694511242.664815
1.16176	2489143875.065596
1.16177	2468311689.6973453
1.16178	2678181464.529159
1.16179	2716439268.839077
1.1618	2662379741.483633
1.16181	2769044913.5310435
1.16182	2717315086.555934
1.16183	2456405154.324719
1.16184	2491150696.563861
1.16185	2644843626.854359
1.16186	2716001465.843132
1.1618700000000002	2576855110.209113
1.16188	2548707517.9899125
1.16189	1838484615.3750558
1.1619	2328573764.199085
1.16191	2582022366.6341195
1.16192	2626515693.0901203
1.16193	2378647022.378902
1.16194	2446808609.6956177
1.16195	2530055219.874741
1.16196	2536237969.5279737
1.1619700000000002	2704082888.8605328
1.16198	2698547084.016758
1.16199	2505936143.116965
1.162	2430076804.2989497
1.16201	2609936854.318189
1.16202	2131081210.6359394
1.16203	2421363547.365693
1.16204	2611018806.82359
1.16205	2539451951.2842093
1.16206	2450642720.3772435
1.1620700000000002	2429741099.9716554
1.16208	2655216877.8726554
1.16209	2817409664.372782
1.1621	2818382931.2644486
1.16211	2770001472.94445
1.16212	2647585537.0212
1.16213	2724457264.4750576
1.16214	2683242968.776189
1.16215	2768981154.649703
1.16216	2580833575.14224
1.16217	2627786033.1323967
1.16218	2784581926.520418
1.16219	2725837738.9285283
1.1622	2606393596.665858
1.16221	2633358578.299499
1.16222	2713438607.739244
1.16223	2488570794.4883537
1.16224	2726465458.529011
1.16225	2718754543.005044
1.16226	2085835237.3568208
1.16227	1802270607.381669
1.16228	2652405989.877716
1.16229	2221774612.9152017
1.1623	2316114364.146964
1.16231	2011592464.1818106
1.16232	1632600781.299617
1.16233	1631172909.2278392
1.16234	2589226242.149144
1.16235	2551291017.501399
1.16236	2625669140.9221396
1.16237	2226639966.1963816
1.16238	1920569377.5938234
1.16239	2741889825.488997
1.1624	2781057703.309164
1.16241	2631721933.4057565
1.16242	2337437461.0473084
1.16243	2209479619.8389173
1.16244	2585413427.4264307
1.16245	2423204127.113161
1.16246	2665446684.571548
1.16247	2743405468.551392
1.16248	2710066825.827618
1.16249	2220956231.6592607
1.1625	2458159165.644216
1.16251	2256316399.6281533
1.16252	2665937723.220659
1.1625299999999998	2673498839.993326
1.16254	2637181375.649075
1.16255	2589643609.746429
1.16256	2764330719.420451
1.16257	2555288850.475901
1.16258	2588451309.350421
1.16259	2703211336.012786
1.1626	2785864569.203985
1.16261	2734009378.505609
1.16262	2345632659.9437428
1.1626299999999998	2179365140.6712317
1.16264	2618424162.8910127
1.16265	2047292992.8441727
1.16266	2572290418.2966704
1.16267	2515532890.0177174
1.16268	2695379990.481733
1.16269	2494996840.512797
1.1627	2529472720.1966863
1.16271	2697677315.4140487
1.16272	2696062774.543817
1.1627299999999998	2595613354.8038025
1.16274	2771787934.7175717
1.16275	2612883220.979586
1.16276	2481532686.188961
1.16277	2509862905.7152834
1.16278	2568206849.9843783
1.16279	2695566187.1662498
1.1628	2658765287.219418
1.16281	2607053839.0114923
1.16282	2759497468.565961
1.16283	2777090290.281426
1.16284	2530812670.001532
1.16285	2627181032.6935744
1.16286	2638942940.737584
1.16287	2429685153.7593985
1.16288	2382977819.504561
1.16289	2353748195.103393
1.1629	2645513609.2247467
1.16291	2738987183.0501924
1.1629200000000002	2520635218.7417
1.16293	2509689536.515954
1.16294	2681266610.499449
1.16295	2770447980.414681
1.16296	2621017978.8739285
1.16297	2694635332.350475
1.16298	2709380495.207528
1.16299	2540329198.4018073
1.163	2356785187.7878976
1.16301	2551643515.7304373
1.1630200000000002	2610658106.1615577
1.16303	2705203869.7193503
1.16304	2789459112.7215524
1.16305	2742837004.247376
1.16306	2723202894.3898683
1.16307	2447879301.043262
1.16308	2237793458.561423
1.16309	2134568027.0824234
1.1631	2423148331.418533
1.16311	2737537014.341577
1.1631200000000002	2578160795.0867395
1.16313	2779649263.232836
1.16314	2673375723.656709
1.16315	2422255775.007424
1.16316	2522144704.5808506
1.16317	2721134446.2391
1.16318	2407964056.761664
1.16319	2714188462.1253624
1.1632	2653261162.3768325
1.16321	2767069070.717279
1.16322	2784966657.3061185
1.16323	2499136629.785826
1.16324	2565724374.3416824
1.16325	2636513503.435902
1.16326	2690109759.087361
1.16327	2683675491.3006988
1.16328	2690171701.866797
1.16329	2623614364.2959275
1.1633	2621863031.4427195
1.16331	2534720048.9690385
1.16332	2732750610.522087
1.16333	2724582733.257729
1.16334	2281339919.7750626
1.16335	2488742704.806289
1.16336	2560353906.0042076
1.16337	2701842320.4846783
1.16338	2356405349.509209
1.16339	2678119797.831963
1.1634	2661215228.612376
1.16341	2493446188.0978346
1.16342	2743215967.3605237
1.16343	2786826938.924001
1.16344	2826181179.810158
1.16345	2820070723.7274017
1.16346	2687756990.0338283
1.16347	2633176678.615953
1.1634799999999998	2598005104.323267
1.16349	2642773844.8015685
1.1635	2803690047.5891557
1.16351	2794216159.925979
1.16352	2779201272.8105645
1.16353	2685344445.658509
1.16354	2244657066.9977746
1.16355	2370554803.6274824
1.16356	2235681844.421223
1.16357	2167754018.625923
1.1635799999999998	2450360595.948133
1.16359	2596270866.3369627
1.1636	2292925794.649436
1.16361	2414515512.7763987
1.16362	2698422814.1924353
1.16363	2596211085.679265
1.16364	2408906813.429769
1.16365	2663728761.439464
1.16366	2574304998.7545586
1.16367	2715251110.574776
1.1636799999999998	2465528346.29567
1.16369	1475332807.2222052
1.1637	2330236496.7224627
1.16371	2794280499.871479
1.16372	2764585335.414039
1.16373	2666244668.3125157
1.16374	2627725526.819532
1.16375	2610898567.7325807
1.16376	2574957112.5308237
1.16377	2610297455.328712
1.16378	2766941645.411512
1.16379	2648622109.353913
1.1638	1678881331.6848836
1.16381	1704943533.316559
1.16382	2534019776.68772
1.16383	2329217261.805961
1.16384	2463145121.5697913
1.16385	2699354977.384029
1.16386	2605193584.391664
1.1638700000000002	2510729931.373523
1.16388	2583628103.801186
1.16389	1938206296.074952
1.1639	2391002333.687665
1.16391	2528657445.9454174
1.16392	2546888896.193939
1.16393	2659255094.996279
1.16394	2698112164.6678753
1.16395	2744921949.420568
1.16396	2795889480.084939
1.1639700000000002	2758226965.585485
1.16398	2708694338.4022474
1.16399	2748463665.521411
1.1640000000000001	2610958686.5859327
1.16401	2590776803.8162265
1.16402	2542787102.852701
1.16403	2634996241.0084124
1.16404	2344714666.429513
1.16405	2252163936.956306
1.16406	2645148143.25882
1.1640700000000002	2567260861.88317
1.16408	2606813731.536764
1.16409	2483304639.9782662
1.1641	2461670946.565477
1.16411	2308447489.197804
1.16412	2262924164.250148
1.16413	2007936618.6298423
1.16414	927534345.5086756
1.16415	1041621654.5940783
1.16416	1904802708.7872763
1.16417	2068950022.5626593
1.16418	2415572073.088488
1.16419	2587676608.4823065
1.1642	2559351878.568293
1.16421	2597227544.0877643
1.16422	2703833845.0915923
1.16423	2692712584.2465625
1.16424	2618484455.029593
1.16425	2658336779.42186
1.16426	2360152143.5870423
1.16427	2504667035.723585
1.16428	2761086420.2929683
1.16429	2470699913.354389
1.1643	2477650247.1456
1.16431	2536938854.8033085
1.16432	2471610320.5336475
1.16433	2600099692.968057
1.16434	2616254570.2361
1.16435	2518836627.8417344
1.16436	2692464587.673152
1.16437	2651062704.2312536
1.16438	2652161705.5078835
1.16439	2702153399.4840183
1.1644	2640948911.685949
1.16441	2534953516.064409
1.16442	2706263000.5563035
1.16443	2779649263.232836
1.16444	2698112164.6678753
1.16445	2688685468.7440147
1.16446	2443430552.693971
1.16447	2680772748.425006
1.16448	2446752270.4939504
1.16449	1996503151.1826167
1.1645	2723830007.225122
1.16451	2690915126.480976
1.16452	2421753856.5126762
1.1645299999999998	1883952722.3210282
1.16454	2597646201.446489
1.16455	2736969766.046925
1.16456	2724582733.257729
1.16457	2780161340.7120514
1.16458	2702837899.361943
1.16459	2523538878.441637
1.1646	2657174034.923944
1.16461	2768216162.5745893
1.16462	2679168324.819036
1.1646299999999998	2712439124.1360073
1.16464	2755624262.891833
1.16465	2231772901.432228
1.16466	2662686276.924124
1.16467	2610057049.119649
1.16468	2460934189.952584
1.16469	2711814633.8465805
1.1647	2719004961.084337
1.16471	2626939071.5211678
1.16472	2711689753.043065
1.1647299999999998	2666428852.330752
1.16474	2686643238.803206
1.16475	2789009541.265766
1.16476	2761785848.873899
1.16477	2613665468.2252088
1.16478	2089536683.8074028
1.16479	2623553954.0381713
1.1648	2756322307.818487
1.16481	2455839611.248702
1.16482	2480104612.218379
1.16483	2508822870.1353297
1.16484	2485821843.8076363
1.16485	2751566415.574819
1.16486	2764012482.4046674
1.16487	2708382506.3928323
1.16488	2761913036.740994
1.16489	2671591173.76343
1.1649	2711689753.043065
1.16491	2114170458.0324051
1.1649200000000002	2266261390.8918552
1.16493	2707509567.7355304
1.16494	2804012852.9164143
1.16495	2680155548.74865
1.16496	2640036917.751468
1.16497	2572349648.154295
1.16498	2281812736.901165
1.16499	2174402806.8388095
1.165	2714375958.097936
1.16501	2731240853.9251966
1.1650200000000002	2602615428.571196
1.16503	2302660971.301523
1.16504	2679044947.398995
1.16505	2537172526.2676697
1.16506	2576202515.7605963
1.16507	2133388747.07495
1.16508	2651551093.009213
1.16509	2658091948.831279
1.1651	2749159896.551036
1.16511	2697304643.263594
1.1651200000000002	2587259557.902617
1.16513	2728161023.593845
1.16514	2761531490.710677
1.16515	2688314038.7772765
1.16516	2791193852.9899635
1.16517	2680957936.0421357
1.16518	2602855149.350123
1.16519	2426330737.3522744
1.1652	2483476186.51057
1.16521	2683057623.3200397
1.16522	2709630049.865351
1.16523	2730612034.875882
1.16524	2618122723.02139
1.16525	2260424469.672229
1.16526	2515011643.4612217
1.16527	2725398421.20026
1.16528	2747830881.229705
1.16529	2813973478.996348
1.1653	2789716043.2322783
1.16531	2723265599.175688
1.16532	2641252979.668943
1.16533	2619208068.988643
1.16534	2768407390.777409
1.16535	2812613131.1052976
1.16536	2776514846.10551
1.16537	2694139007.893261
1.16538	2604833688.4582624
1.16539	2145507317.09192
1.1654	2087132400.080236
1.16541	2668148516.8370576
1.16542	2662379741.483633
1.16543	2637120653.0029445
1.16544	2721071790.5243363
1.16545	2760895697.7874193
1.16546	2029691345.9007351
1.16547	1812925676.7818434
1.1654799999999998	2389901489.919596
1.16549	2420471648.3722296
1.1655	2693828851.5317388
1.16551	2689552338.250575
1.16552	2530055219.874741
1.16553	2470017328.0466022
1.16554	2493159136.0210533
1.16555	2641374616.6644683
1.16556	2642773844.8015685
1.16557	2580120562.982939
1.1655799999999998	2733883475.6198764
1.16559	2736969766.046925
1.1656	2379687887.110156
1.16561	2031000358.2013078
1.16562	2765094637.759612
1.16563	2680896205.415057
1.16564	2677503208.949733
1.16565	2694883528.866066
1.16566	2664833013.4455533
1.16567	2524817548.142003
1.1656799999999998	2680834476.2093506
1.16569	2607233934.13088
1.1657	2699354977.384029
1.16571	2537873669.806243
1.16572	2010388540.2621047
1.16573	2500978740.280784
1.16574	1834129516.5419066
1.16575	1618601729.1016278
1.16576	2655155739.9485197
1.16577	2291025905.764793
1.1657799999999998	2558409152.1582513
1.16579	2349037770.964096
1.1658	1693167797.5100086
1.16581	2094016020.6289368
1.16582	2478791510.015861
1.16583	2134371435.1551886
1.16584	2336576475.871793
1.16585	1581612177.008034
1.16586	2021901525.8127308
1.16587	2733631687.241858
1.16588	2550879831.113456
1.16589	2597466768.601338
1.1659	2604833688.4582624
1.16591	2090451037.6473691
1.16592	2549940225.346164
1.16593	2750806234.705224
1.16594	2511308114.868053
1.16595	2442980497.605534
1.16596	2511481595.878676
1.1659700000000002	2464109482.512545
1.16598	2627544016.239957
1.16599	2685962840.260097
1.166	2249365345.6769567
1.16601	2529822203.908337
1.16602	2605373551.004776
1.16603	2704581045.217032
1.16604	2649171047.231615
1.16605	2588153320.0344524
1.16606	2508938408.3585052
1.1660700000000002	2558703716.8532085
1.16608	2558055719.286551
1.16609	2702028963.5865445
1.1661	2649537069.020659
1.16611	2598005104.323267
1.16612	2662257137.1886353
1.16613	2784004929.9936643
1.16614	2711003011.4129577
1.16615	2555406528.5858326
1.16616	2646732193.832665
1.1661700000000002	2532853086.1161427
1.16618	1949665020.7037332
1.16619	2163963842.982596
1.1662	2679230015.659737
1.16621	2691348885.710878
1.16622	2670299657.178048
1.16623	2663238129.658675
1.16624	2697987914.8718557
1.16625	2792929672.0781913
1.16626	2776003440.273561
1.16627	2406135052.8300858
1.16628	2493446188.0978346
1.16629	2552995210.1779165
1.1663	2669746341.2159963
1.16631	2611379557.321701
1.16632	2628814853.640809
1.16633	2779201272.8105645
1.16634	2710940588.9804173
1.16635	2712064412.70717
1.16636	2696683637.415996
1.16637	2650147217.719773
1.16638	2681884066.0366826
1.16639	2689676199.564989
1.1664	2671960293.2213964
1.16641	2675469472.6561074
1.16642	2735772627.835894
1.16643	2808794719.5665865
1.16644	2739176392.116898
1.16645	2660847593.537416
1.16646	2679353401.602672
1.16647	2171700843.3479924
1.16648	1727786196.3024347
1.16649	2568029450.667345
1.1665	2534019776.68772
1.16651	2668148516.8370576
1.16652	2590418899.497089
1.1665299999999998	2731429527.8759503
1.16654	1991361011.9505656
1.16655	2450304174.959902
1.16656	2565665297.034869
1.16657	2656745783.5852947
1.16658	2626697132.6331835
1.16659	2712439124.1360073
1.1666	2631721933.4057565
1.16661	2557643442.645381
1.16662	2728789278.211975
1.1666299999999998	2290287485.2967463
1.16664	2354778164.4344807
1.16665	2653933277.047337
1.16666	2470074202.952184
1.16667	2676640222.9975553
1.16668	2576558455.8780584
1.16669	2281444981.780009
1.1667	2460367604.147627
1.16671	2703335826.361777
1.16672	1784267643.8489823
1.1667299999999998	1977971364.792611
1.16674	2579467141.5510397
1.16675	2581249589.892406
1.16676	2597885464.5215955
1.16677	2739302538.756057
1.16678	2591075095.189316
1.16679	2411570707.481985
1.1668	2699976598.4012084
1.16681	2767196501.8913445
1.16682	2806532010.355439
1.16683	2730989308.9304233
1.16684	2735898617.7223053
1.16685	2678119797.831963
1.16686	2728977782.8080397
1.16687	2673498839.993326
1.16688	2614447949.6607018
1.16689	2733442861.176567
1.1669	2450473441.822105
1.16691	2181473793.078466
1.1669200000000002	2724080892.7934623
1.16693	2793637167.078284
1.16694	2640888102.2900834
1.16695	2665937723.220659
1.16696	2712564039.4501195
1.16697	2744795544.003944
1.16698	2655155739.9485197
1.16699	2736276622.1957226
1.167	2701158072.7393703
1.16701	2747641074.3527193
1.1670200000000002	2517676927.758854
1.16703	2011916720.7105856
1.16704	2338029572.3823075
1.16705	2717377655.7684073
1.16706	2416295249.1514783
1.16707	2572942021.7465873
1.16708	2429237630.433825
1.16709	2491494885.526541
1.1671	2538458104.097144
1.16711	2757210984.380576
1.1671200000000002	2664771654.104263
1.16713	2440506675.968248
1.16714	1956050216.6100614
1.16715	2556230427.112548
1.16716	2294774419.321045
1.16717	2467402497.5547557
1.16718	2654911202.329009
1.16719	2636209981.073865
1.1672	2666060497.0168104
1.16721	2606573646.175734
1.16722	2343797032.183864
1.16723	2579704730.1957445
1.16724	2725147414.288646
1.16725	2693456711.0294924
1.16726	2611920776.5265884
1.16727	2739554849.462855
1.16728	2559234018.772473
1.16729	2605073613.5558844
1.1673	2719380631.4515963
1.16731	2635360304.340313
1.16732	2527609622.2944484
1.16733	2615230665.356166
1.16734	1871457633.9281185
1.16735	2424041216.7201467
1.16736	2667042890.954548
1.16737	2760577856.22035
1.16738	2776450915.224596
1.16739	2695752396.713221
1.1674	2766304606.897507
1.16741	2716001465.843132
1.16742	2746312793.269501
1.16743	2551173528.9133925
1.16744	2571994289.464943
1.16745	2466152905.1576524
1.16746	2577982708.199287
1.16747	2631964335.1163077
1.16748	2458612017.004161
1.16749	2688252138.7716217
1.1675	2756258841.882596
1.16751	2498043518.7141523
1.16752	2481532686.188961
1.16753	2619630269.474931
1.16754	2701904533.4194336
1.16755	2809247480.273341
1.16756	2789394883.791316
1.16757	2724080892.7934623
1.1675799999999998	2709692442.1212664
1.16759	2564602138.091359
1.1676	2706948541.463737
1.16761	2681822314.084917
1.16762	2686828831.953453
1.16763	2700909298.3435445
1.16764	2601656766.2159953
1.16765	2735646643.7513986
1.16766	2732687687.338336
1.16767	2738104380.200781
1.1676799999999998	2569212344.284064
1.16769	2636756346.4866877
1.1677	2338729533.704161
1.16771	1523456296.1476247
1.16772	2374706822.6674576
1.16773	2743721332.960455
1.16774	2514895825.5616736
1.16775	2504494025.429843
1.16776	2647036927.6789517
1.16777	2467686584.1182427
1.1677799999999998	2441462173.595336
1.16779	2371755956.748741
1.1678	2648378173.4763184
1.16781	2465244508.1941924
1.16782	2251178850.6247425
1.16783	2482218453.747411
1.16784	2702215619.581716
1.16785	2544251270.152912
1.16786	2612462107.901392
1.16787	2227460441.80328
1.16788	2059870888.980754
1.16789	1638173891.2888052
1.1679	2385448253.3118057
1.16791	2653566647.941673
1.16792	2697553085.6431284
1.16793	2632570437.0780287
1.16794	2566610697.199968
1.16795	2712439124.1360073
1.16796	2695379990.481733
1.1679700000000002	2606813731.536764
1.16798	2673806655.6410336
1.16799	2742268657.7355237
1.168	2683737285.9239388
1.16801	2706263000.5563035
1.16802	2753087407.596349
1.16803	2682563431.359228
1.16804	2497008380.845129
1.16805	2079936134.8166304
1.16806	2653566647.941673
1.1680700000000002	2746881977.945155
1.16808	2736213617.8234873
1.16809	2763121613.652023
1.1681	2708320144.298954
1.16811	2457310294.149907
1.16812	2632631054.950361
1.16813	2536880440.299936
1.16814	2398611988.517078
1.16815	2441799497.3606586
1.16816	2455500347.903948
1.1681700000000002	2548355425.3559337
1.16818	2712876352.9040327
1.16819	2688252138.7716217
1.1682	2752263432.5820503
1.16821	2737600049.1864944
1.16822	2770447980.414681
1.16823	2558409152.1582513
1.16824	1847778884.926357
1.16825	2464052744.948145
1.16826	2712189310.7647967
1.16827	2669869290.4095273
1.16828	2754736097.745884
1.16829	2739491769.607516
1.1683	2614207161.1945767
1.16831	2589941770.648218
1.16832	2262090625.731491
1.16833	2195735381.2937
1.16834	2044796061.59124
1.16835	1774761504.1995964
1.16836	2604353904.5516853
1.16837	2589047390.914097
1.16838	2623070722.048837
1.16839	2749982942.4260354
1.1684	2756131914.3948016
1.16841	2749096595.533861
1.16842	2744163604.2311873
1.16843	2747577808.3073144
1.16844	2703771587.733305
1.16845	2705577633.26366
1.16846	2686148386.408454
1.16847	2683799081.970078
1.16848	2518314696.7138033
1.16849	2469619240.374016
1.1685	2546302520.8648963
1.16851	2458612017.004161
1.16852	2484791770.349391
1.1685299999999998	2576677113.512071
1.16854	2521970487.0142035
1.16855	2577033119.2021656
1.16856	2552407428.979982
1.16857	2585056264.033942
1.16858	2565192727.5481358
1.16859	2525689739.8428435
1.1686	2452053829.8372827
1.16861	2546126634.5930552
1.16862	2096283422.8505683
1.1686299999999998	1571339399.2512784
1.16864	2245846140.0306067
1.16865	2107414675.2967
1.16866	2641800390.2640643
1.16867	2664280830.233239
1.16868	2541265262.6835947
1.16869	2462011062.4688325
1.1687	2645330869.930409
1.16871	2601716672.266555
1.16872	2578338894.276413
1.1687299999999998	2539393478.9153285
1.16874	2597765830.2294245
1.16875	2730297679.643659
1.16876	2667411382.0006037
1.16877	2733002317.746203
1.16878	2683675491.3006988
1.16879	2601237462.482698
1.1688	2496433489.606989
1.16881	1870682140.365801
1.16882	1964174190.2328415
1.16883	2609756572.4941487
1.16884	2730486288.439992
1.16885	2484963419.61257
1.16886	2161921895.531074
1.16887	2590896116.2444267
1.16888	2565310861.758963
1.16889	2239030450.6896296
1.1689	2342070694.7938256
1.16891	2657847140.789401
1.1689200000000002	2698236420.185929
1.16893	2685468113.1878343
1.16894	2601117673.8288703
1.16895	2329056370.734641
1.16896	2437361798.378297
1.16897	2618002156.7904825
1.16898	2595792659.6152425
1.16899	2467970703.390297
