1.14001	2856209109.8617463
1.14002	2740248823.742916
1.14003	2735583653.8847737
1.14004	2732687687.338336
1.14005	2787340338.701725
1.14006	2742079235.070054
1.14007	2779137280.073101
1.14008	2758544536.4806857
1.14009	2714500962.608613
1.1401	2737473980.948073
1.14011	2698360681.4263053
1.14012	2645879125.6851397
1.14013	2685282614.029476
1.14014	2597107940.093251
1.14015	2672514068.0341506
1.14016	2664771654.104263
1.14017	2627120540.3111987
1.14018	2637242099.6934233
1.14019	2619268379.177536
1.1402	2535011886.1982
1.14021	2557820124.4976172
1.14022	2338083408.122513
1.14023	2517734900.0799084
1.14024	2517908825.0524697
1.14025	2455443808.5699053
1.14026	2488857318.282395
1.14027	2449288819.2933073
1.14028	2423315722.356729
1.14029	2425827974.479731
1.1403	2440169530.800464
1.14031	2411570707.481985
1.14032	2351418875.069182
1.1403299999999998	2320010764.732577
1.14034	2343041603.0561714
1.14035	2315847726.9757004
1.14036	2295990041.261058
1.14037	2238566498.531852
1.14038	2016276089.6656363
1.14039	2186099877.9611416
1.1404	2176606892.066161
1.14041	2122755623.177331
1.14042	2131081210.6359394
1.1404299999999998	2064048985.1790702
1.14044	1975831932.3962245
1.14045	1999447475.8805707
1.14046	1881005216.6743395
1.14047	1859944563.222579
1.14048	1882651783.2648969
1.14049	1886079523.0072253
1.1405	1881525029.4344254
1.14051	1850376056.0131443
1.14052	1809464220.5293128
1.1405299999999998	1767827966.4030755
1.14054	1718422696.0609894
1.14055	1671167572.649476
1.14056	1629108463.7994175
1.14057	1587120860.9384835
1.14058	1523351063.1495695
1.14059	1467810533.4410133
1.1406	1397461976.4549544
1.14061	1353006864.491957
1.14062	1279705392.474157
1.14063	1195914137.6940756
1.14064	1106445431.671551
1.14065	1000069079.9387004
1.14066	888505253.4611357
1.14067	750930942.4540651
1.14068	542337956.0233446
1.14069	332330346.21753347
1.1407	537118362.6450973
1.14071	748462420.9073293
1.1407200000000002	887258155.5281242
1.14073	1005587809.819768
1.14074	1112448718.3200977
1.14075	1200604591.7612545
1.14076	1284044278.3857546
1.14077	1354939800.2267401
1.14078	1400135283.5262926
1.14079	1480232720.3431644
1.1408	1534228337.5395713
1.14081	1587925050.3936386
1.1408200000000002	1627983504.1323726
1.14083	1659319435.1887033
1.14084	1716761637.300535
1.14085	1769375461.5623353
1.14086	1809005969.5782094
1.14087	1840093960.90908
1.14088	1808839361.6437578
1.14089	1898672236.7982225
1.1409	1943345414.8587875
1.14091	1980432296.0161445
1.1409200000000002	1993930423.936981
1.14093	2003825966.066197
1.14094	2053052239.2794702
1.14095	2103923768.6521266
1.14096	2095028811.9886727
1.14097	2111737829.9440465
1.14098	2183182291.637452
1.14099	2218962690.0242143
1.141	2242900459.9663444
1.14101	2263758009.912309
1.14102	2295672860.425081
1.14103	2320812206.4590693
1.14104	2332544833.452177
1.14105	2283652401.8965483
1.14106	2185596567.81001
1.14107	2373996093.6572604
1.14108	2402259945.1437764
1.14109	2421586573.4606233
1.1411	2465528346.29567
1.14111	2497123374.978439
1.14112	2518546652.750816
1.14113	2510729931.373523
1.14114	2448104769.4418287
1.14115	2486852344.2840896
1.14116	2326537194.400113
1.14117	2514085249.588732
1.14118	2571757410.945361
1.14119	2536763615.328264
1.1412	2475141318.0743084
1.14121	2469903582.1641426
1.14122	2063146179.4775789
1.14123	2574423552.6106358
1.14124	2585889722.046821
1.14125	2677194967.745096
1.14126	2739870270.5274925
1.14127	2724645469.815868
1.14128	2720132127.906391
1.14129	2764967303.377738
1.1413	2769108673.880504
1.14131	2749413115.1958504
1.14132	2797628219.342673
1.14133	2813196056.799957
1.14134	2839749292.399548
1.14135	2863848238.212973
1.14136	2847016604.0646315
1.14137	2844264625.82192
1.1413799999999998	2866883202.190148
1.14139	2886888430.24868
1.1414	2814621494.937557
1.14141	2618605043.471677
1.14142	2836089944.1180267
1.14143	2937108566.735084
1.14144	2952840575.8725057
1.14145	2898277731.481025
1.14146	2663422105.9854174
1.14147	2909979972.301229
1.1414799999999998	2903086659.038844
1.14149	2668824402.7191978
1.1415	2930285931.38152
1.14151	2927520871.369441
1.14152	2943269296.517173
1.14153	3026146855.354744
1.14154	3022943290.3512373
1.14155	3039275015.8383307
1.14156	3075176165.832155
1.14157	3013006024.1861157
1.1415799999999998	2996746453.260184
1.14159	3079711253.6582146
1.1416	3112074607.311886
1.14161	3118171515.901462
1.14162	3103201667.789777
1.14163	3108708495.26731
1.14164	3117525395.879866
1.14165	3034170628.7675467
1.14166	2876073628.863028
1.14167	2982908969.196149
1.14168	3088801503.4109464
1.14169	3033611765.3576064
1.1417	3133935110.730383
1.14171	3137400778.6652865
1.14172	2988959290.452104
1.14173	3122554304.8654485
1.14174	2999438764.785356
1.14175	3191023481.431277
1.14176	3180606923.6672487
1.1417700000000002	3185150809.542788
1.14178	3199631767.318353
1.14179	3163442900.944511
1.1418	3115874808.4636865
1.14181	2941981923.823501
1.14182	3062315975.5521173
1.14183	3137617510.1187553
1.14184	3231989937.729316
1.14185	3250872973.8543468
1.14186	3244367184.253876
1.1418700000000002	3130833700.8792663
1.14188	3154786690.903409
1.14189	3239738821.2327642
1.1419	3183977572.750576
1.14191	2968930286.226372
1.14192	3123273382.348569
1.14193	3042145628.2716
1.14194	2901816862.0492744
1.14195	3129248120.094161
1.14196	3292607779.752468
1.1419700000000002	3284808077.6610303
1.14198	3256641853.397099
1.14199	3155222570.9005995
1.1420000000000001	3213882538.1133275
1.14201	3280122022.2996387
1.14202	3309634232.929929
1.14203	3289955320.3541217
1.14204	3314973034.4533834
1.14205	3325829644.191176
1.14206	3186911475.373445
1.14207	2906029375.263632
1.14208	3228642802.784863
1.14209	3289728066.140985
1.1421	3344721793.811294
1.14211	3240932605.0127497
1.14212	3318868154.8828864
1.14213	3255592205.2915945
1.14214	3291698124.280909
1.14215	3252145742.924407
1.14216	3280348612.927855
1.14217	3297843179.227509
1.14218	3226413305.478123
1.14219	3321849864.2544603
1.1422	3236011080.347178
1.14221	3341950400.261135
1.14222	3330197573.243249
1.14223	3360237699.5926914
1.14224	3347803815.533938
1.14225	3313980891.978748
1.14226	3375048359.379568
1.14227	3364340936.4322944
1.14228	3356062190.089006
1.14229	3190362265.6674147
1.1423	3217362532.6956005
1.14231	3364031083.4502497
1.14232	3301946254.425923
1.1423299999999998	3125791457.832866
1.14234	3145140130.248375
1.14235	2629117524.558325
1.14236	2963193415.780313
1.14237	3244143079.048853
1.14238	3381504735.865823
1.14239	3400165058.0407057
1.1424	3266479974.1550226
1.14241	3322538331.3665056
1.14242	3302478508.174993
1.1424299999999998	2907769654.9191213
1.14244	3180680160.691319
1.14245	3149850923.9516363
1.14246	3173584015.1666603
1.14247	3333880278.385091
1.14248	3315812771.619257
1.14249	3231097029.2726946
1.1425	3128815828.352091
1.14251	2838899380.240075
1.14252	2677441557.869769
1.1425299999999998	2493101729.571353
1.14254	1684883976.1000502
1.14255	1742569065.2284474
1.14256	2472976560.3440275
1.14257	2857590543.3749433
1.14258	3109066419.162653
1.14259	3160312289.547089
1.1426	3254467957.741332
1.14261	3292001314.8444033
1.14262	3349577263.823564
1.14263	3293745202.605737
1.14264	3273105470.75043
1.14265	3238023527.385567
1.14266	3333803513.838573
1.14267	3416488789.392262
1.14268	3424995458.8160915
1.14269	3359850860.199585
1.1427	3396174525.195413
1.14271	3247655839.7690487
1.1427200000000002	3424837735.578082
1.14273	3460987254.85352
1.14274	3379636563.533252
1.14275	3269715755.4638395
1.14276	3168837727.1814933
1.14277	3074963747.524983
1.14278	3172415038.954114
1.14279	3332498786.949457
1.1428	3062809602.350737
1.14281	3201769033.897513
1.1428200000000002	3408709570.7605143
1.14283	3440646068.3030496
1.14284	3457402964.182393
1.14285	3518357775.5409408
1.14286	3534435006.662125
1.14287	3542011769.966329
1.14288	3518033737.737029
1.14289	3472082213.1542983
1.1429	3463059871.792233
1.14291	3242500113.8128433
1.1429200000000002	2791450943.2835307
1.14293	2933526393.4950194
1.14294	3428467208.333132
1.14295	3488510222.9426045
1.14296	3520221572.203793
1.14297	3407061711.9905586
1.14298	3145864408.908764
1.14299	3357840013.1272826
1.143	3429256732.975597
1.14301	3494298485.6631236
1.14302	3446672348.717892
1.14303	3537773300.5058312
1.14304	3534028113.2173204
1.14305	3457323355.453671
1.14306	3363876167.6608486
1.14307	3126439291.029961
1.14308	3086455359.5481515
1.14309	3504531758.7608423
1.1431	3345415001.2252603
1.14311	3500982984.42479
1.14312	3468166987.553593
1.14313	3505742390.205295
1.14314	3328970909.0907826
1.14315	2837069664.064095
1.14316	3071849964.234456
1.14317	3489072549.6740875
1.14318	3514875932.720552
1.14319	3504773851.5999107
1.1432	3435104868.938754
1.14321	3195361513.255714
1.14322	3193669715.167752
1.14323	3169932393.9897785
1.14324	3453822385.498228
1.14325	3506872690.2018013
1.14326	3462661195.2404947
1.14327	3422393953.9712744
1.14328	3437399425.1146502
1.14329	3513257645.188349
1.1433	3448736393.1555386
1.14331	3284959352.146481
1.14332	3469444942.884093
1.14333	3479685552.6155105
1.14334	3474241470.769125
1.14335	3560819831.294721
1.14336	3491563943.545289
1.14337	3513014966.329836
1.1433799999999998	3522410767.265725
1.14339	3465053943.1862807
1.1434	3339411973.4918265
1.14341	3003239725.7301717
1.14342	3424049228.3302326
1.14343	3509619221.907461
1.14344	3542338016.3303156
1.14345	3581459133.7133217
1.14346	3591534147.8031936
1.14347	3557623621.262561
1.1434799999999998	3589136702.5719023
1.14349	3517304761.789743
1.1435	3484255546.043736
1.14351	3521680884.3489547
1.14352	3538017689.6685524
1.14353	3460031080.8407245
1.14354	3446592987.067877
1.14355	3386023750.1545844
1.14356	3340719407.0046954
1.14357	3305217168.6997967
1.1435799999999998	3267156965.628527
1.14359	2901282376.8587675
1.1436	3429572593.738638
1.14361	3506953439.859268
1.14362	3549359586.024639
1.14363	3554184757.2996697
1.14364	3467767723.057269
1.14365	3107634970.7931433
1.14366	3261444556.0803714
1.14367	3372717763.61936
1.14368	3547643733.383003
1.14369	3516575936.8944297
1.1437	3434076772.0553327
1.14371	3551566901.762973
1.14372	3524925966.4977508
1.14373	3499935170.796814
1.14374	3432732801.936774
1.14375	3273783835.385484
1.14376	3354053610.5090904
1.1437700000000002	3004623087.2411237
1.14378	3201105591.5349693
1.14379	3417511620.770161
1.1438	3130761611.5991354
1.14381	3350580063.170886
1.14382	3485218414.4484625
1.14383	3493976663.699656
1.14384	3544296125.6566772
1.14385	3496874128.721705
1.14386	3035498342.029069
1.1438700000000002	3470883205.5156555
1.14388	3582448864.172842
1.14389	3621679376.149536
1.1439	3594843596.8227296
1.14391	3588062505.3060617
1.14392	3390626874.785897
1.14393	3362404823.421889
1.14394	3065914221.8708644
1.14395	3267683611.5548143
1.14396	3528174038.854474
1.1439700000000002	3573386563.0271893
1.14398	3479685552.6155105
1.14399	3073123403.382809
1.1440000000000001	2948628100.1099176
1.14401	3030888779.972921
1.14402	3424285761.441033
1.14403	3518681843.191197
1.14404	3539728886.5798554
1.14405	3423733876.2645197
1.14406	3427046522.018637
1.14407	3320932130.0125327
1.14408	3367983847.488582
1.14409	3479445192.7548976
1.1441	3350502914.102041
1.14411	3476001858.666605
1.14412	3425153189.317677
1.14413	3394063786.558947
1.14414	3359464065.3404465
1.14415	3480326593.4222827
1.14416	3448498171.11327
1.14417	3333803513.838573
1.14418	3246534332.868994
1.14419	3118817769.834102
1.1442	2952772584.988366
1.14421	2593104387.533041
1.14422	2177258526.525932
1.14423	2097200728.975029
1.14424	2677318259.968453
1.14425	2951209226.66639
1.14426	3080633260.285292
1.14427	3113723181.629149
1.14428	2801173441.1103964
1.14429	3256791830.750133
1.1443	3174168664.7928057
1.14431	3280197550.769904
1.14432	3469684611.928072
1.1443299999999998	3415073066.6882753
1.14434	3012659159.0158443
1.14435	3366123145.0108705
1.14436	3335799966.620474
1.14437	3354748751.980631
1.14438	3511316683.621649
1.14439	3565003823.721357
1.1444	3420030664.326336
1.14441	3566563822.624929
1.14442	3535900211.003873
1.1444299999999998	3442389433.509286
1.14444	3499371093.3587623
1.14445	3515766308.576845
1.14446	3583438868.142765
1.14447	3571494617.928082
1.14448	3408238672.659103
1.14449	3363953624.663782
1.1445	3442706503.8944354
1.14451	3515199679.666479
1.14452	3552630172.943347
1.1445299999999998	3174680321.56787
1.14454	3524033270.9371595
1.14455	3588227745.495587
1.14456	3442627233.560322
1.14457	3325753065.0152273
1.14458	2593223807.1529107
1.14459	3026843731.646347
1.1446	3305826068.2823443
1.14461	3437161986.1753426
1.14462	3540788613.684973
1.14463	3253269188.271573
1.14464	3426257506.2374644
1.14465	3539647382.2485266
1.14466	3451596341.584275
1.14467	3427677865.464504
1.14468	3086171099.594974
1.14469	3426099724.8813753
1.1447	3513743053.1992702
1.14471	3630362562.704377
1.1447200000000002	3623514470.3984585
1.14473	3633707790.489833
1.14474	3609025910.2707953
1.14475	3576267533.086079
1.14476	3554757670.368569
1.14477	3496149537.2821245
1.14478	3527442961.7233562
1.14479	3475201571.800275
1.1448	3258216960.129049
1.14481	3049509565.7662954
1.1448200000000002	3445958159.648743
1.14483	3479845801.7469983
1.14484	3437320276.979134
1.14485	3518438789.6553006
1.14486	3458119525.234577
1.14487	3263623111.913168
1.14488	3412636252.628552
1.14489	3472801816.5414953
1.1449	3148328204.177088
1.14491	2431140174.0280585
1.1449200000000002	3195361513.255714
1.14493	3419243263.8201237
1.14494	3545765417.937315
1.14495	3481609029.342441
1.14496	3300805999.5188107
1.14497	3505823113.8363442
1.14498	3502192389.9543147
1.14499	3538262095.713674
1.145	3603130567.166214
1.14501	3545602133.165228
1.14502	3560655853.257228
1.14503	3578573981.4041467
1.14504	3510265777.2077627
1.14505	3556558855.5867205
1.14506	3510104127.2169056
1.14507	3288819206.2537827
1.14508	3180899881.881832
1.14509	3466729850.466903
1.1451	3589219346.4500494
1.14511	3565742685.496332
1.14512	3551239805.426355
1.14513	3508084130.314989
1.14514	3402984727.509945
1.14515	3383529754.5896173
1.14516	3109567581.8497944
1.14517	3188379440.3300977
1.14518	3425705303.278864
1.14519	3601139953.708003
1.1452	3605371322.608264
1.14521	3627270968.9170117
1.14522	3610854593.0459094
1.14523	3505580948.519311
1.14524	3522816323.137154
1.14525	3544540965.4157596
1.14526	3555985652.2244616
1.14527	3661170884.7333007
1.14528	3631114970.3481174
1.14529	3499129373.716121
1.1453	3541440911.128293
1.14531	3608111916.207154
1.14532	3472481974.4032464
1.14533	3457323355.453671
1.14534	3492448414.091475
1.14535	3490679696.993277
1.14536	3443816480.2464323
1.14537	3462262564.5854487
1.1453799999999998	3522329661.694253
1.14539	3482250424.4993567
1.1454	3402592966.9666657
1.14541	3293517686.6058373
1.14542	3245039592.760292
1.14543	3177313002.3420444
1.14544	2534136475.298043
1.14545	3154568773.485911
1.14546	3488911875.6449537
1.14547	3594678051.969008
1.1454799999999998	3628189816.2836685
1.14549	3609524550.070489
1.1455	3628106275.087625
1.14551	3540462510.019673
1.14552	3519249033.4052463
1.14553	3576267533.086079
1.14554	3578573981.4041467
1.14555	3526143643.068592
1.14556	3427756791.5727344
1.14557	2819746069.7758627
1.1455799999999998	2329163630.2139683
1.14559	2837265648.6625657
1.1456	3186691338.931093
1.14561	3477122569.9030275
1.14562	3524682481.6479797
1.14563	3540544033.120214
1.14564	3534923340.6357703
1.14565	3300958010.7527533
1.14566	2548590148.373727
1.14567	3230427509.821411
1.14568	3518762864.767592
1.14569	3590376560.575675
1.1457	3538506518.6423383
1.14571	3469285172.7188425
1.14572	3553857419.860763
1.14573	3554266596.3702846
1.14574	3546418632.2262993
1.14575	3615014136.9918814
1.14576	3579233239.8105154
1.1457700000000002	3580139918.430693
1.14578	3431626397.9646893
1.14579	2997712645.9031773
1.1458	2866883202.190148
1.14581	3422630372.735809
1.14582	3216992141.4671164
1.14583	3269866334.906177
1.14584	3574620980.185935
1.14585	3582366376.1890025
1.14586	3482490978.1452203
1.1458700000000002	3551975814.551671
1.14588	3516009177.497913
1.14589	3334801590.826953
1.1459	3521924161.848568
1.14591	3536144470.773685
1.14592	3399225687.5003624
1.14593	3426573090.748792
1.14594	3619761862.2099338
1.14595	3626769877.528289
1.14596	3628356904.4467053
1.1459700000000002	3426888704.3278656
1.14598	3404552220.7919555
1.14599	3624766204.113335
1.146	3612767388.4947977
1.14601	3596913550.8656526
1.14602	3636804870.505758
1.14603	3570096867.5678844
1.14604	3615347107.4320154
1.14605	3561721845.495801
1.14606	3442072392.326039
1.14607	3506307494.6578465
1.14608	3523465309.657272
1.14609	3605869457.4731336
1.1461	3580469676.68867
1.14611	3432258585.1325765
1.14612	3499048804.212375
1.14613	3476882387.080874
1.14614	3600642472.203093
1.14615	3579150825.868325
1.14616	3548950974.4230437
1.14617	3564429259.300747
1.14618	3486904074.473111
1.14619	3543480115.2645288
1.1462	3540951676.7812047
1.14621	3569521482.311749
1.14622	3579645337.987455
1.14623	3450324960.710367
1.14624	3524925966.4977508
1.14625	3421999958.986846
1.14626	3283220116.091987
1.14627	3131410474.881138
1.14628	3530449470.153301
1.14629	3615513604.1528354
1.1463	3605952486.641637
1.14631	3517952732.9492264
1.14632	3446434269.249837
1.1463299999999998	3164171394.458844
1.14634	3380570520.650773
1.14635	3466490385.523565
1.14636	3354671506.925283
1.14637	3257016809.7301483
1.14638	3024196455.178297
1.14639	3003516347.069788
1.1464	3433444249.995869
1.14641	3600559565.300769
1.14642	3587319018.614713
1.1464299999999998	3558279020.114522
1.14644	3555494408.5859327
1.14645	3420109414.349225
1.14646	3056257906.6167965
1.14647	2583806580.672221
1.14648	3215288890.9487176
1.14649	3164754310.0564623
1.1465	3486422374.148005
1.14651	3504451064.8640146
1.14652	3383062334.968091
1.1465299999999998	3175850132.4951377
1.14654	2919375775.5173664
1.14655	2479819096.0588684
1.14656	3301034018.994905
1.14657	3521113302.1984468
1.14658	3575279510.355515
1.14659	3477282701.002082
1.1466	3296476620.8247666
1.14661	3474241470.769125
1.14662	3405571478.589605
1.14663	3380337007.1775303
1.14664	3565414283.58192
1.14665	3644852852.761164
1.14666	3266329550.6567826
1.14667	3181632395.477371
1.14668	3636135007.989789
1.14669	3676292007.0712576
1.1467	3529230306.659269
1.14671	3563444507.154243
1.1467200000000002	3612268300.7113523
1.14673	3616845853.983799
1.14674	3481368536.6173525
1.14675	3511154985.235877
1.14676	3478964522.841191
1.14677	3633289468.501311
1.14678	3611020882.8740172
1.14679	3604375259.3143673
1.1468	3634795653.080754
1.14681	3664713263.500088
1.1468200000000002	3687992252.1240335
1.14683	3649471697.961673
1.14684	3602383958.203879
1.14685	3631365807.547668
1.14686	3513904870.772736
1.14687	3549196135.738793
1.14688	3553611936.5660205
1.14689	3400243350.6358533
1.1469	2677379908.209345
1.14691	3158202696.455068
1.1469200000000002	3535248934.101237
1.14693	3572646117.3552623
1.14694	3589219346.4500494
1.14695	3651236800.6958055
1.14696	3601969242.2972345
1.14697	3570507913.820544
1.14698	3583768930.2592344
1.14699	3554430280.1648345
1.147	3654180535.9215174
1.14701	3655695380.918432
1.1470200000000002	3613932194.8359604
1.14703	3653928122.790794
1.14704	3602135122.930397
1.14705	3426178614.651157
1.14706	3550340445.825875
1.14707	3637474856.426328
1.14708	3637726132.9664187
1.14709	3580552120.998873
1.1471	3657716151.151725
1.14711	3645440380.9782095
1.14712	3532970409.4709287
1.14713	3394532726.1921763
1.14714	3002271751.654301
1.14715	3387817444.8748307
1.14716	3521194379.761884
1.14717	3595505852.4790616
1.14718	3568535323.326415
1.14719	3613016958.2445188
1.1472	3630195382.1794906
1.14721	3456766145.675277
1.14722	3275291815.7555504
1.14723	3595257492.3118954
1.14724	3370932063.4912033
1.14725	3417118187.8527603
1.14726	3577750079.1526647
1.14727	3601969242.2972345
1.14728	3459712414.8765364
1.14729	3346031306.204243
1.1473	3600310856.0475454
1.14731	3396956613.316684
1.14732	3430915326.584858
1.14733	3422315151.3455076
1.14734	3358149295.864419
1.14735	3417511620.770161
1.14736	3381582598.7862267
1.14737	3574620980.185935
1.1473799999999998	3546010359.195031
1.14739	3259567657.9427853
1.1474	3502111749.9228244
1.14741	3612850576.495861
1.14742	3667330074.711192
1.14743	3599564831.3608975
1.14744	3659906579.4583454
1.14745	3519086969.729677
1.14746	3567549436.789222
1.14747	3636637393.308479
1.1474799999999998	3542338016.3303156
1.14749	3658726955.115114
1.1475	3620095269.9518437
1.14751	3573962571.31094
1.14752	3451119518.865793
1.14753	3379636563.533252
1.14754	3555576277.812714
1.14755	3472801816.5414953
1.14756	3192493340.472795
1.14757	3340719407.0046954
1.1475799999999998	3450722216.9188576
1.14759	3466490385.523565
1.1476	3321008598.181073
1.14761	3097704595.2149487
1.14762	3399460505.8024697
1.14763	3337105985.974542
1.14764	3108636915.433013
1.14765	3441755380.342019
1.14766	3431231340.11705
1.14767	3520626876.0203314
1.14768	3518762864.767592
1.14769	3485780210.5603423
1.1477	3128815828.352091
1.14771	3382828649.372359
1.14772	3535248934.101237
1.14773	3580717015.3144407
1.14774	3503644228.0799913
1.14775	3534760555.148299
1.14776	3117022950.6480107
1.1477700000000002	3488429897.951025
1.14778	3603047602.974061
1.14779	3591699547.8714437
1.1478	3535330337.1533732
1.14781	3286169798.854977
1.14782	3378313899.290585
1.14783	3573386563.0271893
1.14784	3668005684.1001
1.14785	3495908040.1690073
1.14786	3518600823.4803867
1.1478700000000002	3696749305.8702545
1.14788	3683324654.531004
1.14789	3568699664.235255
1.1479	3602383958.203879
1.14791	3453186226.49735
1.14792	3576432230.0845366
1.14793	3618845149.241901
1.14794	3612933766.412419
1.14795	3367130897.8784714
1.14796	3340257901.442721
1.1479700000000002	3564593411.113997
1.14798	3541930213.0702724
1.14799	3299818097.113975
1.148	3164244253.036499
1.14801	3450881132.2087193
1.14802	3419007079.020689
1.14803	3449212886.6102915
1.14804	3437003702.660957
1.14805	3452311699.18993
1.14806	3558934539.706533
1.14807	3492287584.6016192
1.14808	3237352572.686387
1.14809	2768662382.263596
1.1481	3108422185.818961
1.14811	3358535939.346414
1.14812	3499693412.19043
1.14813	3491805140.5684643
1.14814	3414915800.382789
1.14815	2879254140.2015824
1.14816	2443824418.908637
1.14817	2877530926.8807817
1.14818	3078860415.5444565
1.14819	3342258219.4434443
1.1482	3448418767.422625
1.14821	3272653305.75372
1.14822	3452152718.0215425
1.14823	3517466743.389713
1.14824	3321849864.2544603
1.14825	3460509134.822042
1.14826	3553448290.456704
1.14827	3476081897.4887238
1.14828	3366045638.05346
1.14829	3516656909.9799666
1.1483	3544704201.318153
1.14831	3233180866.189181
1.14832	3496874128.721705
1.14833	3527524185.034282
1.14834	3384308930.8096123
1.14835	3293669362.192851
1.14836	2735457678.5026503
1.14837	3328511026.531664
1.14838	3448180567.3204064
1.14839	3575526490.4449267
1.1484	3541359367.3766103
1.14841	3605288306.821404
1.14842	3616762573.989132
1.1484299999999998	3635967561.6401095
1.14844	3626602862.448875
1.14845	3616096403.0606
1.14846	3538913927.712317
1.14847	3624015112.004983
1.14848	3587979888.064861
1.14849	3523140801.4537463
1.1485	3518033737.737029
1.14851	3581789013.481115
1.14852	3356062190.089006
1.1485299999999998	3603628392.437894
1.14854	3376214261.1181393
1.14855	3563608613.616951
1.14856	3653759857.0567493
1.14857	3610106383.5790024
1.14858	3606450701.802831
1.14859	3401104688.174597
1.1486	3372329487.4884915
1.14861	3451040054.817081
1.14862	3659990852.891888
1.1486299999999998	3628106275.087625
1.14864	3649051561.190703
1.14865	3642755310.579015
1.14866	3652834534.0188017
1.14867	3606782883.485113
1.14868	3523789847.7504845
1.14869	3580387234.276781
1.1487	3542093328.7403092
1.14871	3549849982.04756
1.14872	3467847572.2792115
1.14873	3362559671.451823
1.14874	3387271437.222779
1.14875	3351583162.73716
1.14876	3335646350.8921127
1.14877	3308338964.9997954
1.14878	3377302799.4483385
1.14879	3414129577.481941
1.1488	3469604720.4072013
1.14881	3481528863.254888
1.1488200000000002	3425232057.292422
1.14883	3136461782.015793
1.14884	3445085462.8657928
1.14885	3493413546.5820827
1.14886	3277479621.179385
1.14887	3489715319.788891
1.14888	3609275221.5594454
1.14889	3621679376.149536
1.1489	3550830977.368961
1.14891	3523546441.3783045
1.1489200000000002	3630613347.927654
1.14893	3568617492.834813
1.14894	3672484741.058689
1.14895	3649303637.448865
1.14896	3673076723.3688827
1.14897	3682391844.1404815
1.14898	3665726001.1041827
1.14899	3606616788.819597
1.149	3580552120.998873
1.14901	3636302462.05085
1.1490200000000002	3648295436.88468
1.14903	3660749401.12121
1.14904	3691645584.3014703
1.14905	3676038066.586958
1.14906	3596499464.7266736
1.14907	3472082213.1542983
1.14908	3579975050.690793
1.14909	3640994308.0175815
1.1491	3511316683.621649
1.14911	3403690010.1576943
1.14912	3670033259.1384
1.14913	3553366470.2280774
1.14914	3519978412.3108587
1.14915	3618928477.1901884
1.14916	3674768627.2559757
1.14917	3677307944.442493
1.14918	3565168001.994886
1.14919	3663110334.474481
1.1492	3655527033.801032
1.14921	3606948985.799763
1.14922	3494620337.268855
1.14923	3541930213.0702724
1.14924	3417590312.789275
1.14925	3165555994.349937
1.14926	3561803858.116267
1.14927	3425310927.0832033
1.14928	3401966243.9043
1.14929	3472322064.380746
1.1493	3285488867.7097273
1.14931	3436370641.4906073
1.14932	3391641963.601378
1.14933	2773767147.065413
1.14934	2551232272.531082
1.14935	3303391142.7882533
1.14936	3532563684.634401
1.14937	3581789013.481115
1.1493799999999998	3582778835.1023765
1.14939	3571988072.2299404
1.1494	3462422011.340197
1.14941	3461545145.049162
1.14942	3559426258.649572
1.14943	3594926372.108485
1.14944	3636051283.85105
1.14945	3539565879.793896
1.14946	3595091928.398021
1.14947	3642252080.0972147
1.1494799999999998	3538587996.7040095
1.14949	3582531354.056047
1.1495	3414994432.630241
1.14951	3540625558.0979156
1.14952	3628774658.5201135
1.14953	3533214466.8502455
1.14954	3672569304.1184564
1.14955	3603877330.866343
1.14956	3543153763.7141867
1.14957	3425626424.40734
1.1495799999999998	3537854761.684323
1.14959	3568288826.153039
1.1496	3493654871.375721
1.14961	3508649612.2418556
1.14962	3683748737.3648133
1.14963	3678239466.9976287
1.14964	3590459233.002935
1.14965	3547153642.143546
1.14966	3387973463.22618
1.14967	3476322025.013107
1.14968	3341488724.642905
1.14969	3402514620.270239
1.1497	3589136702.5719023
1.14971	3605620381.438207
1.14972	3561065812.510376
1.14973	3519978412.3108587
1.14974	3631951161.7346787
1.14975	3677223272.272757
1.14976	3635214148.4851656
1.1497700000000002	3507195699.9879045
1.14978	3480967752.3240128
1.14979	3513014966.329836
1.1498	3271146540.18266
1.14981	2892943820.82266
1.14982	3459314123.692834
1.14983	3648715486.598611
1.14984	3633122153.190551
1.14985	3666485737.9666734
1.14986	3642755310.579015
1.1498700000000002	3490277840.7746897
1.14988	3318486078.0604672
1.14989	3023848301.736207
1.1499	3496713095.424837
1.14991	3603379471.204924
1.14992	3642000490.9265547
1.14993	3612351477.220376
1.14994	3647623457.9231157
1.14995	3651825357.9666147
1.14996	3650984590.9040704
1.1499700000000002	3555085090.7274437
1.14998	3615347107.4320154
1.14999	3566974462.097342
1.15	3601388720.2352424
1.15001	3567795882.885626
1.15002	3580387234.276781
1.15003	3578244397.7381163
1.15004	3414601289.498153
1.15005	3391017257.6025963
1.15006	3517952732.9492264
1.15007	3587401620.638658
1.15008	3628356904.4467053
1.15009	3678408860.0853157
1.1501	3588227745.495587
1.15011	3549523043.8378096
1.15012	3615513604.1528354
1.15013	3676461310.4730353
1.15014	3663279030.8238244
1.15015	3601886304.8452663
1.15016	3539728886.5798554
1.15017	3579645337.987455
1.15018	3521113302.1984468
1.15019	3377147272.4878874
1.1502	3476001858.666605
1.15021	3657295065.257641
1.15022	3699388992.6159115
1.15023	3651068658.8988686
1.15024	3548378997.207529
1.15025	3546418632.2262993
1.15026	3713812725.37796
1.15027	3678578260.9740376
1.15028	3714582428.412776
1.15029	3689351208.995029
1.1503	3676122711.46601
1.15031	3611436640.949285
1.15032	3530855951.5678797
1.15033	3552221184.8231907
1.15034	3485699948.428898
1.15035	3604043299.372253
1.15036	3625350494.484221
1.15037	3636218734.0563846
1.15038	3574785601.356099
1.15039	3481208217.362947
1.1504	3615347107.4320154
1.15041	3517952732.9492264
1.15042	3426888704.3278656
1.1504299999999998	3604292266.4624476
1.15044	3464974158.289285
1.15045	3506065295.8821282
1.15046	3577420571.3673406
1.15047	3603794349.479517
1.15048	3635046744.541658
1.15049	3524682481.6479797
1.1505	3520140517.039819
1.15051	3627438014.764575
1.15052	3601803369.302982
1.1505299999999998	3529880474.7876406
1.15054	3565332187.8292775
1.15055	3589384639.9153037
1.15056	3589880565.985763
1.15057	3560081989.590196
1.15058	3569028368.758357
1.15059	3524520167.7586346
1.1506	3541522456.7576118
1.15061	3495908040.1690073
1.15062	3585419696.916237
1.1506299999999998	3565414283.58192
1.15064	3372251837.626409
1.15065	3097490620.752743
1.15066	3445482115.820077
1.15067	3516899840.4237385
1.15068	3468965654.460544
1.15069	3455174612.528059
1.1507	3594264223.186536
1.15071	3686464023.967799
1.15072	3598653233.3371077
1.15073	3612517835.9841337
1.15074	3587071223.9544635
1.15075	3587236418.492728
1.15076	3543888096.9739428
1.15077	3488028300.7352014
1.15078	3580717015.3144407
1.15079	3658811201.38649
1.1508	3629526737.06415
1.15081	3456129444.4636626
1.1508200000000002	3591368755.3517365
1.15083	3346493609.446662
1.15084	3298298824.574257
1.15085	3428546152.616861
1.15086	3555658148.9246273
1.15087	3645944051.970482
1.15088	3649555731.1204243
1.15089	3632871194.6711173
1.1509	3433286137.68562
1.15091	3329430855.189429
1.1509200000000002	3097490620.752743
1.15093	2614086775.277805
1.15094	3203833956.2599354
1.15095	3337797614.9808607
1.15096	3116951179.368494
1.15097	3415073066.6882753
1.15098	3521761974.981619
1.15099	3522005258.082953
1.151	3466011505.259005
1.15101	3336260856.25346
1.1510200000000002	3574291760.5880203
1.15103	3591203370.5166936
1.15104	3497276744.409725
1.15105	3589301992.2311635
1.15106	3631700284.101676
1.15107	3612684202.4091725
1.15108	3557050246.294197
1.15109	3681628811.3548474
1.1511	3688501802.2806797
1.15111	3655695380.918432
1.15112	3660243684.83565
1.15113	3607862685.2740154
1.15114	3635883841.356921
1.15115	3341257910.751262
1.15116	3315736423.087668
1.15117	3438111840.350697
1.15118	3159002721.1171
1.15119	3509942484.67012
1.1512	3619428485.174583
1.15121	3594512514.7387466
1.15122	3605952486.641637
1.15123	3653591599.071464
1.15124	3666654589.7626867
1.15125	3651741272.5483775
1.15126	3563280408.248757
1.15127	3635130445.549757
1.15128	3568453155.710003
1.15129	3392266784.685857
1.1513	3280273080.9792953
1.15131	3590624583.568391
1.15132	3645356442.5778065
1.15133	3643929785.4424047
1.15134	3596499464.7266736
1.15135	3677900704.2238617
1.15136	3627020414.5691094
1.15137	3697600611.861153
1.1513799999999998	3667076753.2738814
1.15139	3546990293.4428453
1.1514	3521599795.583464
1.15141	3426020836.928063
1.15142	3594015948.785121
1.15143	3522816323.137154
1.15144	3605952486.641637
1.15145	3668174605.8938313
1.15146	3690285782.3070607
1.15147	3666823449.334776
1.1514799999999998	3617928668.433539
1.15149	3540380988.7962327
1.1515	3524520167.7586346
1.15151	3578903595.4273524
1.15152	3613516149.4659705
1.15153	3616596019.75245
1.15154	3626602862.448875
1.15155	3560901823.1453037
1.15156	3479845801.7469983
1.15157	3514875932.720552
1.1515799999999998	3454140508.9456787
1.15159	3492287584.6016192
1.1516	3603047602.974061
1.15161	3623514470.3984585
1.15162	3508245687.279409
1.15163	3254767719.121848
1.15164	3186177746.3647733
1.15165	3380181340.489881
1.15166	3292683595.721233
1.15167	3214178561.2664056
1.15168	3304380114.8946023
1.15169	3410829417.482308
1.1517	3510104127.2169056
1.15171	3413186348.935311
1.15172	3420975784.2885084
1.15173	3657126644.4737506
1.15174	3652077625.838488
1.15175	3653507472.984474
1.15176	3645020708.303043
1.1517700000000002	3656537232.805354
1.15178	3608693522.007624
1.15179	3543806496.8743577
1.1518	3555494408.5859327
1.15181	3534109488.158695
1.15182	3613432946.139686
1.15183	3533539902.915356
1.15184	3539158395.669495
1.15185	3653928122.790794
1.15186	3516980820.967516
1.1518700000000002	3622930475.935858
1.15188	3673330459.283775
1.15189	3658642710.783543
1.1519	3615596855.3885775
1.15191	3482009887.469776
1.15192	3642419815.8663297
1.15193	3652077625.838488
1.15194	3598073245.7095547
1.15195	3586740857.699511
1.15196	3539565879.793896
1.1519700000000002	3554757670.368569
1.15198	3193154997.9107165
1.15199	3433997700.425849
1.1520000000000001	3347726730.389807
1.15201	2666490249.830891
1.15202	2958898038.890153
1.15203	3057172891.760488
1.15204	3267382660.6314373
1.15205	3268887692.472719
1.15206	3523708710.4248757
1.15207	3471522624.7208204
1.15208	3540299469.4498835
1.15209	3591368755.3517365
1.1521	3636469923.823617
1.15211	3647875435.5279775
1.15212	3362172564.7472157
1.15213	3433128032.656544
1.15214	3576020501.8090224
1.15215	3665050811.609742
1.15216	3646111957.765114
1.15217	3650312116.627636
1.15218	3624182007.9113564
1.15219	3618428538.279692
1.1522	3690965620.6830697
1.15221	3632954845.584753
1.15222	3595837026.0570436
1.15223	3621762769.359074
1.15224	3572646117.3552623
1.15225	3455651995.517134
1.15226	3498968236.5637736
1.15227	3620595439.1457524
1.15228	3601471646.2297845
1.15229	3600310856.0475454
1.1523	3553857419.860763
1.15231	3648463450.967082
1.15232	3602218066.111693
1.15233	3610854593.0459094
1.15234	3553284651.88341
1.15235	3610937737.002722
1.15236	3646615721.545558
1.15237	3595009149.3002343
1.15238	3526549628.7279687
1.15239	3592692108.252899
1.1524	3628858215.106433
1.15241	3486663215.9918947
1.15242	3502918233.800085
1.1524299999999998	3460429454.571921
1.15244	3536144470.773685
1.15245	3625600933.474147
1.15246	3610106383.5790024
1.15247	3471043049.2747307
1.15248	3199779119.199433
1.15249	3269038233.780456
1.1525	3130473271.077245
1.15251	3353899154.1887183
1.15252	3607945760.3388133
1.1525299999999998	3631282193.222564
1.15254	3603213533.268711
1.15255	3575032547.326308
1.15256	3606865933.6862845
1.15257	3582201405.919309
1.15258	3626435855.0606117
1.15259	3571494617.928082
1.1526	3588971420.524337
1.15261	3375048359.379568
1.15262	2904357011.674929
1.1526299999999998	3492287584.6016192
1.15264	3615263861.9468665
1.15265	3551403349.828821
1.15266	3416488789.392262
1.15267	3551730461.229129
1.15268	3643845881.8243494
1.15269	3612850576.495861
1.1527	3545275586.1788006
1.15271	3351274484.7353864
1.15272	2800593006.636207
1.15273	3337105985.974542
1.15274	3553530112.569347
1.15275	3451516866.55644
1.15276	3628106275.087625
1.15277	3639736970.282021
1.15278	3658474227.9397116
1.15279	3614681197.218061
1.1528	3672738436.0794787
1.15281	3510831610.802919
1.1528200000000002	3612268300.7113523
1.15283	3481769367.055345
1.15284	3633289468.501311
1.15285	3572070321.2417345
1.15286	3613349744.729221
1.15287	3368449183.796186
1.15288	3209741075.493957
1.15289	3302402466.672617
1.1529	3603213533.268711
1.15291	3653170988.0066533
1.1529200000000002	3618761823.212289
1.15293	3570590128.750039
1.15294	3377225035.0728345
1.15295	3615014136.9918814
1.15296	3228345447.487257
1.15297	3460349776.156485
1.15298	3639904590.2233796
1.15299	3631783908.053789
1.153	3568617492.834813
1.15301	3468646165.629609
1.1530200000000002	3608859712.312456
1.15303	3672231063.5619392
1.15304	3670371297.260325
1.15305	3542582720.82334
1.15306	3351969050.221625
1.15307	3567713732.295278
1.15308	3503966940.5000505
1.15309	3501144214.3618274
1.1531	3382906542.777335
1.15311	3513500340.8111176
1.15312	3586245365.3658037
1.15313	3618011975.278832
1.15314	3613016958.2445188
1.15315	3617845363.5064335
1.15316	3528499010.657645
1.15317	3470403718.402507
1.15318	3458915878.361459
1.15319	3595671435.4552846
1.1532	3649639766.214147
1.15321	3692155639.219461
1.15322	3675784143.643654
1.15323	3599150439.9995437
1.15324	3498887670.770305
1.15325	3324451488.7728143
1.15326	3551076268.5551977
1.15327	3558360953.460092
1.15328	3588062505.3060617
1.15329	3568370989.985564
1.1533	3472242112.130987
1.15331	3390783022.519268
1.15332	3362791956.867803
1.15333	3089086005.644439
1.15334	3419794425.137093
1.15335	3500015760.7101398
1.15336	3424837735.578082
1.15337	3590045889.901989
1.1533799999999998	3579480493.0233164
1.15339	3616596019.75245
1.1534	3650480223.583711
1.15341	3624515822.782493
1.15342	3563280408.248757
1.15343	3482250424.4993567
1.15344	3617428867.642186
1.15345	3691730588.5610213
1.15346	3596085426.2583814
1.15347	3455095055.108439
1.1534799999999998	3428625098.718373
1.15349	3678662964.343885
1.1535	3668512472.819568
1.15351	3595588643.014007
1.15352	3637642372.1910963
1.15353	3591782250.761965
1.15354	3369535218.5577
1.15355	3238247209.852349
1.15356	3580881917.2238603
1.15357	3616429473.1857133
1.1535799999999998	3518195752.908355
1.15359	3472402018.47148
1.1536	3617678759.4066014
1.15361	3623264175.531333
1.15362	3575691153.316324
1.15363	3606782883.485113
1.15364	3523708710.4248757
1.15365	3634628268.4092274
1.15366	3641916631.731636
1.15367	3589219346.4500494
1.1536799999999998	3568617492.834813
1.15369	3297311672.5449853
1.1537	3473681534.332473
1.15371	3594926372.108485
1.15372	3650564279.964889
1.15373	3629861044.22569
1.15374	3611436640.949285
1.15375	3465692288.502737
1.15376	3208780428.0254784
1.15377	3407140163.3888464
1.15378	3529961754.225012
1.15379	3527442961.7233562
1.1538	3466171124.662826
1.15381	3474321469.056334
1.15382	3532645025.855673
1.15383	3552302978.680343
1.15384	3531506419.178693
1.15385	3530368179.4859858
1.15386	3287002239.687752
1.1538700000000002	2640644878.70805
1.15388	3165337333.041005
1.15389	3510750771.8483076
1.1539	3446989813.592291
1.15391	3586410521.871015
1.15392	3467608030.1290536
1.15393	3466171124.662826
1.15394	3579892619.667972
1.15395	3418377332.6456237
1.15396	3564757570.486906
1.1539700000000002	3540462510.019673
1.15398	3429967460.6050487
1.15399	3405336238.1710176
1.1540000000000001	3501627948.724824
1.15401	3243097459.4228096
1.15402	3411929116.2192802
1.15403	2909443983.548732
1.15404	3063726548.9467807
1.15405	2977282193.465521
1.15406	2493561018.182328
1.1540700000000002	3095921926.2516923
1.15408	3306206687.483368
1.15409	2878326127.9148226
1.1541	2864177969.906585
1.15411	3493735316.6781588
1.15412	3575361835.1563454
1.15413	3565085911.9130354
1.15414	3575855823.7709165
1.15415	3529717921.5273633
1.15416	3542909019.7762794
1.15417	3654769567.7046404
1.15418	3668428003.1707344
1.15419	3667836770.0853405
1.1542	3626519357.7933717
1.15421	3541277825.50252
1.15422	3626686369.0271654
1.15423	3645272506.1101346
1.15424	3645020708.303043
1.15425	3558360953.460092
1.15426	3564839653.008329
1.15427	3496230040.0270143
1.15428	3523789847.7504845
1.15429	3413893745.911259
1.1543	3619928562.2423906
1.15431	3628774658.5201135
1.15432	3579975050.690793
1.15433	3538587996.7040095
1.15434	3171392537.989804
1.15435	3279140310.428521
1.15436	3508488036.676432
1.15437	3534272243.662732
1.15438	3560491882.771044
1.15439	3596085426.2583814
1.1544	3638647628.7980213
1.15441	3638898986.353156
1.15442	3628691103.857719
1.1544299999999998	3574209460.4262686
1.15444	3344182731.797748
1.15445	3062315975.5521173
1.15446	3448974631.654157
1.15447	3611436640.949285
1.15448	3625851389.7643685
1.15449	3659653770.800193
1.1545	3532157006.6211047
1.15451	3587071223.9544635
1.15452	3626435855.0606117
1.1545299999999998	3549849982.04756
1.15454	3524520167.7586346
1.15455	3426099724.8813753
1.15456	3466091314.042072
1.15457	3350271477.5537553
1.15458	3304760567.614507
1.15459	3529717921.5273633
1.1546	3290182590.265979
1.15461	3271523166.5256195
1.15462	2805885856.8724594
1.1546299999999998	2940153468.05117
1.15464	3426730893.904686
1.15465	3319938204.032632
1.15466	2606933782.5097933
1.15467	3034589843.8888087
1.15468	3397504182.160482
1.15469	3534353624.225497
1.1547	3503402213.2698555
1.15471	3619595169.8541064
1.15472	3636972355.4158244
1.15473	3586080216.4661717
1.15474	3585584815.3971343
1.15475	3651993534.611633
1.15476	3641497364.7197423
1.15477	3482891937.816509
1.15478	3357608069.7676573
1.15479	3540380988.7962327
1.1548	3590293890.0519953
1.15481	3538425042.456761
1.1548200000000002	3574620980.185935
1.15483	3545438855.912511
1.15484	3606865933.6862845
1.15485	3617512162.979009
1.15486	3591947662.256027
1.15487	3469205290.3952928
1.15488	3587814659.2893443
1.15489	3663194681.6780586
1.1549	3596582278.140637
1.15491	3312226290.343428
1.1549200000000002	3490920832.9327693
1.15493	3379636563.533252
1.15494	3635046744.541658
1.15495	3478003382.2118764
1.15496	3331961694.8930845
1.15497	3429493625.820499
1.15498	3420188166.185436
1.15499	3558934539.706533
1.155	3584016496.797253
1.15501	3644097598.474499
1.1550200000000002	3683663916.8920617
1.15503	3690710666.6164594
1.15504	3645608263.577386
1.15505	3679086510.449883
1.15506	3677561972.649862
1.15507	3663532089.914716
1.15508	3612601018.2389717
1.15509	3440725293.018623
1.1551	3302630596.4325786
1.15511	3485699948.428898
1.15512	3619178472.547553
1.15513	3647035577.8639812
1.15514	3606118550.714217
1.15515	3514552215.591461
1.15516	3152172675.141777
1.15517	3455413295.778491
1.15518	3602135122.930397
1.15519	3648463450.967082
1.1552	3677646652.618537
1.15521	3614015409.657988
1.15522	3484977672.4044805
1.15523	3634377205.854633
1.15524	3665219597.323418
1.15525	3644349332.5132046
1.15526	3542745866.543161
1.15527	3459075170.992061
1.15528	3069658055.8811088
1.15529	3390548803.615753
1.1553	3576349880.637236
1.15531	3618595176.908914
1.15532	3556804542.4544344
1.15533	3649135584.675336
1.15534	3620345345.9111814
1.15535	3533295823.056504
1.15536	3398364825.822821
1.15537	3072557365.267452
1.15538	2707571911.1649785
1.15539	2850099355.920149
1.1554	3368681876.0593038
1.15541	3446910444.632461
1.15542	3613682561.866104
1.15543	3664882033.6687407
1.15544	3651489027.9101634
1.15545	3593933194.4623804
1.15546	3597659026.0634604
1.15547	3588475620.0482726
1.1554799999999998	3436528895.8507905
1.15549	3484496238.203273
1.1555	3597493351.5574155
1.15551	3597079198.6702585
1.15552	3627270968.9170117
1.15553	3617262282.7222548
1.15554	3591947662.256027
1.15555	3523059679.072809
1.15556	3339335081.574789
1.15557	2692154624.075285
1.1555799999999998	2525864214.335238
1.15559	3206490813.393861
1.1556	3502918233.800085
1.15561	3599481949.2719007
1.15562	3599730601.2642946
1.15563	3639401753.555948
1.15564	3605122280.9820867
1.15565	3545357220.105792
1.15566	3662351297.033356
1.15567	3637977426.864693
1.1556799999999998	3572563855.085425
1.15569	3654601263.221518
1.1557	3631365807.547668
1.15571	3592526662.47662
1.15572	3511074138.8353662
1.15573	3239738821.2327642
1.15574	3441676131.908081
1.15575	3569685868.635949
1.15576	3531181170.3957157
1.15577	2909778964.948711
1.15578	3016615790.2545137
1.15579	3498082114.8576407
1.1558	3513904870.772736
1.15581	3537936224.738548
1.15582	3397425952.6363072
1.15583	3301718171.936999
1.15584	3069728738.1836643
1.15585	2836873693.0032816
1.15586	3193302051.5186753
1.1558700000000002	3528336521.0146904
1.15588	3550667459.3245983
1.15589	3579233239.8105154
1.1559	3559016488.1461725
1.15591	3234670143.894811
1.15592	3419873169.720312
1.15593	3562542056.685161
1.15594	3604292266.4624476
1.15595	3540217951.980564
1.15596	3511074138.8353662
1.1559700000000002	3092003664.839157
1.15598	3428388265.867139
1.15599	3528174038.854474
1.156	3609857014.877697
1.15601	3658811201.38649
1.15602	3668765893.4363117
1.15603	3546908621.9133687
1.15604	3586740857.699511
1.15605	3603960314.163906
1.15606	3562131927.482905
1.1560700000000002	3567303007.7161226
1.15608	3604790252.239903
1.15609	3612601018.2389717
1.1561	3623013897.9533505
1.15611	3391720059.9427505
1.15612	3465452895.2291656
1.15613	3411929116.2192802
1.15614	3529311571.125792
1.15615	3602881680.3205924
1.15616	3641161985.8628173
1.15617	3654432966.4889393
1.15618	3577420571.3673406
1.15619	3656958231.4457297
1.1562	3667667863.849165
1.15621	3692920853.7336726
1.15622	3661845359.4529843
1.15623	3555740021.9217124
1.15624	3533458541.0890164
1.15625	3356062190.089006
1.15626	3149633347.4730635
1.15627	3499854582.7391176
1.15628	3641078145.974968
1.15629	3611353485.504917
1.1563	3638898986.353156
1.15631	3640491320.810457
1.15632	3626686369.0271654
1.15633	3611020882.8740172
1.15634	3633373129.046169
1.15635	3588640879.2628727
1.15636	3473361611.172952
1.15637	3533133112.5172467
1.15638	3546255317.3732758
1.15639	3629025334.0510654
1.1564	3658726955.115114
1.15641	3635465268.855706
1.15642	3592443942.4455705
1.1564299999999998	3490760073.7890053
1.15644	3462023408.2206297
1.15645	3519573183.1471796
1.15646	3590707261.706658
1.15647	3296400717.519364
1.15648	3432890888.764384
1.15649	3536633040.9348545
1.1565	3577420571.3673406
1.15651	3479204849.497169
1.15652	3519168000.6345477
1.1565299999999998	3478163553.874756
1.15654	3626435855.0606117
1.15655	3475121553.2481856
1.15656	3547480362.1132865
1.15657	3623514470.3984585
1.15658	3657042436.9902687
1.15659	3640156034.609348
1.1566	3592195793.78035
1.15661	3543316935.7320967
1.15662	3615846620.5977135
1.1566299999999998	3560163964.45115
1.15664	3541033211.1453576
1.15665	3617595460.233799
1.15666	3580881917.2238603
1.15667	3555003232.810532
1.15668	3543561707.848813
1.15669	3532889060.757509
1.1567	3340027172.5703826
1.15671	2768471136.447196
1.15672	3005591819.4202185
1.15673	2761213575.949457
1.15674	3286169798.854977
1.15675	3479044629.881957
1.15676	3505096668.0669327
1.15677	3556067532.762676
1.15678	3493252672.6472416
1.15679	3216843996.915305
1.1568	2682254607.6084914
1.15681	2984764014.241347
1.1568200000000002	3414365425.343869
1.15683	3507195699.9879045
1.15684	3523870986.944369
1.15685	3575608820.9327493
1.15686	3542338016.3303156
1.15687	3472721853.245177
1.15688	3573139730.753635
1.15689	3639569358.059651
1.1569	3636051283.85105
1.15691	3488028300.7352014
1.1569200000000002	3529149044.063907
1.15693	3589963226.992195
1.15694	3596747910.6892343
1.15695	3647707448.5240774
1.15696	3632452968.993704
1.15697	3645440380.9782095
1.15698	3551812243.786823
1.15699	3441676131.908081
1.157	3479445192.7548976
1.15701	3541767104.9118314
1.1570200000000002	3605454340.3066564
1.15703	3559262344.787008
1.15704	3506630452.3851194
1.15705	3423891548.6667585
1.15706	3257616829.6606307
1.15707	3081555542.943512
1.15708	3051616820.082477
1.15709	3080278609.689908
1.1571	3409965617.1336308
1.15711	3504128307.856508
1.15712	3583768930.2592344
1.15713	3556886441.8485107
1.15714	3254018367.434341
1.15715	3386101717.1303225
1.15716	3301946254.425923
1.15717	2882703663.3071213
1.15718	3257091806.1771073
1.15719	3415151702.5569463
1.1572	3439695513.991365
1.15721	3258742164.980565
1.15722	3603877330.866343
1.15723	3599647715.3583484
1.15724	3496310544.6255693
1.15725	3526062451.5454674
1.15726	3541033211.1453576
1.15727	3471762437.2909193
1.15728	3484335774.9162173
1.15729	3634711959.781447
1.1573	3645944051.970482
1.15731	3654348821.028987
1.15732	3619511826.5548296
1.15733	3593271228.4736805
1.15734	3625183544.7682905
1.15735	3637223597.243191
1.15736	3652245814.1011243
1.15737	3667836770.0853405
1.15738	3691390583.266259
1.15739	3624849668.4005327
1.1574	3596168230.138645
1.15741	3639234156.770525
1.15742	3621846164.488821
1.15743	3529880474.7876406
1.15744	3397738881.5411205
1.15745	3592443942.4455705
1.15746	3586493102.9758077
1.15747	3548950974.4230437
1.1574799999999998	3605620381.438207
1.15749	3615347107.4320154
1.1575	3630947755.1743774
1.15751	3620595439.1457524
1.15752	3535981629.052388
1.15753	3635214148.4851656
1.15754	3669103814.8241673
1.15755	3648715486.598611
1.15756	3465772089.9354825
1.15757	3463937121.7884536
1.1575799999999998	3578079617.2881603
1.15759	3533621266.6151576
1.1576	3647623457.9231157
1.15761	3637558613.3444133
1.15762	3645524321.3113885
1.15763	3544296125.6566772
1.15764	3567795882.885626
1.15765	3620428708.403171
1.15766	3629526737.06415
1.15767	3570590128.750039
1.1576799999999998	3521113302.1984468
1.15769	3570836784.897257
1.1577	3503160215.176948
1.15771	3456845741.573623
1.15772	3571823579.8877873
1.15773	3545602133.165228
1.15774	3165847566.2588468
1.15775	3416724800.2283897
1.15776	3542093328.7403092
1.15777	3452391192.519673
1.15778	3430994327.239244
1.15779	3123704908.320529
1.1578	3502918233.800085
1.15781	3613349744.729221
1.15782	3250199356.606109
1.15783	3002686559.4783874
1.15784	3526712036.0796127
1.15785	3383218134.333494
1.15786	3554839522.631131
1.1578700000000002	3652414010.109309
1.15788	3675191724.984037
1.15789	3629276026.898685
1.1579	3616429473.1857133
1.15791	3493976663.699656
1.15792	3365038209.994645
1.15793	3581541600.806877
1.15794	3577338199.162889
1.15795	3568453155.710003
1.15796	3539402880.5145187
1.1579700000000002	3396956613.316684
1.15798	3228122448.986377
1.15799	3378158325.7683372
1.158	3616762573.989132
1.15801	3649387666.737835
1.15802	3453901913.6132092
1.15803	3272879380.443455
1.15804	3559344300.774725
1.15805	3539728886.5798554
1.15806	3566810200.6351533
1.1580700000000002	3647875435.5279775
1.15808	3658137285.5279045
1.15809	3655106199.923889
1.1581	3651320874.4980173
1.15811	3664122629.1117225
1.15812	3640072217.884101
1.15813	3597824708.199259
1.15814	3604375259.3143673
1.15815	3522410767.265725
1.15816	3476882387.080874
1.15817	3404395438.978185
1.15818	3174826524.365965
1.15819	3478724212.785829
1.1582	3595174709.401903
1.15821	3545602133.165228
1.15822	3545928710.22913
1.15823	3617845363.5064335
1.15824	3631867533.9314365
1.15825	3619761862.2099338
1.15826	3496552069.5436697
1.15827	3619345145.713319
1.15828	3624766204.113335
1.15829	3609192115.883024
1.1583	3608194997.0107694
1.15831	3601388720.2352424
1.15832	3593271228.4736805
1.15833	3544132908.5464287
1.15834	3357840013.1272826
1.15835	3582861332.583529
1.15836	3618011975.278832
1.15837	3540380988.7962327
1.15838	3527199303.0117345
1.15839	3471842378.495615
1.1584	3557214058.283515
1.15841	3551239805.426355
1.15842	3603711370.0033717
1.1584299999999998	3632787545.6835923
1.15844	3540951676.7812047
1.15845	3501386073.189537
1.15846	3572728381.519295
1.15847	3455970287.485656
1.15848	3079356709.206656
1.15849	2421363547.365693
1.1585	3150431201.3781238
1.15851	3398364825.822821
1.15852	3425784183.966648
1.1585299999999998	3566399580.072951
1.15854	3597741866.1776156
1.15855	3610023258.764589
1.15856	3458119525.234577
1.15857	3083045967.4663877
1.15858	3496230040.0270143
1.15859	3605039270.9295545
1.1586	3653843988.955149
1.15861	3577997229.908803
1.15862	3600642472.203093
1.1586299999999998	3597741866.1776156
1.15864	3485138165.2527018
1.15865	3466171124.662826
1.15866	3275593495.172597
1.15867	3307044203.989427
1.15868	3516171099.432661
1.15869	3528011564.1766796
1.1587	3539565879.793896
1.15871	3485619688.145536
1.15872	3571741336.557357
1.15873	3657126644.4737506
1.15874	3684172869.025775
1.15875	3661339491.7656274
1.15876	3654601263.221518
1.15877	3643006951.8925695
1.15878	3593850442.0451217
1.15879	3588640879.2628727
1.1588	3556395073.769892
1.15881	3553284651.88341
1.1588200000000002	3382984437.975894
1.15883	3402122913.8469405
1.15884	3539402880.5145187
1.15885	3575361835.1563454
1.15886	3592692108.252899
1.15887	3540625558.0979156
1.15888	3468646165.629609
1.15889	3427993580.8017755
1.1589	3598901828.081871
1.15891	3585584815.3971343
1.1589200000000002	3483854429.390285
1.15893	3422945623.1604104
1.15894	3393126101.629316
1.15895	3230278746.5622816
1.15896	2734009378.505609
1.15897	3360392447.820588
1.15898	3289273604.806469
1.15899	3512529658.9008713
1.159	3646783658.2724133
1.15901	3656368846.9201336
1.1590200000000002	3647791441.0590158
1.15903	3659063951.8399982
1.15904	3629276026.898685
1.15905	3625517451.88863
1.15906	3635883841.356921
1.15907	3596747910.6892343
1.15908	3373106084.4547434
1.15909	3415308979.7263656
1.1591	3080065838.930561
1.15911	3357144231.111851
1.1591200000000002	3574950230.1075077
1.15913	3596002624.284724
1.15914	3639401753.555948
1.15915	3637474856.426328
1.15916	3531994348.525075
1.15917	3484977672.4044805
1.15918	3581624069.7993436
1.15919	3573386563.0271893
1.1592	3637223597.243191
1.15921	3638144965.774217
1.15922	3466729850.466903
1.15923	3242724105.521941
1.15924	3546990293.4428453
1.15925	3508730402.814923
1.15926	3539565879.793896
1.15927	3520870080.7090993
1.15928	3535248934.101237
1.15929	3593271228.4736805
1.1593	3615846620.5977135
1.15931	3400948065.121902
1.15932	3417275555.584273
1.15933	3560983816.8838406
1.15934	3516980820.967516
1.15935	3502514968.648983
1.15936	3474241470.769125
1.15937	3637139848.039047
1.15938	3649051561.190703
1.15939	3619595169.8541064
1.1594	3576102843.6720095
1.15941	3597079198.6702585
1.15942	3623597905.8630757
1.15943	3568535323.326415
1.15944	3600145059.423028
1.15945	3528824012.3932037
1.15946	3554839522.631131
1.15947	3556231299.4953365
1.1594799999999998	3400713144.0663857
1.15949	3415780854.694274
1.1595	3561639834.763722
1.15951	3514956866.6616106
1.15952	3525169468.16744
1.15953	3566235345.0844617
1.15954	3186177746.3647733
1.15955	3150068515.460365
1.15956	3423970387.5908184
1.15957	3481929712.1522303
1.1595799999999998	3516818861.744585
1.15959	3379870028.619891
1.1596	3375903314.612836
1.15961	3357453449.762143
1.15962	3283673741.0483565
1.15963	3171684647.489006
1.15964	3025868149.7642717
1.15965	2761913036.740994
1.15966	2400988058.139717
1.15967	1711039360.0943618
1.1596799999999998	1472380306.4903605
1.15969	2282285652.0205717
1.1597	2450417018.2355213
1.15971	2733379922.0533385
1.15972	3097134029.493728
1.15973	3222329891.536529
1.15974	3319326705.138039
1.15975	3370078367.2386484
1.15976	3231245830.2160172
1.15977	3221588008.0750017
1.15978	3209741075.493957
1.15979	2654361075.026956
1.1598	2817409664.372782
1.15981	3352586562.6122537
1.15982	3429177772.330338
1.15983	3240037225.947199
1.15984	3314286134.955506
1.15985	3456288608.7713017
1.15986	3525412986.6581945
1.1598700000000002	3537610383.775865
1.15988	3547071966.8528843
1.15989	3580799465.3198915
1.1599	3587401620.638658
1.15991	3532726368.9499164
1.15992	3544704201.318153
1.15993	3510427434.643064
1.15994	3473761519.726533
1.15995	3566153230.426397
1.15996	3586245365.3658037
1.1599700000000002	3572646117.3552623
1.15998	3580881917.2238603
1.15999	3625767902.411964
1.16	3666401314.9845967
1.16001	3666654589.7626867
1.16002	3563034274.059519
1.16003	3617845363.5064335
1.16004	3617345574.223273
1.16005	3631198580.822729
1.16006	3599730601.2642946
1.1600700000000002	3587649438.1227045
1.16008	3575691153.316324
1.16009	3417118187.8527603
1.1601	3531669054.8042283
1.16011	3570425700.7840962
1.16012	3628524000.3045993
1.16013	3528905267.504349
1.16014	3444926814.470209
1.16015	3586740857.699511
1.16016	3448180567.3204064
1.16017	3521356540.489505
1.16018	3462581465.437922
1.16019	3453424772.3901834
1.1602	3537203124.773304
1.16021	3574456366.596697
1.16022	3595505852.4790616
1.16023	3561147810.02495
1.16024	3562131927.482905
1.16025	3574291760.5880203
1.16026	3558688705.708888
1.16027	3502595617.9650326
1.16028	3442547965.051453
1.16029	3336030403.477685
1.1603	3533946740.1496525
1.16031	3459632752.9713593
1.16032	3135017720.5199623
1.16033	3243321492.3964925
1.16034	3496230040.0270143
1.16035	3557705539.516856
1.16036	3590872623.6945047
1.16037	3281557360.664305
1.16038	3397738881.5411205
1.16039	2838768647.1024647
1.1604	3274009988.1721377
1.16041	3383373940.8739014
1.16042	3479845801.7469983
1.16043	3559754109.0211205
1.16044	3462820660.3532853
1.16045	3538832442.1458936
1.16046	3434155845.5055275
1.16047	3434709410.640397
1.16048	3604624249.3363338
1.16049	3618595176.908914
1.1605	3649975925.939458
1.16051	3620678807.396417
1.16052	3656284656.8854
1.1605299999999998	3610272638.949997
1.16054	3578573981.4041467
1.16055	3650564279.964889
1.16056	3629359595.02957
1.16057	3647623457.9231157
1.16058	3601057035.350892
1.16059	3522978558.5597634
1.1606	3530693353.3862844
1.16061	3340796330.7973714
1.16062	3357994650.935109
1.1606299999999998	3241156488.438436
1.16064	3461943693.1034765
1.16065	3578409185.7766523
1.16066	3576761646.8360724
1.16067	3586575685.9821243
1.16068	3409808586.029487
1.16069	3206786155.7125673
1.1607	3469764505.2885194
1.16071	3398599584.656671
1.16072	3563690669.682359
1.1607299999999998	3466490385.523565
1.16074	3153188979.355588
1.16075	3231617862.55553
1.16076	3445085462.8657928
1.16077	3381504735.865823
1.16078	2910851164.6300344
1.16079	3123489137.882366
1.1608	3453981443.5594287
1.16081	3511559245.162912
1.16082	3491965947.840454
1.16083	3390548803.615753
1.16084	3355521300.366841
1.16085	3278611818.049348
1.16086	2977762113.333202
1.16087	3102058616.6163893
1.16088	3306435080.03867
1.16089	3335185546.1503296
1.1609	3388987757.661005
1.16091	3434076772.0553327
1.1609200000000002	3436766291.0562434
1.16093	3406434165.8307505
1.16094	3369147308.809781
1.16095	3320396902.13075
1.16096	3297995054.015393
1.16097	3297615380.1591897
1.16098	3209593264.858385
1.16099	3167962265.914988
1.161	3101987189.899444
1.16101	2977487863.9369392
1.1610200000000002	2900280482.4570346
1.16103	2774980911.179604
1.16104	2558821552.2271595
1.16105	2334909219.477332
1.16106	1960559378.0516727
1.16107	1208731944.9404035
1.16108	1170792684.0831082
1.16109	1921409793.5573
1.1611	2322843764.802576
1.16111	2559351878.568293
1.1611200000000002	2741321675.2431803
1.16113	2837657658.476266
1.16114	2996539452.4985037
1.16115	3077726330.368088
1.16116	3173437869.5869236
1.16117	3177020374.476061
1.16118	3207820068.070395
1.16119	3275291815.7555504
1.1612	3271146540.18266
1.16121	3143981631.220192
1.16122	3238545477.177972
1.16123	2916553853.57808
1.16124	3322997388.710293
1.16125	3366278164.279799
1.16126	3359464065.3404465
1.16127	3397191274.871285
1.16128	3277479621.179385
1.16129	3184637465.260445
1.1613	3271297185.5165863
1.16131	3377769423.305659
1.16132	3322308826.47643
1.16133	3312836481.172821
1.16134	3281859617.185939
1.16135	3096207084.330565
1.16136	2715126071.519315
1.16137	2940153468.05117
1.16138	3066973334.020073
1.16139	3184417485.8957357
1.1614	3254393021.71002
1.16141	3244890156.605369
1.16142	2840795687.442973
1.16143	2935553501.795881
1.16144	2816890726.130701
1.16145	3049088289.551675
1.16146	3304151864.2863607
1.16147	3476482119.244857
1.1614799999999998	3480567014.1700144
1.16149	3494218027.3934045
1.1615	3450086628.937529
1.16151	3465532691.149628
1.16152	3505823113.8363442
1.16153	3554348437.32532
1.16154	3555412541.244237
1.16155	3528174038.854474
1.16156	3594015948.785121
1.16157	3580304793.763192
1.1615799999999998	3535981629.052388
1.16159	3541848658.052125
1.1616	3500176946.103868
1.16161	3457084540.2655478
1.16162	3447783603.7132945
1.16163	3296552525.877915
1.16164	3478644113.122868
1.16165	3549768244.672093
1.16166	3574703289.823389
1.16167	3609441438.653133
1.1616799999999998	3618595176.908914
1.16169	3613848981.929987
1.1617	3573304283.708157
1.16171	3545357220.105792
1.16172	3528417764.900802
1.16173	3571823579.8877873
1.16174	3613932194.8359604
1.16175	3564757570.486906
1.16176	3347880902.453027
1.16177	3314133509.95288
1.16178	3552057602.758899
1.16179	3604790252.239903
1.1618	3583191341.5045576
1.16181	3639736970.282021
1.16182	3613848981.929987
1.16183	3503563554.619078
1.16184	3521275459.1922216
1.16185	3594264223.186536
1.16186	3600642472.203093
1.1618700000000002	3555821896.8040304
1.16188	3508326468.551652
1.16189	3123057641.718121
1.1619	3373494449.999789
1.16191	3464734814.620678
1.16192	3502998892.401766
1.16193	3447624831.0666084
1.16194	3483613781.5638127
1.16195	3516413996.3166556
1.16196	3526874450.910549
1.1619700000000002	3563116316.900132
1.16198	3606948985.799763
1.16199	3524439013.616981
1.162	3483453358.914438
1.16201	3550422196.3769274
1.16202	3330350938.040349
1.16203	3476642220.849375
1.16204	3569521482.311749
1.16205	3549277859.9408283
1.16206	3495747051.361151
1.1620700000000002	3481128060.5043244
1.16208	3603296501.281594
1.16209	3681204972.5724907
1.1621	3687482772.3594937
1.16211	3655358694.4361076
1.16212	3612101953.4388533
1.16213	3586658270.8900204
1.16214	3570179073.0325813
1.16215	3581789013.481115
1.16216	3470084097.127086
1.16217	3548950974.4230437
1.16218	3654937879.938636
1.16219	3640910471.9906135
1.1622	3582448864.172842
1.16221	3587401620.638658
1.16222	3615347107.4320154
1.16223	3528011564.1766796
1.16224	3608942810.3349133
1.16225	3592113081.36776
1.16226	3180826639.798566
1.16227	3044247794.002637
1.16228	3494218027.3934045
1.16229	3332728995.7613783
1.1623	3165337333.041005
1.16231	3061117498.803357
1.16232	2864771582.62718
1.16233	2912124914.911891
1.16234	3490599322.048288
1.16235	3521680884.3489547
1.16236	3548624119.011141
1.16237	3335108751.549257
1.16238	3185150809.542788
1.16239	3590624583.568391
1.1624	3637056100.7632775
1.16241	3571741336.557357
1.16242	3425941950.791206
1.16243	3360469824.6069984
1.16244	3512125287.257257
1.16245	3467208829.981377
1.16246	3535411742.079908
1.16247	3551158036.049375
1.16248	3446275558.740869
1.16249	2854696877.4927826
1.1625	3115516100.768678
1.16251	3300274015.324561
1.16252	3534597777.157189
1.1625299999999998	3431547382.756491
1.16254	3569192732.3733025
1.16255	3558360953.460092
1.16256	3597493351.5574155
1.16257	3408709570.7605143
1.16258	3504128307.856508
1.16259	3594429748.9822993
1.1626	3636469923.823617
1.16261	3594429748.9822993
1.16262	3398130083.2049913
1.1626299999999998	3282993327.114209
1.16264	3306054434.5444946
1.16265	2721322422.039841
1.16266	3290485641.237202
1.16267	3457721417.428516
1.16268	3565578480.7582593
1.16269	3503079552.860701
1.1627	3533295823.056504
1.16271	3610189510.307457
1.16272	3615180618.3784924
1.1627299999999998	3582036443.246603
1.16274	3638898986.353156
1.16275	3561393813.8973703
1.16276	3438903586.0074487
1.16277	3416410122.73637
1.16278	3536958791.8767757
1.16279	3596168230.138645
1.1628	3535086133.6199775
1.16281	3516980820.967516
1.16282	3630111794.804116
1.16283	3651489027.9101634
1.16284	3553284651.88341
1.16285	3584924387.0950437
1.16286	3587566830.392617
1.16287	3485218414.4484625
1.16288	3448895216.9927297
1.16289	3437082843.506997
1.1629	3589467289.5024843
1.16291	3622763637.6633353
1.1629200000000002	3474961521.6713862
1.16293	3537366022.7478533
1.16294	3614181845.050432
1.16295	3655863735.788683
1.16296	3587814659.2893443
1.16297	3607530404.142893
1.16298	3623931666.933949
1.16299	3547725421.8392406
1.163	3460190424.829482
1.16301	3540707084.9528213
1.1630200000000002	3582531354.056047
1.16303	3623597905.8630757
1.16304	3657968825.9592295
1.16305	3621262438.903678
1.16306	3600725381.0144258
1.16307	3435263065.0066013
1.16308	3236160107.596126
1.16309	2834196778.1248264
1.1631	3164535704.124019
1.16311	3519897362.7457843
1.1631200000000002	3533458541.0890164
1.16313	3624849668.4005327
1.16314	3583108836.4247413
1.16315	3478003382.2118764
1.16316	3509457601.690876
1.16317	3479525310.863613
1.16318	3204866916.787692
1.16319	3535004736.190755
1.1632	3584264080.437138
1.16321	3641832774.467624
1.16322	3642084352.052426
1.16323	3521437623.65379
1.16324	3548869257.747753
1.16325	3589632594.386186
1.16326	3621762769.359074
1.16327	3602549857.935853
1.16328	3614681197.218061
1.16329	3562049907.3084483
1.1633	3578656382.06385
1.16331	3560983816.8838406
1.16332	3634042482.758375
1.16333	3614847663.27186
1.16334	3427520018.699948
1.16335	3510427434.643064
1.16336	3539565879.793896
1.16337	3605952486.641637
1.16338	3473521569.0694675
1.16339	3586658270.8900204
1.1634	3602798721.859205
1.16341	3507114944.7522697
1.16342	3575197187.45026
1.16343	3662351297.033356
1.16344	3690030875.200414
1.16345	3688416872.3658104
1.16346	3637474856.426328
1.16347	3589219346.4500494
1.1634799999999998	3583356357.3635187
1.16349	3586658270.8900204
1.1635	3671216528.790947
1.16351	3667836770.0853405
1.16352	3624015112.004983
1.16353	3577502945.468492
1.16354	3358922627.344948
1.16355	3352740958.4841576
1.16356	3353744704.981145
1.16357	3320932130.0125327
1.1635799999999998	3452709184.143309
1.16359	3532970409.4709287
1.1636	3399851905.687069
1.16361	3463139612.6106462
1.16362	3591286061.9821773
1.16363	3531099862.880574
1.16364	3462182843.9615808
1.16365	3522978558.5597634
1.16366	3454220044.3858085
1.16367	3464335945.2451205
1.1636799999999998	3120829194.2963505
1.16369	2280657134.6633897
1.1637	3114153388.1009755
1.16371	3514795000.64306
1.16372	3578986003.676787
1.16373	3570507913.820544
1.16374	3565660582.182057
1.16375	3551730461.229129
1.16376	3535818794.8300424
1.16377	3544867444.737997
1.16378	3600227956.7808924
1.16379	3513095857.420052
1.1638	2941101414.33038
1.16381	2958625526.859345
1.16382	3446354913.081741
1.16383	3388675634.727371
1.16384	3469764505.2885194
1.16385	3568370989.985564
1.16386	3526955661.1308646
1.1638700000000002	3446910444.632461
1.16388	3479605430.817136
1.16389	3168618839.186331
1.1639	3384932400.9751115
1.16391	3462740926.8789353
1.16392	3422315151.3455076
1.16393	3492930947.0022764
1.16394	3535086133.6199775
1.16395	3552957397.343444
1.16396	3580799465.3198915
1.1639700000000002	3558606764.8166313
1.16398	3528661507.783712
1.16399	3504773851.5999107
1.1640000000000001	3402514620.270239
1.16401	3405885157.7596326
1.16402	3349577263.823564
1.16403	3285488867.7097273
1.16404	2867741492.170526
1.16405	2867807525.118858
1.16406	3196906981.1509004
1.1640700000000002	3189848081.46528
1.16408	3137256299.346791
1.16409	2997574599.312817
1.1641	2881243745.6064873
1.16411	2664464878.589672
1.16412	2448724914.6253505
1.16413	2060629913.27
1.16414	1283689532.8522177
1.16415	1382451805.3904119
1.16416	2066283939.0707536
1.16417	2412737087.276538
1.16418	2727093322.683905
1.16419	2939747298.896191
1.1642	3053233367.804017
1.16421	3161112848.6037445
1.16422	3266329550.6567826
1.16423	3322385326.3449426
1.16424	3346262449.841752
1.16425	3381349015.4035177
1.16426	3274839348.72498
1.16427	3355830369.532803
1.16428	3483854429.390285
1.16429	3362791956.867803
1.1643	3388363540.539997
1.16431	3375126073.634685
1.16432	3427520018.699948
1.16433	3489634967.04925
1.16434	3508488036.676432
1.16435	3479925929.080182
1.16436	3552957397.343444
1.16437	3547970498.4938936
1.16438	3524439013.616981
1.16439	3521599795.583464
1.1644	3524925966.4977508
1.16441	3515523456.4319763
1.16442	3585337140.527247
1.16443	3621762769.359074
1.16444	3598156095.3615813
1.16445	3582531354.056047
1.16446	3448021776.3932915
1.16447	3562377999.3380976
1.16448	3427283262.182302
1.16449	3240111831.4202924
1.1645	3574291760.5880203
1.16451	3571741336.557357
1.16452	3394767220.3048177
1.1645299999999998	3071637775.6852145
1.16454	3525331811.9588623
1.16455	3616346202.7784576
1.16456	3625767902.411964
1.16457	3642000490.9265547
1.16458	3611852446.8932266
1.16459	3537040234.30031
1.1646	3591286061.9821773
1.16461	3640407496.365064
1.16462	3605537359.9166217
1.1646299999999998	3611187180.360245
1.16464	3620595439.1457524
1.16465	3418377332.6456237
1.16466	3570343489.640635
1.16467	3559918045.530786
1.16468	3507841808.8178644
1.16469	3610771451.0035353
1.1647	3620595439.1457524
1.16471	3590211221.4318523
1.16472	3613516149.4659705
1.1647299999999998	3476482119.244857
1.16474	3570919007.3993773
1.16475	3621846164.488821
1.16476	3562049907.3084483
1.16477	3339642659.866251
1.16478	2780737540.6390433
1.16479	3318027643.934229
1.1648	3541277825.50252
1.16481	3465532691.149628
1.16482	3480887601.002224
1.16483	3489233231.1027193
1.16484	3420975784.2885084
1.16485	3595423063.8504305
1.16486	3631783908.053789
1.16487	3613183347.655532
1.16488	3638731412.7205
1.16489	3611270331.975252
1.1649	3594429748.9822993
1.16491	3311082485.4507933
1.1649200000000002	3380959745.620265
1.16493	3604126286.4914412
1.16494	3661508106.5627885
1.16495	3616179667.7159376
1.16496	3586823446.4106555
1.16497	3547562046.807704
1.16498	3382750757.760923
1.16499	3344182731.797748
1.165	3595505852.4790616
1.16501	3622930475.935858
1.1650200000000002	3554839522.631131
1.16503	3439220335.319407
1.16504	3587979888.064861
1.16505	3542664292.7441006
1.16506	3526224836.461241
1.16507	3291091826.9221554
1.16508	3543888096.9739428
1.16509	3574291760.5880203
1.1651	3627939198.4662313
1.16511	3585667377.4891148
1.1651200000000002	3506711196.464776
1.16513	3608278079.727417
1.16514	3642252080.0972147
1.16515	3624515822.782493
1.16516	3660833693.9616623
1.16517	3616845853.983799
1.16518	3564839653.008329
1.16519	3481929712.1522303
1.1652	3503402213.2698555
1.16521	3591534147.8031936
1.16522	3570507913.820544
1.16523	3573139730.753635
1.16524	3434393076.780823
1.16525	2952296692.632179
1.16526	3150068515.460365
1.16527	3513904870.772736
1.16528	3600725381.0144258
1.16529	3648043430.268156
1.1653	3651320874.4980173
1.16531	3621345822.512772
1.16532	3587897272.725969
1.16533	3581459133.7133217
1.16534	3639653163.205976
1.16535	3651489027.9101634
1.16536	3628440451.413772
1.16537	3562542056.685161
1.16538	3444054378.877784
1.16539	3004623087.2411237
1.1654	2737284889.4757032
1.16541	3378391688.738401
1.16542	3516899840.4237385
1.16543	3551158036.049375
1.16544	3596168230.138645
1.16545	3594429748.9822993
1.16546	3209962804.2106967
1.16547	3074255792.465796
1.1654799999999998	3415466264.138847
1.16549	3459473434.6637344
1.1655	3593436708.5392795
1.16551	3589632594.386186
1.16552	3528742759.153006
1.16553	3494137570.976285
1.16554	3509619221.907461
1.16555	3582778835.1023765
1.16556	3567138731.124212
1.16557	3535086133.6199775
1.1655799999999998	3577091093.9294095
1.16559	3549114413.4185195
1.1656	3243620227.102332
1.16561	2790294223.410853
1.16562	3412400524.2095327
1.16563	3541196285.5059648
1.16564	3568864012.7124634
1.16565	3586658270.8900204
1.16566	3516009177.497913
1.16567	3534760555.148299
1.1656799999999998	3587897272.725969
1.16569	3570261280.3901505
1.1657	3582943831.9642787
1.16571	3468007276.2389913
1.16572	3141521237.4606023
1.16573	3381115448.15562
1.16574	3047614281.0525613
1.16575	2910583077.676099
1.16576	3481609029.342441
1.16577	3347495485.606875
1.1657799999999998	3460907563.5944057
1.16579	3331731539.0825987
1.1658	2914674087.848744
1.16581	2952772584.988366
1.16582	3110426905.839485
1.16583	2794023148.9781203
1.16584	3096848786.0439816
1.16585	2818577624.984575
1.16586	3166795360.4499226
1.16587	3555248812.2159204
1.16588	3520870080.7090993
1.16589	3545193954.1314783
1.1659	3512772304.234391
1.16591	3289803815.8011303
1.16592	3488911875.6449537
1.16593	3610189510.307457
1.16594	3513904870.772736
1.16595	3465373101.1460648
1.16596	3497679406.453258
1.1659700000000002	3485459173.12289
1.16598	3525331811.9588623
1.16599	3500741153.440505
1.166	3117310052.292543
1.16601	3340488646.2537827
1.16602	3520626876.0203314
1.16603	3575855823.7709165
1.16604	3588640879.2628727
1.16605	3549032692.9799514
1.16606	3507437976.8518696
1.1660700000000002	3489715319.788891
1.16608	3487867674.7944
1.16609	3529961754.225012
1.1661	3525412986.6581945
1.16611	3512367904.656809
1.16612	3570014663.9960165
1.16613	3617345574.223273
1.16614	3551239805.426355
1.16615	3397817118.2708325
1.16616	3443420019.0444922
1.1661700000000002	3206490813.393861
1.16618	2684293501.5670986
1.16619	3147385937.0445843
1.1662	3469524830.725894
1.16621	3573222006.2836533
1.16622	3586906037.0234976
1.16623	3590707261.706658
1.16624	3615097376.726851
1.16625	3653507472.984474
1.16626	3641245827.681173
1.16627	3482009887.469776
1.16628	3508730402.814923
1.16629	3517952732.9492264
1.1663	3586410521.871015
1.16631	3556886441.8485107
1.16632	3510427434.643064
1.16633	3645356442.5778065
1.16634	3630195382.1794906
1.16635	3624265458.746769
1.16636	3609109012.1201463
1.16637	3599399069.0912967
1.16638	3612850576.495861
1.16639	3611104030.659838
1.1664	3603462443.0387135
1.16641	3613848981.929987
1.16642	3637893660.3031797
1.16643	3661929677.529099
1.16644	3634963045.460807
1.16645	3579398073.387975
1.16646	3573468844.240795
1.16647	3285791486.3532186
1.16648	3027819628.0695586
1.16649	3489715319.788891
1.1665	3507518739.5256786
1.16651	3547643733.383003
1.16652	3490840452.435483
1.1665299999999998	3385088286.4622197
1.16654	2718754543.005044
1.16655	3211589282.887966
1.16656	3457721417.428516
1.16657	3545928710.22913
1.16658	3548378997.207529
1.16659	3595754229.8029475
1.1666	3564018912.838768
1.16661	3542256451.9222603
1.16662	3590376560.575675
1.1666299999999998	3399147418.3375177
1.16664	3419951916.116712
1.16665	3539565879.793896
1.16666	3478884417.644948
1.16667	3509619221.907461
1.16668	3368759443.719037
1.16669	3257916881.076325
1.1667	3428625098.718373
1.16671	3536958791.8767757
1.16672	3057947323.91212
1.1667299999999998	3168254059.4599066
1.16674	3497276744.409725
1.16675	3528661507.783712
1.16676	3559836076.332259
1.16677	3613266545.234518
1.16678	3551321576.68615
1.16679	3479685552.6155105
1.1668	3595588643.014007
1.16681	3646111957.765114
1.16682	3660917988.7430525
1.16683	3639736970.282021
1.16684	3633205809.8827868
1.16685	3606284622.4344935
1.16686	3625350494.484221
1.16687	3603213533.268711
1.16688	3557623621.262561
1.16689	3576596934.667762
1.1669	3454458661.694732
1.16691	3341873449.895334
1.1669200000000002	3603960314.163906
1.16693	3649891883.10546
1.16694	3593684942.926829
1.16695	3596168230.138645
1.16696	3542501150.7808194
1.16697	3592940291.2035065
1.16698	3427204346.977364
1.16699	3614015409.657988
1.167	3611602957.582321
1.16701	3615513604.1528354
1.1670200000000002	3478323732.9139967
1.16703	3237576208.8036594
1.16704	3429335695.439013
1.16705	3578656382.06385
1.16706	3457402964.182393
1.16707	3510023305.01303
1.16708	3246085838.557075
1.16709	3446989813.592291
1.1671	3525656521.971207
1.16711	3610854593.0459094
1.1671200000000002	3566235345.0844617
1.16713	3419715682.367001
1.16714	3126511280.783825
1.16715	3456606959.3767715
1.16716	3357144231.111851
1.16717	3433760496.4612412
1.16718	3568699664.235255
1.16719	3575114866.44054
1.1672	3581211743.825587
1.16721	3547888804.3946366
1.16722	3438586865.8678365
1.16723	3531018557.237585
1.16724	3609109012.1201463
1.16725	3599564831.3608975
1.16726	3572399336.228117
1.16727	3611935613.826752
1.16728	3538425042.456761
1.16729	3530937253.466707
1.1673	3607696540.8829327
1.16731	3560573867.0702453
1.16732	3262120503.9426703
1.16733	3517871730.026591
1.16734	3134873350.942821
1.16735	3435025773.636739
1.16736	3574044865.78778
1.16737	3629276026.898685
1.16738	3638144965.774217
1.16739	3602964640.6922064
1.1674	3633289468.501311
1.16741	3610438901.977525
1.16742	3616762573.989132
1.16743	3538425042.456761
1.16744	3536225894.4465547
1.16745	3492850520.2209363
1.16746	3497518336.072848
1.16747	3384386858.2997212
1.16748	3466011505.259005
1.16749	3586162789.965315
1.1675	3614930899.173571
1.16751	3499371093.3587623
1.16752	3497357273.109817
1.16753	3529392837.463536
1.16754	3601139953.708003
1.16755	3647623457.9231157
1.16756	3642084352.052426
1.16757	3610023258.764589
1.1675799999999998	3593933194.4623804
1.16759	3539973410.834342
1.1676	3588475620.0482726
1.16761	3583851450.5384326
1.16762	3587814659.2893443
1.16763	3586245365.3658037
1.16764	3420975784.2885084
1.16765	3589384639.9153037
1.16766	3595257492.3118954
1.16767	3576102843.6720095
1.1676799999999998	3485459173.12289
1.16769	3454299581.6573434
1.1677	3188746537.2099924
1.16771	2426442476.5848713
1.16772	2934337068.786025
1.16773	3418298622.5049314
1.16774	3420503191.664142
1.16775	3441755380.342019
1.16776	3488911875.6449537
1.16777	3392969845.9956627
1.1677799999999998	3207450775.395512
1.16779	3174534125.502521
1.1678	3462262564.5854487
1.16781	3417747702.263432
1.16782	3321620406.9203644
1.16783	3450324960.710367
1.16784	3536144470.773685
1.16785	3460748186.580948
1.16786	3476802329.8270283
1.16787	3276951396.450137
1.16788	3111716337.1060195
1.16789	2757591933.4696608
1.1679	3125719484.653334
1.16791	3457562187.139119
1.16792	3538017689.6685524
1.16793	3525575341.6643314
1.16794	3500096352.4791393
1.16795	3565824790.7011404
1.16796	3563444507.154243
1.1679700000000002	3528255278.999267
1.16798	3555412541.244237
1.16799	3580799465.3198915
1.168	3501789208.3642635
1.16801	3575197187.45026
1.16802	3584759299.027308
1.16803	3547888804.3946366
1.16804	3444847493.012143
1.16805	3265502345.229759
1.16806	3511154985.235877
1.1680700000000002	3572892915.530048
1.16808	3580469676.68867
1.16809	3580552120.998873
1.1681	3550095205.466716
1.16811	3431073329.712707
1.16812	3419007079.020689
1.16813	3412400524.2095327
1.16814	3328051207.5032787
1.16815	3410358226.533492
1.16816	3428467208.333132
1.1681700000000002	3473441589.200425
1.16818	3543316935.7320967
1.16819	3534841946.9549656
1.1682	3525737704.1473494
1.16821	3562542056.685161
1.16822	3562131927.482905
1.16823	3239365853.987149
1.16824	3084537112.847697
1.16825	3387427430.428981
1.16826	3520707942.383263
1.16827	3513176750.372876
1.16828	3513662147.206992
1.16829	3519816315.0469093
1.1683	3439695513.991365
1.16831	3331501399.170177
1.16832	3080136760.883936
1.16833	2946727662.0143394
1.16834	3054288099.3849416
1.16835	2970503032.010846
1.16836	3411300673.533069
1.16837	3438666043.1679893
1.16838	3428388265.867139
1.16839	3506146026.948425
1.1684	3511316683.621649
1.16841	3526630831.468892
1.16842	3531506419.178693
1.16843	3514471290.9677315
1.16844	3500257541.584341
1.16845	3500579942.064681
1.16846	3490117111.2411275
1.16847	3472721853.245177
1.16848	3398677841.205033
1.16849	3371475437.335114
1.1685	3401809581.1764245
1.16851	3364186006.373965
1.16852	3367673658.9974804
1.1685299999999998	3402044577.9737487
1.16854	3373727490.7896013
1.16855	3393360498.572419
1.16856	3373649808.737675
1.16857	3343643756.6637177
1.16858	3270694645.803515
1.16859	3276951396.450137
1.1686	3189627742.1763864
1.16861	3292835232.8960447
1.16862	3082194208.0644407
1.1686299999999998	2769363729.960226
1.16864	3122626205.16317
1.16865	3120110679.543538
1.16866	3351505990.57136
1.16867	3376214261.1181393
1.16868	3326825333.955543
1.16869	3296704341.227647
1.1687	3346339501.269189
1.16871	3315125698.118431
1.16872	3246609087.945238
1.1687299999999998	3194699398.603129
1.16874	3205457329.468054
1.16875	3355521300.366841
1.16876	3335953589.4232783
1.16877	3347880902.453027
1.16878	3320473357.9750714
1.16879	3277856976.6872125
1.1688	3194993654.8423967
1.16881	2891878217.235481
1.16882	2937852584.619411
1.16883	3213956541.3455443
1.16884	3263097120.409343
1.16885	3150286122.0003147
1.16886	3025310815.5866184
1.16887	3175265173.15972
1.16888	3143692073.1455693
1.16889	2981261008.172241
1.1689	2891212414.324441
1.16891	3102344339.9313626
1.1689200000000002	3144560827.3834314
1.16893	3124568139.137605
1.16894	3092217260.262785
1.16895	2984076826.0473194
1.16896	2999853181.190793
1.16897	3040044914.163761
1.16898	3018213796.711409
1.16899	2958284922.114812
