2.5775200000000003	523793373.6534845
2.57754	508381806.46602315
2.57756	664217020.2536542
2.5775799999999998	742523152.7227901
2.5776	662841970.9329714
2.57762	782005846.5322405
2.57764	825239486.20972
2.57766	823189836.9213958
2.57768	773891363.4430842
2.5777	636971498.3238208
2.5777200000000002	518012214.09602875
2.5777400000000004	595360476.1332211
2.57776	842441979.6390388
2.5777799999999997	824859536.8751838
2.5778	781213968.3385621
2.57782	649112541.1807652
2.57784	608064991.1794779
2.57786	716027990.8349977
2.57788	648335795.1220565
2.5779	635082286.9190625
2.57792	568604117.1417629
2.5779400000000003	640471781.5693415
2.57796	592365831.7033528
2.5779799999999997	657794139.6600094
2.578	790969978.4368138
2.57802	632397289.7228519
2.57804	608457151.5710611
2.57806	744646238.4043462
2.57808	614822850.3413088
2.5781	675942883.4360282
2.57812	836700445.065996
2.5781400000000003	830290368.3708009
2.57816	673426186.2992177
2.57818	617106328.2447466
2.5782	747274220.149277
2.57822	830998041.0444335
2.57824	819332156.4245759
2.5782599999999998	635491871.6212547
2.57828	536574463.4905205
2.5783	633082050.0138648
2.57832	549313155.4192371
2.5783400000000003	538430930.1907805
2.57836	578175919.8434479
2.57838	699568103.8348066
2.5784	656659149.7359843
2.57842	584507381.4240725
2.57844	660374051.6290104
2.5784599999999998	762921756.5072594
2.57848	822034415.1159517
2.5785	803988802.1605374
2.57852	752627356.4877679
2.5785400000000003	766849255.0163724
2.57856	757722179.8629549
2.57858	757198944.6640023
2.5786	694864300.7488296
2.57862	678672106.4903798
2.57864	741139567.9600747
2.5786599999999997	713641339.9675075
2.57868	619826300.0732483
2.5787	669314139.9218273
2.57872	778950750.3510374
2.5787400000000003	772218141.2084571
2.57876	639072309.0316753
2.57878	664890304.3928608
2.5788	810401059.2399331
2.57882	786103988.8880183
2.57884	698393196.5408834
2.5788599999999997	671027007.4871683
2.57888	523781313.004199
2.5789	557442401.5437455
2.57892	635828513.8006943
2.5789400000000002	779219836.8758487
2.57896	852295116.462128
2.57898	802989746.9792073
2.579	653491585.6772292
2.57902	558663116.8231686
2.57904	680440257.0983274
2.5790599999999997	838996211.9445801
2.57908	847578633.2981987
2.5791	826456500.5678164
2.57912	848848137.334079
2.57914	842286810.3835707
2.57916	727427976.8704866
2.57918	687717380.0397749
2.5792	744389091.1154512
2.5792200000000003	794730718.496006
2.57924	807067762.1198986
2.5792599999999997	773463813.4183053
2.57928	822943463.3933395
2.5793	639808491.9173557
2.57932	513877970.1936463
2.57934	580470294.9363813
2.57936	780566664.470972
2.57938	661743981.3119677
2.5794	750775341.1619997
2.5794200000000003	832606889.1462828
2.57944	843062942.5722336
2.5794599999999996	800350093.4769216
2.5794799999999998	772805136.5288756
2.5795	767149488.8369628
2.57952	583257054.1055237
2.57954	533912390.9389403
2.57956	704660617.3992623
2.57958	781825803.7607405
2.5796	676363246.4138167
2.5796200000000002	729843929.3057419
2.57964	814723043.4962094
2.57966	765067934.129091
2.5796799999999998	805396985.9364994
2.5797	842228629.2814918
2.57972	833661988.6219566
2.57974	652484200.5506746
2.57976	661820171.7890971
2.57978	795847763.2142335
2.5798	665548945.9998504
2.5798200000000002	719399281.9454032
2.5798400000000004	818389408.2134047
2.57986	747291426.9721733
2.5798799999999997	763361056.0016026
2.5799	824100162.9241228
2.57992	800331664.947142
2.57994	620611758.8686789
2.57996	600053536.9617524
2.57998	659963626.0119075
2.58	746311270.1308907
2.58002	784476611.5054064
2.5800400000000003	774301320.6539804
2.58006	658536725.7191129
2.5800799999999997	629085970.6208513
2.5801	793030699.7112944
2.58012	778520405.1781311
2.58014	721107479.1829004
2.58016	760081216.2082742
2.58018	767343820.4139776
2.5802	797719117.2592909
2.58022	743224470.0379652
2.5802400000000003	786774000.6486763
2.58026	817353638.0244217
2.58028	809133160.2794701
2.5803	804396180.9132638
2.58032	697380821.8573099
2.58034	590201080.1718453
2.5803599999999998	695024317.5887975
2.58038	722370496.5908313
2.5804	819747309.6096154
2.58042	826513592.1322107
2.5804400000000003	827446646.1595606
2.58046	821996559.9038048
2.58048	765332224.8708984
2.5805	579522096.8253818
2.58052	619926212.3209221
2.58054	744783419.9450943
2.5805599999999997	713099283.3645978
2.58058	763888549.3067957
2.5806	789732480.0377364
2.58062	839575970.2141516
2.5806400000000003	844559011.0442327
2.58066	777212899.4506717
2.58068	620340306.089049
2.5807	598604531.262846
2.58072	764451610.6043994
2.58074	833738775.264762
2.5807599999999997	822129060.7735976
2.58078	740525469.2263019
2.5808	717893465.067981
2.58082	803137676.7813258
2.5808400000000002	850491543.9933711
2.58086	853237628.5920328
2.58088	754761953.7362864
2.5809	592570462.9499369
2.58092	685267286.7698132
2.58094	835237529.2460265
2.5809599999999997	844286801.263165
2.58098	840543124.402751
2.581	839653301.5798731
2.58102	789259830.711486
2.5810400000000002	553464793.3126137
2.58106	528007388.821948
2.58108	690669057.9480089
2.5811	809282221.8443723
2.58112	718720446.4208823
2.58114	756066507.5719751
2.5811599999999997	753511699.7875746
2.58118	748445187.1216117
2.5812	699841996.0022744
2.58122	698377115.628389
2.58124	610871691.654395
2.58126	625244672.5852426
2.58128	716357809.848378
2.5813	649351727.1355022
2.5813200000000003	635023796.3724253
2.58134	664614787.5222938
2.5813599999999997	835083686.977141
2.58138	841511392.7099776
2.5814	726055801.5448918
2.58142	698248481.6575226
2.58144	618144486.5913228
2.58146	507808539.6648894
2.58148	513665029.7292313
2.5815	656870865.7584523
2.5815200000000003	771755974.0906181
2.58154	787698466.5346662
2.5815599999999996	634570677.2487518
2.5815799999999998	589467682.5852275
2.5816	653145591.7073569
2.58162	764645258.7645066
2.58164	763589591.6968402
2.58166	738992447.6198679
2.58168	746775394.5939999
2.5817	596032580.615554
2.5817200000000002	609340437.427201
2.58174	710607848.7252892
2.58176	615559445.8361121
2.5817799999999997	602948195.8556383
2.5818	744697678.5208488
2.58182	815567667.1153305
2.58184	811521443.4347239
2.58186	775853993.7003574
2.58188	659492711.1555145
2.5819	586556700.1019111
2.58192	573165445.3067758
2.5819400000000003	585113340.3985245
2.58196	683533808.1485051
2.5819799999999997	743720923.6726776
2.582	612717098.5921656
2.58202	738567171.7874053
2.58204	803914755.4653338
2.58206	677282727.359318
2.58208	704968967.640914
2.5821	781735797.91994
2.58212	670424690.2246318
2.5821400000000003	665993514.5072675
2.58216	820842812.9711838
2.58218	769998714.2771368
2.5822	681020209.599683
2.58222	735868139.6510439
2.58224	774961272.7703221
2.5822599999999998	846057734.3842883
2.58228	829850767.5144233
2.5823	810083898.3609074
2.58232	806176250.623027
2.5823400000000003	739707462.3617858
2.58236	790441984.79263
2.58238	707212616.8559779
2.5824	586826881.6515065
2.58242	677516692.9281807
2.58244	808555805.9966613
2.5824599999999998	677126795.2011845
2.58248	583673532.41867
2.5825	731526393.3225006
2.58252	687733215.4999608
2.5825400000000003	730482809.3150387
2.58256	751017401.5506532
2.58258	773178911.3029585
2.5826	746019191.6152408
2.58262	648171602.599553
2.58264	671289725.3562402
2.5826599999999997	755266114.0948061
2.58268	807904449.5065622
2.5827	745160799.5054232
2.58272	613253449.8447098
2.5827400000000003	672759749.2051485
2.58276	795041868.3581122
2.58278	767396828.478054
2.5828	760764081.9262694
2.58282	549034961.0252028
2.58284	523889868.84586453
2.5828599999999997	641756092.012423
2.58288	674264042.4775741
2.5829	699052832.8629841
2.58292	621155020.8324428
2.5829400000000002	601713838.8923539
2.58296	731846499.675244
2.58298	559474117.6112506
2.583	539871000.8669071
2.58302	589155586.3500515
2.58304	670548198.3916209
2.5830599999999997	734446220.0451357
2.58308	778108214.1545314
2.5831	707978387.2430371
2.58312	689747285.5175791
2.58314	702797163.4875637
2.58316	605773122.1560178
2.58318	572308241.5101963
2.5832	593581012.1461374
2.5832200000000003	697445055.9627368
2.58324	827484752.3632342
2.5832599999999997	813073862.0692401
2.58328	790441984.79263
2.5833	710084446.3649039
2.58332	729356738.9364198
2.58334	718025718.1118454
2.58336	685251508.0890809
2.58338	816056070.9253011
2.5834	840852848.983549
2.5834200000000003	794492862.5335222
2.58344	660191608.7419393
2.5834599999999996	553885505.0601809
2.5834799999999998	576527463.2293777
2.5835	749272856.615201
2.58352	775389650.5504136
2.58354	711098888.8168334
2.58356	729172027.6746448
2.58358	804396180.9132638
2.5836	817165457.0601256
2.5836200000000002	739060514.4741637
2.58364	759678787.8936867
2.58366	727746289.8099582
2.5836799999999998	834045992.5688647
2.5837	821655941.4313929
2.58372	764698080.4121096
2.58374	656885990.9432214
2.58376	704563271.6618286
2.58378	721722093.1507479
2.5838	646174774.5926098
2.5838200000000002	730768805.087065
2.5838400000000004	806659030.370417
2.58386	825258488.2698789
2.5838799999999997	568342325.5533395
2.5839	481637174.5409027
2.58392	507294320.35194236
2.58394	659538268.8715744
2.58396	811390652.1730582
2.58398	784584998.4414277
2.584	673876016.5878808
2.58402	635360190.596102
2.5840400000000003	807104929.8196703
2.58406	836796779.3099397
2.5840799999999997	782041860.0615753
2.5841	674667826.4191777
2.58412	715121771.3263643
2.58414	777696241.3672665
2.58416	752592697.5151922
2.58418	796672818.8247275
2.5842	839943357.6442251
2.58422	813823075.7436441
2.5842400000000003	608233028.9597961
2.58426	642628526.3166132
2.58428	809300856.4707135
2.5843	824821551.5643643
2.58432	806733329.8343202
2.58434	831361674.8852373
2.5843599999999998	843859220.2872689
2.58438	799263535.9272352
2.5844	707066074.4900606
2.58442	789714295.9847295
2.5844400000000003	784801817.2412624
2.58446	796177682.8748962
2.58448	801419674.563135
2.5845	759556352.007444
2.58452	523781313.004199
2.58454	532059252.5418467
2.5845599999999997	785651601.2765436
2.58458	783628098.3738533
2.5846	648649369.0799654
2.58462	596719183.6477216
2.5846400000000003	712295170.9045022
2.58466	951327388.1353103
2.58468	987574801.1703796
2.5847	820634932.6519774
2.58472	695088334.6421648
2.58474	875870703.2644485
2.5847599999999997	879488165.6755915
2.58478	851255635.3910445
2.5848	705878574.5402341
2.58482	701875365.8822846
2.5848400000000002	545720162.7758788
2.58486	561539097.9309357
2.58488	589875013.1056237
2.5849	755735807.4971979
2.58492	644124769.4155921
2.58494	715599453.1263443
2.5849599999999997	790023481.8367172
2.58498	810550354.3819709
2.585	823076116.8982465
2.58502	582344529.3695903
2.5850400000000002	550592130.7281691
2.58506	605661544.9001125
2.58508	569010132.4344833
2.5851	540306260.8539585
2.58512	631873293.4451588
2.58514	722520210.8614751
2.5851599999999997	939096020.0873823
2.58518	841065850.8333294
2.5852	771880376.4820914
2.58522	885054470.322281
2.58524	956577144.3660522
2.58526	926851164.6703997
2.58528	915904093.4185525
2.5853	883669773.6587176
2.5853200000000003	860458640.4684571
2.58534	922125432.1570734
2.5853599999999997	853532377.3270618
2.58538	776604673.9608366
2.5854	822526691.5467837
2.58542	691178149.2497879
2.58544	616595001.8614808
2.58546	628694990.6950537
2.58548	859923861.326792
2.5855	932738707.8878627
2.5855200000000003	946367897.8914769
2.58554	912010839.3559114
2.5855599999999996	825334500.8860542
2.5855799999999998	625489465.9336433
2.5856	651088463.1369189
2.58562	798086565.0903455
2.58564	800866264.6273983
2.58566	883629080.0987711
2.58568	891291982.7013102
2.5857	797315120.0415938
2.5857200000000002	914555361.2934332
2.58574	973374579.3026421
2.58576	973665989.0286933
2.5857799999999997	957216111.756589
2.5858	974226637.5788076
2.58582	936353848.8930392
2.58584	910730749.1952577
2.58586	848496392.1201062
2.58588	635140782.8531263
2.5859	724452641.0214621
2.58592	934910419.5341296
2.5859400000000003	905941177.5490605
2.58596	910332399.6799077
2.5859799999999997	823834547.2335744
2.586	873916622.4838812
2.58602	935362598.1161995
2.58604	790988191.4033103
2.58606	711295399.8487108
2.58608	652769719.0768216
2.5861	634672966.2007791
2.58612	731004415.0908532
2.5861400000000003	753997663.3729441
2.58616	848574545.1248885
2.58618	836661914.4737583
2.5862	808276588.9366544
2.58622	674170895.8920841
2.58624	750758054.119938
2.58626	901425833.218099
2.58628	754379711.7632179
2.5863	825999909.9997011
2.58632	920852348.4102893
2.5863400000000003	941130828.9806323
2.58636	784133484.9795151
2.58638	610843560.6211233
2.5864	789550658.347937
2.58642	925656808.8074578
2.58644	924357565.2875745
2.5864599999999998	918374888.2363188
2.58648	854436908.5043727
2.5865	846759348.3124722
2.58652	893614073.8053952
2.5865400000000003	896891689.6889275
2.58656	703752579.9798193
2.58658	671923762.296593
2.5866	835910922.4743731
2.58662	844072983.7003235
2.58664	981070009.7431973
2.5866599999999997	922337783.8314201
2.58668	893655227.2018831
2.5867	952708412.2950741
2.58672	853257275.3406665
2.5867400000000003	833220602.6465335
2.58676	809207687.6296533
2.58678	878577344.2840427
2.5868	835968667.1496565
2.58682	556109097.6980358
2.58684	589223419.298284
2.5868599999999997	896148536.7461046
2.58688	906713328.8827295
2.5869	948309278.8754034
2.58692	913881740.2017683
2.5869400000000002	936806725.6038573
2.58696	891805199.3109696
2.58698	835968667.1496565
2.587	749514432.5819863
2.58702	695616700.3693336
2.58704	841240165.2066535
2.5870599999999997	802195090.9880542
2.58708	673379669.2729423
2.5871	798362262.0329372
2.58712	801419674.563135
2.58714	823284615.6095507
2.58716	835833935.778629
2.58718	558534494.6954267
2.5872	519337879.0821004
2.58722	581607502.353863
2.58724	513109434.42332613
2.5872599999999997	496066614.7156498
2.58728	506255786.2273442
2.5873	493855619.61760765
2.58732	647068114.9902706
2.58734	946193586.5375037
2.58736	756588960.2408522
2.58738	642377025.3764681
2.5874	702036997.2655358
2.5874200000000003	807588265.7078674
2.58744	893737539.6806325
2.5874599999999996	945431351.7864693
2.58748	845629256.5362464
2.5875	796379367.7706708
2.58752	745572704.3841852
2.58754	683014620.1569072
2.58756	591507151.8444989
2.58758	643546599.7390825
2.5876	812287930.0255219
2.5876200000000003	904357198.8522477
2.58764	947523521.9781052
2.58766	949117541.3681133
2.5876799999999998	770530794.2982422
2.5877	673969122.4314752
2.58772	738652207.3703494
2.58774	580162962.4073331
2.58776	647858259.6063739
2.58778	751138461.0097665
2.5878	581085448.4949552
2.5878200000000002	622400596.208256
2.5878400000000004	817824280.048746
2.58786	959113491.2867873
2.5878799999999997	948200107.019507
2.5879	863395935.7946707
2.58792	883710469.0927187
2.58794	974271503.4065336
2.58796	978655857.934824
2.58798	973531481.392853
2.588	974765163.9013168
2.58802	912683081.408891
2.5880400000000003	799594871.600641
2.58806	708679711.9872918
2.5880799999999997	898648802.655929
2.5881	842015332.955407
2.58812	557006162.4154792
2.58814	539796420.083758
2.58816	779273665.3344141
2.58818	789750664.5094512
2.5882	581232646.991769
2.58822	588152571.27369
2.5882400000000003	729726301.8430233
2.58826	906817724.1218222
2.58828	804210983.1702573
2.5883	547948825.0195329
2.58832	518895614.2303724
2.58834	614610534.7195247
2.5883599999999998	609396562.3401206
2.58838	553655986.2959579
2.5884	784115429.8466496
2.58842	839691969.9337499
2.5884400000000003	600039720.3775308
2.58846	567257177.8710294
2.58848	794602633.3613524
2.5885	924613010.010995
2.58852	926445764.1581508
2.58854	913271699.6648152
2.5885599999999998	889323974.0186737
2.58858	704936503.36772
2.5886	695088334.6421648
2.58862	727227008.8586315
2.5886400000000003	869260609.4222213
2.58866	973038445.6847734
2.58868	933254300.7969923
2.5887	962897368.8879493
2.58872	717678605.8243146
2.58874	592570462.9499369
2.5887599999999997	708712348.6455821
2.58878	631567829.4780824
2.5888	775104039.061127
2.58882	864669221.0265822
2.5888400000000003	704157809.1529171
2.58886	656825492.2937078
2.58888	886645470.9454763
2.5889	918840226.0812025
2.58892	923442801.082942
2.58894	940545911.6897333
2.5889599999999997	934028224.5960026
2.58898	826095012.2280992
2.589	634249304.9981762
2.58902	676487848.6040423
2.5890400000000002	549515567.1478537
2.58906	506011049.0269878
2.58908	621927842.8321062
2.5891	837837896.162592
2.58912	910059945.1439664
2.58914	886829231.883428
2.5891599999999997	916009546.8444288
2.58918	945083106.1576897
2.5892	784350179.0043355
2.58922	569062542.617973
2.58924	529151461.5338914
2.58926	618657097.9224374
2.58928	656553317.315445
2.5893	553515771.6515204
2.5893200000000003	714002939.9278443
2.58934	665625574.5649462
2.5893599999999997	679156716.512841
2.58938	824593676.4308476
2.5894	889446847.1537814
2.58942	892031108.2287152
2.58944	543225314.466175
2.58946	500287900.99978024
2.58948	660070008.1535658
2.5895	792245899.4083458
2.5895200000000003	815323574.8361214
2.58954	803674150.8007997
2.5895599999999996	742232556.735616
2.5895799999999998	834507030.795351
2.5896	825847769.2064489
2.58962	915419164.0020922
2.58964	792702084.0957462
2.58966	601935559.3027656
2.58968	541377247.8826859
2.5897	732385942.8179977
2.5897200000000002	698119871.379724
2.58974	774729333.6302681
2.58976	877707885.174567
2.5897799999999997	761237194.4668546
2.5898	665303793.8682384
2.58982	755666204.862383
2.58984	678016089.6380966
2.58986	799171522.6088895
2.58988	841337022.1352808
2.5899	756658647.8684922
2.58992	658339631.4290804
2.5899400000000004	867900622.7705609
2.58996	851628133.6893727
2.5899799999999997	745538370.2828643
2.59	603184259.7746882
2.59002	766796284.7760245
2.59004	838783734.2355803
2.59006	825600600.1824753
2.59008	932223399.8271865
2.5901	848769959.1316835
2.59012	930057929.8826585
2.5901400000000003	978768536.3404723
2.59016	927769305.2065196
2.59018	886910915.6358211
2.5902	909159330.1729316
2.59022	792300627.7065092
2.59024	603962535.9675943
2.59026	618471939.2566792
2.59028	796507739.3041563
2.5903	760711532.0202719
2.59032	718306836.732253
2.5903400000000003	866762273.3900405
2.59036	755527018.8231959
2.59038	743840806.9837266
2.5904	645579899.6233331
2.59042	547822669.6646411
2.59044	627725830.5763214
2.5904599999999998	757425635.5409983
2.59048	911465007.2929615
2.5905	928902218.2716392
2.59052	682370117.7233298
2.5905400000000003	569350884.9284804
2.59056	749324616.3382059
2.59058	747980024.8744937
2.5906	727076319.2867869
2.59062	792027024.0167342
2.59064	643250303.8075379
2.5906599999999997	769963255.342391
2.59068	910101855.9182572
2.5907	900139873.3511053
2.59072	709381731.4651792
2.5907400000000003	655601592.7566143
2.59076	891640937.8518494
2.59078	798031437.127591
2.5908	706382611.5097682
2.59082	834949098.2365692
2.59084	737819280.6552626
2.5908599999999997	710951541.1718894
2.59088	682763034.6182956
2.5909	613069908.4436206
2.59092	748720975.3174834
2.5909400000000002	681836113.5921625
2.59096	722520210.8614751
2.59098	842325600.0178025
2.591	888218879.3684325
2.59102	789405231.1366023
2.59104	828876830.4590362
2.5910599999999997	746414383.9658974
2.59108	864669221.0265822
2.5911	636927499.4112074
2.59112	524070845.2479408
2.59114	679000352.9024332
2.59116	905586625.8157626
2.59118	919538674.9833196
2.5912	835949418.4813546
2.59122	861648229.5614876
2.59124	916325979.9764891
2.5912599999999997	934393911.6727979
2.59128	726172837.3451806
2.5913	616339497.5712277
2.59132	823417324.1061298
2.59134	824650639.3114682
2.59136	719680938.3381472
2.59138	679939074.8537134
2.5914	596087479.7731154
2.5914200000000003	683061802.764999
2.59144	690064999.0317167
2.5914599999999997	609326407.0066556
2.59148	753130090.9936613
2.5915	779955814.416653
2.59152	904044898.8769217
2.59154	895612198.1595328
2.59156	904502975.7584982
2.59158	865107346.3684267
2.5916	883975035.0996627
2.5916200000000003	843451276.815438
2.59164	904128168.323865
2.59166	943952193.5172951
2.5916799999999998	946041090.4402479
2.5917	884972957.5469459
2.59172	769732812.0652981
2.59174	721938162.9371582
2.59176	817146641.3467517
2.59178	899083442.9518013
2.5918	905419825.9578664
2.5918200000000002	924229869.391673
2.5918400000000004	956026652.7572473
2.59186	885910807.8880016
2.5918799999999997	648216378.2541252
2.5919	722037909.2703568
2.59192	681020209.599683
2.59194	766760973.3152146
2.59196	729507901.1346608
2.59198	771507229.4534788
2.592	864310919.8808424
2.59202	930850636.3946763
2.5920400000000003	948767937.9470348
2.59206	785633511.188161
2.5920799999999997	587922390.1992954
2.5921	710869694.5624224
2.59212	826513592.1322107
2.59214	738703233.4195554
2.59216	784440485.8542088
2.59218	823606944.7817587
2.5922	848809047.3328233
2.59222	866941913.4531271
2.5922400000000003	955432477.6409487
2.59226	942757508.5274138
2.59228	888934987.7300816
2.5923	926125836.3799992
2.59232	908259606.4699135
2.59234	818634418.34447
2.5923599999999998	776264990.584865
2.59238	817090196.8060436
2.5924	610716987.0017545
2.59242	533298055.29065275
2.5924400000000003	541639090.2915388
2.59246	776676205.1887378
2.59248	845882421.7567358
2.5925	883018901.5269768
2.59252	804729644.3309072
2.59254	782239964.1210434
2.5925599999999998	697445055.9627368
2.59258	514683208.9061325
2.5926	555315761.2360035
2.59262	547041154.4900615
2.5926400000000003	530395706.69453645
2.59266	701390694.9745735
2.59268	907151869.6657053
2.5927	908782593.2407736
2.59272	837876480.9120349
2.59274	868940420.963349
2.5927599999999997	945692620.2168212
2.59278	893716960.8501974
2.5928	772040351.8799442
2.59282	806937688.6489985
2.5928400000000003	915840827.1903508
2.59286	885095229.5253844
2.59288	879629933.8442333
2.5929	815248484.2178495
2.59292	661347932.2006223
2.59294	762008823.1869571
2.5929599999999997	765667124.212022
2.59298	763396210.8868288
2.593	536957607.8106066
2.59302	529700033.00989383
2.5930400000000002	663223643.2868853
2.59306	807123514.3114328
2.59308	881617089.3599749
2.5931	666146882.8376245
2.59312	553082605.3960661
2.59314	550389322.4519213
2.5931599999999997	665028105.6561322
2.59318	665119989.0312171
2.5932	547507408.3346589
2.59322	683832913.5755936
2.59324	849239136.3714719
2.59326	757547727.9686441
2.59328	579722291.2369229
2.5933	616836408.7246352
2.5933200000000003	854161514.9785697
2.59334	915145187.0420159
2.5933599999999997	801179816.6545217
2.59338	601159895.1057829
2.5934	559383948.3048133
2.59342	695312440.7671363
2.59344	672434519.6630656
2.59346	737173984.1707
2.59348	890286934.7288953
2.5935	749152097.8317562
2.5935200000000003	840388304.8971332
2.59354	829449596.0926238
2.5935599999999996	885197135.7455347
2.5935799999999998	895014353.03118
2.5936	736495334.4176768
2.59362	838725795.1090677
2.59364	951962848.8321533
2.59366	900637446.499941
2.59368	818087957.9457483
2.5937	798160074.9646567
2.5937200000000002	918544074.7246875
2.59374	938296291.858788
2.59376	939680035.7033564
2.5937799999999998	907005665.8426074
2.5938	940480943.3238196
2.59382	928260776.922948
2.59384	831131992.898499
2.59386	890348435.695772
2.59388	907841433.7590445
2.5939	577297929.6482344
2.5939200000000002	530334646.1471505
2.5939400000000004	636473021.9065448
2.59396	906462829.3407478
2.5939799999999997	966985584.9156235
2.594	901529619.6767169
2.59402	780063576.7383264
2.59404	765614235.6275567
2.59406	708891877.1343169
2.59408	864689131.0003896
2.5941	835718469.0293294
2.59412	932545433.9928858
2.5941400000000003	966073123.3894426
2.59416	969482557.8317261
2.5941799999999997	956114710.1211429
2.5942	785235634.6100708
2.59422	554395887.4667548
2.59424	572941129.6369134
2.59426	537625673.974908
2.59428	595045259.9328032
2.5943	654410109.7850783
2.59432	847266431.3032764
2.5943400000000003	892668068.5682672
2.59436	729172027.6746448
2.59438	708989820.9320081
2.5944	560441129.9288235
2.59442	483481654.92591286
2.59444	530407919.64761853
2.5944599999999998	698441441.5000892
2.59448	813204924.6541524
2.5945	893264346.4427158
2.59452	884871077.1347792
2.5945400000000003	669822913.6051407
2.59456	535254096.7496172
2.59458	556211546.215079
2.5946	800571268.9353614
2.59462	807049178.9118662
2.59464	578056115.3247066
2.5946599999999997	511128385.31595963
2.59468	689017099.4523396
2.5947	847969047.5727448
2.59472	536586818.71637344
2.5947400000000003	488359904.3479414
2.59476	588992819.1337403
2.59478	792866374.8785484
2.5948	812849232.493874
2.59482	932910540.5333008
2.59484	878536885.2337321
2.5948599999999997	922040505.1772065
2.59488	934996531.9315038
2.5949	797774223.6470114
2.59492	559087780.0339453
2.5949400000000002	665058732.0373771
2.59496	871685857.6699985
2.59498	773107702.1728946
2.595	842849434.9544039
2.59502	601242954.1519443
2.59504	573799281.3738981
2.5950599999999997	797517093.0688982
2.59508	900616708.7951093
2.5951	768404677.7247623
2.59512	715237044.6271669
2.5951400000000002	869701061.2070124
2.59516	893470051.8413378
2.59518	881312642.1840134
2.5952	828113758.1472665
2.59522	883629080.0987711
2.59524	801751904.0664415
2.5952599999999997	729356738.9364198
2.59528	560763838.6507667
2.5953	653627024.5089412
2.59532	676534580.3431526
2.59534	840427007.0999397
2.59536	803137676.7813258
2.59538	709594106.7834047
2.5954	698650541.5048131
2.5954200000000003	814160447.092034
2.59544	866143798.0447142
2.5954599999999997	657945619.7971591
2.59548	638704535.3025898
2.5955	871023756.0674839
2.59552	969661159.5678965
2.59554	982629956.6781384
2.59556	968790786.7681401
2.59558	879832499.4418663
2.5956	815079555.6115997
2.5956200000000003	704563271.6618286
2.59564	705098839.6850779
2.5956599999999996	829182256.2264848
2.5956799999999998	748359024.1451072
2.5957	699922572.9279382
2.59572	709365397.5352308
2.59574	809692282.75723
2.59576	678500231.2276598
2.59578	712049195.3490709
2.5958	799024323.3320829
2.5958200000000002	914829161.6709652
2.59584	854082847.4185438
2.59586	804933495.5791079
2.5958799999999997	784241824.5075805
2.5959	671367014.891032
2.59592	741856660.1558295
2.59594	647187320.3208092
2.59596	790951765.8896782
2.59598	815548888.192006
2.596	565822222.1835076
2.59602	478200471.51191247
2.5960400000000003	511469805.1089353
2.59606	803378120.8358027
2.5960799999999997	753806711.740712
2.5961	816883266.8454648
2.59612	946956435.824769
2.59614	967943482.6851866
2.59616	903275019.961361
2.59618	811764397.4285351
2.5962	840252861.2220724
2.59622	839575970.2141516
2.5962400000000003	814816847.3526366
2.59626	847090868.2202005
2.59628	819218969.3228658
2.5963	884565506.2653224
2.59632	714463423.0613505
2.59634	703930852.0776151
2.59636	789896155.3578256
2.59638	789605200.4590164
2.5964	936159825.9004029
2.59642	904482149.0475907
2.5964400000000003	795701176.1401492
2.59646	621884883.0625081
2.59648	570729078.0991818
2.5965	722170925.8193725
2.59652	705894828.1821917
2.59654	870522498.7756816
2.5965599999999998	754918381.2702825
2.59658	856939180.7817326
2.5966	713197808.477099
2.59662	663208372.1739581
2.5966400000000003	883507010.6623698
2.59666	871344712.1967745
2.59668	718736995.761272
2.5967	543613207.8676088
2.59672	648186527.4740793
2.59674	793852834.8712221
2.5967599999999997	870602680.5532811
2.59678	946498652.4803252
2.5968	882693645.2595541
2.59682	822659277.8705884
2.5968400000000003	845746092.6060274
2.59686	927705219.3868324
2.59688	940026290.4006977
2.5969	910604935.7835281
2.59692	883222247.5531032
2.59694	797260045.3665316
2.5969599999999997	839962698.2774336
2.59698	775836129.207629
2.597	675056308.2424649
2.59702	693745213.9421241
2.5970400000000002	899621860.2980556
2.59706	894149215.812472
2.59708	870261958.9953586
2.5971	894870105.3869694
2.59712	962986059.0973297
2.59714	965272647.5985719
2.5971599999999997	979918597.3762729
2.59718	933318769.9468793
2.5972	748341792.7401605
2.59722	647127714.9107357
2.59724	649262022.0758282
2.59726	522564616.7798516
2.59728	492402217.4099369
2.5973	564014150.3766258
2.59732	829793445.4340787
2.59734	899290488.4011879
2.5973599999999997	902921511.6631347
2.59738	747325841.8065941
2.5974	663009879.7009461
2.59742	720924857.0650164
2.59744	547066347.2462924
2.59746	567061288.0137058
2.59748	749255604.1687264
2.5975	958980994.013931
2.5975200000000003	921064406.9125189
2.59754	879022516.8308859
2.5975599999999996	901674940.7943201
2.59758	892174898.2437723
2.5976	884667351.4953176
2.59762	712787376.9595784
2.59764	697284481.7913271
2.59766	630478091.7021173
2.59768	616694393.243445
2.5977	622071063.498344
2.5977200000000003	765896350.299958
2.59774	895117401.2983664
2.59776	658885575.560449
2.5977799999999998	519900218.55286264
2.5978	606568705.3043765
2.59782	738397129.9889493
2.59784	824650639.3114682
2.59786	739945954.3127228
2.59788	594497455.3068117
2.5979	637940243.7521988
2.5979200000000002	737445619.1369395
2.5979400000000004	734175689.8948311
2.59796	734953732.7890129
2.5979799999999997	661515462.5040251
2.598	668667168.6509277
2.59802	674388257.944527
2.59804	821031840.7754622
2.59806	652273898.3940941
2.59808	765861080.2817081
2.5981	822848723.979524
2.59812	725805074.0566903
2.5981400000000003	604797517.698959
2.59816	593362369.0977409
2.5981799999999997	666300286.4864107
2.5982	792866374.8785484
2.59822	581246030.5221368
2.59824	555264617.1195639
2.59826	681443730.1222842
2.59828	554600172.0880392
2.5983	713904303.590009
2.59832	788079444.6136932
2.5983400000000003	659644582.4482363
2.59836	645550170.2548167
2.59838	564676871.6165358
2.5984	570558263.8711278
2.59842	614115416.6859818
2.59844	747584003.5884304
2.5984599999999998	665518297.0439383
2.59848	735664839.858191
2.5985	956775398.9323158
2.59852	939377167.4686356
2.5985400000000003	812512404.4858521
2.59856	808816495.6090089
2.59858	802952768.7862451
2.5986	850021674.8387545
2.59862	873614834.4957
2.59864	854554961.4803001
2.5986599999999997	805767970.371017
2.59868	849552065.2716955
2.5987	637279575.8282673
2.59872	676955311.2920816
2.5987400000000003	791352538.814614
2.59876	747652861.7907165
2.59878	741122502.787336
2.5988	840098095.1799806
2.59882	805452622.7109174
2.59884	786502305.4586576
2.5988599999999997	738720242.885917
2.59888	646472417.6028738
2.5989	531691845.9431509
2.59892	665227202.3473818
2.5989400000000002	938598811.6042088
2.59896	884137884.3172388
2.59898	925337153.4777777
2.599	964517251.7098459
2.59902	960152020.1421144
2.59904	933447721.6075436
2.5990599999999997	885604877.9702739
2.59908	900160600.0762687
2.5991	566630568.4096028
2.59912	502805477.2806385
2.5991400000000002	630478091.7021173
2.59916	836796779.3099397
2.59918	843004707.8586905
2.5992	656916242.357593
2.59922	510128984.5367155
2.59924	578682034.9486268
2.5992599999999997	698891888.5298802
2.59928	564494870.6366318
2.5993	603934723.1053717
2.59932	924123469.6206658
2.59934	958693979.3786259
2.59936	965294874.0785524
2.59938	928560061.0790924
2.5994	859983264.8144194
2.5994200000000003	613352302.5887157
2.59944	686894438.3608488
2.5994599999999997	894725880.9908547
2.59948	886094416.5639985
2.5995	668990576.0767914
2.59952	655903577.9768281
2.59954	843587236.055732
2.59956	753268835.4617562
2.59958	699551995.8693836
2.5996	758944468.5037863
2.5996200000000003	670965206.4618793
2.59964	568368499.2873394
2.5996599999999996	763290751.087788
2.5996799999999998	901384321.9802192
2.5997	945257212.9347757
2.59972	852668069.6237358
2.59974	817748959.1176188
2.59976	793999081.4369044
2.59978	797719117.2592909
2.5998	586813369.618772
2.5998200000000002	643516964.0053327
2.59984	758717323.0533477
2.59986	880704063.198298
2.5998799999999997	928260776.922948
2.5999	944408745.2419182
2.59992	946760215.8575076
2.59994	907298097.055978
2.59996	793761444.4469986
2.59998	745538370.2828643
2.6	871424969.7065197
2.60002	855460576.3414555
2.6000400000000004	861529196.6820468
2.60006	843820360.0288398
2.6000799999999997	703801195.1649045
2.6001	614044718.1056055
2.60012	723519099.2704136
2.60014	868100487.283549
2.60016	869160537.8568554
2.60018	906233265.5566331
2.6002	812793084.7974001
2.60022	811708324.6672246
2.6002400000000003	890656004.2632642
2.60026	915629971.3233373
2.60028	881130024.3451624
2.6003	871786219.9902892
2.60032	931107875.467829
2.60034	926531096.8960495
2.60036	681020209.599683
2.60038	682637276.6025468
2.6004	773463813.4183053
2.60042	740713056.501466
2.6004400000000003	565353389.1523128
2.60046	594524833.5567816
2.60048	745023548.4551963
2.6005	873715418.9104395
2.60052	869400728.9707041
2.60054	899062741.0288117
2.6005599999999998	901695702.8661246
2.60058	832568547.0649245
2.6006	581513765.8547914
2.60062	564611864.5313692
2.6006400000000003	789132627.3086942
2.60066	984079081.1879967
2.60068	959997274.3924805
2.6007	940351020.0547882
2.60072	941954662.198432
2.60074	892483097.7580342
2.6007599999999997	746139445.3931706
2.60078	810214478.9817686
2.6008	796452720.3990567
2.60082	749376379.6367693
2.6008400000000003	885013712.996161
2.60086	806046320.8352196
2.60088	811222522.9527663
2.6009	783105005.6312432
2.60092	795298200.8894295
2.60094	677407498.9397941
2.6009599999999997	556224353.606677
2.60098	675118486.0895087
2.601	884422942.6405046
2.60102	857077314.1905018
2.6010400000000002	730970751.8685997
2.60106	879751467.6056751
2.60108	943995665.1232461
2.6011	871144100.7593902
2.60112	795005256.1700592
2.60114	802324399.9809223
2.6011599999999997	787934288.3849844
2.60118	778610040.8118514
2.6012	668851953.74532
2.60122	640663526.5669808
2.60124	779668521.0002686
2.60126	745280914.9157407
2.60128	817410100.7636329
2.6013	716159900.2141575
2.60132	626426324.6157854
2.60134	750948233.4770736
2.6013599999999997	888341599.8185216
2.60138	713394899.5420388
2.6014	739758561.3079419
2.60142	900761882.757008
2.60144	907716019.4934251
2.60146	899580432.1342862
2.60148	801382768.673015
2.6015	611758482.6531742
2.6015200000000003	741959158.5212139
2.60154	841802090.6471083
2.6015599999999997	778986623.184751
2.60158	642243917.6704319
2.6016	629433712.4513791
2.60162	566043750.6865736
2.60164	527132751.0377357
2.60166	603392628.2193049
2.60168	590173901.0334901
2.6017	568512476.3718573
2.6017200000000003	836796779.3099397
2.60174	814329185.2092448
2.60176	655903577.9768281
2.6017799999999998	621269452.3549626
2.6018	652604403.6529385
2.60182	882043492.1008822
2.60184	786122089.809678
2.60186	800405381.6123147
2.60188	821353287.950076
2.6019	818672118.720711
2.6019200000000002	661287022.6100566
2.6019400000000004	755579210.5833428
2.60196	944996064.7952784
2.6019799999999997	962121677.9017825
2.602	949576591.3638164
2.60202	876032059.4714273
2.60204	845064776.3600624
2.60206	919199966.8122276
2.60208	965050410.944591
2.6021	934415427.135422
2.60212	698103796.7607017
2.6021400000000003	674621223.6264036
2.60216	812437572.7740146
2.6021799999999997	903212626.0885212
2.6022	882612349.91423
2.60222	870362157.373819
2.60224	750187804.9798841
2.60226	760956795.9747446
2.60228	844034113.5979557
2.6023	826171101.8945266
2.60232	746586272.0178524
2.6023400000000003	878799902.3686517
2.60236	937238240.3964615
2.60238	790806080.6085695
2.6024	611364194.5007675
2.60242	746122265.0953219
2.60244	918522924.7092469
2.6024599999999998	908845371.8866029
2.60248	905148841.7123314
2.6025	891969491.0309558
2.60252	839807985.6804088
2.6025400000000003	829144071.8516694
2.60256	603781775.2558773
2.60258	692309035.9218805
2.6026	898028252.4100183
2.60262	832836978.7182221
2.60264	806807636.1417719
2.6026599999999998	823151928.5013335
2.60268	638998737.3482772
2.6027	614794537.3546425
2.60272	878759433.0694021
2.6027400000000003	925656808.8074578
2.60276	846661867.151408
2.60278	732925783.5836226
2.6028	891517761.6128515
2.60282	968590042.4790988
2.60284	923145166.2706623
2.6028599999999997	903920009.0857493
2.60288	937087187.6141418
2.6029	937518831.5940189
2.60292	906984781.5057908
2.6029400000000003	900430090.9376985
2.60296	925550244.7634357
2.60298	890922649.6305535
2.603	836661914.4737583
2.60302	622658613.1343423
2.60304	678468985.8567574
2.6030599999999997	670440127.5013357
2.60308	500622079.6454877
2.6031	497954888.1974547
2.60312	664033515.6617976
2.6031400000000002	848418246.3131535
2.60316	899808310.6463263
2.60318	787916145.7363938
2.6032	676846207.7804323
2.60322	794456275.6275362
2.60324	675818381.622851
2.6032599999999997	744097764.8692846
2.60328	920534352.1959071
2.6033	908677971.8007852
2.60332	883466324.5977601
2.60334	935621084.0627021
2.60336	932073155.2765291
2.60338	927812031.5457627
2.6034	824859536.8751838
2.6034200000000003	587137744.2906917
2.60344	510763671.35191494
2.6034599999999997	540592479.8999311
2.60348	689318604.2957667
2.6035	732773913.1619018
2.60352	870823218.5244718
2.60354	695056325.3784562
2.60356	641431080.7772578
2.60358	749324616.3382059
2.6036	649321824.0719092
2.6036200000000003	643235492.5924534
2.60364	859587319.0621393
2.6036599999999996	921255301.3171875
2.6036799999999998	774818532.7756209
2.6037	833374101.6909912
2.60372	916726952.2039427
2.60374	933254300.7969923
2.60376	868300397.8223406
2.60378	718902510.1253079
2.6038	752246195.5610611
2.6038200000000002	741190765.8359979
2.60384	623117574.0220186
2.60386	539958024.80433
2.6038799999999998	572888362.2388083
2.6039	643235492.5924534
2.60392	795353140.0403954
2.60394	741549250.0100251
2.60396	772058128.9706664
2.60398	677984866.562225
2.604	680173958.0509545
2.6040200000000002	802084271.2958935
2.6040400000000004	720410443.5244026
2.60406	571834034.2466329
2.6040799999999997	596787887.4374021
2.6041	793615241.651636
2.60412	920703936.5088738
2.60414	912052839.9742693
2.60416	909305881.1536828
2.60418	856110847.7198629
2.6042	579201929.5531237
2.60422	583001940.1050022
2.6042400000000003	635462606.8128992
2.60426	692627929.437364
2.6042799999999997	828132826.3907478
2.6043	789550658.347937
2.60432	636165334.3112222
2.60434	729524698.8682342
2.60436	864330821.6043696
2.60438	893387763.9979981
2.6044	918480626.1393363
2.60442	873252826.4716833
2.6044400000000003	809692282.75723
2.60446	794181927.5319076
2.60448	601713838.8923539
2.6045	610126656.8089893
2.60452	535291072.0698098
2.60454	635989579.6158919
2.6045599999999998	940221114.7340761
2.60458	966518118.9601256
2.6046	914239539.6058019
2.60462	877990870.376879
2.6046400000000003	880156701.4300184
2.60466	814460450.1446487
2.60468	867560958.6977056
2.6047	690907647.790196
2.60472	698747070.3119574
2.60474	593745047.3021953
2.6047599999999997	711393675.7282753
2.60478	689318604.2957667
2.6048	627624661.2800256
2.60482	871826368.1538148
2.6048400000000003	934436943.0934639
2.60486	841666419.115075
2.60488	715022980.426933
2.6049	793925954.7866117
2.60492	591984042.4254694
2.60494	586043697.817346
2.6049599999999997	775461069.8653693
2.60498	769289845.7488202
2.605	776533149.3209018
2.60502	659644582.4482363
2.6050400000000002	686862806.4313202
2.60506	715929074.7453655
2.60508	774782851.8851414
2.6051	837028026.7512698
2.60512	787771019.5856797
2.60514	655631785.0209016
2.6051599999999997	720012439.9834311
2.60518	774640144.753752
2.6052	737700367.8213733
2.60522	615247701.6418631
2.6052400000000002	654545738.9847075
2.60526	869941401.6936141
2.60528	939550223.0761589
2.6053	940979148.8377222
2.60532	847129879.0945622
2.60534	834660766.8304547
2.6053599999999997	714710232.6055093
2.60538	682291561.4824287
2.6054	774390470.5196848
2.60542	925337153.4777777
2.60544	926445764.1581508
2.60546	914787033.2012122
2.60548	826646821.1202599
2.6055	849747704.3867377
2.6055200000000003	893614073.8053952
2.60554	880906876.1518315
2.6055599999999997	842189844.1128247
2.60558	805230098.6709038
2.6056	581339723.8638933
2.60562	476804120.6276022
2.60564	506628946.73638654
2.60566	759661295.8445481
2.60568	706577819.20601
2.6057	754240762.6829921
2.6057200000000003	834449387.0828427
2.60574	885217518.3974918
2.60576	888259784.3013136
2.6057799999999998	829258630.2516875
2.6058	898276421.0702552
2.60582	901986422.0737442
2.60584	785506892.2319165
2.60586	660510916.880233
2.60588	765455591.7928814
2.6059	725404090.1562954
2.6059200000000002	618799565.3851181
2.6059400000000004	673364164.3115671
2.60596	741105438.007533
2.6059799999999997	761412495.9900347
2.606	744646238.4043462
2.60602	651718426.0694697
2.60604	803322627.3579482
2.60606	947741722.4520954
2.60608	880927160.0157735
2.6061	894437501.9279413
2.60612	969728143.7013557
2.6061400000000003	962697845.7810235
2.60616	934673651.3327545
2.6061799999999997	771365125.6584687
2.6062	742147108.9734454
2.60622	819634065.1563385
2.60624	624784144.9707016
2.60626	550756967.4779578
2.60628	707717606.4066899
2.6063	753286180.3173603
2.60632	688303534.9749349
2.6063400000000003	606624574.9195766
2.60636	743515454.3751554
2.60638	883344277.6453092
2.6064	692277154.6466635
2.60642	638366370.4010237
2.60644	758577575.0291849
2.6064599999999998	757251251.9206806
2.60648	665763528.2159994
2.6065	635287046.261532
2.60652	811465387.4555011
2.6065400000000003	658445751.792642
2.60656	673286644.8596863
2.60658	858894852.5991837
2.6066	702020832.4523922
2.60662	505929496.2546557
2.60664	520606996.0826234
2.6066599999999998	618742574.4634947
2.60668	809170423.0965323
2.6067	933490709.4535433
2.60672	965472704.3438151
2.6067400000000003	961966614.7064104
2.60676	851667353.5173458
2.60678	791662366.0650262
2.6068	903087851.2721416
2.60682	934479976.4958494
2.60684	921021991.3057226
2.6068599999999997	780584637.889554
2.60688	839537307.2021362
2.6069	847812860.2875051
2.60692	916726952.2039427
2.6069400000000003	937346150.1481727
2.60696	856662980.748652
2.60698	551899499.2233866
2.607	501325735.9115427
2.60702	620197483.8985517
2.60704	525508808.49469984
2.6070599999999997	506209160.49350685
2.60708	740798339.15274
2.6071	878961798.203746
2.60712	893552347.2640208
2.6071400000000002	929287295.8188868
2.60716	925422384.1041571
2.60718	900907080.120067
2.6072	726423691.8762631
2.60722	660495708.2294208
2.60724	895014353.03118
2.6072599999999997	926744463.1289927
2.60728	954794700.8739527
2.6073	939853147.106409
2.60732	932395137.5406325
2.60734	911611929.934908
2.60736	921149243.9862729
2.60738	827503806.1231552
2.6074	608120998.6140443
2.6074200000000003	585531144.2043992
2.60744	744234845.3681679
2.6074599999999997	586300142.8511373
2.60748	518596999.8602049
2.6075	686230473.6524204
2.60752	924719466.1456668
2.60754	813279827.0449648
2.60756	534699773.3371344
2.60758	501314192.59277856
2.6076	572980708.3750253
2.6076200000000003	854633672.5256406
2.60764	892750290.1221592
2.6076599999999996	853060828.2100779
2.6076799999999998	862819595.8842549
2.6077	815379897.3386921
2.60772	647187320.3208092
2.60774	633694590.7780652
2.60776	686783732.9802904
2.60778	655420468.3664963
2.6078	753320871.2267317
2.6078200000000002	824119138.7500948
2.60784	611575388.6827078
2.60786	542437867.5686862
2.6078799999999998	771436174.283913
2.6079	916536996.1238695
2.60792	945649070.4650033
2.60794	928624205.9511912
2.60796	829277724.8571234
2.60798	803452118.102854
2.608	867980563.0533386
2.6080200000000002	767838704.7724882
2.6080400000000004	851530092.0209429
2.60806	803452118.102854
2.6080799999999997	580751045.0803648
2.6081	669160042.3875313
2.60812	637822741.6392387
2.60814	712951521.2155249
2.60816	880176968.0203502
2.60818	750291454.4149692
2.6082	792154693.9787519
2.60822	581326338.176179
2.6082400000000003	571294443.4153397
2.60826	830041869.7157013
2.6082799999999997	857175994.5432501
2.6083	799576460.4602908
2.60832	622543925.7425148
2.60834	600081171.0846298
2.60836	799226729.3286824
2.60838	889610704.4092277
2.6084	911926843.9215689
2.60842	614044718.1056055
2.6084400000000003	587259431.0145664
2.60846	672666810.4310989
2.60848	694768308.3290681
2.6085	807830042.1835184
2.60852	534921433.780161
2.60854	518083785.07199216
2.6085599999999998	743344273.3236935
2.60858	677111203.9600396
2.6086	505929496.2546557
2.60862	563806398.1563667
2.6086400000000003	888730326.4483483
2.60866	887912152.4087094
2.60868	631029990.3107296
2.6087	502736016.93510056
2.60872	530481203.271894
2.60874	529968430.4529763
2.6087599999999997	671583472.9333302
2.60878	577005562.6329328
2.6088	541926015.3836888
2.60882	767096497.8579135
2.6088400000000003	753216803.2911566
2.60886	583297345.467068
2.60888	731172754.4578048
2.6089	911716889.1787585
2.60892	946106442.9007796
2.60894	893984522.6093255
2.6089599999999997	654681396.2940489
2.60898	498654795.55579764
2.609	519565134.5247344
2.60902	672403553.6220692
2.6090400000000002	796342693.9899085
2.60906	753442301.9912167
2.60908	711950828.9123768
2.6091	603100932.5457695
2.60912	695969167.2979907
2.60914	827618137.896434
2.6091599999999997	732116171.5620718
2.60918	763027165.3242964
2.6092	879994585.5058908
2.60922	707685015.5569177
2.6092400000000002	567231055.3140936
2.60926	779686473.7380981
2.60928	906588070.4597892
2.6093	862362772.2865125
2.60932	899994799.6372019
2.60934	922359021.6882458
2.6093599999999997	933447721.6075436
2.60938	934523011.880038
2.6094	866582670.5503808
2.60942	694368482.6317354
2.60944	781987840.3894968
2.60946	903108645.8777866
2.60948	871424969.7065197
2.6095	645238094.5301445
2.6095200000000003	649860289.9674741
2.60954	652048649.8721268
2.6095599999999997	681051572.4614886
2.60958	726942399.2141186
2.6096	626714871.0343373
2.60962	777141318.7936785
2.60964	854259859.6182033
2.60966	784512738.8202931
2.60968	539038766.7135489
2.6097	479082161.15049905
2.6097200000000003	516701830.3727034
2.60974	834449387.0828427
2.6097599999999996	872268120.0009811
2.6097799999999998	922252837.294142
2.6098	791881140.6839973
2.60982	527120613.4973275
2.60984	560208894.6484526
2.60986	846408468.6497234
2.60988	749100350.025496
2.6099	812418865.9229461
2.6099200000000002	941716110.0264919
2.60994	860300152.7270702
2.60996	756710917.8015041
2.6099799999999997	771542759.4924941
2.61	813130029.1617874
2.61002	729104871.5417
2.61004	754640310.2862117
2.61006	759696280.3455992
2.61008	732267905.6641278
2.6101	700373975.1863464
2.61012	828647834.9653392
2.6101400000000003	629071485.5478364
2.61016	586624233.8250825
2.6101799999999997	733871462.5851654
2.6102	815811832.4710976
2.61022	828190033.7556273
2.61024	753147432.6545192
2.61026	655314835.5817132
2.61028	824536717.4849476
2.6103	912262872.0815157
2.61032	898152328.168695
2.6103400000000003	959113491.2867873
2.61036	948069117.3822604
2.61038	842538974.9396311
2.6104	799466002.5203143
2.61042	818936069.9726669
2.61044	793176794.8201312
2.61046	890614988.9829167
2.61048	889651673.4395003
2.6105	819105797.8574551
2.61052	795353140.0403954
2.6105400000000003	848750415.7061343
2.61056	773606303.841496
2.61058	691369155.2173915
2.6106	833105496.9176098
2.61062	930100761.6193858
2.61064	826646821.1202599
2.6106599999999998	701035482.3650721
2.61068	614638839.2323589
2.6107	602781618.1269481
2.61072	859765472.0862943
2.6107400000000003	817523037.9436493
2.61076	730651028.5639935
2.61078	880967729.1448368
2.6108	910919501.9066564
2.61082	933985211.9970856
2.61084	802028867.1909121
2.6108599999999997	733094565.4129578
2.61088	862382629.1517671
2.6109	870121700.6441833
2.61092	889467327.6600829
2.6109400000000003	934867366.3095698
2.61096	931515316.0588242
2.61098	917825247.3349437
2.611	865645349.074184
2.61102	858894852.5991837
2.61104	803581629.7208807
2.6110599999999997	754414453.0327361
2.61108	825676644.3097736
2.6111	659006957.9481795
2.61112	758280695.9373271
2.6111400000000002	815642787.1327875
2.61116	817504213.9967659
2.61118	785633511.188161
2.6112	857946091.328278
2.61122	918776757.039147
2.61124	831151130.6402004
2.6112599999999997	804470271.9514316
2.61128	902775989.6382345
2.6113	859072862.1068025
2.61132	798215211.8137084
2.61134	856386869.737593
2.61136	865844694.2314218
2.61138	601963280.0979704
2.6114	624568389.4337233
2.61142	688747443.7473843
2.61144	841143319.4284502
2.6114599999999997	843703789.9904692
2.61148	713608476.3260049
2.6115	837471429.6518588
2.61152	847949522.58865
2.61154	916874723.0395612
2.61156	909557166.3684511
2.61158	849063164.5218402
2.6116	730617381.6154193
2.6116200000000003	862462061.1851419
2.61164	916705844.0288162
2.6116599999999996	915503481.1058142
2.61168	918459477.5848403
2.6117	853473419.4355683
2.61172	854476257.684181
2.61174	828209103.7554361
2.61176	772538265.1805012
2.61178	905086318.4049375
2.6118	888914519.4812187
2.6118200000000003	740917751.3608553
2.61184	599528730.3483948
2.61186	641150521.7202792
2.6118799999999998	759206643.9102062
2.6119	907256315.3965778
2.61192	868600349.9520957
2.61194	667728633.4642771
2.61196	759014373.0917461
2.61198	865386268.9821672
2.612	707391765.4379926
2.6120200000000002	739809663.78401
2.6120400000000004	802841844.4242555
2.61206	889754104.2698404
2.6120799999999997	854240189.7844793
2.6121	928902218.2716392
2.61212	918438329.517302
2.61214	822564571.1729571
2.61216	841860242.2839279
2.61218	800958473.0713615
2.6122	745727227.4082752
2.61222	725470905.4189808
2.6122400000000003	900139873.3511053
2.61226	940935816.1442851
2.6122799999999997	944734988.8037145
2.6123	851765410.9894991
2.61232	764680472.7908202
2.61234	712377181.6374454
2.61236	650938561.7366741
2.61238	628420002.3463401
2.6124	697236316.7493063
2.61242	873896500.041673
2.6124400000000003	766849255.0163724
2.61246	630768504.4580749
2.61248	790096249.0394124
2.6125	821788387.3955498
2.61252	909473396.9153354
2.61254	883771515.7577488
2.6125599999999998	752870013.9918633
2.61258	820464887.913353
2.6126	923102654.843559
2.61262	820672725.1574316
2.6126400000000003	559229406.159709
2.61266	563780434.5100527
2.61268	681773317.0572556
2.6127	755701005.378459
2.61272	842403184.6454543
2.61274	830653692.5433267
2.6127599999999997	796251016.9265611
2.61278	634380755.787698
2.6128	621684443.3707234
2.61282	622157011.7287582
2.6128400000000003	568146060.9640044
2.61286	740593677.2836051
2.61288	862680537.0036196
2.6129	888607552.2974002
2.61292	894066865.4186994
2.61294	947261747.7207868
2.6129599999999997	941369232.8912619
2.61298	863256784.0264997
2.613	832242710.6543866
2.61302	755318287.8316703
2.6130400000000003	647798592.4033542
2.61306	600067353.8641163
2.61308	765614235.6275567
2.6131	756885176.9909679
2.61312	682574406.2811952
2.61314	675227311.1028768
2.6131599999999997	832031943.28503
2.61318	602448600.7191584
2.6132	595346767.6094745
2.61322	667697884.1323589
2.6132400000000002	709381731.4651792
2.61326	885625270.0109471
2.61328	887973489.3257654
2.6133	930550613.9632936
2.61332	944126091.9533857
2.61334	794986950.7082896
2.6133599999999997	577537249.208902
2.61338	664783145.3738546
2.6134	677111203.9600396
2.61342	807327971.9662502
2.61344	894622877.7965151
2.61346	808016073.341605
2.61348	789532478.4814811
2.6135	851020457.2592368
2.6135200000000003	868520352.5874637
2.61354	916368179.3189958
2.6135599999999997	903171032.5676799
2.61358	862899068.1656101
2.6136	869420747.8927624
2.61362	933318769.9468793
2.61364	839962698.2774336
2.61366	768546236.1348765
2.61368	931536765.2385756
2.6137	877000821.1436338
2.6137200000000003	747515151.7279301
2.61374	593991185.0355413
2.6137599999999996	700438484.9840785
2.6137799999999998	845901899.1435236
2.6138	695856999.3618162
2.61382	831897846.3877898
2.61384	728416877.6830388
2.61386	534269029.8250174
2.61388	579962615.8196433
2.6139	699841996.0022744
2.6139200000000002	801456582.1528734
2.61394	799907925.8569434
2.61396	842422581.9189246
2.6139799999999997	851785023.8386794
2.614	837143674.4351562
2.61402	850511127.5103422
2.61404	905732600.8982015
2.61406	849415144.6919999
2.61408	889897527.2456387
2.6141	877000821.1436338
2.61412	723785702.6643531
2.6141400000000004	769608755.7924138
2.61416	936698877.952117
2.6141799999999997	963895604.8738399
2.6142	868640351.3975093
2.61422	659295330.7473909
2.61424	783195169.1169817
2.61426	820389323.7844566
2.61428	802398300.1922234
2.6143	634526844.1732551
2.61432	763712677.716904
2.6143400000000003	784675332.3274442
2.61436	574076805.0168281
2.61438	643428064.9922967
2.6144	718290297.296524
2.61442	771205290.1750429
2.61444	801548858.5635691
2.61446	834622330.1667116
2.61448	882734295.740146
2.6145	904357198.8522477
2.61452	770850218.7785703
2.6145400000000003	579949261.8406485
2.61456	721988034.3811994
2.61458	945409582.6757226
2.6146	927064604.6101568
2.61462	830902374.3664719
2.61464	765455591.7928814
2.6146599999999998	813916775.9814867
2.61468	696947396.3563195
2.6147	685267286.7698132
2.61472	652889974.7783861
2.6147400000000003	669144634.5855343
2.61476	700680449.6496025
2.61478	559190777.2950916
2.6148	529383011.27146083
2.61482	723569079.9254367
2.61484	641711762.6031991
2.6148599999999997	642658121.135356
2.61488	656447501.951699
2.6149	577630344.7175583
2.61492	680941808.7637521
2.6149400000000003	859488361.1113764
2.61496	918903699.5076919
2.61498	931858562.2081258
2.615	827599081.5039601
2.61502	750792628.6021147
2.61504	769449284.2484732
2.6150599999999997	635623579.9378442
2.61508	743344273.3236935
2.6151	892113271.11369
2.61512	877323979.7107581
2.6151400000000002	884830328.2540332
2.61516	848496392.1201062
2.61518	829888984.434526
2.6152	919115309.2652686
2.61522	952357486.1919188
2.61524	815680349.7361476
2.6152599999999997	669175450.5443072
2.61528	737157010.3078482
2.6153	762939323.6321467
2.61532	883893621.7394074
2.61534	917825247.3349437
2.61536	801050692.1318253
2.61538	781213968.3385621
2.6154	876435580.0505668
2.61542	850452378.3121843
2.61544	570610816.6493589
2.6154599999999997	582626186.0054159
2.61548	674093283.5671439
2.6155	702910450.1361854
2.61552	865485905.9937563
2.61554	836642649.8430307
2.61556	702263343.7357651
2.61558	838860992.6303146
2.6156	807123514.3114328
2.6156200000000003	872569442.770115
2.61564	888607552.2974002
2.6156599999999997	873232719.313767
2.61568	917360423.5163426
2.6157	921743322.3388641
2.61572	927790668.1301867
2.61574	889364929.8442196
2.61576	862263494.8182818
2.61578	767202483.4766226
2.6158	686625613.3866132
2.6158200000000003	735902028.4115325
2.61584	912683081.408891
2.61586	933211323.8377589
2.6158799999999998	862879199.4090482
2.6159	859448781.1209866
2.61592	747119376.5709815
2.61594	620011864.2087253
2.61596	783303379.0029616
2.61598	833853968.4903667
2.616	800460673.5670118
2.6160200000000002	779471068.1646503
2.6160400000000004	716555774.174604
2.61606	548276964.9208547
2.6160799999999997	580162962.4073331
2.6161	775121886.6966625
2.61612	883283260.4918194
2.61614	913965915.6970041
2.61616	895158623.9272416
2.61618	781034107.882764
2.6162	684415757.7042296
2.61622	807049178.9118662
2.6162400000000003	877687675.4363143
2.61626	794492862.5335222
2.6162799999999997	779273665.3344141
2.6163	840368954.4640796
2.61632	648694177.7386168
2.61634	616041543.0446657
2.61636	816056070.9253011
2.61638	899414738.5562576
2.6164	903004677.637527
2.61642	923123910.312397
2.6164400000000003	951436920.0534769
2.61646	844636801.3861152
2.61648	702182497.3344154
2.6165	624841692.3671561
2.61652	532770292.02057207
2.61654	578748662.0152781
2.6165599999999998	809860094.8289176
2.61658	616893224.0738208
2.6166	493048906.5614654
2.61662	540779226.1758538
2.6166400000000003	822110130.7703403
2.61666	861073056.2917928
2.61668	917571677.8805754
2.6167	938706878.0064902
2.61672	913608223.3792105
2.61674	871705929.2096955
2.6167599999999998	826932384.1295274
2.61678	776211369.9510101
2.6168	644881621.2881182
2.61682	802675486.6125693
2.6168400000000003	925443692.9873465
2.61686	955476477.9456911
2.61688	934630609.0115185
2.6169	890163945.5394205
2.61692	683014620.1569072
2.61694	733972857.6785235
2.6169599999999997	827789665.1756785
2.61698	790696834.2576519
2.617	617788756.418483
2.61702	549756027.950883
2.6170400000000003	761079457.6040746
2.61706	826875263.6370025
2.61708	612561926.5859987
2.6171	546248176.2388084
2.61712	791170344.1354394
2.61714	935061121.4346148
2.6171599999999997	949008276.4629152
2.61718	917613934.5909078
2.6172	712442797.0222607
2.61722	792957662.2481474
2.6172400000000002	949423550.0345485
2.61726	910164725.698675
2.61728	756815468.5001855
2.6173	524046711.4493263
2.61732	569259123.8035284
2.61734	876637410.0363697
2.6173599999999997	865764950.6603736
2.61738	902859142.2089357
2.6174	676705957.6741896
2.61742	681412349.2013694
2.61744	837182227.2137674
2.61746	919538674.9833196
2.61748	895715315.2601455
2.6175	739077532.1673232
2.6175200000000003	660115605.749267
2.61754	690923556.7098572
2.6175599999999997	773178911.3029585
2.61758	763220452.6489971
2.6176	605884719.9671037
2.61762	655858271.3276514
2.61764	764398805.9817395
2.61766	801401221.4056276
2.61768	726524057.9509923
2.6177	691209979.9127735
2.6177200000000003	818408252.5428727
2.61774	843781501.5599542
2.6177599999999996	722054534.999031
2.6177799999999998	715237044.6271669
2.6178	729474306.827835
2.61782	826513592.1322107
2.61784	894149215.812472
2.61786	745967660.2150007
2.61788	605982384.9164573
2.6179	525714553.64773506
2.6179200000000002	561009221.5498362
2.61794	525230575.5643317
2.61796	693010795.5563135
2.6179799999999998	675911755.8326322
2.618	538393737.9843639
2.61802	574923419.5160499
2.61804	705147547.8697009
2.61806	593061866.4007174
2.61808	737224908.1043351
2.6181	887891707.7112254
2.6181200000000002	855657576.0980926
2.6181400000000004	775014807.0475402
2.61816	607099674.4671297
2.6181799999999997	621355289.8310542
2.6182	789278004.2999226
2.61822	921043198.864957
2.61824	830921506.8209538
2.61826	747790597.2229736
2.61828	731155918.776786
2.6183	763308326.7091842
2.61832	759871227.0193387
2.6183400000000003	755057455.1839623
2.61836	732200464.4034134
2.6183799999999997	715467646.9758455
2.6184	735969810.6145918
2.61842	719448978.0036981
2.61844	603170371.1037397
2.61846	637264902.0926924
2.61848	594045896.1649649
2.6185	676254238.3240604
2.61852	699841996.0022744
2.6185400000000003	693218269.7295431
2.61856	621713073.6565909
2.61858	575426687.4954858
2.6186	700277221.62951
2.61862	718108388.6363972
2.61864	661104327.4946293
2.6186599999999998	663452752.1814644
2.61868	591262043.4434301
2.6187	568551749.1788756
2.61872	489959293.7963583
2.6187400000000003	528895655.9692275
2.61876	677423097.0034616
2.61878	713444180.8179684
2.6188	723452463.7674395
2.61882	729289565.7917225
2.61884	722170925.8193725
2.6188599999999997	687733215.4999608
2.61888	644688613.8515717
2.6189	581446820.4621207
2.61892	566161065.5931021
2.6189400000000003	570164272.2807478
2.61896	553515771.6515204
2.61898	650519021.3949949
2.619	725754938.9499961
2.61902	699407040.8698354
2.61904	700728852.61211
2.6190599999999997	690144450.2742082
2.61908	703947060.8710893
2.6191	711049769.5423433
2.61912	708402361.0659904
2.6191400000000002	671289725.3562402
2.61916	632106127.0562441
2.61918	609901919.2425504
2.6192	693489675.8347982
2.61922	661545927.1183499
2.61924	611885272.1268208
2.6192599999999997	622802002.0860344
2.61928	621369597.2300513
2.6193	658460913.2409222
2.61932	671135172.9789548
2.6193400000000002	725353982.7476311
2.61936	733668714.4183608
2.61938	667651762.7895149
2.6194	658051676.6484333
2.61942	714924203.1750289
2.61944	679281833.3266723
2.6194599999999997	634380755.787698
2.61948	540941125.1297663
2.6195	612434996.9019784
2.61952	684384239.9195383
2.61954	669237086.7193958
2.61956	681145669.7132446
2.61958	626123493.854959
2.6196	587286475.9335269
2.6196200000000003	598935423.7722746
2.61964	592515887.7066764
2.6196599999999997	599404501.2884393
2.61968	629926675.7838322
2.6197	657506423.4749978
2.61972	649291922.3853741
2.61974	590853755.1272691
2.61976	596513119.7312026
2.61978	654123873.7594461
2.6198	615658670.2927109
2.6198200000000003	615389383.9716477
2.61984	733280270.318029
2.6198599999999996	755544415.6759923
2.6198799999999998	754570808.5457754
2.6199	728987363.1914161
2.61992	618600120.1219505
2.61994	643546599.7390825
2.61996	723569079.9254367
2.61998	562522631.8373158
2.62	501522013.0025986
2.6200200000000002	589888595.6361188
2.62004	723319211.1721481
2.62006	572519126.5023412
2.6200799999999997	536117520.0725744
2.6201	666269602.9307898
2.62012	733803873.638202
2.62014	733145207.540598
2.62016	663926494.7296873
2.62018	648888384.3643551
2.6202	726457145.6938409
2.62022	731054912.8310373
2.6202400000000003	712065591.0764594
2.62026	724119095.0587916
2.6202799999999997	692404688.5571318
2.6203	641918659.3806276
2.62032	698521857.1716746
2.62034	741993327.7899435
2.62036	716687780.7840027
2.62038	686420112.3378437
2.6204	659705340.7575061
2.62042	717992652.5669166
2.6204400000000003	625647912.6980482
2.62046	646472417.6028738
2.62048	499367184.9005574
2.6205	479049068.47021466
2.62052	583969278.0745764
2.62054	692899104.4148972
2.62056	642672919.0558183
2.62058	659264969.7744753
2.6206	694704320.7498561
2.62062	664706613.7914208
2.6206400000000003	685204174.2267281
2.62066	674528027.6979228
2.62068	556314013.6055723
2.6207	583633215.0719494
2.62072	674590156.8862895
2.62074	601575305.1106892
2.6207599999999998	619797756.674512
2.62078	682103063.4001738
2.6208	678500231.2276598
2.62082	662384254.0286043
2.6208400000000003	605787070.7582139
2.62086	703736375.6643815
2.62088	619483866.0282758
2.6209	671382473.865813
2.62092	752800675.2942297
2.62094	752471403.6797369
2.6209599999999997	759049327.8002174
2.62098	763589591.6968402
2.621	768103952.6698548
2.62102	763079875.1941006
2.6210400000000003	752263516.8692403
2.62106	742796758.7586147
2.62108	753130090.9936613
2.6211	753355563.7337184
2.62112	740559572.4696792
2.62114	734936810.048753
2.6211599999999997	749290109.4589357
2.62118	736749754.828709
2.6212	627610209.8545119
2.62122	618272599.590676
2.6212400000000002	629941180.5485592
2.62126	721074271.7208943
2.62128	738771273.6350124
2.6213	659796488.7146419
2.62132	603865196.5531905
2.62134	650848637.462844
2.6213599999999997	719863245.3509682
2.62138	744029234.088447
2.6214	724652842.3412367
2.62142	701196920.33573
2.62144	641519703.8776699
2.62146	540829036.0770414
2.62148	527582036.5618065
2.6215	576819587.9931206
2.6215200000000003	686720480.7737797
2.62154	723652388.6898419
2.6215599999999997	725571139.852303
2.62158	712508418.4507545
2.6216	747377467.0299354
2.62162	650444131.9359928
2.62164	508358395.1577112
2.62166	555993865.6717081
2.62168	698055575.1243627
2.6217	678562726.2863405
2.6217200000000003	600025904.1114416
2.62174	640368558.0340296
2.6217599999999996	690875831.0497987
2.6217799999999998	746019191.6152408
2.6218	727511729.932399
2.62182	725938784.6070253
2.62184	691958422.6317539
2.62186	678906552.0166749
2.62188	728148568.4154222
2.6219	742659943.1406773
2.6219200000000003	601049167.5594411
2.62194	479987580.15419614
2.62196	502585552.43636906
2.6219799999999998	579415354.7416953
2.622	573997498.8536226
2.62202	623964670.2224082
2.62204	675429461.2411019
2.62206	666883542.599303
2.62208	567779881.7167577
2.6221	578948589.2457618
2.6221200000000002	709594106.7834047
2.6221400000000004	685646084.1231654
2.62216	695648735.4398556
2.6221799999999997	750516077.3215446
2.6222	741088373.6206565
2.62222	719995861.2751882
2.62224	639351958.6900457
2.62226	671784532.1761227
2.62228	518250822.4738539
2.6223	472748326.3432031
2.62232	523600436.58574945
2.6223400000000003	701358395.4831313
2.62236	725922069.4412256
2.6223799999999997	664400575.5567117
2.6224	614709606.2173954
2.62242	615091888.7546877
2.62244	705326173.335793
2.62246	694688324.7758878
2.62248	752922022.2062762
2.6225	740406120.2415009
2.62252	746586272.0178524
2.6225400000000003	704028110.4370186
2.62256	709381731.4651792
2.62258	722403763.7475702
2.6226	680095654.6377252
2.62262	669360376.1015817
2.62264	730651028.5639935
2.6226599999999998	734784522.9198511
2.62268	660404463.6782115
2.6227	703428564.552892
2.62272	693218269.7295431
2.6227400000000003	550744285.9761283
2.62276	514256749.0049923
2.62278	632921720.5371842
2.6228	714348274.4435631
2.62282	559049160.9521786
2.62284	593758718.9445443
2.6228599999999997	730112863.2824641
2.62288	711508348.0826373
2.6229	641357237.5458587
2.62292	529895217.6659904
2.6229400000000003	578548803.8252901
2.62296	716077454.0047123
2.62298	722287335.4012128
2.623	693298084.0266385
2.62302	706447674.748844
2.62304	693920951.0095844
2.6230599999999997	615573619.7793329
2.62308	580657446.6147738
2.6231	622830683.8385702
2.62312	718455708.7925979
2.6231400000000002	660723874.7658802
2.62316	684936010.759104
2.62318	731324293.0327673
2.6232	746689423.8483986
2.62322	721057668.5633566
2.62324	625345458.2417698
2.6232599999999997	526429235.4661438
2.62328	627321251.2121211
2.6233	756083916.8471018
2.62332	724419279.5126075
2.6233400000000002	719333025.8741539
2.62336	755353072.3252059
2.62338	745315237.160528
2.6234	713854990.5310221
2.62342	752627356.4877679
2.62344	717116970.2391584
2.6234599999999997	714940665.1026812
2.62348	652905008.2986975
2.6235	572585043.997091
2.62352	598742380.9197958
2.62354	715632408.4578283
2.62356	750792628.6021147
2.62358	754153932.504601
2.6236	669761223.4758868
2.6236200000000003	639661187.5274628
2.62364	720327507.9812433
2.6236599999999997	741463880.9119203
2.62368	735309200.360914
2.6237	744611946.967381
2.62372	671397933.1965568
2.62374	602240558.2737855
2.62376	627119059.3247355
2.62378	688795022.3785756
2.6238	712229569.1159286
2.6238200000000003	674776578.7889347
2.62384	699213814.2591571
2.6238599999999996	663361099.127755
2.6238799999999998	676238667.1740488
2.6239	691592062.2273047
2.62392	640545522.8529856
2.62394	717513373.2422129
2.62396	714562136.6497315
2.62398	668744156.2353395
2.624	721605774.6678522
2.6240200000000002	719415846.9167384
2.62404	713657772.3558055
2.62406	739162626.51106
2.6240799999999997	693250194.3457092
2.6241	626166746.4275333
2.62412	677984866.562225
2.62414	710247968.176422
2.62416	625014366.3618118
2.62418	631916943.2135365
2.6242	587097187.6529598
2.62422	562691040.3508798
2.6242400000000004	529578079.11091554
2.62426	575784540.3285904
2.6242799999999997	561164255.5440574
2.6243	662262249.5772436
2.62432	729423918.2682774
2.62434	725922069.4412256
2.62436	699390936.6129813
2.62438	701600677.9293612
2.6244	680377589.1206344
2.62442	634556065.8871536
2.6244400000000003	717133482.6577224
2.62446	760676500.7662266
2.62448	748255641.6666888
2.6245	731357972.536565
2.62452	746861375.2379187
2.62454	765843445.8816656
2.62456	751553670.1792756
2.62458	674947510.7892774
2.6246	516416369.27206993
2.62462	478619071.5843634
2.6246400000000003	578588769.9411935
2.62466	728819526.9714705
2.62468	686214672.7937459
2.6247	638939886.0998362
2.62472	596636749.5403816
2.62474	714315378.2472714
2.6247599999999998	747325841.8065941
2.62478	763712677.716904
2.6248	755457435.4176432
2.62482	719200532.0374788
2.6248400000000003	610351477.1870586
2.62486	490953092.52116734
2.62488	484607353.61503094
2.6249	625791990.0406551
2.62492	592502244.6812446
2.62494	581553936.7900901
2.6249599999999997	716671278.6279886
2.62498	751276838.5722684
2.625	741737096.6256951
2.62502	652724628.8994716
2.6250400000000003	601991002.1697968
2.62506	606890025.875185
2.62508	700422356.9776168
2.6251	711000653.6607726
2.62512	756954891.9024353
2.62514	758071204.1818018
2.6251599999999997	679782531.119376
2.62518	591316503.1980479
2.6252	609930006.910638
2.62522	673302148.0360895
2.6252400000000002	722586760.4968292
2.62526	745418213.3789915
2.62528	757634948.8946704
2.6253	731105414.0595993
2.62532	754049749.4853071
2.62534	759049327.8002174
2.6253599999999997	724185791.9636041
2.62538	643324364.9987913
2.6254	696385949.3832008
2.62542	737038204.210728
2.62544	631000930.9748708
2.62546	551353327.5627598
2.62548	604073800.2256609
2.6255	589386250.2405814
2.62552	572479579.6480718
2.62554	581928999.3621616
2.6255599999999997	618728327.5532333
2.62558	544904005.0691762
2.6256	542150671.4741671
2.62562	540107241.3342578
2.62564	688604727.571908
2.62566	759661295.8445481
2.62568	706252503.007874
2.6257	690366962.4222523
2.6257200000000003	733871462.5851654
2.62574	762921756.5072594
2.6257599999999996	769874615.1493336
2.62578	737734340.9610304
2.6258	727645754.8893183
2.62582	688382783.4097083
2.62584	648724051.8973624
2.62586	678000477.9204264
2.62588	657839580.0388545
2.6259	600329935.4658158
2.6259200000000003	567766808.2523552
2.62594	621727389.2939599
2.62596	662704622.661271
2.6259799999999998	694144680.7538729
2.626	716506277.9648438
2.62602	709594106.7834047
2.62604	629390234.2125837
2.62606	668821152.683785
2.62608	695664753.5283512
2.6261	699052832.8629841
2.6261200000000002	665334432.9456869
2.6261400000000004	704125382.2340893
2.62616	743686674.8470494
2.6261799999999997	728366562.165573
2.6262	729759907.7549126
2.62622	739639335.9241344
2.62624	707847984.8154621
2.62626	676051841.3372613
2.62628	668313139.9024701
2.6263	583203336.6194164
2.62632	569036336.9228348
2.6263400000000003	641342469.9197339
2.62636	530139299.6294345
2.6263799999999997	564923966.8074955
2.6264	724469322.3520296
2.62642	618728327.5532333
2.62644	635945648.5294749
2.62646	738278124.0242605
2.62648	754153932.504601
2.6265	742848071.1131765
2.62652	746380011.1046948
2.6265400000000003	733668714.4183608
2.62656	578748662.0152781
2.62658	581286182.962295
2.6266	730196925.4711396
2.62662	741395592.7095917
2.62664	732908907.5380812
2.6266599999999998	721173898.694866
2.62668	747188191.9775671
2.6267	656553317.315445
2.62672	567400873.439563
2.6267400000000003	487797982.7601945
2.62676	569613141.0826198
2.62678	651118447.5591207
2.6268	664676003.6254473
2.62682	706268765.2599521
2.62684	663559696.7491438
2.6268599999999998	619669327.6455514
2.62688	637910866.1947386
2.6269	714430521.5623939
2.62692	609817663.9987849
2.6269400000000003	538753370.2877984
2.62696	644718303.5430332
2.62698	743258697.5777882
2.627	739673398.3586254
2.62702	734378578.1634915
2.62704	731543237.5341121
2.6270599999999997	664339384.82025
2.62708	657597267.6194981
2.6271	711475582.6667762
2.62712	687780724.0683297
2.6271400000000003	730684677.0621057
2.62716	737411659.2931107
2.62718	722503574.4103415
2.6272	618429218.2041951
2.62722	634147084.3267639
2.62724	687147546.245257
2.6272599999999997	658430590.6934657
2.62728	731762247.5832489
2.6273	753303525.5723491
2.62732	746826981.7924814
2.6273400000000002	668867354.8080138
2.62736	593130149.1019499
2.62738	599487317.8012294
2.6274	677516692.9281807
2.62742	641076710.7875758
2.62744	686072481.4367458
2.6274599999999997	687859912.308808
2.62748	641475390.7969985
2.6275	722653316.2619134
2.62752	735478531.0554312
2.62754	676550158.3068951
2.62756	704563271.6618286
2.62758	748841664.6065886
2.6276	757495400.2328303
2.6276200000000003	756902605.1168717
2.62764	603253707.9266127
2.6276599999999997	505254278.7159198
2.62768	517809483.35265523
2.6277	664079387.0563519
2.62772	728115036.7067403
2.62774	705586072.9733222
2.62776	728752403.303545
2.62778	725805074.0566903
2.6278	675196216.4520457
2.6278200000000003	744251982.2060679
2.62784	758472780.9033027
2.6278599999999996	685046418.2980248
2.6278799999999998	637396977.8771741
2.6279	717496852.0764487
2.62792	712705319.0038719
2.62794	666039521.2984217
2.62796	612378592.1517808
2.62798	651448367.3544351
2.628	723735707.0460751
2.6280200000000002	688129220.5309265
2.62804	725370684.8325977
2.62806	733246502.2911825
2.6280799999999997	761026885.9134463
2.6281	738482145.993981
2.62812	654410109.7850783
2.62814	693936929.3139154
2.62816	726172837.3451806
2.62818	726841975.3474003
2.6282	669499103.8056875
2.6282200000000002	714693775.9837004
2.6282400000000004	657279368.014958
2.62826	665165935.4792851
2.6282799999999997	737207933.0689329
2.6283	764962243.3889025
2.62832	762658298.1679742
2.62834	726340064.0721534
2.62836	699503674.1984491
2.62838	708141424.0606865
2.6284	623203666.8431898
2.62842	698747070.3119574
2.6284400000000003	737428639.0195365
2.62846	740014108.9922749
2.6284799999999997	710722394.409092
2.6285	586624233.8250825
2.62852	540779226.1758538
2.62854	662475772.1168559
2.62856	729810319.5246063
2.62858	655586497.1458659
2.6286	672961160.6025517
2.62862	722836376.2269237
2.6286400000000003	770406609.4161867
2.62866	761009362.823561
2.62868	719316462.8098217
2.6287	625043149.9998312
2.62872	669083006.9252129
2.62874	669406615.4753312
2.6287599999999998	653657125.8389064
2.62878	644762840.643921
2.6288	718687348.8832693
2.62882	721240324.3245735
2.6288400000000003	648067138.0997324
2.62886	583445104.2737447
2.62888	696498202.5829169
2.6289	759241607.4732829
2.62892	759189162.7324594
2.62894	733162089.0272107
2.6289599999999997	753546401.0827405
2.62898	762149203.3286101
2.629	732740168.45313
2.62902	628984582.1135489
2.6290400000000003	580203040.0292101
2.62906	665947510.8940372
2.62908	709496079.5063015
2.6291	736495334.4176768
2.62912	745435377.4652607
2.62914	685267286.7698132
2.6291599999999997	571162913.1519905
2.62918	638836909.457001
2.6292	643798558.5864096
2.62922	615006916.5396641
2.6292400000000002	694304531.8761352
2.62926	742403481.7754002
2.62928	686135673.9575634
2.6293	732301628.6238936
2.62932	745195116.2185669
2.62934	718372998.2836368
2.6293599999999997	725454201.0263735
2.62938	708696030.1285652
2.6294	725086801.6843741
2.62942	739520129.7556367
2.62944	745366723.4914234
2.62946	737921221.1975204
2.62948	737140036.8358327
2.6295	725153587.7223624
2.62952	566161065.5931021
2.62954	558418760.0997078
2.6295599999999997	698586196.3751775
2.62958	738771273.6350124
2.6296	689048830.5930126
2.62962	705082604.3712217
2.62964	690828108.686401
2.62966	734987579.4385368
2.62968	761763220.1536357
2.6297	743532574.648275
2.6297200000000003	724369240.1299027
2.62974	562328376.9518965
2.6297599999999997	509694561.92131335
2.62978	581781624.5125202
2.6298	633957289.6433718
2.62982	747825035.0455633
2.62984	711131636.884902
2.62986	746448758.4100652
2.62988	718439165.9290026
2.6299	681412349.2013694
2.6299200000000003	734852202.1921078
2.62994	704352402.0286133
2.62996	642229129.6279751
2.6299799999999998	724502686.1654922
2.63	757722179.8629549
2.63002	696835070.760956
2.63004	648186527.4740793
2.63006	689699641.1086525
2.63008	698200250.0270501
2.6301	611321964.4169394
2.6301200000000002	679782531.119376
2.6301400000000004	665472326.2564363
2.63016	623835377.7623445
2.6301799999999997	608261039.7708763
2.6302	665334432.9456869
2.63022	678390878.7244071
2.63024	696947396.3563195
2.63026	703606754.5722507
2.63028	553643238.0425217
2.6303	578388966.9664332
2.63032	650668826.1813834
2.6303400000000003	554434185.1006768
2.63036	591234815.447038
2.6303799999999997	609115989.4613394
2.6304	684305451.8075979
2.63042	740474317.3058532
2.63044	751449846.3746835
2.63046	744577657.1095555
2.63048	671753596.0674669
2.6305	528846945.1223538
2.63052	526356511.6032405
2.6305400000000003	573191841.158763
2.63056	615672846.5206879
2.63058	536080487.665348
2.6306	478486842.51659024
2.63062	495986664.6675841
2.63064	548959114.2816241
2.6306599999999998	593198439.6649716
2.63068	749756086.4362158
2.6307	718306836.732253
2.63072	726590976.3712741
2.6307400000000003	755161777.4325608
2.63076	768528539.9075474
2.63078	771240806.3089235
2.6308	762131654.3967087
2.63082	688906051.9668102
2.63084	699584212.1711335
2.6308599999999998	547255329.9029691
2.63088	502354156.5211387
2.6309	650279405.4723706
2.63092	756728341.9148955
2.6309400000000003	687179191.2878404
2.63096	713542753.5831022
2.63098	761973732.1918247
2.631	759626312.9545525
2.63102	723652388.6898419
2.63104	633694590.7780652
2.6310599999999997	612731207.0871689
2.63108	729155238.0615293
2.6311	754831473.0826592
2.63112	770335655.6128043
2.6311400000000003	738278124.0242605
2.63116	703801195.1649045
2.63118	702441238.5855352
2.6312	614964434.834203
2.63122	657885023.5567156
2.63124	686894438.3608488
2.6312599999999997	693473707.8287407
2.63128	540779226.1758538
2.6313	563313293.2779186
2.63132	669175450.5443072
2.6313400000000002	678515854.4527078
2.63136	698843612.4559704
2.63138	668482434.6074878
2.6314	609859790.1656324
2.63142	672450003.2183352
2.63144	729591893.6704855
2.6314599999999997	730735152.7148035
2.63148	730869771.5028375
2.6315	735885083.8362074
2.63152	733719396.2081763
2.63154	737887239.4519116
2.63156	642495366.4967686
2.63158	653687228.5551183
2.6316	656870865.7584523
2.6316200000000003	655179047.016665
2.63164	698505773.2966939
2.6316599999999997	736800649.45661
2.63168	698634454.6668001
2.6317	681757618.8272202
2.63172	667974679.1043876
2.63174	756641225.3598471
2.63176	747016165.3443717
2.63178	758315616.8579389
2.6318	772538265.1805012
2.6318200000000003	746792589.9308841
2.63184	714019380.642382
2.6318599999999996	757059476.3097129
2.6318799999999998	752280838.5762619
2.6319	689651999.9907684
2.63192	583203336.6194164
2.63194	630957344.4801942
2.63196	679219272.0388355
2.63198	602018725.5182989
2.632	663483306.0133302
2.6320200000000002	703120888.0765921
2.63204	753719931.5314059
2.63206	744834869.5380862
2.6320799999999998	640781552.0200657
2.6321	685204174.2267281
2.63212	719217092.4323756
2.63214	630884707.0128375
2.63216	708190342.4268488
2.63218	740849513.4565979
2.6322	751121165.6066576
2.6322200000000002	755735807.4971979
2.6322400000000004	718058785.1795337
2.63226	707163766.0263697
2.6322799999999997	758472780.9033027
2.6323	739094550.2523311
2.63232	584063410.3873541
2.63234	547898359.3917477
2.63236	560596006.9318385
2.63238	598122307.3476269
2.6324	557006162.4154792
2.63242	591275657.9118443
2.6324400000000003	577284637.0252022
2.63246	590608917.4803648
2.6324799999999997	713197808.477099
2.6325	721456249.8786175
2.63252	635521137.7773329
2.63254	712885858.9776403
2.63256	766090364.4363837
2.63258	764082054.8342197
2.6326	692452519.8305702
2.63262	671104266.7737094
2.6326400000000003	744114898.5507531
2.63266	725637970.5015426
2.63268	670239470.6271225
2.6327	731459020.3544548
2.63272	699906456.8006537
2.63274	707717606.4066899
2.6327599999999998	729104871.5417
2.63278	719680938.3381472
2.6328	709528753.7605741
2.63282	702780981.1711476
2.6328400000000003	746242535.4880726
2.63286	768599327.2617571
2.63288	736037599.0609072
2.6329	687005161.5864415
2.63292	691273645.6364788
2.63294	680033018.3976275
2.6329599999999997	751657508.3286504
2.63298	778502479.2897162
2.633	752696679.2214146
2.63302	719217092.4323756
2.6330400000000003	657521563.2941927
2.63306	647530157.9867934
2.63308	683927395.1103723
2.6331	527108476.23639536
2.63312	543863608.6538528
2.63314	726942399.2141186
2.6331599999999997	732099314.1583214
2.63318	670625402.5500516
2.6332	683392172.2966506
2.63322	673364164.3115671
2.6332400000000002	645550170.2548167
2.63326	634643739.1035461
2.63328	624438971.8762826
2.6333	709136762.0023254
2.63332	717430771.2173965
2.63334	670193173.7237642
2.6333599999999997	727629000.4195307
2.63338	713082863.8358389
2.6334	741173699.4843981
2.63342	762904189.7868687
2.6334400000000002	731189590.5264841
2.63346	580858033.2299671
2.63348	591044254.5773205
2.6335	650818665.4655702
2.63352	715039444.6290416
2.63354	703460959.381338
2.6335599999999997	620583179.2990613
2.63358	673891533.335226
2.6336	741412664.1705307
2.63362	729961575.7292985
2.63364	726925660.9395075
2.63366	732841407.2416312
2.63368	700712717.9197663
2.6337	671351556.2722032
2.6337200000000003	656175483.6048588
2.63374	720427031.7788618
2.6337599999999997	741959158.5212139
2.63378	713017189.5014063
2.6338	688097531.7388897
2.63382	647828425.3179214
2.63384	604560822.4106683
2.63386	585207657.1272237
2.63388	603475995.7502542
2.6339	739724494.9516424
2.6339200000000003	746276902.0181433
2.63394	637925554.8043579
2.6339599999999996	595182289.9428781
2.6339799999999998	705943591.3536514
2.634	656130158.1737552
2.63402	667129276.8390774
2.63404	597379066.6599222
2.63406	535932383.6148771
2.63408	649516218.6029513
2.6341	684715249.0608734
2.6341200000000002	673534738.5241033
2.63414	689985556.935861
2.63416	675196216.4520457
2.6341799999999997	603420416.1165606
2.6342	614299271.0922356
2.63422	592816113.7579049
2.63424	650369251.0984622
2.63426	646919139.2028277
2.63428	585976230.9270052
2.6343	656825492.2937078
2.63432	718803196.9335911
2.6343400000000003	707685015.5569177
2.63436	548504253.8052053
2.6343799999999997	490987007.5307035
2.6344	583767617.059036
2.63442	682857368.3336204
2.63444	643635515.1294328
2.63446	522360104.3951285
2.63448	574314789.256352
2.6345	760921753.426137
2.63452	720178248.0631664
2.6345400000000003	601049167.5594411
2.63456	618187187.9745619
2.63458	549654768.4747317
2.6346	674217467.5762433
2.63462	667344368.5758196
2.63464	632746861.9616542
2.63466	650968539.2555023
2.63468	728500744.6029158
2.6347	746002014.086309
2.63472	722004658.9614484
2.6347400000000003	605480275.6898619
2.63476	590880965.574781
2.63478	601021488.859705
2.6348	624899245.0641686
2.63482	717397733.0701538
2.63484	704806661.2242569
2.6348599999999998	550287946.3293556
2.63488	564234970.9904908
2.6349	611406427.5018446
2.63492	661545927.1183499
2.6349400000000003	637573121.504743
2.63496	671150626.6153169
2.63498	751051987.9764953
2.635	663513861.2522815
