2.5775200000000003	243500579.9952023
2.57754	209247366.09014896
2.57756	360354541.6783022
2.5775799999999998	451169777.6301745
2.5776	385975732.4294368
2.57762	486317614.4249002
2.57764	529883016.51817185
2.57766	523950187.3681319
2.57768	463254876.86221224
2.5777	340776783.9610189
2.5777200000000002	221646052.0145264
2.5777400000000004	295801246.6551546
2.57776	523238871.1124278
2.5777799999999997	521891231.3026494
2.5778	483214546.90105504
2.57782	384113879.3537784
2.57784	409100490.3063509
2.57786	435291312.86229515
2.57788	352841776.49008024
2.5779	336899215.74149054
2.57792	279428049.9871479
2.5779400000000003	342775679.1572734
2.57796	369521744.89710116
2.5779799999999997	437925263.54192674
2.578	484049749.8249701
2.57802	328632113.6051449
2.57804	307985308.2868403
2.57806	434470206.14390045
2.57808	313451245.6085684
2.5781	355688644.1848511
2.57812	541352317.1131302
2.5781400000000003	534564359.3969712
2.57816	365308687.16044796
2.57818	313487335.09428215
2.5782	443302315.75042605
2.57822	539995325.0715842
2.57824	514292273.82968765
2.5782599999999998	354821559.207844
2.57828	264941505.61389557
2.5783	360885971.2312456
2.57832	276496730.3377738
2.5783400000000003	252080934.4068097
2.57836	279254384.1237336
2.57838	383592405.2651855
2.5784	352914904.4063907
2.57842	285193747.5357516
2.57844	421056135.36298305
2.5784599999999998	508908846.0345003
2.57848	520487135.6917419
2.5785	480363499.4485864
2.57852	412923880.4805701
2.5785400000000003	455417798.9448753
2.57856	499620212.77904356
2.57858	497760007.1465765
2.5786	376313674.4867479
2.57862	364594405.1970482
2.57864	442843220.05378485
2.5786599999999997	408291181.6028956
2.57868	333441767.9705522
2.5787	381583862.72463685
2.57872	512991300.2110744
2.5787400000000003	478574991.1687943
2.57876	356754943.67892224
2.57878	376946747.2073119
2.5788	508639402.0266481
2.57882	495085264.07370275
2.57884	422172558.05682725
2.5788599999999997	388105681.10063857
2.57888	241679603.6327303
2.5789	280472315.54684025
2.57892	357585582.37709165
2.5789400000000002	470652099.1281352
2.57896	554625712.9579103
2.57898	479225589.18355584
2.579	336705336.77169603
2.57902	252412001.16448092
2.57904	367654596.5097751
2.5790599999999997	545682467.0645064
2.57908	578708684.8548054
2.5791	552166430.8221661
2.57912	582210455.0228289
2.57914	568774346.3356712
2.57916	429318892.14955854
2.57918	409373758.2537397
2.5792	446077173.2433773
2.5792200000000003	485612659.61798126
2.57924	501995703.3789463
2.5792599999999997	450111387.0637366
2.57928	511104847.5259297
2.5793	354690862.19133687
2.57932	234163930.9161642
2.57934	307199143.14105517
2.57936	470782163.0771979
2.57938	374050293.62889946
2.5794	448177448.69064933
2.5794200000000003	532108259.26679516
2.57944	555750676.4666423
2.5794599999999996	512424634.4818772
2.5794799999999998	479038038.0847689
2.5795	466423045.13417137
2.57952	306069461.90042955
2.57954	254923574.81556532
2.57956	402179564.96117586
2.57958	474547838.9524366
2.5796	340800324.80036545
2.5796200000000002	396652321.09892476
2.57964	527169165.3358622
2.57966	459441266.0187554
2.5796799999999998	502065061.4393234
2.5797	561332257.3857458
2.57972	543262840.4375987
2.57974	351252965.8900871
2.57976	358806250.5306062
2.57978	493298732.98697037
2.5798	396177675.9371924
2.5798200000000002	443281901.3944096
2.5798400000000004	539249809.0628998
2.57986	460542803.12612754
2.5798799999999997	448321947.3195572
2.5799	545305653.132159
2.57992	557891828.1143304
2.57994	516713728.00900036
2.57996	447960788.0676216
2.57998	397749827.5278236
2.58	460553407.63814723
2.58002	499286702.9063012
2.5800400000000003	494014845.52270776
2.58006	472302234.21309745
2.5800799999999997	444887291.483763
2.5801	532279818.35375565
2.58012	492492929.6050261
2.58014	426726879.5945808
2.58016	458711892.7792783
2.58018	471976092.0464146
2.5802	504219920.96935225
2.58022	414514760.5001551
2.5802400000000003	472236987.7552341
2.58026	511375597.5661376
2.58028	498620350.8925232
2.5803	521674970.3076007
2.58032	513062177.47423106
2.58034	516939835.15755135
2.5803599999999998	526635340.9811463
2.58038	466777592.80693215
2.5804	557211408.8747572
2.58042	554766208.7687275
2.5804400000000003	530652237.77342486
2.58046	505871252.32170135
2.58048	514067324.7125008
2.5805	343455124.00686747
2.58052	351390487.0772736
2.58054	437763955.6283777
2.5805599999999997	407718107.7953292
2.58058	465275302.336313
2.5806	495769722.3411467
2.58062	567858328.8250712
2.5806400000000003	557634968.5815797
2.58066	466616401.37626773
2.58068	335027147.7553755
2.5807	320516210.95331186
2.58072	463350888.3498615
2.58074	554178917.5047929
2.5807599999999997	551353327.5627598
2.58078	442292932.77077454
2.5808	421162795.8039891
2.58082	513404888.9875206
2.5808400000000002	583807943.6902378
2.58086	575784540.3285904
2.58088	439339245.64447564
2.5809	290542721.3466845
2.58092	368960606.9150375
2.58094	540941125.1297663
2.5809599999999997	564780898.5212296
2.58098	558341617.0259267
2.581	539721849.6036153
2.58102	437280388.3027128
2.5810400000000002	237044563.80580673
2.58106	214496396.24582574
2.58108	374800360.5517047
2.5811	493253300.5868828
2.58112	358632794.26676995
2.58114	415078271.9356611
2.5811599999999997	462657918.90465975
2.58118	454778578.64369166
2.5812	393713222.11943436
2.58122	411670739.920022
2.58124	501637506.00980675
2.58126	502400427.17963725
2.58128	459113433.22725064
2.5813	391426297.6360813
2.5813200000000003	296087450.1917635
2.58134	299384974.34108204
2.5813599999999997	516773220.29995906
2.58138	541901059.3430355
2.5814	406621183.43387944
2.58142	383433452.4599277
2.58144	321943751.1799791
2.58146	209700757.8544648
2.58148	217455301.44514158
2.5815	366302598.9213047
2.5815200000000003	453628153.1692428
2.58154	491643158.4090647
2.5815599999999996	465253876.1101687
2.5815799999999998	462551400.24582183
2.5816	471737064.2684882
2.58162	502145991.28815526
2.58164	503025498.36113465
2.58166	480883637.42991537
2.58168	454265756.4740401
2.5817	324279877.2863435
2.5817200000000002	336790629.7687407
2.58174	430913400.55666745
2.58176	333787447.14960146
2.5817799999999997	340800324.80036545
2.5818	453638598.4637303
2.58182	520523090.9111698
2.58184	509776721.59944254
2.58186	482214205.42500156
2.58188	372443157.6241153
2.5819	320294882.6513781
2.58192	356344450.7154243
2.5819400000000003	301154945.8791564
2.58196	384839817.47912115
2.5819799999999997	503025498.36113465
2.582	436696790.41069
2.58202	529578079.11091554
2.58204	512330251.06920576
2.58206	385931297.8889563
2.58208	422824359.8253116
2.5821	513014924.87746143
2.58212	328163292.2184838
2.5821400000000003	323496808.174531
2.58216	524143253.3125534
2.58218	450754426.214181
2.5822	383486429.4084683
2.58222	450474280.1922626
2.58224	541289995.2119641
2.5822599999999998	582840872.9690963
2.58228	543400457.8460075
2.5823	514375174.6311459
2.58232	529285504.2980409
2.5823400000000003	474493207.7583272
2.58236	539684568.2267247
2.58238	426147553.9763837
2.5824	302454464.8705342
2.58242	383813282.37116593
2.58244	505882900.57185155
2.5824599999999998	385416230.90232897
2.58248	308439506.7934923
2.5825	431747667.51315403
2.58252	374326005.634127
2.5825400000000003	424472930.86868584
2.58256	454684343.43451333
2.58258	470630425.2970476
2.5826	409939719.86407924
2.58262	347008409.71270865
2.58264	375249394.37808216
2.5826599999999997	470576245.08589125
2.58268	525266858.46029526
2.5827	474515059.4812153
2.58272	332828110.9076684
2.5827400000000003	392301528.2765574
2.58276	497324666.41858387
2.58278	466530455.37483305
2.5828	450930903.8238854
2.58282	251767692.7758854
2.58284	226934225.63550588
2.5828599999999997	354552049.359897
2.58288	389502276.22174937
2.5829	415078271.9356611
2.58292	333695231.0103152
2.5829400000000002	308880150.3410947
2.58296	405088579.99820524
2.58298	244106868.8098945
2.583	228023706.0785168
2.58302	260705383.9011492
2.58304	354707196.6852884
2.5830599999999997	464237266.1026779
2.58308	471443877.4371214
2.5831	414896718.57468975
2.58312	400894409.47558326
2.58314	407952876.77007675
2.58316	325971777.0037201
2.58318	295202478.8579832
2.5832	321854807.12275004
2.5832200000000003	407436563.3573832
2.58324	520906767.83271444
2.5832599999999997	517142225.41966325
2.58328	492878642.9072949
2.5833	385993507.67807823
2.58332	399871084.0006671
2.58334	405172536.2804549
2.58336	367646131.04730356
2.58338	513629548.2315247
2.5834	551607293.626724
2.5834200000000003	492062195.46120733
2.58344	376339670.2123136
2.5834599999999996	288502778.4360402
2.5834799999999998	307737201.44261134
2.5835	444825832.2785849
2.58352	488135058.07752913
2.58354	431906758.5359073
2.58356	440139149.59168816
2.58358	510740150.35719484
2.5836	517809483.35265523
2.5836200000000002	437209912.71127665
2.58364	456867221.30817
2.58366	408620358.04343843
2.5836799999999998	540045062.7694868
2.5837	515940951.1903313
2.58372	459420108.45372605
2.58374	358855824.8704257
2.58376	408093803.0376856
2.58378	417243903.7252555
2.5838	332223232.8369371
2.5838200000000002	411367521.43269145
2.5838400000000004	483414864.08068365
2.58386	476913921.47445
2.5838799999999997	272590050.4384583
2.5839	165013699.11872303
2.58392	208948857.1001132
2.58394	368451220.9513873
2.58396	489711158.59789366
2.58398	459769332.90129787
2.584	324444188.9429092
2.58402	285029624.06089467
2.5840400000000003	486440806.6714134
2.58406	542225577.5316321
2.5840799999999997	457456707.6482083
2.5841	363295484.5584753
2.58412	403106684.6084786
2.58414	534305937.0968472
2.58416	448776389.23715997
2.58418	495222080.08852226
2.5842	553719731.9664177
2.58422	510693111.6171776
2.5842400000000003	331665272.1504347
2.58426	361310015.19922185
2.58428	516666139.1074853
2.5843	529822014.99302614
2.58432	489677331.7178356
2.58434	535500647.13641185
2.5843599999999998	565080082.6352594
2.58438	506430670.9811236
2.5844	419063658.3659617
2.58442	518692537.7569928
2.5844400000000003	556429311.9838823
2.58446	544853819.8667603
2.58448	495746891.8273971
2.5845	415154739.22165173
2.58452	211529040.77634433
2.58454	220551491.96658477
2.5845599999999997	440534575.6724753
2.58458	459303759.26081795
2.5846	349011711.1241128
2.58462	323087384.0705843
2.5846400000000003	416744618.1050005
2.58466	538282176.7787535
2.58468	572664155.0089664
2.5847	437874848.43492377
2.58472	362493313.46095747
2.58474	491394170.4334731
2.5847599999999997	509225332.0027443
2.58478	545355879.9518754
2.5848	498792598.00488734
2.58482	413313889.41991377
2.5848400000000002	292954382.97694266
2.58486	300289398.4881841
2.58488	312176351.08481693
2.5849	381935476.34945273
2.58492	306972873.8183664
2.58494	348842989.79510254
2.5849599999999997	444559607.15141886
2.58498	474897627.57306474
2.585	481016528.848098
2.58502	274555406.3828851
2.5850400000000002	254471998.17253202
2.58506	316468143.9734445
2.58508	281721505.1329742
2.5851	249074920.28692228
2.58512	362484966.84005326
2.58514	495073864.4454586
2.5851599999999997	552420771.42025
2.58518	473129470.04248
2.5852	422415650.07733667
2.58522	498539989.2639863
2.58524	561849501.664204
2.58526	537947631.8431448
2.58528	531569433.46509594
2.5853	504475407.71488154
2.5853200000000003	494663652.5954581
2.58534	545142447.9131396
2.5853599999999997	491100074.4839571
2.58538	438116893.8920617
2.5854	464226576.7676569
2.58542	377554803.4838132
2.58544	320730307.0229742
2.58546	282546544.29644424
2.58548	445953934.592279
2.5855	532120511.65331143
2.5855200000000003	551492994.4245623
2.58554	508955720.43001604
2.5855599999999996	436998554.08009636
2.5855799999999998	368697336.29773235
2.5856	345390191.361321
2.58562	475576076.89862996
2.58564	422085079.1798852
2.58566	488742380.72491765
2.58568	501764579.0367086
2.5857	408563908.9541862
2.5857200000000002	495187872.54064196
2.58574	582706684.3481568
2.58576	594839774.0692211
2.5857799999999997	573376646.162653
2.5858	582210455.0228289
2.58582	535771983.73355126
2.58584	516773220.29995906
2.58586	460988402.9351377
2.58588	337535922.71369576
2.5859	403645392.96760476
2.58592	541776296.3773421
2.5859400000000003	521146709.5087763
2.58596	530188129.512041
2.5859799999999997	456541225.21773106
2.586	495415967.5001244
2.58602	541140451.9202085
2.58604	435602135.32115966
2.58606	388660137.5188279
2.58608	410941498.2604281
2.5861	444058308.2051062
2.58612	378521018.5067046
2.5861400000000003	434550245.88520855
2.58616	560402417.3641844
2.58618	501729919.56462085
2.5862	454422681.40632266
2.58622	345143739.3358564
2.58624	384326207.1909511
2.58626	531104523.02468115
2.58628	453043600.3683344
2.5863	498425209.40425926
2.58632	524553754.68819386
2.5863400000000003	567505402.1701547
2.58636	520175627.8074583
2.58638	421754766.9781462
2.5864	532708958.1046841
2.58642	557827602.1411997
2.58644	552230004.9913423
2.5864599999999998	541314923.1114241
2.58648	489688607.08489305
2.5865	486754527.7702984
2.58652	521074715.4033933
2.5865400000000003	505324086.99621385
2.58656	316082171.2758351
2.58658	296080632.6047641
2.5866	498792598.00488734
2.58662	548175977.8730897
2.58664	597805628.8836282
2.5866599999999997	529443962.2515257
2.58668	518405976.8547204
2.5867	566996006.4282585
2.58672	483581858.4969018
2.5867400000000003	470500403.2688911
2.58676	442649522.42993855
2.58678	493219229.0327754
2.5868	440281056.5614175
2.58682	247138268.7293515
2.58684	271331365.21507007
2.5868599999999997	484651989.65730095
2.58688	521302730.8628158
2.5869	540816583.1716486
2.58692	504638057.58703715
2.5869400000000002	545682467.0645064
2.58696	487708135.3266227
2.58698	428420259.5684322
2.587	448972767.89754194
2.58702	381434524.97150207
2.58704	463948740.4315774
2.5870599999999997	427247962.21115094
2.58708	352322192.5702616
2.5871	425863089.07111984
2.58712	430635669.9597562
2.58714	458722455.1325439
2.58716	444856560.81981105
2.58718	273363168.7241858
2.5872	233813724.5102347
2.58722	290034726.46519315
2.58724	208751689.9488978
2.5872599999999997	185148415.62383842
2.58728	216745455.3027439
2.5873	199351725.92467195
2.58732	336899215.74149054
2.58734	493276016.2638657
2.58736	391101966.82966316
2.58738	335498049.7818773
2.5874	396661454.46129394
2.5874200000000003	450204674.5088073
2.58744	478376679.53298223
2.5874599999999996	533371738.22950613
2.58748	444375390.79131436
2.5875	421774189.9501611
2.58752	390256369.45279837
2.58754	364661572.15455574
2.58756	318595766.0604877
2.58758	369062568.5841208
2.5876	456436114.8175254
2.5876200000000003	513097619.7780005
2.58764	545481467.2420467
2.58766	540953580.9028767
2.5876799999999998	403227367.0374503
2.5877	347880431.42931753
2.58772	386981318.51352876
2.58774	244540051.87581307
2.58776	300102767.19735736
2.58778	438096718.3280465
2.5878	309485281.7339422
2.5878200000000002	342957259.3738638
2.5878400000000004	453304468.3051292
2.58786	553031666.9514086
2.5878799999999997	549819324.596198
2.5879	480197616.4222603
2.58792	510728390.2660228
2.58794	589074197.1201155
2.58796	601104528.7830161
2.58798	584386264.9556606
2.588	588288014.000816
2.58802	555302974.7652746
2.5880400000000003	511823237.9909035
2.58806	499562695.1873808
2.5880799999999997	539237392.5201341
2.5881	477056700.37803143
2.58812	277485312.1528497
2.58814	261095868.6585933
2.58816	419739653.8205208
2.58818	414562486.0228219
2.5882	265472781.38943708
2.58822	297735074.871075
2.5882400000000003	406087853.97181404
2.58826	505906197.8768
2.58828	440585297.00951856
2.5883	270800835.5367747
2.58832	236270771.821543
2.58834	341601681.66263163
2.5883599999999998	323802352.7385567
2.58838	276172225.71367633
2.5884	427267638.15997815
2.58842	454328519.94303346
2.5884400000000003	304740376.6587183
2.58846	273142952.78759503
2.58848	406274907.4069532
2.5885	521314734.4399813
2.58852	523226823.23088807
2.58854	516808918.96233726
2.5885599999999998	522648851.03291756
2.58858	470197158.21390307
2.5886	435762646.64394623
2.58862	420387699.37308294
2.5886400000000003	505184480.0793298
2.58866	578056115.3247066
2.58868	537204942.8739029
2.5887	551391415.01683
2.58872	355492137.6778433
2.58874	282110986.7582559
2.5887599999999997	386669574.0532296
2.58878	349164434.0701766
2.5888	429032310.29112995
2.58882	483236800.2657032
2.5888400000000003	436908003.09091574
2.58886	464879076.832862
2.58888	556903567.5382034
2.5889	532905251.4939754
2.58892	535747311.09000546
2.58894	551175620.8938068
2.5889599999999997	543075236.4998188
2.58898	452032853.2467093
2.589	345899552.37597984
2.58902	452313968.5316029
2.5890400000000002	282520521.9963947
2.58906	231840871.14651433
2.58908	348569994.8428897
2.5891	464269335.58456075
2.58912	514872860.14054775
2.58914	495530054.37651676
2.5891599999999997	494583928.65994596
2.58918	537254423.5562717
2.5892	441763672.78806114
2.58922	285739315.4830976
2.58924	245493501.31433234
2.58926	386571649.0994991
2.58928	359683072.9823941
2.5893	267405293.36762568
2.5893200000000003	388409639.82753015
2.58934	520571035.0674339
2.5893599999999997	516035999.7798078
2.58938	485590296.8434878
2.5894	495986664.6675841
2.58942	463553644.61985075
2.58944	236613761.67782286
2.58946	189256149.52970746
2.58948	320855878.0981571
2.5895	452324383.5655225
2.5895200000000003	474941369.27533185
2.58954	405107235.4462734
2.5895599999999996	398538241.31612134
2.5895799999999998	458690768.8023526
2.5896	419778315.0517023
2.58962	519888247.545752
2.58964	447177558.0269846
2.58966	332131448.84633017
2.58968	245448283.90501294
2.5897	375863367.11329305
2.5897200000000002	391273107.9194369
2.58974	434080223.47211766
2.58976	486743319.9621381
2.5897799999999997	395403036.3565594
2.5898	350727645.7083018
2.58982	429447422.0119672
2.58984	363404248.2758375
2.58986	434720379.29761934
2.58988	476595568.6592681
2.5899	405564562.39302725
2.58992	342042443.2574285
2.5899400000000004	482380785.0767881
2.58996	448507799.72948277
2.5899799999999997	385851328.60655636
2.59	303284349.62418085
2.59002	422678346.6821567
2.59004	457025044.90976226
2.59006	422600493.6240918
2.59008	536166900.5949894
2.5901	474493207.7583272
2.59012	564806908.2416749
2.5901400000000003	622228644.325218
2.59016	601603009.3151958
2.59018	542562782.8843174
2.5902	509237057.4843224
2.59022	507902090.0708184
2.59024	401661309.66876584
2.59026	351463314.20785576
2.59028	444866804.13859546
2.5903	418330953.06024194
2.59032	394802596.2877777
2.5903400000000003	487225488.82568127
2.59036	432742948.6763491
2.59038	422639418.3604914
2.5904	326249609.10649836
2.59042	247058613.60384274
2.59044	308056232.6899727
2.5904599999999998	393070091.6496312
2.59048	502724441.14378965
2.5905	511705399.9022311
2.59052	374921201.38912773
2.5905400000000003	294632058.46636254
2.59056	414858506.9344547
2.59058	411253872.0879416
2.5906	388329157.0049548
2.59062	432434166.3806318
2.59064	355393925.1394053
2.5906599999999997	430041135.57962435
2.59068	520571035.0674339
2.5907	523901931.99477154
2.59072	474067300.23627484
2.5907400000000003	444723419.13674796
2.59076	535599299.08690476
2.59078	434500219.319108
2.5908	380084360.6200692
2.59082	449987033.8721505
2.59084	378242216.64025015
2.5908599999999997	375016175.09292674
2.59088	433091838.8555511
2.5909	409147592.452242
2.59092	431459464.38212335
2.5909400000000002	376521690.5801437
2.59096	392617813.3851195
2.59098	467972141.30256325
2.591	508557425.648005
2.59102	456415095.64163476
2.59104	429249699.69627607
2.5910599999999997	326798459.0198086
2.59108	451398384.02467465
2.5911	324152966.1850328
2.59112	236935425.88187253
2.59114	350525808.74504644
2.59116	505126321.91459507
2.59118	523010008.7940069
2.5912	472780983.7686057
2.59122	491066151.6643043
2.59124	525194295.1746152
2.5912599999999997	529907419.094754
2.59128	367984901.6333147
2.5913	314506771.1554326
2.59132	461912803.09930605
2.59134	543550625.6867563
2.59136	499102792.7668031
2.59138	398180511.35913426
2.5914	309827526.604794
2.5914200000000003	360595248.6641636
2.59144	368561528.19758236
2.5914599999999997	315660325.49039036
2.59148	400534564.61004376
2.5915	405564562.39302725
2.59152	515679657.8299631
2.59154	504603199.6289388
2.59156	531728575.1832762
2.59158	485478498.41737
2.5916	506372369.35161793
2.5916200000000003	488506109.959806
2.59164	530627800.89746475
2.59166	557108776.1931684
2.5916799999999998	544904005.0691762
2.5917	481049757.44042474
2.59172	410156879.21244645
2.59174	385993507.67807823
2.59176	442180921.07426864
2.59178	510422722.92213154
2.5918	523805434.5804799
2.5918200000000002	539336732.867964
2.5918400000000004	562781742.7405343
2.59186	449790211.5764133
2.5918799999999997	297680235.0945563
2.5919	360503927.0929556
2.59192	341428680.7579692
2.59194	395612495.1173404
2.59196	377754807.41396177
2.59198	421560586.4454298
2.592	507142491.59281266
2.59202	546877429.8506421
2.5920400000000003	545481467.2420467
2.59206	427346351.0170259
2.5920799999999997	312672725.9991435
2.5921	392789617.78945935
2.59212	472204367.90644515
2.59214	425245767.7510105
2.59216	443363564.45947707
2.59218	456047416.7102356
2.5922	460500387.51974154
2.59222	463489606.7408188
2.5922400000000003	564884944.5901526
2.59226	570295572.5720631
2.59228	567858328.8250712
2.5923	550389322.4519213
2.59232	531287991.7104072
2.59234	471910890.64364254
2.5923599999999998	465596814.16236955
2.59238	428765664.667676
2.5924	273760004.91864944
2.59242	232594799.35361144
2.5924400000000003	242957326.51994273
2.59246	412353798.9465779
2.59248	472171750.3108776
2.5925	509518550.0541971
2.59252	441407796.7517673
2.59254	422182279.0511338
2.5925599999999998	350372490.33985007
2.59258	207902638.01476598
2.5926	246257802.67376226
2.59262	390400171.7003238
2.5926400000000003	329579355.39907014
2.59266	431946540.45045507
2.59268	526441357.0867991
2.5927	523708954.9400318
2.59272	446529339.74385846
2.59274	475477532.2151482
2.5927599999999997	560402417.3641844
2.59278	476957848.89280075
2.5928	374765841.7524562
2.59282	444027634.80331457
2.5928400000000003	535019979.0257832
2.59286	510646077.20938885
2.59288	498930438.5354637
2.5929	423516173.4101037
2.59292	342854615.2616862
2.59294	412163946.72292316
2.5929599999999997	421919890.7547082
2.59298	444877047.6932436
2.593	285535427.1422663
2.59302	314818322.16436493
2.5930400000000002	386740807.7816678
2.59306	455134754.61460257
2.59308	491133999.64699817
2.5931	359906756.74521494
2.59312	281092980.1959007
2.59314	244624527.60512814
2.5931599999999997	318155913.65275496
2.59318	351730476.17897433
2.5932	261505001.78612334
2.59322	355050394.8810362
2.59324	471878293.3200679
2.59326	423603948.8872406
2.59328	293907047.4990642
2.5933	315536787.7615529
2.5933200000000003	476178738.341767
2.59334	518417913.73089206
2.5933599999999997	453931164.37854433
2.59338	323616010.75961256
2.5934	260825470.81618747
2.59342	375318524.23791444
2.59344	361110403.06598383
2.59346	393251148.8030897
2.59348	509600681.36027664
2.5935	422260055.0641297
2.5935200000000003	471226819.49152297
2.59354	419604367.54948735
2.5935599999999996	486474409.97251964
2.5935799999999998	495575696.48303497
2.5936	376123094.0252973
2.59362	471291926.37984216
2.59364	557545095.6870558
2.59366	502030381.2113636
2.59368	437975684.45351577
2.5937	416380133.40790135
2.5937200000000002	528226274.92881334
2.59374	551963042.6591576
2.59376	533887803.9308333
2.5937799999999998	520403249.8379439
2.5938	557006162.4154792
2.59382	533322615.1392058
2.59384	441407796.7517673
2.59386	487494813.99151963
2.59388	490015705.6919291
2.5939	290569482.5526269
2.5939200000000002	253816587.01303226
2.5939400000000004	346409664.56612
2.59396	497863169.965071
2.5939799999999997	551188312.3276064
2.594	504893756.20115644
2.59402	418600747.95510226
2.59404	430060940.1618024
2.59406	463574992.5456384
2.59408	505813015.0939396
2.5941	463212211.476107
2.59412	545519149.068366
2.5941400000000003	557083120.9766423
2.59416	561758949.5219468
2.5941799999999997	554064085.4333947
2.5942	434860539.18060845
2.59422	287527905.0131485
2.59424	319955809.39224374
2.59426	431529013.03609544
2.59428	434550245.88520855
2.5943	343146836.9367679
2.59432	461944712.007429
2.5943400000000003	488551105.10734284
2.59436	383062818.68238276
2.59438	372940887.50549126
2.5944	255058616.71247825
2.59442	170400160.6988983
2.59444	241546083.4444935
2.5944599999999998	441946806.45728284
2.59448	431658204.5664126
2.5945	492776512.9385695
2.59452	509952822.65125227
2.5945400000000003	420813825.71684706
2.59456	384644919.03409594
2.59458	459113433.22725064
2.5946	494663652.5954581
2.59462	418533282.9233357
2.59464	256637431.45047233
2.5946599999999997	198801657.04802582
2.59468	327808341.0846231
2.5947	443772105.5044199
2.59472	242716890.7038692
2.5947400000000003	177848415.38077313
2.59476	274928650.2958161
2.59478	432663241.8208308
2.5948	437451590.60980326
2.59482	510881292.5746085
2.59484	426913609.6788132
2.5948599999999997	503523796.3817359
2.59488	528068181.4185085
2.5949	395175489.571763
2.59492	230956399.24377275
2.5949400000000002	295413270.01698583
2.59496	494731997.625607
2.59498	477056700.37803143
2.595	462412962.6518738
2.59502	309749062.0752742
2.59504	301571294.34970576
2.5950599999999997	438692288.21882087
2.59508	512896812.42433155
2.5951	434190183.1287502
2.59512	396643187.9468581
2.5951400000000002	482125386.46649915
2.59516	515394761.44670236
2.59518	505498649.8969024
2.5952	471487301.02259576
2.59522	517821406.4939004
2.59524	442700487.27324283
2.5952599999999997	390202457.26708156
2.59528	271487601.06825024
2.5953	337302841.67110616
2.59532	305773609.56900793
2.59534	423389418.7185952
2.59536	435391553.93134224
2.59538	385726964.880267
2.5954	366327903.0823825
2.5954200000000003	449821283.056657
2.59544	510469736.7572828
2.5954599999999997	457909865.137591
2.59548	427169267.47632194
2.5955	514410707.6366763
2.59552	591643367.0812789
2.59554	605271186.3218598
2.59556	583458538.7484105
2.59558	500714306.1346264
2.5956	451263284.43106574
2.5956200000000003	379061782.0624852
2.59564	376920709.54780143
2.5956599999999996	462540749.72885185
2.5956799999999998	410515916.28911793
2.5957	389493307.70365477
2.59572	416102188.51745397
2.59574	459356641.60437334
2.59576	381601435.7155469
2.59578	381188684.30336297
2.5958	440696904.5082177
2.5958200000000002	520475151.1705224
2.59584	473391003.307682
2.59586	444293541.35811424
2.5958799999999997	427927306.33796364
2.5959	360794576.03388125
2.59592	435762646.64394623
2.59594	440849142.11563474
2.59596	480153390.62403595
2.59598	435241200.982617
2.596	269128691.5826084
2.59602	165615126.24900433
2.5960400000000003	213235741.1525944
2.59606	424512028.0708711
2.5960799999999997	421589707.8248999
2.5961	446508776.7813151
2.59612	531300225.20934755
2.59614	559538533.1573926
2.59616	487685676.0541287
2.59618	422571302.4244238
2.5962	456436114.8175254
2.59622	477177546.6827726
2.5962400000000003	454747164.73742735
2.59626	467788994.3853618
2.59628	415250343.13941866
2.5963	483114419.44113606
2.59632	389565061.6309629
2.59634	397182403.90132475
2.59636	441875578.7887187
2.59638	439551736.3740604
2.5964	550249935.0975714
2.59642	524771209.0868178
2.5964400000000003	434280170.8385121
2.59646	354854240.9861889
2.59648	304011491.4590679
2.5965	390894896.1877543
2.59652	361934514.5713319
2.59654	480673301.0993617
2.5965599999999998	371706366.7960675
2.59658	455711512.32248944
2.5966	392391869.4421659
2.59662	364049132.0810457
2.5966400000000003	516499612.46485597
2.59666	531777551.4503118
2.59668	389708609.1443554
2.5967	254348979.79704753
2.59672	335869060.92035645
2.59674	429922327.23738116
2.5967599999999997	483904877.96277183
2.59678	560738015.1162698
2.5968	496226553.47625184
2.59682	425667017.02173287
2.5968400000000003	477859253.1515462
2.59686	546197867.2393514
2.59688	539585163.8111548
2.5969	499022353.38408977
2.59692	532708958.1046841
2.59694	498654795.55579764
2.5969599999999997	484618512.2401823
2.59698	445010235.3697573
2.597	360885971.2312456
2.59702	361609640.30605996
2.5970400000000002	501579756.18204665
2.59706	496992688.8845159
2.59708	485881093.2551459
2.5971	511422699.16832864
2.59712	567035174.477626
2.59714	556595896.2740619
2.5971599999999997	575320699.7445984
2.59718	526477723.62347597
2.5972	409138171.5892324
2.59722	326174496.00589335
2.59724	309456778.39874035
2.59726	235586282.95884377
2.59728	198134452.88258857
2.5973	284151530.76916355
2.59732	435140994.52962846
2.59734	491518648.65507895
2.5973599999999997	507119137.3557434
2.59738	419903988.64786196
2.5974	378817470.66520256
2.59742	406480765.70323807
2.59744	272057059.67400575
2.59746	282657165.8142105
2.59748	363094775.5174377
2.5975	543375433.9063329
2.5975200000000003	521374756.4718747
2.59754	502296324.1906888
2.5975599999999996	507750079.4115204
2.59758	496420834.1553475
2.5976	496397973.6574833
2.59762	331260764.6439666
2.59764	316380712.6733942
2.59766	325476771.91218483
2.59768	319698059.35019726
2.5977	311910503.67952174
2.5977200000000003	398547418.10390675
2.59774	482836396.45515794
2.59776	348899221.1734606
2.5977799999999998	245216675.3689343
2.5978	334518391.61253923
2.59782	417753406.537236
2.59784	465361017.1087173
2.59786	411993154.4583776
2.59788	306817410.3422519
2.5979	336178550.26073486
2.5979200000000002	409119330.5139706
2.5979400000000004	414066409.06131244
2.59796	412790791.00116915
2.5979799999999997	361709570.54736805
2.598	324250011.3812843
2.59802	290288612.78430897
2.59804	439997288.3599887
2.59806	353166905.48042285
2.59808	425872895.04401994
2.5981	453481944.29733974
2.59812	371783404.4766776
2.5981400000000003	347048362.8321183
2.59816	325506750.811268
2.5981799999999997	334703304.39597106
2.5982	459007730.6224458
2.59822	268849974.7346283
2.59824	247702277.65554708
2.59826	358897142.0524336
2.59828	275917978.79667145
2.5983	388096744.73996323
2.59832	433201548.13811177
2.5983400000000003	313458463.1733196
2.59836	324212682.8679971
2.59838	282026553.40401274
2.5984	279756380.231397
2.59842	336364380.7352826
2.59844	412600737.58156854
2.5984599999999998	338251709.36874384
2.59848	375258034.91417575
2.5985	552624328.2478356
2.59852	543700835.026148
2.5985400000000003	453649043.9987324
2.59856	460362563.77598786
2.59858	430734838.9039805
2.5986	481415423.48922294
2.59862	474274745.8675156
2.59864	478652134.5604893
2.5986599999999997	455732499.09642285
2.59868	514612107.70467675
2.5987	446262095.0794725
2.59872	438086630.89445406
2.5987400000000003	426098494.75025403
2.59876	385496110.00893164
2.59878	378660496.4946586
2.5988	463116228.7238574
2.59882	447177558.0269846
2.59884	427533352.17382586
2.5988599999999997	399383390.9297313
2.59888	362459928.13043666
2.5989	269643527.5111915
2.59892	367866296.4343886
2.5989400000000002	536895791.8399225
2.59896	515276101.0790352
2.59898	546990772.4579717
2.599	575360442.8632698
2.59902	567178813.8090504
2.59904	538294571.3266108
2.5990599999999997	495176470.5497777
2.59908	484640830.2613124
2.5991	292267146.88376266
2.59912	226667889.01194164
2.5991400000000002	340486580.6080549
2.59916	458564045.36746484
2.59918	427238124.57652366
2.5992	341538762.1027211
2.59922	227729870.9293303
2.59924	294971461.4978354
2.5992599999999997	393396054.5713649
2.59928	292179673.8795016
2.5993	313314143.4497984
2.59932	511352048.3918229
2.59934	554434185.1006768
2.59936	570978821.6562988
2.59938	560286295.7139919
2.5994	483336953.0895539
2.5994200000000003	317307253.50810707
2.59944	362134582.25127715
2.5994599999999997	525557211.873671
2.59948	507621490.54296094
2.5995	454830939.9765842
2.59952	463436248.5994574
2.59954	538121073.6248603
2.59956	395603385.90787613
2.59958	399337412.86437523
2.5996	492719783.2116144
2.5996200000000003	342026691.9834981
2.59964	284957439.6568934
2.5996599999999996	407070846.2211701
2.5996799999999998	489925449.77632
2.5997	544791094.8633968
2.59972	462040451.95799786
2.59974	463457591.1188341
2.59976	389556091.6671975
2.59978	395986153.3553484
2.5998	298744556.060531
2.5998200000000002	333341971.76183873
2.59984	383195146.74371034
2.59986	498873000.35242426
2.5998799999999997	547570446.0831704
2.5999	566134993.5128399
2.59992	564689873.9317011
2.59994	505044911.7319315
2.59996	421056135.36298305
2.59998	406939643.2330073
2.6	497233064.2666504
2.60002	470988171.17551607
2.6000400000000004	483715495.56412965
2.60006	466895835.244743
2.6000799999999997	384273114.2308363
2.6001	421376197.74937665
2.60012	481614994.84004736
2.60014	515560931.87003124
2.60016	516238036.1758282
2.60018	535660965.7847517
2.6002	459917568.91453826
2.60022	457130290.93174654
2.6002400000000003	507095784.19415396
2.60026	530859996.66177136
2.60028	478321607.5526848
2.6003	483214546.90105504
2.60032	551696209.3834983
2.60034	579068578.7334114
2.60036	486440806.6714134
2.60038	442975798.84121513
2.6004	395339310.05282474
2.60042	401069835.6097907
2.6004400000000003	265429995.68081823
2.60046	280362549.0983307
2.60048	367857826.09740376
2.6005	483648672.41485596
2.60052	483270182.23424137
2.60054	502712865.6190182
2.6005599999999998	493685077.3827306
2.60058	440321609.812838
2.6006	272671658.68425655
2.60062	275752843.8299885
2.6006400000000003	414657953.55354863
2.60066	580176321.3070195
2.60068	573046679.0144138
2.6007	553133548.5325437
2.60072	559938075.1137018
2.60074	518226956.69102377
2.6007599999999997	402170304.54108125
2.60078	450370566.5969552
2.6008	471205119.1941939
2.60082	483826887.9970987
2.6008400000000003	512318454.3650333
2.60086	361634620.27784574
2.60088	387507399.6548753
2.6009	469937389.44513243
2.60092	447146669.1624887
2.60094	369930381.20171213
2.6009599999999997	284498512.4809701
2.60098	348963496.70492506
2.601	495051065.9764115
2.60102	486396005.8805948
2.6010400000000002	402986038.2987022
2.60106	499332691.02887
2.60108	557031814.087851
2.6011	490862663.9484279
2.60112	429615557.5867344
2.60114	428045563.3593967
2.6011599999999997	405107235.4462734
2.60118	413704266.7249053
2.6012	382578006.6306662
2.60122	373499478.70073026
2.60124	403924317.6530972
2.60126	384892988.7375932
2.60128	453743064.6378242
2.6013	397667409.3138667
2.60132	347168249.79269165
2.60134	412325315.5390558
2.6013599999999997	492470249.9896862
2.60138	358864087.92628723
2.6014	369419656.3704407
2.60142	531141211.6925752
2.60144	538183030.6694436
2.60146	496729553.9380323
2.60148	405303169.5288137
2.6015	292509516.5149007
2.6015200000000003	376755846.13223654
2.60154	413028480.8877265
2.6015599999999997	391895250.35510635
2.60158	322723060.9008764
2.6016	332284436.25488436
2.60162	276471265.22052217
2.60164	216396384.29825962
2.60166	288423073.1846045
2.60168	299185126.8526506
2.6017	279923912.721314
2.6017200000000003	437381087.42603916
2.60174	442924802.3033199
2.60176	363362412.22392
2.6017799999999998	278368442.80310637
2.6018	291910690.34539086
2.60182	488404886.0288236
2.60184	435501845.7695376
2.60186	439885858.0406786
2.60188	440899899.67056304
2.6019	436334949.05498785
2.6019200000000002	338391932.0273121
2.6019400000000004	391570530.98048395
2.60196	546978177.674989
2.6019799999999997	578881939.1629623
2.602	581540546.1700002
2.60202	517857177.5649166
2.60204	485042730.4424217
2.60206	536549753.89226484
2.60208	587340569.5079821
2.6021	537328653.1253594
2.60212	335969613.6912146
2.6021400000000003	334502986.8260137
2.60216	462530099.45711434
2.6021799999999997	528457419.816862
2.6022	504196701.3185371
2.60222	504579962.3278955
2.60224	424072392.09709865
2.60226	425089130.2759612
2.60228	461795822.6257795
2.6023	458099692.2305373
2.60232	443088011.89332676
2.6023400000000003	541090613.3378825
2.60236	541040779.3456506
2.60238	428982918.96427345
2.6024	321632554.47063804
2.60242	402299969.8282648
2.60244	531055608.7429998
2.6024599999999998	515371027.18731475
2.60248	524698714.27290154
2.6025	501348823.3464704
2.60252	438712491.21047294
2.6025400000000003	439430300.5187227
2.60256	297351408.48985815
2.60258	349453987.15883136
2.6026	501810795.39061326
2.60262	458247389.9284554
2.60264	448043313.0948527
2.6026599999999998	464686440.5023353
2.60268	344706918.4379679
2.6027	327220120.3221584
2.60272	498964904.61957145
2.6027400000000003	539001532.5207251
2.60276	456488666.99230766
2.60278	356894618.9789301
2.6028	490410770.8637423
2.60282	585531144.2043992
2.60284	537440016.7092521
2.6028599999999997	531214596.631889
2.60288	557301227.9809891
2.6029	546638228.1334196
2.60292	534281331.9656873
2.6029400000000003	537984793.2325743
2.60296	541601676.4809276
2.60298	507761770.9237611
2.603	492470249.9896862
2.60302	398382268.2488358
2.60304	433700577.0606334
2.6030599999999997	336728596.355719
2.60308	209609035.69033134
2.6031	205655344.36423033
2.60312	336938004.9299332
2.6031400000000002	466315659.6227845
2.60316	503871738.4590925
2.60318	435993485.2960762
2.6032	366117088.4733301
2.60322	435151014.13665795
2.60324	362176276.9359074
2.6032599999999997	395767383.7738858
2.60328	519003157.4907788
2.6033	504963514.6699836
2.60332	503697737.3766815
2.60334	546373969.0114487
2.60336	527667079.59257233
2.60338	533347176.11880547
2.6034	430764594.0402481
2.6034200000000003	279749938.67685074
2.60344	205418711.14228618
2.6034599999999997	233211520.23868924
2.60348	378669215.5751853
2.6035	408244178.0492717
2.60352	491926252.4341653
2.60354	437673246.0394336
2.60356	441997690.39276356
2.60358	507341046.037297
2.6036	467670525.75295645
2.6036200000000003	398024678.29406726
2.60364	525956709.9008726
2.6036599999999996	549085531.342688
2.6036799999999998	428262452.782787
2.6037	478222493.9645367
2.60372	545155000.4263959
2.60374	558971930.7913147
2.60376	495222080.08852226
2.60378	371783404.4766776
2.6038	462359728.45660883
2.6038200000000002	486877830.6941447
2.60384	348184953.8680767
2.60386	277415038.36309004
2.6038799999999998	327529181.5755551
2.6039	369530253.5476733
2.60392	433530842.76094615
2.60394	400285630.47120893
2.60396	443864079.1071919
2.60398	457899321.49468416
2.604	492288850.66171074
2.6040200000000002	463094901.924438
2.6040400000000004	409213544.5675177
2.60406	319264036.3609601
2.6040799999999997	267620883.43329278
2.6041	373852251.069728
2.60412	516785119.58008885
2.60414	521518837.5455467
2.60416	524771209.0868178
2.60418	443588215.4688052
2.6042	250051808.54007447
2.60422	271981897.9148595
2.6042400000000003	317285335.4565832
2.60426	348417531.90185845
2.6042799999999997	416495199.3867053
2.6043	497817317.18416125
2.60432	432693130.171052
2.60434	416006388.4776204
2.60436	495781137.99229544
2.60438	526295916.05860656
2.6044	541888581.7536788
2.60442	481692628.26193064
2.6044400000000003	421550879.7659614
2.60446	441936630.3731558
2.60448	329291105.41021854
2.6045	327763055.8169185
2.60452	243326830.96398216
2.60454	323988802.01544636
2.6045599999999998	535673299.97630054
2.60458	577470761.603276
2.6046	529151461.5338914
2.60462	500069077.3320025
2.6046400000000003	487944020.1434867
2.60466	438066456.724071
2.60468	489654781.7625845
2.6047	381443307.9271303
2.60472	391687759.7057754
2.60474	311193129.4279827
2.6047599999999997	387534168.6422894
2.60478	432802738.4541501
2.6048	442710680.9460276
2.60482	561474452.0745205
2.6048400000000003	551708912.8044267
2.60486	475915664.94284713
2.60488	402096228.8560665
2.6049	449376130.20274407
2.60492	317694722.1720726
2.60494	315776640.4766756
2.6049599999999997	433111783.93104005
2.60498	406462047.0032205
2.605	428035707.35953575
2.60502	352573770.4147349
2.6050400000000002	350074115.34405047
2.60506	392672059.28766763
2.60508	431787434.7742023
2.6051	474274745.8675156
2.60512	428351211.94593817
2.60514	393812956.1510158
2.6051599999999997	492821901.42286944
2.60518	518919510.8067292
2.6052	454035697.926186
2.60522	330111002.8987246
2.6052400000000002	355655885.5586721
2.60526	491496013.90600175
2.60528	555507593.6314361
2.6053	570702795.6590155
2.60532	554000300.1200589
2.60534	497622489.97346884
2.6053599999999997	397411106.2914538
2.60538	370894164.1864035
2.6054	429091587.38987744
2.60542	540057497.9097614
2.60544	541215218.4010451
2.60546	533912390.9389403
2.60548	472073911.04195154
2.6055	475368062.071075
2.6055200000000003	502562408.0492734
2.60554	494800352.09862506
2.6055599999999997	453346221.11234003
2.60558	425745435.0063112
2.6056	281481592.88178927
2.60562	168740759.6828107
2.60564	209787689.55933332
2.60566	409081650.9663364
2.60568	383892829.2600613
2.6057	421609123.1954831
2.6057200000000003	469850831.75142866
2.60574	501914797.75171137
2.60576	507808539.6648894
2.6057799999999998	449293359.68414176
2.6058	514019979.5425126
2.60582	517690267.0387297
2.60584	429170636.26173687
2.60586	356188587.2625166
2.60588	431360128.6059246
2.6059	403784831.2260579
2.6059200000000002	323884377.1976282
2.6059400000000004	369921863.3379664
2.60596	410515916.28911793
2.6059799999999997	426363481.68402255
2.606	413399550.4315324
2.60602	354266429.2744101
2.60604	435963368.9732719
2.60606	559512766.0489974
2.60608	512979488.28585815
2.6061	538257388.5392077
2.60612	601063007.3873106
2.6061400000000003	586475669.896578
2.60616	550807696.4054029
2.6061799999999997	422843832.05502987
2.6062	404603839.77524006
2.60622	450993206.53413326
2.60624	339468905.38007784
2.60626	282546544.29644424
2.60628	381478441.7720653
2.6063	405545885.88476145
2.60632	378608186.22733384
2.6063400000000003	332866431.36586416
2.60636	413370994.7885519
2.60638	496775306.5276308
2.6064	367231562.0780483
2.60642	326242097.0181199
2.60644	404529315.857754
2.6064599999999998	402679944.4239412
2.60648	367756197.2649862
2.6065	351026577.7207763
2.60652	472052171.73551315
2.6065400000000003	442201284.72710013
2.60656	406228135.9721126
2.60658	490625368.1833179
2.6066	510669593.87178063
2.60662	386011283.7453205
2.60664	379446018.3555353
2.6066599999999998	337085444.5805627
2.60668	450951670.43759406
2.6067	545581957.8968927
2.60672	580777790.2701751
2.6067400000000003	584278626.9416126
2.60676	477254464.8148753
2.60678	442527230.7429246
2.6068	531704088.74128574
2.60682	561771884.6486994
2.60684	558778902.0628282
2.6068599999999997	547885743.7110441
2.60688	570124888.088427
2.6069	573733224.0929509
2.60692	584641984.7185757
2.6069400000000003	576806306.3841852
2.60696	548100249.7942218
2.60698	474482282.27424324
2.607	427671194.8595344
2.60702	436716901.5041559
2.60704	233932197.2342405
2.6070599999999997	213909464.24891543
2.60708	384193488.5426406
2.6071	476924902.9497403
2.60712	498850026.93073153
2.6071400000000002	537180204.2416672
2.60716	542650240.7207077
2.60718	512766920.133871
2.6072	382076212.5019116
2.60722	329291105.41021854
2.60724	496455126.87614053
2.6072599999999997	523082270.2885228
2.60728	569403326.4978799
2.6073	564286941.3451036
2.60732	552955268.0806413
2.60734	523467833.5779966
2.60736	538567323.5968899
2.60738	513925302.2834879
2.6074	383301042.1049325
2.6074200000000003	294801711.1380784
2.60744	390013823.26118636
2.6074599999999997	303633719.7103708
2.60748	243494973.25169647
2.6075	362793919.84662306
2.60752	503187680.7623939
2.60754	435281290.02480525
2.60756	264107053.4678304
2.60758	201349242.4635622
2.6076	263797089.72973347
2.6076200000000003	458690768.8023526
2.60764	481138378.2424898
2.6076599999999996	479181452.9082239
2.6076799999999998	483581858.4969018
2.6077	455480721.5854128
2.60772	352460132.3768953
2.60774	340314144.4356555
2.60776	372426006.37778634
2.60778	366699231.6683331
2.6078	409901964.7592731
2.6078200000000002	414095012.7434682
2.60784	289634305.34742606
2.60786	239304023.16069958
2.6078799999999998	393061040.98049635
2.6079	510504999.97540635
2.60792	551785139.4729564
2.60794	536376818.5625496
2.60796	453022737.41991055
2.60798	430734838.9039805
2.608	488584854.1877357
2.6080200000000002	431439595.39700776
2.6080400000000004	476354201.3915909
2.60806	440270918.83215755
2.6080799999999997	300171876.3693508
2.6081	361376577.0940054
2.60812	325641690.0317256
2.60814	371518119.66153336
2.60816	494766173.68167615
2.60818	414619763.903372
2.6082	441529779.0850001
2.60822	324175358.6520664
2.6082400000000003	310591810.2675058
2.60826	465286015.81940866
2.6082799999999997	490975702.2672171
2.6083	468543589.1291064
2.60832	386384770.32060754
2.60834	306732645.2700804
2.60836	431976379.29099125
2.60838	505161216.0099489
2.6084	502550836.25540876
2.60842	301626850.95184755
2.6084400000000003	290181686.20492744
2.60846	376773196.7796462
2.60848	405107235.4462734
2.6085	443649503.67909056
2.60852	244224933.48807725
2.60854	224765680.76905838
2.6085599999999998	392807706.8363433
2.60858	350759950.40591383
2.6086	223393226.11527178
2.60862	279756380.231397
2.6086400000000003	474853889.8993718
2.60866	495746891.8273971
2.60868	481326751.6582374
2.6087	415843579.02624387
2.60872	310677641.8137047
2.60874	244168705.09273934
2.6087599999999997	363027897.1479557
2.60878	305801773.65620136
2.6088	269141085.7022587
2.60882	415422485.6755053
2.6088400000000003	402837600.100593
2.60886	293710856.6735084
2.60888	390993916.29104394
2.6089	518417913.73089206
2.60892	555929858.1970009
2.60894	516868422.21319246
2.6089599999999997	411026667.58417493
2.60898	284983686.4156906
2.609	351350034.0811117
2.60902	399806637.5907747
2.6090400000000002	451668704.5627018
2.60906	397548390.9316767
2.60908	388606445.84546965
2.6091	311271959.7635026
2.60912	379515921.3332772
2.60914	462359728.45660883
2.6091599999999997	372100282.72298855
2.60918	386473748.94548696
2.6092	469439900.378466
2.60922	367925594.25462604
2.6092400000000002	279891687.14497274
2.60926	414686598.09956175
2.60928	515549060.7775407
2.6093	477782237.5469384
2.60932	506430670.9811236
2.60934	535389685.41159075
2.6093599999999997	545431228.855846
2.60938	544277022.1392263
2.6094	482291935.43600595
2.60942	373043949.1186994
2.60944	436043683.7906725
2.60946	523407570.5855671
2.60948	489936730.8565707
2.6095	333833564.77522254
2.6095200000000003	339797359.71347636
2.60954	455501697.7307972
2.6095599999999997	479788683.17055637
2.60958	500783487.1512003
2.6096	399070844.4463265
2.60962	416313026.2680681
2.60964	444897535.51015514
2.60966	409383184.5413953
2.60968	262222528.0229335
2.6097	190989723.5068965
2.6097200000000003	234968692.37662604
2.60974	441804362.59977126
2.6097599999999996	481238096.15970254
2.6097799999999998	511210776.1177409
2.6098	391705798.009051
2.60982	218278017.16352066
2.60984	247519831.09654894
2.60986	449489964.5640092
2.60988	390130585.93797016
2.6099	428262452.782787
2.6099200000000002	550097916.4249362
2.60994	484741274.07618195
2.60996	472041302.4577137
2.6099799999999997	514102836.45177984
2.61	435441683.1220398
2.61002	377676532.39186156
2.61004	426137741.6793007
2.61006	429714491.61435974
2.61008	395849408.1996977
2.6101	355189402.82276505
2.61012	433950307.0526971
2.6101400000000003	315725747.39732736
2.61016	286503544.99921644
2.6101799999999997	390049746.5161083
2.6102	484975723.94153905
2.61022	502354156.5211387
2.61024	405107235.4462734
2.61026	343052035.0597625
2.61028	461625722.0930288
2.6103	535771983.73355126
2.61032	514695060.06141955
2.6103400000000003	580456929.2677776
2.61036	559358188.3151519
2.61038	472574191.50215864
2.6104	447527780.98905736
2.61042	439410064.4714916
2.61044	416188427.4155834
2.61046	513156695.72514755
2.61048	510704870.8960214
2.6105	459938749.38899595
2.61052	443486087.2659639
2.6105400000000003	474941369.27533185
2.61056	421492644.3825111
2.61058	357915082.58683246
2.6106	451679104.7386984
2.61062	539622438.3211924
2.61064	426923439.8411228
2.6106599999999998	353435362.42254966
2.61068	321743661.60585755
2.6107	308240712.5851384
2.61072	477804240.73873335
2.6107400000000003	434510224.1715714
2.61076	372528925.70442605
2.61078	499056825.8176717
2.6108	496020927.39597356
2.61082	558380187.2306046
2.61084	520762855.8567892
2.6108599999999997	459621144.666001
2.61088	500322460.8573118
2.6109	509823675.93293303
2.61092	508089242.5884762
2.6109400000000003	550452692.0121573
2.61096	567296363.9621018
2.61098	555213477.7134545
2.611	521518837.5455467
2.61102	518573118.135684
2.61104	408940383.56705683
2.6110599999999997	350211174.99228245
2.61108	460426169.6082248
2.6111	375266675.6492274
2.61112	435221157.846105
2.6111400000000002	437743796.31739765
2.61116	453200103.1099469
2.61118	444590317.3018277
2.6112	493685077.3827306
2.61122	547520015.3037683
2.61124	448983105.99658805
2.6112599999999997	428439989.5047927
2.61128	534059936.7676907
2.6113	484674309.22015655
2.61132	415164298.6228475
2.61134	454537794.14196813
2.61136	488607354.86986643
2.61138	320612167.3746255
2.6114	334341279.39128786
2.61142	351876286.47675914
2.61144	449262324.67029315
2.6114599999999997	462743151.4928088
2.61148	377894003.06731254
2.6115	476354201.3915909
2.61152	486407205.69146085
2.61154	541863627.4368703
2.61156	535944724.0561242
2.61158	444723419.13674796
2.6116	351681886.17445856
2.6116200000000003	481082988.3281785
2.61164	547255329.9029691
2.6116599999999996	553515771.6515204
2.61168	552382612.8632166
2.6117	496192276.5442066
2.61172	495313311.7693578
2.61174	426147553.9763837
2.61176	353728457.2822863
2.61178	525315239.55381846
2.6118	516083530.6406711
2.6118200000000003	472966085.12996304
2.61184	372348835.54287344
2.61186	331795124.4403906
2.6118799999999998	402272180.89066964
2.6119	530835550.218379
2.61192	545896110.5294279
2.61194	476310329.5686693
2.61196	516059764.66302025
2.61198	488719873.8247576
2.612	371834771.80042267
2.6120200000000002	404175514.659724
2.6120400000000004	451980814.03691316
2.61206	522468365.6854387
2.6120799999999997	501984144.6337888
2.6121	560195995.5104628
2.61212	540517799.4476572
2.61214	461668241.3513326
2.61216	475981419.66385436
2.61218	437018679.0706128
2.6122	425363283.7335768
2.61222	411509627.28047955
2.6122400000000003	526356511.6032405
2.61226	549996593.9764029
2.6122799999999997	544954194.8940353
2.6123	471009861.4817896
2.61232	398318061.7883505
2.61234	336565813.0035218
2.61236	402494546.1492929
2.61238	429526536.4370221
2.6124	475641784.7005742
2.61242	512294861.77155805
2.6124400000000003	426078872.64123076
2.61246	337660298.4525847
2.61248	434240173.9985605
2.6125	452835014.1126428
2.61252	541713925.666569
2.61254	515347294.0209028
2.6125599999999998	409006302.28151274
2.61258	456299507.4750921
2.6126	530884444.23098785
2.61262	450827085.0992052
2.6126400000000003	266379009.67669865
2.61266	261872563.7467181
2.61268	369377127.80893767
2.6127	424570680.6264103
2.61272	485959414.3462723
2.61274	459854033.3432303
2.6127599999999997	437441518.03065264
2.61278	332697854.3451708
2.6128	336806139.9075442
2.61282	337271776.361936
2.6128400000000003	295120922.666639
2.61286	413828121.86720717
2.61288	491631838.03731996
2.6129	528773887.26358765
2.61292	547028558.5470006
2.61294	579682246.8228467
2.6129599999999997	566004651.1199701
2.61298	482191999.1515038
2.613	467907493.0278193
2.61302	421424713.2696748
2.6130400000000003	369734519.948142
2.61306	339875609.955534
2.61308	435371503.8709805
2.6131	429744176.2650991
2.61312	390166519.94762737
2.61314	389977903.314766
2.6131599999999997	454318058.7626997
2.61318	257976413.07761854
2.6132	255434762.06650257
2.61322	337691399.54760975
2.6132400000000002	375171638.5055899
2.61326	499781297.2689753
2.61328	509905856.4234572
2.6133	547078944.059478
2.61332	538691347.5842197
2.61334	424140749.9997334
2.6133599999999997	287660347.0002839
2.61338	345374285.9214428
2.6134	339766064.6612854
2.61342	436344996.154151
2.61344	514398863.02877253
2.61346	453513270.80225164
2.61348	408545094.3240872
2.6135	467422915.55361503
2.6135200000000003	500587499.0917363
2.61354	524879970.0885393
2.6135599999999997	490365604.4425471
2.61358	515750906.52910984
2.6136	530945568.07986116
2.61362	556608712.5157491
2.61364	474405810.9291663
2.61366	428509051.43769187
2.61368	548264340.5225346
2.6137	506384029.140547
2.6137200000000003	419324270.3964014
2.61374	287819357.9150201
2.6137599999999996	367934066.1520498
2.6137799999999998	448136171.9230488
2.6138	321092380.56599706
2.61382	425265351.4932523
2.61384	395749158.43197864
2.61386	271119028.73348033
2.61388	309663487.06969494
2.6139	368595475.5321183
2.6139200000000002	390454111.20318764
2.61394	380671181.4678423
2.61396	453628153.1692428
2.6139799999999997	473696308.17463213
2.614	461190125.4125031
2.61402	476266461.78630596
2.61404	524940402.6069847
2.61406	461253845.5845034
2.61408	502377291.3176763
2.6141	496821063.3313905
2.61412	384467824.2834667
2.6141400000000004	421657665.533858
2.61416	553375592.51676
2.6141799999999997	583377936.5403205
2.6142	484216963.5608308
2.61422	352249187.47047436
2.61424	435471763.4068175
2.61426	459113433.22725064
2.61428	445974472.0028051
2.6143	336410854.4020306
2.61432	419333925.8057041
2.6143400000000003	481371085.5319858
2.61436	317007837.8132693
2.61438	344246869.8367789
2.6144	362710393.07620037
2.61442	404101069.6353751
2.61444	433940315.0926534
2.61446	466713109.55376416
2.61448	501510465.1644374
2.6145	515929071.34767324
2.61452	413913889.4556256
2.6145400000000003	293629712.57566947
2.61456	384565216.30378574
2.61458	548466365.7822802
2.6146	537118362.6450973
2.61462	464098323.94380397
2.61464	399190318.621969
2.6146599999999998	426314397.59972775
2.61468	352046474.8894212
2.6147	374636424.56721175
2.61472	442374413.6443092
2.6147400000000003	436073805.66161764
2.61476	358129420.52227277
2.61478	272107179.0524336
2.6148	244534421.19785723
2.61482	376833930.33830625
2.61484	351155924.51629114
2.6148599999999997	348883154.1405086
2.61488	331428613.4955505
2.6149	283608994.4118027
2.61492	337302841.67110616
2.6149400000000003	461296330.59013766
2.61496	538666540.5020957
2.61498	555162343.0172416
2.615	464665041.3936543
2.61502	414820298.81347966
2.61504	422153116.73970723
2.6150599999999997	310799277.10872984
2.61508	389744504.28672373
2.6151	506488979.32323885
2.61512	481204854.5578493
2.6151400000000002	494902901.51638
2.61516	475817049.89292353
2.61518	462924322.8813372
2.6152	537489519.0437183
2.61522	572743276.9511894
2.61524	459060578.8824827
2.6152599999999997	368018795.85613555
2.61528	396999536.7547873
2.6153	408093803.0376856
2.61532	515027003.2241202
2.61534	540132114.7646346
2.61536	441702645.096947
2.61538	433590741.3978553
2.6154	495495825.5552631
2.61542	453137495.5267318
2.61544	280653201.035544
2.6154599999999997	304557991.6899462
2.61548	376131754.6793019
2.6155	385584883.9886527
2.61552	484172367.5840998
2.61554	439744078.4473688
2.61556	311946415.7705541
2.61558	449314050.8844176
2.6156	457361917.50073963
2.6156200000000003	505126321.91459507
2.61564	511352048.3918229
2.6156599999999997	484551564.3431619
2.61568	545795562.0108603
2.6157	544904005.0691762
2.61572	551302548.3831444
2.61574	512271270.264539
2.61576	487607076.7449114
2.61578	390346239.64896464
2.6158	374774471.1542109
2.6158200000000003	409119330.5139706
2.61584	532488214.4660843
2.61586	558727438.9940194
2.6158799999999998	484752435.7850014
2.6159	489305390.21713024
2.61592	385576005.6708093
2.61594	304298632.0313066
2.61596	428795283.7735081
2.61598	470392079.0191767
2.616	447105487.3288211
2.6160200000000002	418735710.6452511
2.6160400000000004	385886868.4638968
2.61606	277185175.82281566
2.6160799999999997	298208487.48470813
2.6161	422843832.05502987
2.61612	499309696.43812877
2.61614	552687955.1374358
2.61616	528956550.8372118
2.61618	435100918.4085377
2.6162	374257058.58613986
2.61622	475389954.08342075
2.6162400000000003	473565439.12875557
2.61626	438934785.5347173
2.6162799999999997	431330332.3330074
2.6163	485825157.34702265
2.61632	385549371.94383097
2.61634	430992785.04982495
2.61636	547406563.0314003
2.61638	533077067.5422921
2.6164	533764885.8729748
2.61642	537316280.8183347
2.6164400000000003	563663612.8969171
2.61646	460277769.66791517
2.61648	367223106.35619396
2.6165	390247383.57126546
2.61652	268800455.3001504
2.61654	297803638.7989918
2.6165599999999998	449407173.0782719
2.61658	313949647.66447115
2.6166	191218540.91309857
2.61662	239645898.21690515
2.6166400000000003	420116752.7593777
2.61666	471215969.2179425
2.61668	529639052.5502882
2.6167	552217289.5719609
2.61672	532623102.4846058
2.61674	497611031.92411196
2.6167599999999998	449728075.0545824
2.61678	433271377.60544205
2.6168	356401891.2838768
2.61682	441387469.6395642
2.6168400000000003	526623214.8938982
2.61686	578349014.651956
2.61688	547507408.3346589
2.6169	501868571.8192764
2.61692	349518364.8913782
2.61694	385496110.00893164
2.6169599999999997	455701019.29794586
2.61698	435311359.2296377
2.617	319558224.86331755
2.61702	261276289.6031099
2.6170400000000003	404454805.6668182
2.61706	461275087.59819293
2.61708	319278739.35172427
2.6171	271963110.71984214
2.61712	426098494.75025403
2.61714	543500565.1294476
2.6171599999999997	562082417.0602138
2.61718	517356607.3597917
2.6172	357733819.91628885
2.61722	410960423.25154775
2.6172400000000002	549857306.0814351
2.61726	508580846.1222209
2.61728	383601237.90841734
2.6173	213761751.84975484
2.61732	244900685.0728848
2.61734	463788525.8831981
2.6173599999999997	461423809.0876432
2.61738	533568275.84100586
2.6174	455732499.09642285
2.61742	432185308.89814144
2.61744	527072066.1303764
2.61746	561293483.2663311
2.61748	515382894.1803832
2.6175	382745417.7472837
2.6175200000000003	355483952.2631131
2.61754	391336178.77600104
2.6175599999999997	451731109.2109283
2.61758	445256225.07717097
2.6176	331268392.2927682
2.61762	357305745.71180457
2.61764	434240173.9985605
2.61766	474493207.7583272
2.61768	403924317.6530972
2.6177	370808772.480511
2.6177200000000003	451387990.31243694
2.61774	480728643.8439705
2.6177599999999996	402438943.3137694
2.6177799999999998	405443180.46189815
2.6178	412904865.0709854
2.61782	488191259.938111
2.61784	499677736.99304503
2.61786	353028689.06904364
2.61788	273312818.0052182
2.6179	232166738.27931318
2.6179200000000002	276566771.5050153
2.61794	242526947.12490404
2.61796	375776831.33786315
2.6179799999999998	376885995.4661865
2.618	275860805.5047246
2.61802	304929892.0383796
2.61804	366597922.92316324
2.61806	275156641.5574819
2.61808	361676257.39891315
2.6181	491133999.64699817
2.6181200000000002	476343233.0570383
2.6181400000000004	418147976.9912412
2.61816	327672504.0485202
2.6181799999999997	326986633.49061775
2.6182	423847865.11974996
2.61822	542987710.1677227
2.61824	503349915.4535099
2.61826	417811125.29020035
2.61828	502898106.0035308
2.6183	566956841.084433
2.61832	560815489.287553
2.6183400000000003	549781345.7345359
2.61836	497290313.6342017
2.6183799999999997	472128263.68819904
2.6184	516071647.51503766
2.61842	463126892.4918735
2.61844	310005929.0092467
2.61846	361559685.5388578
2.61848	321484471.30559516
2.6185	407765050.7793903
2.61852	412942896.7658685
2.6185400000000003	444508428.2813494
2.61856	351617109.9432661
2.61858	299474604.4744466
2.6186	438904466.0411079
2.61862	413856709.0884965
2.61864	334295091.6271441
2.6186599999999998	384760074.3636742
2.61868	300780723.7404211
2.6187	283243531.1333709
2.61872	201029596.05801642
2.6187400000000003	247269186.47845778
2.61876	402568695.2138212
2.61878	446817320.6723241
2.6188	474252905.2112217
2.61882	503431052.41303355
2.61884	470305437.5762739
2.6188599999999997	388982443.3789745
2.61888	353329582.30565035
2.6189	308460813.7757144
2.61892	284288963.4403495
2.6189400000000003	285693263.45836943
2.61896	274903329.5974228
2.61898	364107814.59749675
2.619	485813970.9381608
2.61902	457772816.71455944
2.61904	458997161.700543
2.6190599999999997	442598563.45384103
2.61908	457014521.6403596
2.6191	445102465.5800604
2.61912	427011921.4883083
2.6191400000000002	421609123.1954831
2.61916	373147039.21281964
2.61918	325709180.61771077
2.6192	438803416.18727344
2.61922	481371085.5319858
2.61924	446251819.6332967
2.6192599999999997	374834882.5303986
2.61928	376721147.234404
2.6193	412353798.9465779
2.61932	416725426.7479955
2.6193400000000002	490410770.8637423
2.61936	520211561.5079385
2.61938	415250343.13941866
2.6194	393976211.79218656
2.61942	466949591.708665
2.61944	420300590.338826
2.6194599999999997	376053815.97188413
2.61948	281183608.47350055
2.6195	348136853.66173524
2.61952	415441617.0284748
2.61954	387784101.7144629
2.61956	432543709.0639428
2.61958	369751547.24408627
2.6196	345899552.37597984
2.6196200000000003	354895097.4423043
2.61964	335405361.050909
2.6196599999999997	345565199.5517134
2.61968	367705393.3782149
2.6197	400599128.3573671
2.61972	396798480.1362284
2.61974	322470506.6883354
2.61976	365594791.6131253
2.61978	464729241.676203
2.6198	444487958.38307536
2.6198200000000003	449883432.4565388
2.61984	538765775.6854143
2.6198599999999996	547885743.7110441
2.6198799999999998	539808849.4987574
2.6199	507843619.0476809
2.61992	436063764.8067745
2.61994	435201115.63259405
2.61996	459599978.8174446
2.61998	296852014.16816574
2.62	232134665.47463626
2.6200200000000002	326790934.2938393
2.62004	461710764.5259852
2.62006	303948496.87701064
2.6200799999999997	268206933.04235664
2.6201	403069558.8204957
2.62012	494868716.0158129
2.62014	514564712.36063117
2.62016	493730549.55276215
2.62018	522155672.04896003
2.6202	531667361.19256765
2.62022	511269634.8214784
2.6202400000000003	505754784.57060254
2.62026	492504269.8043672
2.6202799999999997	490953092.52116734
2.6203	526683848.1223722
2.62032	535377357.7504335
2.62034	518788093.2541327
2.62036	457762276.2272747
2.62038	443751669.514284
2.6204	413999674.8197312
2.62042	464023526.16018635
2.6204400000000003	373353304.8752757
2.62046	381329145.27677786
2.62048	205248503.83470234
2.6205	178554171.12147886
2.62052	309713402.9493728
2.62054	427582576.603531
2.62056	330171817.1936999
2.62058	362693690.02992237
2.6206	438591287.2151112
2.62062	370979575.55672675
2.6206400000000003	391246080.6641679
2.62066	422639418.3604914
2.62068	308951280.8129494
2.6207	325619196.277607
2.62072	418591109.42764914
2.62074	337124255.210627
2.6207599999999998	341483716.99459034
2.62078	382807113.99181134
2.6208	361942848.51745826
2.62082	389825280.4458721
2.6208400000000003	327001692.12831014
2.62086	458880919.6198672
2.62088	461678871.7778235
2.6209	511611148.9652636
2.62092	555648312.8371255
2.62094	553872751.5219407
2.6209599999999997	572044744.5021799
2.62098	577018848.8299656
2.621	584682371.7510417
2.62102	572980708.3750253
2.6210400000000003	531716331.82132673
2.62106	505161216.0099489
2.62108	540045062.7694868
2.6211	549540873.8576248
2.62112	523926059.12589014
2.62114	492288850.66171074
2.6211599999999997	517559160.794928
2.62118	497840243.04671556
2.6212	352062687.60203314
2.62122	355688644.1848511
2.6212400000000002	359285756.16484267
2.62126	462338436.494512
2.62128	492821901.42286944
2.6213	410034122.84100485
2.62132	359004588.9901989
2.62134	382454697.92865205
2.6213599999999997	498930438.5354637
2.62138	524638309.5782522
2.6214	507317682.65667033
2.62142	452480637.8555481
2.62144	374119202.58586574
2.62146	282774341.6869586
2.62148	279691971.359948
2.6215	326881242.44185674
2.6215200000000003	436355043.48465985
2.62154	467164679.46446085
2.6215599999999997	479689265.58792794
2.62158	467929041.4603545
2.6216	506162539.0538606
2.62162	376747171.10816216
2.62164	233109514.57330203
2.62166	283589404.0731544
2.62168	434010263.644743
2.6217	416476019.515594
2.6217200000000003	332108506.8110392
2.62174	367603806.65869576
2.6217599999999996	421686793.61954564
2.6217799999999998	512129744.035152
2.6218	477474299.23298454
2.62182	475707501.5810138
2.62184	427562886.15158635
2.62186	405704663.62360144
2.62188	483927163.11907023
2.6219	530933342.74710906
2.6219200000000003	512861383.9913658
2.62194	415996809.6868141
2.62196	406668000.1225863
2.6219799999999998	295086947.57058215
2.622	324242545.33481485
2.62202	381013180.8412117
2.62204	418080584.9316505
2.62206	424883631.1459265
2.62208	330453229.07264304
2.6221	330430402.96066314
2.6221200000000002	445133213.2310981
2.6221400000000004	412296834.09902996
2.62216	415709548.4989215
2.6221799999999997	522251865.5377688
2.6222	520067841.59808564
2.62222	465650421.0623532
2.62224	350170857.7616266
2.62226	430526610.4917109
2.62228	415422485.6755053
2.6223	271643926.88390774
2.62232	268769510.28545463
2.6223400000000003	445676772.0987586
2.62236	510258208.5947232
2.6223799999999997	447888591.1378644
2.6224	359442974.89822996
2.62242	336170809.5526695
2.62244	432812704.22022206
2.62246	406864689.0842521
2.62248	525629825.3016073
2.6225	510305207.2768471
2.62252	520451182.95592684
2.6225400000000003	456499178.1533184
2.62256	466863584.3369574
2.62258	491518648.65507895
2.6226	427120090.6278495
2.62262	399871084.0006671
2.62264	479424252.73589873
2.6226599999999998	483314695.112804
2.62268	369666418.6051797
2.6227	447465957.01197284
2.62272	434470206.14390045
2.6227400000000003	285877516.1019121
2.62276	245781958.1863304
2.62278	375016175.09292674
2.6228	448879735.71730083
2.62282	273955484.9462855
2.62284	305963767.50719666
2.6228599999999997	500138169.2007652
2.62288	493741918.2496818
2.6229	394838960.6253074
2.62292	254905965.92706576
2.6229400000000003	330339114.2788253
2.62296	520331358.43821335
2.62298	507808539.6648894
2.623	434630300.37174
2.62302	457720116.70508695
2.62304	443996963.5202914
2.6230599999999997	358088191.72238606
2.62308	317650834.05594265
2.6231	332743821.42758405
2.62312	457857149.3507421
2.6231400000000002	372348835.54287344
2.62316	397273869.05947816
2.62318	455239565.3310468
2.6232	502215370.11300653
2.62322	480916856.8421091
2.62324	360147164.62297845
2.6232599999999997	252999696.38710955
2.62328	346034977.61564845
2.6233	515703406.30264646
2.62332	467089387.4825561
2.6233400000000002	449210604.41102636
2.62336	511952891.23116374
2.62338	519027059.0197998
2.6234	483370341.976643
2.62342	537341025.7172704
2.62344	461370688.76633567
2.6234599999999997	458711892.7792783
2.62348	390256369.45279837
2.6235	315703938.58860344
2.62352	332062627.4945197
2.62354	494117232.14097863
2.62356	538951890.9310843
2.62358	545092240.7503351
2.6236	464793450.8289631
2.6236200000000003	454988060.15004796
2.62364	490410770.8637423
2.6236599999999997	517011257.96865463
2.62368	505475371.35979784
2.6237	512330251.06920576
2.62372	357527951.0355514
2.62374	297728219.34655213
2.62376	333180825.5919585
2.62378	399236279.7514998
2.6238	444590317.3018277
2.6238200000000003	404538630.5967185
2.62384	435080881.73212826
2.6238599999999996	398006349.0023011
2.6238799999999998	412800295.96981883
2.6239	449334743.0375822
2.62392	394230299.54223317
2.62394	479137320.69780606
2.62396	459113433.22725064
2.62398	398538241.31612134
2.624	462551400.24582183
2.6240200000000002	472650367.60127103
2.62404	469353434.31719506
2.62406	497668324.809303
2.6240799999999997	406256198.18684393
2.6241	319469939.86031294
2.62412	361917847.2547553
2.62414	448507799.72948277
2.62416	443200253.37084925
2.62418	440118880.90150255
2.6242	321536292.65637773
2.62422	309984515.29793185
2.6242400000000004	273388347.56198764
2.62426	317936215.2234335
2.6242799999999997	294720265.6676489
2.6243	391480378.9132737
2.62432	488314926.8098364
2.62434	494675042.7781166
2.62436	467143166.23128587
2.62438	412107008.10261905
2.6244	411841398.52722925
2.62442	351172096.216597
2.6244400000000003	450194308.28243047
2.62446	548340091.2729427
2.62448	515620291.4327894
2.6245	496443695.7060008
2.62452	526501969.376914
2.62454	567609950.1574214
2.62456	532439172.74758023
2.62458	427375872.07675797
2.6246	421366495.315566
2.62462	408084406.4387929
2.6246400000000003	498218672.24617344
2.62466	496432264.7990725
2.62468	421968468.8735802
2.6247	367333045.92837757
2.62472	320213767.24000764
2.62474	439855472.85157704
2.6247599999999998	502458271.4960766
2.62478	556006668.0509689
2.6248	537415267.2517155
2.62482	465286015.81940866
2.6248400000000003	357470328.9823389
2.62486	365527452.76607275
2.62488	341090795.5636233
2.6249	471650175.0929624
2.62492	365754771.09765583
2.62494	296599216.87122434
2.6249599999999997	449645239.7113115
2.62498	527436280.3957673
2.625	502203806.3098937
2.62502	378599468.5520436
2.6250400000000003	339993019.1071535
2.62506	338275075.77609235
2.62508	434980712.1897635
2.6251	447847340.9738025
2.62512	534342846.9182269
2.62514	539249809.0628998
2.6251599999999997	415365096.9025044
2.62518	368884154.1496628
2.6252	382895268.7360302
2.62522	434700360.14528006
2.6252400000000002	487113313.92604005
2.62526	515893433.4609138
2.62528	540604927.6450961
2.6253	490614071.2467894
2.62532	530664456.63342136
2.62534	542925199.995811
2.6253599999999997	460182394.96483636
2.62538	339468905.38007784
2.6254	415565992.3002161
2.62542	471834833.7245304
2.62544	353134379.1042647
2.62546	282761319.7471257
2.62548	338540007.8973652
2.6255	380180642.23698217
2.62552	299102470.36701626
2.62554	325964271.3125886
2.6255599999999997	359078994.17486817
2.62558	281598281.4193448
2.6256	276369428.2025163
2.62562	250086356.8605419
2.62564	397832262.82329607
2.62566	519194400.54627234
2.62568	454171627.5273524
2.6257	432294788.5417628
2.6257200000000003	487348911.0517052
2.62574	541801246.6723162
2.6257599999999996	553146285.04981
2.62578	479733448.6366881
2.6258	477023747.6067881
2.62582	390499066.4817695
2.62584	345207323.0182814
2.62586	375603819.55233073
2.62588	396232413.6869038
2.6259	338625765.6467669
2.6259200000000003	289907866.58610916
2.62594	338111544.815562
2.62596	391192031.7542389
2.6259799999999998	432932311.3134863
2.626	459272032.77694696
2.62602	442354042.01878
2.62604	340251462.0270239
2.62606	395129995.9310676
2.62608	424404519.4291339
2.6261	440950663.0695072
2.6261200000000002	372117418.9688435
2.6261400000000004	455522674.8421891
2.62616	514695060.06141955
2.6261799999999997	483771188.5744822
2.6262	482602980.79629076
2.62622	498149845.5473975
2.62624	438682187.07188284
2.62626	404035941.4872935
2.62628	404631789.7836897
2.6263	338898775.7661005
2.62632	328208632.78471047
2.6263400000000003	388364925.08923477
2.62636	267774982.74657777
2.6263799999999997	301064812.8342864
2.6264	458659084.6609018
2.62642	338142687.4738271
2.62644	353053076.26924396
2.62646	485065067.9999718
2.62648	519349837.4163608
2.6265	503674541.7727538
2.62652	510516754.9227677
2.6265400000000003	464686440.5023353
2.62656	304039493.2417113
2.62658	306492604.7180648
2.6266	456835663.1285668
2.62662	480330318.2596451
2.62664	488045148.5581078
2.6266599999999998	480208673.5082935
2.62668	493412332.2959689
2.6267	363504674.45416576
2.62672	273086354.512082
2.6267400000000003	187206101.78398967
2.62676	267257560.56531626
2.62678	367527635.03751135
2.6268	376114433.57071084
2.62682	451263284.43106574
2.62684	398740179.4665362
2.6268599999999998	354976824.4672092
2.62688	369156058.1999177
2.6269	454192543.3853374
2.62692	338914382.9908491
2.6269400000000003	277459755.9880409
2.62696	376738496.2838352
2.62698	482391892.43271595
2.627	476562647.74077517
2.62702	475510378.17392707
2.62704	482092083.57491785
2.6270599999999997	395721821.99277467
2.62708	388230811.7580472
2.6271	477958291.45653456
2.62712	440453433.67840666
2.6271400000000003	471291926.37984216
2.62716	498000753.6497046
2.62718	475028864.76707083
2.6272	338064836.2059815
2.62722	359608542.62583804
2.62724	444058308.2051062
2.6272599999999997	423028862.9686011
2.62728	499413180.43613315
2.6273	523503994.7038518
2.62732	509201881.8495381
2.6273400000000002	372752015.1597506
2.62736	280465857.50746393
2.62738	279080826.1944802
2.6274	367730794.4442493
2.62742	365569538.0918432
2.62744	417320769.97210884
2.6274599999999997	494902901.51638
2.62748	466777592.80693215
2.6275	491529966.42051184
2.62752	493889735.13353765
2.62754	416543152.9289506
2.62756	457994223.0213514
2.62758	512212296.2498975
2.6276	520007970.02166647
2.6276200000000003	509823675.93293303
2.62764	350291823.38000846
2.6276599999999997	244236180.7208757
2.62768	248656605.1307934
2.6277	373878076.7603149
2.62772	470446238.02621233
2.62774	460999017.7075903
2.62776	489001284.58754617
2.62778	489181472.5082843
2.6278	427228287.1684138
2.6278200000000003	505894549.09021574
2.62784	511328500.3019647
2.6278599999999996	414514760.5001551
2.6278799999999998	367256930.41184556
2.6279	458542928.19900733
2.62792	455344400.1838309
2.62794	402744853.99350256
2.62796	332897090.90907836
2.62798	362167937.6149536
2.628	468813382.14526445
2.6280200000000002	411680219.09824556
2.62804	481038680.9879433
2.62806	499263710.4333426
2.6280799999999997	541177833.8694553
2.6281	475882790.98881704
2.62812	351180182.3460296
2.62814	426324213.96451044
2.62816	483515053.8089959
2.62818	472944304.73833746
2.6282	378512302.8385022
2.6282200000000002	451200944.4107567
2.6282400000000004	435401579.30777985
2.62826	409732109.8135421
2.6282799999999997	495712648.0280603
2.6283	549654768.4747317
2.62832	545042038.2115682
2.62834	464354865.033973
2.62836	442985998.853356
2.62838	424619563.9463129
2.6284	307914400.212774
2.62842	420242527.67731196
2.6284400000000003	498505552.53097767
2.62846	483994024.74591446
2.6284799999999997	436194313.9550112
2.6285	311314966.5447021
2.62852	275937039.19373304
2.62854	423896665.21765155
2.62856	486889041.59956676
2.62858	395312001.92396426
2.6286	372426006.37778634
2.62862	439551736.3740604
2.6286400000000003	551581891.756997
2.62866	535352703.27966726
2.62868	473958154.7727312
2.6287	373654313.3650531
2.62872	412933388.5137536
2.62874	407098966.65027386
2.6287599999999998	370706328.3841133
2.62878	354552049.359897
2.6288	448425189.1485316
2.62882	460765549.1639802
2.6288400000000003	364518857.1575133
2.62886	284275871.75121206
2.62888	406153312.875766
2.6289	521602903.22533244
2.62892	526417114.1245959
2.62894	469634507.26158243
2.6289599999999997	509823675.93293303
2.62898	539895863.4177579
2.629	479104224.2073667
2.62902	355778745.9657395
2.6290400000000003	297111868.10399544
2.62906	382129001.92786926
2.62908	440341887.83924997
2.6291	477375361.2165994
2.62912	501256479.98570865
2.62914	427661347.4797274
2.6291599999999997	335722153.31044465
2.62918	429556208.1038293
2.6292	437653090.90568835
2.62922	417099817.6705393
2.6292400000000002	447795783.6111767
2.62926	509929338.99663496
2.62928	423350424.9077909
2.6293	488494861.8204397
2.62932	523829557.26762605
2.62934	469623693.651922
2.6293599999999997	475017926.9491705
2.62938	447311434.43227774
2.6294	458057501.63262016
2.62942	478024328.396318
2.62944	497175821.48979664
2.62946	481016528.848098
2.62948	484696629.81089175
2.6295	448063946.7270302
2.62952	252679494.85381898
2.62954	255664247.5984167
2.6295599999999997	411036131.9319125
2.62958	483537321.01281726
2.6296	427720435.1598787
2.62962	448208408.7613299
2.62964	464173133.7843697
2.62966	506488979.32323885
2.62968	524094980.15798134
2.6297	499493682.81779945
2.6297200000000003	481271340.0578855
2.62974	296032913.89097357
2.6297599999999997	234974102.7929992
2.62978	335328140.0032054
2.6298	389134736.26359695
2.62982	509976307.3873546
2.62984	470814684.6801646
2.62986	511093079.0373917
2.62988	453356659.9150273
2.6299	403729050.14337826
2.6299200000000003	484116628.38896555
2.62994	451190555.24468184
2.62996	381689312.8101172
2.6299799999999998	454244837.2445435
2.63	518000286.5613289
2.63002	432414252.5098639
2.63004	384211181.71402806
2.63006	428538652.8166977
2.63008	444457255.3031259
2.6301	360894281.0334913
2.6301200000000002	425833672.50712645
2.6301400000000004	415345969.0733375
2.63016	425333901.6937205
2.6301799999999997	410903650.89267075
2.6302	434360175.57079905
2.63022	421987901.6871559
2.63024	435331406.52017254
2.63026	425853283.3240079
2.63028	254483717.31096417
2.6303	276981013.46301377
2.63032	370595379.2179546
2.6303400000000003	277971326.77592933
2.63036	289994659.4547305
2.6303799999999997	306154043.7029457
2.6304	391291127.1268523
2.63042	488596104.39927673
2.63044	514671358.0237274
2.63046	496158001.9798441
2.63048	399447769.114824
2.6305	250911172.5669958
2.63052	258410406.95225185
2.6305400000000003	303619737.18279743
2.63056	351900594.06905764
2.63058	285890681.55119604
2.6306	185943071.25419313
2.63062	205291042.43531984
2.63064	280175399.58820295
2.6306599999999998	316905663.0297439
2.63068	477298423.5998693
2.6307	451336025.34095615
2.63072	469299401.1165957
2.6307400000000003	529175830.4203458
2.63076	546978177.674989
2.63078	553069870.3450611
2.6308	531557193.76747775
2.63082	419275996.68460584
2.63084	430169881.66789776
2.6308599999999998	283178319.408189
2.63088	234530862.1200278
2.6309	363437720.5854632
2.63092	490930483.8163129
2.6309400000000003	364208435.20524263
2.63096	411623347.3027647
2.63098	534023046.4883769
2.631	530933342.74710906
2.63102	479082161.15049905
2.63104	381144800.8604409
2.6310599999999997	359054190.7333836
2.63108	479512574.08134973
2.6311	526865789.69737107
2.63112	556634345.8844573
2.6311400000000003	498230144.287129
2.63116	449665947.11663455
2.63118	421133703.91353977
2.6312	303033052.10461926
2.63122	353150641.91786927
2.63124	391336178.77600104
2.6312599999999997	422581032.6002627
2.63128	275809994.746432
2.6313	304263600.3732331
2.63132	401051366.086575
2.6313400000000002	379131614.2547668
2.63136	423916186.8299968
2.63138	475149197.3877172
2.6314	374153661.8247032
2.63142	403831321.3488509
2.63144	466928088.38042116
2.6314599999999997	483047679.3278615
2.63148	483247927.33233416
2.6315	507072432.1079904
2.63152	523262967.70776117
2.63154	465232450.870714
2.63156	333810505.1659895
2.63158	363697235.54158235
2.6316	346888577.9494104
2.6316200000000003	371629345.0785266
2.63164	417839987.6571237
2.6316599999999997	490693155.2653187
2.63168	430249129.1871991
2.6317	422707545.2764337
2.63172	402485278.47657025
2.63174	519254178.4516522
2.63176	504824007.36915
2.63178	533089342.2367023
2.6318	564858931.2760812
2.6318200000000003	505312451.61307365
2.63184	455910925.7017509
2.6318599999999996	522757172.16716176
2.6318799999999998	503964563.61264384
2.6319	392807706.8363433
2.63192	290951097.67434675
2.63194	338781744.487483
2.63196	401051366.086575
2.63198	324369491.50780255
2.632	376738496.2838352
2.6320200000000002	409722675.49167603
2.63204	512023625.02290773
2.63206	487304026.6252339
2.6320799999999998	351787173.00265914
2.6321	408009241.4362832
2.63212	465843457.01219845
2.63214	373026770.20553666
2.63216	419981344.9456003
2.63218	448043313.0948527
2.6322	514197546.4168212
2.6322200000000002	519158537.1063532
2.6322400000000004	416255514.4708359
2.63226	380986862.2921189
2.6322799999999997	511446251.5963048
2.6323	482791927.62750095
2.63232	329845072.03458685
2.63234	275924332.11606485
2.63236	289747701.8376745
2.63238	337652523.6263992
2.6324	280323818.2562531
2.63242	313812327.5068935
2.6324400000000003	311824331.52805763
2.63246	326625434.15053314
2.6324799999999997	451585511.7751876
2.6325	454904255.970953
2.63252	346329909.9755893
2.63254	434240173.9985605
2.63256	532255306.5266658
2.63258	526295916.05860656
2.6326	433301307.96564585
2.63262	411187591.1372263
2.6326400000000003	503152922.98931897
2.63266	466809837.77443
2.63268	375413598.59012276
2.6327	471378749.5574379
2.63272	435592105.3268023
2.63274	473969068.18819636
2.6327599999999998	502157553.7600126
2.63278	476716298.1517641
2.6328	446889344.91976684
2.63282	424981475.4817728
2.6328400000000003	488877443.89414424
2.63286	545506588.1703738
2.63288	481027604.7905017
2.6329	423194485.57424134
2.63292	417753406.537236
2.63294	396214166.9300708
2.6329599999999997	503616557.4360844
2.63298	564079088.6434481
2.633	516570974.45274526
2.63302	463052251.2718906
2.6330400000000003	374041680.9017564
2.63306	342783571.94983256
2.63308	399429374.28881264
2.6331	232289725.08726144
2.63312	242638660.632535
2.63314	439531494.7346285
2.6331599999999997	463361557.52117735
2.63318	383486429.4084683
2.6332	402902535.08329517
2.63322	479071130.00307494
2.6332400000000002	408328788.34225804
2.63326	361801197.52788323
2.63328	337458211.1425141
2.6333	436324902.1871651
2.63332	449562419.6254693
2.63334	398244695.6473213
2.6333599999999997	465553933.08580065
2.63338	454841412.96658033
2.6334	496924031.54989916
2.63342	526586838.3073875
2.6334400000000002	459525906.0229684
2.63346	304221567.7069804
2.63348	317687407.0649775
2.6335	358063456.7207449
2.63352	423925947.97330004
2.63354	433441010.3203447
2.6335599999999997	427562886.15158635
2.63358	485098576.2651329
2.6336	504998397.518623
2.63362	484998058.41325265
2.63364	466444525.20377874
2.63366	475597978.4906331
2.63368	445481835.0920488
2.6337	411926754.35902524
2.6337200000000003	382005837.9445428
2.63374	450536519.8132646
2.6337599999999997	497565202.36490446
2.63378	464087637.80800956
2.6338	415508583.7024118
2.63382	389305016.5190833
2.63384	350404762.32493734
2.63386	305703210.6987662
2.63388	311171633.7106019
2.6339	483036556.8720581
2.6339200000000003	483882593.83271724
2.63394	328057521.92089516
2.6339599999999996	290395578.7641544
2.6339799999999998	421065830.6504094
2.634	373447881.40511227
2.63402	408742691.16074836
2.63404	303333237.22551763
2.63406	225995608.44343787
2.63408	346170455.8764758
2.6341	386945677.8582555
2.6341200000000002	403654687.3532566
2.63414	440179689.77239186
2.63416	443823199.59731686
2.6341799999999997	374205356.63422394
2.6342	352127545.91922224
2.63422	382974625.36280596
2.63424	416476019.515594
2.63426	375820096.73487824
2.63428	298455784.1168644
2.6343	358269633.95207626
2.63432	432294788.5417628
2.6343400000000003	421550879.7659614
2.63436	265582833.454668
2.6343799999999997	206538015.5810527
2.6344	307793893.9514326
2.63442	398299718.98608625
2.63444	363186753.39314365
2.63446	265570603.19481632
2.63448	309906011.0106678
2.6345	490670558.53073967
2.63452	410827966.6139678
2.6345400000000003	281630703.4859235
2.63456	337940311.45732677
2.63458	287223519.8071238
2.6346	395812950.8007928
2.63462	365855846.8391762
2.63464	341877091.05357724
2.63466	340173125.2517914
2.63468	463158885.2692173
2.6347	496009506.2235332
2.63472	466799089.2044392
2.6347400000000003	350735721.60376686
2.63476	329078872.0121738
2.63478	321736253.26956004
2.6348	367459940.1803345
2.63482	452418129.66326535
2.63484	432882471.00826466
2.6348599999999998	285890681.55119604
2.63488	290295297.003588
2.6349	421201588.11742765
2.63492	458595722.94360715
2.6349400000000003	367265386.91253656
2.63496	401642812.907792
2.63498	503570174.7730079
2.635	398767724.4136911
