2.5775200000000003	567322489.5266812
2.57754	548580037.703148
2.57756	683014620.1569072
2.5775799999999998	772378186.6094422
2.5776	729037721.5937787
2.57762	815154630.6702554
2.57764	864390529.5245395
2.57766	861430015.1772299
2.57768	812194417.3047056
2.5777	670579078.9883813
2.5777200000000002	564767894.1101722
2.5777400000000004	640000038.3387609
2.57776	850609051.8593941
2.5777799999999997	863435697.5624329
2.5778	820805012.6330767
2.57782	719018392.8583226
2.57784	688240142.7959335
2.57786	756588960.2408522
2.57788	712557638.4886217
2.5779	685930319.5433856
2.57792	629781646.5042522
2.5779400000000003	687305786.0322534
2.57796	663743070.4019074
2.5779799999999997	720161665.5370983
2.578	811913943.7298768
2.57802	695504589.2395349
2.57804	676005142.9434257
2.57806	768015526.5246063
2.57808	684604894.8958282
2.5781	733060805.937944
2.57812	866981838.522959
2.5781400000000003	860003066.8888553
2.57816	731846499.675244
2.57818	686404307.1126273
2.5782	790005291.0832204
2.57822	864689131.0003896
2.57824	843024118.9829075
2.5782599999999998	675569446.7881836
2.57828	589454109.7465044
2.5783	661835410.9371611
2.57832	601201423.1944835
2.5783400000000003	586840393.995373
2.57836	633067472.9287808
2.57838	736732790.7339894
2.5784	705976102.0060288
2.57842	652078678.5135775
2.57844	731290615.0799295
2.5784599999999998	819954965.0793132
2.57848	867421135.6612623
2.5785	855362093.4721577
2.57852	817504213.9967659
2.5785400000000003	820805012.6330767
2.57856	823208791.786092
2.57858	818804083.7107117
2.5786	755666204.862383
2.57862	742557347.9650105
2.57864	786683425.1584486
2.5786599999999997	760729048.2522705
2.57868	686546567.24187
2.5787	726875448.4280872
2.57872	830213899.3233814
2.5787400000000003	810251791.5965472
2.57876	705634814.815991
2.57878	725754938.9499961
2.5788	840156129.104898
2.57882	831170268.8225696
2.57884	774782851.8851414
2.5788599999999997	697011590.539944
2.57888	570834219.9641984
2.5789	603420416.1165606
2.57892	691353236.0375637
2.5789400000000002	809040010.7440361
2.57896	881657690.2621903
2.57898	840001380.8798796
2.579	703282806.2849447
2.57902	622672950.543813
2.57904	726306615.6462567
2.5790599999999997	871284523.9152753
2.57908	896664549.81781
2.5791	887503347.8894457
2.57912	898814355.130355
2.57914	883283260.4918194
2.57916	785687782.7029549
2.57918	750758054.119938
2.5792	795829438.3532492
2.5792200000000003	841085217.3131963
2.57924	851177235.460098
2.5792599999999997	827465699.0420403
2.57928	839807985.6804088
2.5793	667421203.8584777
2.57932	557237069.9992976
2.57934	622644276.054999
2.57936	788097591.0224226
2.57938	729356738.9364198
2.5794	794492862.5335222
2.5794200000000003	874580923.0752027
2.57944	885217518.3974918
2.5794599999999996	848086206.918934
2.5794799999999998	819275560.919049
2.5795	792994180.1388444
2.57952	632921720.5371842
2.57954	585827831.1067163
2.57956	726457145.6938409
2.57958	815980912.8447528
2.5796	746448758.4100652
2.5796200000000002	786592860.095509
2.57964	854063181.6606295
2.57966	826799109.1178719
2.5796799999999998	856327714.671556
2.5797	888996395.3045427
2.57972	864151722.5887212
2.57974	719763799.4379402
2.57976	725270478.0912471
2.57978	818238669.1972771
2.5798	730903430.0746663
2.5798200000000002	769803710.3421807
2.5798400000000004	850824525.1157528
2.57986	806900528.6507866
2.5798799999999997	819785061.2375766
2.5799	867840672.3901104
2.57992	856012289.9896156
2.57994	763659924.1361567
2.57996	721871673.037096
2.57998	727310738.7819116
2.58	791334317.4588048
2.58002	828151895.0732931
2.5800400000000003	819520836.3472801
2.58006	735647900.7442712
2.5800799999999997	713230653.2062128
2.5801	830711074.0494854
2.58012	824365864.2528558
2.58014	782834577.4483926
2.58016	809860094.8289176
2.58018	822943463.3933395
2.5802	842248022.53563
2.58022	810737011.9872087
2.5802400000000003	839691969.9337499
2.58026	869600938.9356796
2.58028	863932874.1891304
2.5803	854495932.9536355
2.58032	804470271.9514316
2.58034	748272871.0879109
2.5803599999999998	800313236.8416934
2.58038	803489119.2922314
2.5804	865386268.9821672
2.58042	877829153.3768282
2.5804400000000003	876738342.4580107
2.58046	868520352.5874637
2.58048	799521229.5827616
2.5805	650099751.4537936
2.58052	680769358.6937417
2.58054	781177992.9341723
2.5805599999999997	774230008.1509587
2.58058	813354736.3348601
2.5806	840368954.4640796
2.58062	883832566.6398826
2.5806400000000003	886074013.7209474
2.58066	813748123.3200815
2.58068	680738008.828061
2.5807	662643588.1206503
2.58072	795444713.7258952
2.58074	874158127.9340478
2.5807599999999997	871103984.0147158
2.58078	798582888.157361
2.5808	780027654.310211
2.58082	849082715.14878
2.5808400000000002	895199848.4545288
2.58086	892935316.3091136
2.58088	789768849.3998871
2.5809	663957070.3787032
2.58092	737360722.4596032
2.58094	869661010.9152316
2.5809599999999997	892031108.2287152
2.58098	891374077.5071731
2.581	883527354.3973072
2.58102	809002753.9325432
2.5810400000000002	607631108.4218336
2.58106	579628858.5734955
2.58108	722986187.0530475
2.5811	835987916.2611804
2.58112	786031589.3691388
2.58114	804637001.7397996
2.5811599999999997	803766682.5332149
2.58118	795243265.5333945
2.5812	759748760.1180764
2.58122	763378633.2418479
2.58124	753372910.5863378
2.58126	762236954.0495615
2.58128	768811728.4471279
2.5813	713411326.255768
2.5813200000000003	698039501.9857992
2.58134	731762247.5832489
2.5813599999999997	863137528.9324008
2.58138	869661010.9152316
2.5814	779094251.5984608
2.58142	746087905.6863807
2.58144	659781296.5139567
2.58146	547242729.0283961
2.58148	554127878.0907086
2.5815	688255990.2933153
2.5815200000000003	799300344.2208369
2.58154	826608753.5038543
2.5815599999999996	754918381.2702825
2.5815799999999998	713378473.2065443
2.5816	737224908.1043351
2.58162	809804153.607627
2.58164	820861713.7930343
2.58166	803766682.5332149
2.58168	776962395.9921379
2.5817	657158303.831745
2.5817200000000002	667605644.6325077
2.58174	748910638.6490699
2.58176	677703923.5743445
2.5817799999999997	665610248.1461415
2.5818	775318237.8131201
2.58182	850139117.7854705
2.58184	848613624.3266734
2.58186	812662088.5878806
2.58188	709528753.7605741
2.5819	645252951.8573735
2.58192	635594309.0642362
2.5819400000000003	646770197.7143786
2.58196	728534294.0745119
2.5819799999999997	782510186.896256
2.582	698409277.8236616
2.58202	790715040.9347023
2.58204	834833753.7236497
2.58206	741173699.4843981
2.58208	759836234.4618809
2.5821	828533360.9439795
2.58212	743310041.8430525
2.5821400000000003	739349868.5557599
2.58216	851706575.1514968
2.58218	816732805.2452785
2.5822	747842254.5515904
2.58222	790405584.4321657
2.58224	847695738.70294
2.5822599999999998	891230416.5587662
2.58228	879042757.3053479
2.5823	861707752.1683633
2.58232	845921376.9787999
2.5823400000000003	803581629.7208807
2.58236	838243124.6678857
2.58238	755788013.6804504
2.5824	654545738.9847075
2.58242	724769651.9929969
2.58244	826818147.0900886
2.5824599999999998	722520210.8614751
2.58248	650489064.576755
2.5825	756345104.0833403
2.58252	750775341.1619997
2.5825400000000003	777409780.2550348
2.58256	800681879.5840845
2.58258	816939697.0914639
2.5826	792191174.8905454
2.58262	712672498.466735
2.58264	730667852.6193547
2.5826599999999997	812100915.3493195
2.58268	850060820.6848568
2.5827	794273366.3688219
2.58272	681098619.4623632
2.5827400000000003	723752371.8684407
2.58276	822034415.1159517
2.58278	815398672.3708135
2.5828	777159213.339857
2.58282	599307896.4832208
2.58284	572005230.4159288
2.5828599999999997	680377589.1206344
2.58288	724486004.0667033
2.5829	739452020.5711585
2.58292	678500231.2276598
2.5829400000000002	664645394.869094
2.58296	748427953.7327119
2.58298	615942256.8812437
2.583	593594680.0113963
2.58302	651553376.8879445
2.58304	722636676.745947
2.5830599999999997	792848118.665777
2.58308	818577871.0353174
2.5831	760326276.9401822
2.58312	744234845.3681679
2.58314	741634628.9371765
2.58316	666576502.0826313
2.58318	634556065.8871536
2.5832	651328377.1823175
2.5832200000000003	742574446.1766609
2.58324	855027336.5140312
2.5832599999999997	853945196.6219019
2.58328	832261873.9716073
2.5833	771738203.9571921
2.58332	781339895.3014574
2.58334	769112730.6076361
2.58336	750809916.4402925
2.58338	848496392.1201062
2.5834	875588401.4131137
2.5834200000000003	833239788.4808053
2.58344	703687764.9567139
2.5834599999999996	609186120.5681946
2.5834799999999998	633869711.2569263
2.5835	770193767.6097953
2.58352	810569018.2084757
2.58354	769502437.7578621
2.58356	783971003.749196
2.58358	844422895.1849425
2.5836	854122180.2928648
2.5836200000000002	798766789.8343902
2.58364	802915792.2961491
2.58366	792793352.5495807
2.5836799999999998	867061694.178683
2.5837	863992554.6191206
2.58372	804136916.0123692
2.58374	724369240.1299027
2.58376	752436751.8888878
2.58378	764011683.5170195
2.5838	714907741.6264224
2.5838200000000002	772218141.2084571
2.5838400000000004	831744619.2545637
2.58386	810513028.0181844
2.5838799999999997	596526855.1115086
2.5839	512353845.2924538
2.58392	539833709.1873682
2.58394	692054026.8246402
2.58396	825505554.8720912
2.58398	818559022.8002843
2.584	732503998.9987452
2.58402	709512416.4453511
2.5840400000000003	839228067.1955775
2.58406	873856256.547246
2.5840799999999997	824916518.1214277
2.5841	740696001.1494036
2.58412	771276324.0784171
2.58414	838146623.916864
2.58416	815680349.7361476
2.58418	843121181.308627
2.5842	878415519.2614554
2.58422	831648866.6285603
2.5842400000000003	674295094.1992188
2.58426	699825881.7303208
2.58428	838938258.1411377
2.5843	868260412.0320107
2.58432	860973927.299056
2.58434	879467914.9453408
2.5843599999999998	887176439.7952279
2.58438	840368954.4640796
2.5844	777212899.4506717
2.58442	837182227.2137674
2.5844400000000003	853316218.3009427
2.58446	854436908.5043727
2.58448	842791214.9889352
2.5845	762992027.4338522
2.58452	573178643.0808239
2.58454	582183643.8578901
2.5845599999999997	784603064.3866342
2.58458	811334605.2282635
2.5846	703817400.9728837
2.58462	661165220.2575753
2.5846400000000003	754032387.0480754
2.58466	897284157.725912
2.58468	923761802.0134802
2.5847	816450764.4374572
2.58472	746328454.7807883
2.58474	842306204.9773973
2.5847599999999997	862303204.4340124
2.58478	847539601.758418
2.5848	778323243.1054667
2.58482	717926526.0450546
2.5848400000000002	603295380.6557771
2.58486	608989773.8140415
2.58488	639837956.8657221
2.5849	748135046.8257067
2.58492	698184173.5572623
2.58494	740082269.949394
2.5849599999999997	796177682.8748962
2.58498	818182149.2245662
2.585	809561786.2976731
2.58502	636619592.1096486
2.5850400000000002	603045387.4550803
2.58506	650039877.8112525
2.58508	615786268.0963634
2.5851	593171122.4962913
2.58512	686578184.6077104
2.58514	774354809.3417467
2.5851599999999997	881028586.3415632
2.58518	834795309.0937493
2.5852	797664014.6780568
2.58522	864052239.1718313
2.58524	914260590.9915165
2.58526	902651275.141243
2.58528	891640937.8518494
2.5853	870402239.9553275
2.5853200000000003	858459873.5153934
2.58534	884769208.4513531
2.5853599999999997	844306241.9090136
2.58538	796159350.4173182
2.5854	810382399.2807816
2.58542	724569418.4019785
2.58544	668482434.6074878
2.58546	688969505.4811373
2.58548	832357697.176752
2.5855	901197545.0647691
2.5855200000000003	909829470.3820463
2.58554	886686303.4185569
2.5855599999999996	823777640.7246537
2.5855799999999998	700680449.6496025
2.5856	717447290.8615781
2.58562	821580267.6074618
2.58564	828304460.3413062
2.58566	874278905.6853442
2.58568	869761140.1030047
2.5857	825144482.4717252
2.5857200000000002	890943164.118854
2.58574	935901191.1145934
2.58576	937950674.3990724
2.5857799999999997	930979247.0465299
2.5858	936547912.0977424
2.58582	910374323.0014861
2.58584	887769049.4117346
2.58586	822772940.3013196
2.58588	693857041.4712719
2.5859	750550640.6600213
2.58592	885727237.2577761
2.5859400000000003	888362054.8752698
2.58596	885604877.9702739
2.5859799999999997	838494078.6218083
2.586	865964323.3600651
2.58602	895983475.2883468
2.58604	806547594.0048391
2.58606	748548595.7885113
2.58608	711377295.4721315
2.5861	707766495.4955577
2.58612	782312014.4022522
2.5861400000000003	826913343.5269359
2.58616	882205985.48232
2.58618	856307997.224258
2.5862	816469564.1274887
2.58622	728785964.3647194
2.58624	777069744.7292039
2.58626	869320657.891835
2.58628	806361900.9376898
2.5863	843684363.2164323
2.58632	894622877.7965151
2.5863400000000003	898793659.4032664
2.58636	804414703.0330598
2.58638	695040321.2993752
2.5864	808016073.341605
2.58642	890327934.9014419
2.58644	896478750.8919566
2.5864599999999998	890204940.0479751
2.58648	852884064.4631399
2.5865	846739851.1824151
2.58652	872248035.5165119
2.5865400000000003	869901340.3340033
2.58656	747670077.3322623
2.58658	728115036.7067403
2.5866	844306241.9090136
2.58662	875608562.8132392
2.58664	932159006.3401734
2.5866599999999997	899539005.8783066
2.58668	882104423.6112474
2.5867	907778724.4604053
2.58672	850746164.8896981
2.5867400000000003	829506894.4198769
2.58676	819690685.4273162
2.58678	850667811.8805546
2.5868	797535456.790016
2.58682	615474409.0301524
2.58684	643161441.6324248
2.5868599999999997	844597905.3195813
2.58688	892544750.4357185
2.5869	908280520.1609975
2.58692	893202644.0588208
2.5869400000000002	900181327.2786918
2.58696	871144100.7593902
2.58698	838725795.1090677
2.587	788387990.395064
2.58702	745332398.8756577
2.58704	820842812.9711838
2.5870599999999997	795389768.2494617
2.58708	724169117.16149
2.5871	789805220.4369441
2.58712	802084271.2958935
2.58714	808928245.4565815
2.58716	782023853.0895958
2.58718	605661544.9001125
2.5872	563455989.7956496
2.58722	616751195.5119189
2.58724	550997971.5014833
2.5872599999999997	531557193.76747775
2.58728	538790587.3375926
2.5873	527849360.82234305
2.58732	649232123.1432134
2.58734	836700445.065996
2.58736	759783748.647099
2.58738	693026752.9032992
2.5874	731526393.3225006
2.5874200000000003	799355559.8396156
2.58744	863415816.4496646
2.5874599999999996	893202644.0588208
2.58748	838281728.0792171
2.5875	799024323.3320829
2.58752	766743318.1946077
2.58754	709643125.5008005
2.58756	646323578.964033
2.58758	686673045.4418961
2.5876	798086565.0903455
2.5876200000000003	871986979.2981141
2.58764	902942302.4386246
2.58766	895447235.4898947
2.5876799999999998	780980157.8213353
2.5877	721223717.3435771
2.58772	743070465.613198
2.58774	644273101.7015303
2.58776	695856999.3618162
2.58778	754119203.2322233
2.5878	638763364.8734205
2.5878200000000002	668467042.4078099
2.5878400000000004	800073710.080229
2.58786	901799520.3964189
2.5878799999999997	903795136.5475476
2.5879	859527942.9245307
2.58792	872750286.3930576
2.58794	928004324.4235175
2.58796	937324567.2039342
2.58798	932481018.261305
2.588	928089800.7167325
2.58802	897490788.8268592
2.5880400000000003	834276479.8347157
2.58806	789259830.711486
2.5880799999999997	865007752.9376161
2.5881	804136916.0123692
2.58812	607519188.9437308
2.58814	590772131.3028519
2.58816	748634780.5915141
2.58818	769537875.470682
2.5882	640884842.1275082
2.58822	640855328.969404
2.5882400000000003	740252699.810341
2.58826	841666419.115075
2.58828	765720016.4500242
2.5883	593362369.0977409
2.58832	563507888.4001389
2.58834	648440302.9277629
2.5883599999999998	647843342.2904077
2.58838	610477975.0530078
2.5884	755353072.3252059
2.58842	798766789.8343902
2.5884400000000003	650144660.3047732
2.58846	625446260.1443322
2.58848	776676205.1887378
2.5885	879022516.8308859
2.58852	890225438.0102116
2.58854	881921641.7064269
2.5885599999999998	861112711.0845374
2.58858	770105100.8795601
2.5886	748669257.2910829
2.58862	764240413.9976841
2.5886400000000003	848164322.1425234
2.58866	915334854.663905
2.58868	901737228.4439578
2.5887	897780152.3118399
2.58872	738618191.9623586
2.58874	656387043.6866541
2.5887599999999997	720012439.9834311
2.58878	686214672.7937459
2.5888	774800692.1249839
2.58882	834084402.6906729
2.5888400000000003	756763191.3453166
2.58886	737021233.4742924
2.58888	860597341.1928204
2.5889	887013030.9065934
2.58892	891127815.7714764
2.58894	899124848.2278497
2.5889599999999997	890163945.5394205
2.58898	830424206.152315
2.589	738108148.7738465
2.58902	742745449.9484622
2.5890400000000002	593143806.5855842
2.58906	547595663.2147412
2.58908	650773710.0575743
2.5891	806733329.8343202
2.58912	860141694.177519
2.58914	859824864.6323992
2.5891599999999997	877526014.2816954
2.58918	877021015.0662963
2.5892	770353393.4509894
2.58922	616098285.1806451
2.58924	580871408.1344349
2.58926	687923269.4656745
2.58928	691082666.055502
2.5893	613408797.0250888
2.5893200000000003	726089238.4201037
2.58934	772200360.4333593
2.5893599999999997	777893244.6100799
2.58938	823284615.6095507
2.5894	851432061.6393275
2.58942	812924102.122719
2.58944	586448662.3157581
2.58946	541078154.4095199
2.58948	666683950.1798834
2.5895	789314352.7322071
2.5895200000000003	813073862.0692401
2.58954	802324399.9809223
2.5895599999999996	770974475.167773
2.5895799999999998	818728672.5404879
2.5896	828190033.7556273
2.58962	863495343.6474923
2.58964	789587019.3366933
2.58966	655390285.8334767
2.58968	600883114.4791743
2.5897	726239723.4153594
2.5897200000000002	736257954.6359001
2.58974	779794198.846411
2.58976	842131669.7087069
2.5897799999999997	772733961.8231554
2.5898	714825439.568764
2.58982	757268688.4758713
2.58984	725253778.3135993
2.58986	792118214.7469311
2.58988	827027593.7191571
2.5899	765861080.2817081
2.58992	714167364.1097342
2.5899400000000004	829717022.1528456
2.58996	838050134.2752624
2.5899799999999997	752800675.2942297
2.59	666591850.7505084
2.59002	765596606.9112568
2.59004	826932384.1295274
2.59006	834142021.1900784
2.59008	887033455.3715599
2.5901	856761613.3967539
2.59012	905711745.8744512
2.5901400000000003	940545911.6897333
2.59016	919305799.711395
2.59018	888730326.4483483
2.5902	876334682.4837296
2.59022	800921588.4198625
2.59024	673907050.4398615
2.59026	674963052.2089752
2.59028	779076312.4968929
2.5903	772467115.0534085
2.59032	752852678.7187296
2.5903400000000003	831074582.317297
2.59036	787916145.7363938
2.59038	769431567.2279321
2.5904	681773317.0572556
2.59042	605424511.4636623
2.59044	669237086.7193958
2.5904599999999998	774301320.6539804
2.59048	867521006.9590218
2.5905	865605485.5505486
2.59052	707277756.5448889
2.5905400000000003	629665647.1220335
2.59056	741583400.4013386
2.59058	763906138.6931629
2.5906	755962060.3389225
2.59062	778430779.8635004
2.59064	698570111.018749
2.5906599999999997	773143305.9181027
2.59068	868120476.2660915
2.5907	865326492.2811247
2.59072	768086266.6263615
2.5907400000000003	734226406.7064843
2.59076	850981267.2212515
2.59078	798582888.157361
2.5908	748117820.577969
2.59082	811727015.1572877
2.59084	764539626.4150441
2.5908599999999997	742984921.3887559
2.59088	728416877.6830388
2.5909	690700865.1659307
2.59092	758053749.1482198
2.5909400000000002	724135768.709091
2.59096	751034694.5644788
2.59098	824081187.5350838
2.591	859053081.4508765
2.59102	815886974.9780508
2.59104	820937321.4326653
2.5910599999999997	782185930.7648939
2.59108	821845156.4869758
2.5911	665089359.8290485
2.59112	575413437.9589005
2.59114	689922009.8440487
2.59116	856169987.8047441
2.59118	876475942.3299694
2.5912	834814531.1873945
2.59122	847812860.2875051
2.59124	884198960.5080901
2.5912599999999997	882429462.7613971
2.59128	747773378.9063897
2.5913	678593975.9742486
2.59132	806213377.2662319
2.59134	846038253.409303
2.59136	782978794.1891035
2.59138	722420397.9004549
2.5914	655375195.088194
2.5914200000000003	712459201.8127669
2.59144	715072374.1705902
2.5914599999999997	669946310.9105694
2.59148	757460517.0837202
2.5915	797186618.3841926
2.59152	868000549.2744918
2.59154	874923335.5770471
2.59156	876617224.9464377
2.59158	855894035.6902212
2.5916	862323059.9276474
2.5916200000000003	844209043.1560041
2.59164	877445194.8708555
2.59166	908719818.931386
2.5916799999999998	909222134.8437251
2.5917	864171620.6465496
2.59172	789805220.4369441
2.59174	757722179.8629549
2.59176	815473776.8225627
2.59178	873836135.4950024
2.5918	882388826.3185631
2.5918200000000002	896499393.3156896
2.5918400000000004	912010839.3559114
2.59186	850041247.5364641
2.5918799999999997	708728667.5383512
2.5919	741293172.1983237
2.59192	729491103.787865
2.59194	771649359.4273864
2.59196	762623177.2641022
2.59198	786592860.095509
2.592	854220520.4036647
2.59202	893922770.4791378
2.5920400000000003	894602278.5806513
2.59206	772040351.8799442
2.5920799999999997	649531174.4387616
2.5921	728836308.8544605
2.59212	822716107.123075
2.59214	792373604.6517518
2.59216	797094844.1660515
2.59218	821296552.8345548
2.5922	841162687.6921178
2.59222	859785269.1458099
2.5922400000000003	913061435.293175
2.59226	912052839.9742693
2.59228	900554498.5455571
2.5923	899559718.7678258
2.59232	877263378.4103534
2.59234	828132826.3907478
2.5923599999999998	812587243.0902625
2.59238	797278403.1688391
2.5924	658733879.0154022
2.59242	582277488.3372386
2.5924400000000003	594073253.6193889
2.59246	755040069.5437136
2.59248	826551655.3661723
2.5925	854417234.5939944
2.59252	808295200.4071723
2.59254	784494674.9548857
2.5925599999999998	696786936.7620772
2.59258	562406070.8549652
2.5926	603601068.6442624
2.59262	647366169.4937338
2.5926400000000003	616084099.1566961
2.59266	735715659.5402294
2.59268	858993742.2158202
2.5927	874319168.6439351
2.59272	838513385.8837498
2.59274	856327714.671556
2.5927599999999997	903233423.5672456
2.59278	868220428.0830485
2.5928	796379367.7706708
2.59282	814479204.0054756
2.5928400000000003	875386812.9426659
2.59286	869921370.783197
2.59288	861192026.1487528
2.5929	803859224.9193527
2.59292	715747764.0702485
2.59294	765508469.4182403
2.5929599999999997	781231956.6620381
2.59298	764680472.7908202
2.593	623017147.4290631
2.59302	620554601.0455537
2.5930400000000002	714825439.568764
2.59306	797939565.6516964
2.59308	829430497.5297521
2.5931	691146320.0526279
2.59312	605759173.8749938
2.59314	605326936.4256418
2.5931599999999997	687844073.9313539
2.59318	688446188.7270007
2.5932	605424511.4636623
2.59322	700793395.0967664
2.59324	814929426.2367045
2.59326	754101839.1957786
2.59328	636707550.4324182
2.5933	665748198.6207311
2.5933200000000003	818144471.4117315
2.59334	861846654.2419752
2.5933599999999997	779794198.846411
2.59338	650354275.9654458
2.5934	617845659.4861722
2.59342	718075319.2844378
2.59344	720509978.7807813
2.59346	758333077.9213201
2.59348	842558375.3398246
2.5935	780566664.470972
2.5935200000000003	824897523.9353286
2.59354	834852976.7025254
2.5935599999999996	864231317.569127
2.5935799999999998	859844663.0594944
2.5936	779022497.6705108
2.59362	839363345.680041
2.59364	907569724.7474425
2.59366	878516656.4072709
2.59368	823758672.7618772
2.5937	816563569.0711064
2.5937200000000002	882876587.1653014
2.59374	905586625.8157626
2.59376	906504574.4579195
2.5937799999999998	888812185.3060856
2.5938	903025470.3280063
2.59382	888996395.3045427
2.59384	836372991.5840251
2.59386	859587319.0621393
2.59388	832856155.7191248
2.5939	624554008.3806618
2.5939200000000002	579762338.4172624
2.5939400000000004	672217787.3199301
2.59396	844364566.5324455
2.5939799999999997	907193646.515091
2.594	866482907.2763741
2.59402	796782890.8454547
2.59404	790842499.4129888
2.59406	784205709.6684716
2.59408	846856840.697116
2.5941	839595302.3878543
2.59412	891415127.745644
2.5941400000000003	918713292.3812261
2.59416	917740716.398497
2.5941799999999997	892236529.6310531
2.5942	758333077.9213201
2.59422	609761500.3027554
2.59424	630594240.7559432
2.59426	660298027.6330335
2.59428	705244974.3334521
2.5943	709528753.7605741
2.59432	811801781.4213362
2.5943400000000003	844209043.1560041
2.59436	749065853.4738334
2.59438	722836376.2269237
2.5944	591057864.0309029
2.59442	517285136.84020245
2.59444	568643396.2793174
2.5944599999999998	725972216.0932838
2.59448	801604229.5095807
2.5945	846993348.8936933
2.59452	837375017.7403951
2.5945400000000003	722154297.4107317
2.59456	630318421.683833
2.59458	675491673.4583896
2.5946	807179270.3543218
2.59462	784946396.3943135
2.59464	620897626.9640892
2.5946599999999997	559680273.4663303
2.59468	689175769.7694353
2.5947	773624116.9900067
2.59472	575545947.0544434
2.5947400000000003	524481289.9146378
2.59476	615276035.4979967
2.59478	779901938.8385258
2.5948	809300856.4707135
2.59482	878536885.2337321
2.59484	864748863.672554
2.5948599999999997	883873269.5709465
2.59488	885808819.5080391
2.5949	778144048.1871256
2.59492	624827305.0211346
2.5949400000000002	700744987.675976
2.59496	848242444.561122
2.59498	824593676.4308476
2.595	807142099.2311207
2.59502	653431399.6495999
2.59504	630681366.5881553
2.5950599999999997	771755974.0906181
2.59508	852785878.2086594
2.5951	778592112.8595238
2.59512	751605587.4607416
2.5951400000000002	840001380.8798796
2.59516	865884568.7712742
2.59518	856426308.7185025
2.5952	834679985.8261142
2.59522	853768249.6239353
2.59524	803267137.713315
2.5952599999999997	731492706.0628176
2.59528	621870563.7987503
2.5953	682715872.6476632
2.59532	724435960.074989
2.59534	814629250.438732
2.59536	798840362.3626009
2.59538	741207832.5805694
2.5954	738686224.3448468
2.5954200000000003	803859224.9193527
2.59544	835872428.2401605
2.5954599999999997	726741565.3537937
2.59548	710558763.3694726
2.5955	842927067.8312547
2.59552	916304881.0339831
2.59554	929715346.9886373
2.59556	917508296.4636986
2.59558	858598252.0506263
2.5956	810718344.2925485
2.5956200000000003	738550165.8455955
2.59564	739707462.3617858
2.5956599999999996	805823632.7730168
2.5956799999999998	768617025.1190442
2.5957	737938212.6571778
2.59572	751397939.8510623
2.59574	790605807.1605117
2.59576	721356583.8990859
2.59578	740286790.4919363
2.5958	799245132.416083
2.5958200000000002	868320391.4080462
2.59584	843742644.8805224
2.59586	812980258.8698618
2.5958799999999997	782384071.3198428
2.5959	718240681.2742926
2.59592	756501859.7317883
2.59594	728836308.8544605
2.59596	795921066.8777754
2.59598	775800401.456181
2.596	592024936.6468319
2.59602	509542014.7908467
2.5960400000000003	545406111.3978659
2.59606	743515454.3751554
2.5960799999999997	763202879.0509527
2.5961	807086345.7558299
2.59612	886645470.9454763
2.59614	907151869.6657053
2.59616	870622727.1516196
2.59618	818559022.8002843
2.5962	828418902.7366979
2.59622	827656251.9977757
2.5962400000000003	815642787.1327875
2.59626	828132826.3907478
2.59628	821069651.5596284
2.5963	839421328.8485079
2.59632	744646238.4043462
2.59634	736308815.290274
2.59636	784386300.4966531
2.59638	796691163.1054887
2.5964	872931167.4965885
2.59642	859686288.4065132
2.5964400000000003	784783746.7196552
2.59646	672186831.259597
2.59648	634585288.9467953
2.5965	727913878.8794619
2.59652	741976242.9588846
2.59654	819086937.4665976
2.5965599999999998	776568910.817413
2.59658	813017698.8564408
2.5966	733972857.6785235
2.59662	706707987.638882
2.5966400000000003	824574689.6783711
2.59666	837278616.9281238
2.59668	724486004.0667033
2.5967	601063007.3873106
2.59672	677641507.6106741
2.59674	784964470.661111
2.5967599999999997	831610568.6647502
2.59678	872951267.7109339
2.5968	844792403.565796
2.59682	814122954.4811658
2.5968400000000003	827904036.4445732
2.59686	875024070.647213
2.59688	885645662.52117
2.5969	873634950.4522446
2.59692	862978547.76697
2.59694	824783568.002796
2.5969599999999997	821901929.5000072
2.59698	776122010.4585819
2.597	714677319.7408149
2.59702	732487132.665041
2.5970400000000002	848320574.1753892
2.59706	866143798.0447142
2.59708	853080470.8876854
2.5971	870261958.9953586
2.59712	908343264.1236492
2.59714	915566724.030169
2.5971599999999997	916705844.0288162
2.59718	873554489.4051241
2.5972	761359901.2947242
2.59722	689001234.4299736
2.59724	675320603.6476068
2.59726	561655479.229565
2.59728	528457419.816862
2.5973	603225927.7063786
2.59732	778932814.5536731
2.59734	849454262.605717
2.5973599999999997	848144792.6621207
2.59738	756310273.9061058
2.5974	705781060.547426
2.59742	716572273.6709993
2.59744	601353717.3983837
2.59746	617404797.7651004
2.59748	749842410.2647197
2.5975	887973489.3257654
2.5975200000000003	882368508.7989017
2.59754	863535109.9932607
2.5975599999999996	870181808.5979257
2.59758	865306567.6317003
2.5976	846642372.2659117
2.59762	747859474.4541129
2.59764	723869036.3698084
2.59766	681114302.5182029
2.59768	661881130.4867756
2.5977	673069637.8681127
2.5977200000000003	769325273.671194
2.59774	828533360.9439795
2.59776	673162632.2986737
2.5977799999999998	568538657.9417701
2.5978	640206383.2325326
2.59782	746826981.7924814
2.59784	800589702.9822869
2.59786	764293207.6786354
2.59788	654108812.1740434
2.5979	680220944.4262793
2.5979200000000002	749669772.5455377
2.5979400000000004	750879071.7738155
2.59796	745006393.8515284
2.5979799999999997	706138677.7273836
2.598	705699809.177274
2.59802	721057668.5633566
2.59804	789041780.2871679
2.59806	705342414.2580965
2.59808	764997472.0132338
2.5981	804173948.7385854
2.59812	743019137.896702
2.5981400000000003	661728744.2691216
2.59816	648753927.4318929
2.5981799999999997	705066369.4311903
2.5982	782996823.1496644
2.59822	635184658.3394693
2.59824	612844086.7429271
2.59826	686420112.3378437
2.59828	613733741.0307289
2.5983	716275340.8550528
2.59832	776944505.9777975
2.5983400000000003	704449718.631318
2.59836	677485492.8498452
2.59838	617674966.004799
2.5984	622013771.2744848
2.59842	662872496.6366706
2.59844	742694144.6824774
2.5984599999999998	712262369.2549454
2.59848	757757075.0623617
2.5985	893079252.0770366
2.59852	889344451.6956878
2.5985400000000003	818408252.5428727
2.59856	808164929.1125382
2.59858	811054428.5707299
2.5986	841414515.7073516
2.59862	855992579.8051555
2.59864	837953655.7418019
2.5986599999999997	812568532.7929474
2.59868	825182482.654405
2.5987	713181386.6797386
2.59872	734226406.7064843
2.5987400000000003	789059948.8547502
2.59876	768157013.2438207
2.59878	769218994.7984362
2.5988	816920886.5763421
2.59882	807086345.7558299
2.59884	784837959.5327716
2.5988599999999997	754657686.7215574
2.59888	668513220.0701225
2.5989	583767617.059036
2.59892	684731015.3936458
2.5989400000000002	863336296.5762253
2.59896	861687910.8425502
2.59898	885645662.52117
2.599	912472952.5560101
2.59902	910772690.8619279
2.59904	887053880.3068258
2.5990599999999997	854673030.7669792
2.59908	817485390.4833151
2.5991	604922864.4838523
2.59912	544289554.7250885
2.5991400000000002	646814876.5599873
2.59916	797223331.030001
2.59918	804099884.9915371
2.5992	667590272.6214324
2.59922	555801865.3528639
2.59924	616708593.3200965
2.5992599999999997	704384839.4023298
2.59928	618500421.5978585
2.5993	652694570.5115887
2.59932	846505920.6355276
2.59934	903836758.8100973
2.59936	912409923.3344402
2.59938	894087452.3060775
2.5994	820464887.913353
2.5994200000000003	672682299.3351228
2.59944	718919063.6579204
2.5994599999999997	858084387.0449287
2.59948	854181183.0007186
2.5995	738805296.0928371
2.59952	729642293.8337765
2.59954	833777171.2383614
2.59956	774996961.8775762
2.59958	752714010.9024825
2.5996	797572185.5008
2.5996200000000003	699938689.4263116
2.59964	629158400.9891065
2.5996599999999996	755161777.4325608
2.5996799999999998	866283415.1820658
2.5997	895426617.2927122
2.59972	846096697.6799831
2.59974	820238216.4041951
2.59976	807830042.1835184
2.59978	778502479.2897162
2.5998	647559978.5392115
2.5998200000000002	684368481.571477
2.59984	776729857.9333793
2.59986	853807568.0101553
2.5998799999999997	893881604.7621105
2.5999	907632419.6083944
2.59992	907339880.6395352
2.59994	878273946.8175472
2.59996	804544369.8139504
2.59998	777517190.8047909
2.6	846778845.891476
2.60002	846837341.3222395
2.6000400000000004	846311027.8828478
2.60006	822223717.3283548
2.6000799999999997	742608643.7810897
2.6001	690510043.8281838
2.60012	765015086.9337839
2.60014	842830027.8523889
2.60016	851569307.3338264
2.60018	867820689.8502162
2.6002	819747309.6096154
2.60022	817730129.9687681
2.6002400000000003	866163741.9723033
2.60026	887707726.6163995
2.60028	867640867.6948254
2.6003	862581222.9534798
2.60032	892462547.8118595
2.60034	880298577.3625772
2.60036	753824068.9815178
2.60038	744646238.4043462
2.6004	781861808.9986053
2.60042	739520129.7556367
2.6004400000000003	624079619.3491464
2.60046	645669095.9438466
2.60048	757042044.571758
2.6005	842713594.6240139
2.60052	852942981.6420316
2.60054	869580915.864617
2.6005599999999998	868440362.5905222
2.60058	799373965.8934826
2.6006	637558441.0101069
2.60062	621655814.4032962
2.6006400000000003	770867968.4651465
2.60066	916748060.8651081
2.60068	918353742.1164999
2.6007	905628330.5813454
2.60072	902069501.9192362
2.60074	860419015.7960838
2.6007599999999997	776747743.005212
2.60078	805619556.0955366
2.6008	815267256.2240403
2.60082	806343333.9825246
2.6008400000000003	858894852.5991837
2.60086	819124658.6825942
2.60088	816958508.0397154
2.6009	816225201.9183817
2.60092	797223331.030001
2.60094	698007356.8189412
2.6009599999999997	614412439.6226634
2.60098	701778404.9149888
2.601	838571310.3370427
2.60102	830749330.5890838
2.6010400000000002	767785666.185733
2.60106	847754297.4726027
2.60108	895096790.6958094
2.6011	853925534.0334741
2.60112	804377659.2199539
2.60114	803322627.3579482
2.6011599999999997	796471059.6118058
2.60118	784910249.1092173
2.6012	726457145.6938409
2.60122	712705319.0038719
2.60124	785271796.8800682
2.60126	768882541.8851643
2.60128	801825751.5464952
2.6013	735749541.2785877
2.60132	678922184.5977125
2.60134	760063714.892988
2.6013599999999997	842441979.6390388
2.60138	750637055.9702268
2.6014	767273148.690897
2.60142	866562716.9767123
2.60144	879366668.2881429
2.60146	869721087.0445558
2.60148	789877967.5360987
2.6015	675227311.1028768
2.6015200000000003	751570975.541288
2.60154	822450937.5274965
2.6015599999999997	778018636.2924143
2.60158	687828235.9185848
2.6016	672372589.0070814
2.60162	617632300.0033754
2.60164	580269842.2181233
2.60166	644881621.2881182
2.60168	635726038.611409
2.6017	626181164.6156882
2.6017200000000003	788587702.0336754
2.60174	792647328.0669122
2.60176	700357848.6652604
2.6017799999999998	671428852.9259521
2.6018	701455298.4199712
2.60182	832530206.7492439
2.60184	798638054.2143222
2.60186	801069137.2180051
2.60188	820030489.2004552
2.6019	804840829.5201057
2.6019200000000002	713690638.2675266
2.6019400000000004	772271485.990312
2.60196	896520036.2147373
2.6019799999999997	919708075.8688719
2.602	912893258.6512991
2.60202	865545693.7070885
2.60204	844189604.7482138
2.60206	887993935.9063623
2.60208	917592805.9924924
2.6021	883934327.4822272
2.60212	739962992.3941227
2.6021400000000003	719664367.2629267
2.60216	808220757.0962979
2.6021799999999997	866223576.5105032
2.6022	862938807.0512491
2.60222	845999292.8050009
2.60224	773161108.4055696
2.60226	776586792.1832556
2.60228	829144071.8516694
2.6023	819822814.6041012
2.60232	793012439.7148442
2.6023400000000003	864709041.43265
2.60236	885706842.8692472
2.60238	783159102.4770283
2.6024	672388071.1363287
2.60242	754987915.0248272
2.60244	876798907.488964
2.6024599999999998	881231474.0279155
2.60248	877950438.3340681
2.6025	867560958.6977056
2.60252	836565595.755809
2.6025400000000003	800552835.3128905
2.60256	666116206.3463374
2.60258	721722093.1507479
2.6026	852687703.2576386
2.60262	826228173.7435981
2.60264	808369650.574845
2.6026599999999998	801382768.673015
2.60268	683958891.8560984
2.6027	670501880.1628407
2.60272	830577190.0340554
2.6027400000000003	881535893.1645472
2.60276	832357697.176752
2.60278	774675819.072174
2.6028	861767278.8870608
2.60282	919369305.299686
2.60284	897077574.1980568
2.6028599999999997	883445982.2680697
2.60288	902672059.6942353
2.6029	904148986.8839712
2.60292	888525712.2861917
2.6029400000000003	890061467.5270765
2.60296	888934987.7300816
2.60298	864569678.0339123
2.603	818690969.5599039
2.60302	696578394.5179752
2.60304	729457510.2545677
2.6030599999999997	673333155.4598382
2.60308	539659715.406153
2.6031	536698028.5520191
2.60312	665824850.1269532
2.6031400000000002	811988727.2114761
2.60316	847754297.4726027
2.60318	783826604.2535659
2.6032	723335866.4042284
2.60322	776282864.9526051
2.60324	719846670.0780191
2.6032599999999997	761833384.3701729
2.60328	872890968.4563444
2.6033	878435745.7591211
2.60332	868620350.444534
2.60334	893161511.5040734
2.60336	894169804.5960635
2.60338	882124735.0500525
2.6034	792209415.9764532
2.6034200000000003	634892212.3377006
2.60344	556980511.9243811
2.6034599999999997	588166114.1430395
2.60348	707554667.1654274
2.6035	750308730.7130519
2.60352	829373204.479627
2.60354	767555874.6420515
2.60356	740968933.9136983
2.60358	791316096.5225531
2.6036	744543368.8308028
2.6036200000000003	730819286.5513246
2.60364	840272208.9819461
2.6036599999999996	870903428.0006628
2.6036799999999998	795316513.5180783
2.6037	827332338.0771043
2.60372	883466324.5977601
2.60374	890799572.619886
2.60376	846564397.2126311
2.60378	761149558.8408531
2.6038	787426452.100577
2.6038200000000002	780800351.1962006
2.60384	662430011.4922686
2.60386	594114292.1633326
2.6038799999999998	633329911.8216157
2.6039	697573541.9234921
2.60392	781699798.484963
2.60394	761412495.9900347
2.60396	782762479.0395651
2.60398	771045487.8113173
2.604	779542863.4093722
2.6040200000000002	803803698.2091565
2.6040400000000004	724052404.296708
2.60406	626253260.5365411
2.6040799999999997	648828622.287708
2.6041	780027654.310211
2.60412	873997116.8862236
2.60414	877142188.3673934
2.60416	872690001.0212861
2.60418	812344042.8259318
2.6042	638719242.187326
2.60422	634789888.0502216
2.6042400000000003	680879094.5935681
2.60426	725938784.6070253
2.6042799999999997	812325338.1284453
2.6043	801678063.3876789
2.60432	714446972.1224759
2.60434	762166752.664595
2.60436	837644999.0665387
2.60438	865206951.2660145
2.6044	877788728.7811924
2.60442	849884678.573043
2.6044400000000003	812287930.0255219
2.60446	772200360.4333593
2.60448	656099942.9590647
2.6045	648410441.8358393
2.60452	594757599.5939746
2.60454	677703923.5743445
2.6045599999999998	868500354.3975347
2.60458	907820530.1781859
2.6046	880744622.0531402
2.60462	860419015.7960838
2.6046400000000003	852157753.7904471
2.60466	820068253.8696154
2.60468	826018929.5694662
2.6047	729575094.3897123
2.60472	713164965.2605028
2.60474	653311044.2230736
2.6047599999999997	723852368.8611774
2.60478	736037599.0609072
2.6048	708108813.6938366
2.60482	844014679.218021
2.6048400000000003	881617089.3599749
2.60486	819879447.9138793
2.60488	748634780.5915141
2.6049	765913985.9181869
2.60492	644184098.2314268
2.60494	638586892.4148868
2.6049599999999997	757791971.868786
2.60498	779453120.3866636
2.605	769963255.342391
2.60502	705212497.3499702
2.6050400000000002	720742281.1966045
2.60506	742369293.6188165
2.60508	778610040.8118514
2.6051	819124658.6825942
2.60512	786629084.8694891
2.60514	720062178.3986458
2.6051599999999997	771951472.5660757
2.60518	812400159.5026138
2.6052	765825811.8876654
2.60522	669607023.0086491
2.6052400000000002	696113409.7840339
2.60526	832626060.8491197
2.60528	893737539.6806325
2.6053	898441904.9431398
2.60532	865884568.7712742
2.60534	829487794.5376776
2.6053599999999997	744046366.1919209
2.60538	720775473.3695267
2.6054	783483762.0379102
2.60542	877182583.1880573
2.60544	889631188.688529
2.60546	876455760.9579223
2.60548	826323302.2533437
2.6055	835275994.2413865
2.6055200000000003	861271348.518492
2.60554	849434703.4236794
2.6055599999999997	817240724.2462525
2.60558	774961272.7703221
2.6056	602185092.4228485
2.60562	508979159.2468068
2.60564	541676506.6866916
2.60566	721190504.5287323
2.60568	731829648.4808438
2.6057	763554427.9063009
2.6057200000000003	815924548.8269356
2.60574	856781341.2890707
2.60576	859844663.0594944
2.6057799999999998	834507030.795351
2.6058	867101624.7647448
2.60582	866024144.1224396
2.60584	783123037.4979635
2.60586	710984282.454192
2.60588	763958909.2823968
2.6059	739060514.4741637
2.6059200000000002	671413392.8832662
2.6059400000000004	705098839.6850779
2.60596	754692440.7925872
2.6059799999999997	769467001.6769683
2.606	753789354.899567
2.60602	704028110.4370186
2.60604	795133406.2050724
2.60606	891517761.6128515
2.60608	866183686.3591233
2.6061	876859476.7037461
2.60612	921212876.9195775
2.6061400000000003	917043633.1618313
2.60616	887237725.8893055
2.6061799999999997	786484195.782313
2.6062	763712677.716904
2.60622	789514299.0336273
2.60624	664630091.019504
2.60626	607155592.9886491
2.60628	710198907.6794174
2.6063	760081216.2082742
2.60632	711066142.256837
2.6063400000000003	662384254.0286043
2.60636	748186727.948881
2.60638	829927203.1146268
2.6064	723752371.8684407
2.60642	689032964.8400184
2.60644	759311539.4300135
2.6064599999999998	763835783.577689
2.60648	700599785.4751792
2.6065	684872928.7262648
2.60652	786429869.2551527
2.6065400000000003	728165334.8488427
2.60656	731139083.4834187
2.60658	822753995.472359
2.6066	763413788.9365544
2.60662	607295411.8270241
2.60664	616907428.728774
2.6066599999999998	677953644.924196
2.60668	791899374.6310215
2.6067	884830328.2540332
2.60672	916093918.3269242
2.6067400000000003	910982428.170009
2.60676	841414515.7073516
2.60678	807383742.1330647
2.6068	869600938.9356796
2.60682	897490788.8268592
2.60684	889692644.356506
2.6068599999999997	839286041.0190116
2.60688	858697107.5178971
2.6069	872991469.5281287
2.60692	892236529.6310531
2.6069400000000003	889385408.4642837
2.60696	837895773.9530998
2.60698	674341674.462992
2.607	611800742.8916528
2.60702	695520604.0089031
2.60704	571031413.1711171
2.6070599999999997	550642844.472887
2.60708	713444180.8179684
2.6071	839962698.2774336
2.60712	862720265.8252914
2.6071400000000002	887809933.6287072
2.60716	888730326.4483483
2.60718	861073056.2917928
2.6072	750861782.3432958
2.60722	715401753.0048832
2.60724	853591339.2913665
2.6072599999999997	896932994.0286804
2.60728	912325891.1447976
2.6073	904940447.4825345
2.60732	895344149.2513297
2.60734	882713970.2658454
2.60736	879386916.6870763
2.60738	817052569.2783217
2.6074	675740579.6350248
2.6074200000000003	647291642.9993268
2.60744	730920259.941851
2.6074599999999997	626224421.1721553
2.60748	568420850.3715107
2.6075	689302732.3310751
2.60752	840233513.9076922
2.60754	757024613.2351792
2.60756	580470294.9363813
2.60758	543613207.8676088
2.6076	614214408.3738248
2.6076200000000003	799668520.4015133
2.60764	852079270.7751483
2.6076599999999996	836450027.9309303
2.6076799999999998	835564538.1762211
2.6077	797406919.6213921
2.60772	692261214.5596168
2.60774	677969255.5634843
2.60776	713000771.8629067
2.60778	699407040.8698354
2.6078	759398963.4340285
2.6078200000000002	794694120.6366036
2.60784	654545738.9847075
2.60786	602379245.2532912
2.6078799999999998	752991372.0808882
2.6079	873373479.1423205
2.60792	900595971.5677754
2.60794	886522984.8080645
2.60796	826095012.2280992
2.60798	810214478.9817686
2.608	835237529.2460265
2.6080200000000002	788061298.6227922
2.6080400000000004	826285249.5351928
2.60806	775193281.3485203
2.6080799999999997	641268636.8894495
2.6081	691480599.7402555
2.60812	689461468.4251442
2.60814	736664938.2611002
2.60816	828895916.2731056
2.60818	769839161.9294354
2.6082	762728544.8280398
2.60822	631538745.3743849
2.6082400000000003	624323956.5604615
2.60826	781645802.4408484
2.6082799999999997	825581590.2449895
2.6083	793743167.624726
2.60832	687305786.0322534
2.60834	664247609.282173
2.60836	781213968.3385621
2.60838	849669443.3349701
2.6084	841085217.3131963
2.60842	664997480.6852547
2.6084400000000003	641490161.4837748
2.60846	712098383.6638346
2.60848	746534701.4464389
2.6085	762974459.0954322
2.60852	583821386.519686
2.60854	567152694.8608322
2.6085599999999998	717034413.8492974
2.60858	673798438.210221
2.6086	551607293.626724
2.60862	605633653.7974386
2.6086400000000003	809934689.1353307
2.60866	837915067.4384086
2.60868	729507901.1346608
2.6087	611828918.0058146
2.60872	604198997.0171171
2.60874	584278626.9416126
2.6087599999999997	677360706.9036832
2.60878	623476372.5919211
2.6088	596746664.214421
2.60882	736834581.161748
2.6088400000000003	742232556.735616
2.60886	645148957.7505611
2.60888	737513543.516506
2.6089	858242466.5895981
2.60892	885931206.9730526
2.60894	845999292.8050009
2.6089599999999997	706935840.101228
2.60898	577962951.1954669
2.609	609873832.8679203
2.60902	713427753.3477436
2.6090400000000002	780494774.9350297
2.60906	764874178.9254816
2.60908	727360981.3631629
2.6091	660936901.312105
2.60912	718091853.770055
2.60914	803378120.8358027
2.6091599999999997	759066805.7581121
2.60918	777212899.4506717
2.6092	836758244.2814482
2.60922	720261166.4211534
2.6092400000000002	630100755.0054598
2.60926	760921753.426137
2.60928	863058034.689009
2.6093	850687399.4562905
2.60932	873192506.3868685
2.60934	890286934.7288953
2.6093599999999997	897966220.9585193
2.60938	894128627.5029528
2.6094	837047300.2557342
2.60942	737326766.5253208
2.60944	784404361.8666176
2.60946	858756426.2614466
2.60948	830577190.0340554
2.6095	694208616.7859626
2.6095200000000003	693138464.6208793
2.60954	718554973.9737375
2.6095599999999997	742540250.1470568
2.60958	766231496.4949684
2.6096	703007567.5121123
2.60962	778269480.2974784
2.60964	812531113.4907538
2.60966	747343049.8181368
2.60968	574235450.2166799
2.6097	511575809.3397138
2.6097200000000003	552968000.4928013
2.60974	757704732.8658624
2.6097599999999996	827980292.7359616
2.6097799999999998	855165161.745077
2.6098	754779332.9726052
2.60982	582022802.7943587
2.60984	611688055.4092367
2.60986	793140268.5199109
2.60988	771596057.6190245
2.6099	809710926.8256782
2.6099200000000002	885319438.697479
2.60994	844247921.3143613
2.60996	799189924.4250938
2.6099799999999997	813279827.0449648
2.61	805934969.1127452
2.61002	757949027.3865616
2.61004	765720016.4500242
2.61006	770335655.6128043
2.61008	751622894.0182045
2.6101	736936385.6533486
2.61012	794822220.5184554
2.6101400000000003	674108805.3173038
2.61016	643828207.2883704
2.6101799999999997	747239807.6920635
2.6102	820975127.8639548
2.61022	833892369.7689354
2.61024	763167733.0687785
2.61026	707424342.7827868
2.61028	807123514.3114328
2.6103	874520511.2518932
2.61032	878617805.1976008
2.6103400000000003	913755491.494617
2.61036	904773766.6441272
2.61038	835006776.4690933
2.6104	808555805.9966613
2.61042	813616973.1889443
2.61044	806269070.4369129
2.61046	862203933.8233895
2.61048	861013577.526637
2.6105	819105797.8574551
2.61052	801936535.5203652
2.6105400000000003	827923099.8589746
2.61056	781663800.7077866
2.61058	734699932.5949032
2.6106	817956108.3722818
2.61062	878820137.7171674
2.61064	815661568.2182398
2.6106599999999998	730819286.5513246
2.61068	661332704.2770419
2.6107	658764215.530124
2.61072	811502757.6780702
2.6107400000000003	807420924.384589
2.61076	765720016.4500242
2.61078	849473822.2381264
2.6108	883527354.3973072
2.61082	892750290.1221592
2.61084	833105496.9176098
2.6108599999999997	793834555.9446315
2.61088	844597905.3195813
2.6109	855047024.4726907
2.61092	869420747.8927624
2.6109400000000003	897738808.9599047
2.61096	898483280.6745872
2.61098	888055278.4730173
2.611	859389414.5529094
2.61102	853886210.214843
2.61104	808462722.9277695
2.6110599999999997	781789800.1809403
2.61108	797847704.7522876
2.6111	708239264.1722919
2.61112	761763220.1536357
2.6111400000000002	810961057.8538419
2.61116	810681010.192719
2.61118	797774223.6470114
2.6112	841743943.0271224
2.61122	876798907.488964
2.61124	828705077.9069828
2.6112599999999997	814948190.896226
2.61128	869580915.864617
2.6113	846622877.8292965
2.61132	808984126.1701907
2.61134	837818604.4541972
2.61136	815286028.6624744
2.61138	657854727.529351
2.6114	667298271.652119
2.61142	725571139.852303
2.61144	816601174.0790215
2.6114599999999997	819973845.4574751
2.61148	753806711.740712
2.6115	817598338.0657091
2.61152	840659257.7488722
2.61154	879305925.8886871
2.61156	879467914.9453408
2.61158	834295689.9817381
2.6116	772378186.6094422
2.6116200000000003	843936946.1730725
2.61164	885931206.9730526
2.6116599999999996	888321145.232763
2.61168	884056455.9587071
2.6117	845473500.216749
2.61172	840697972.429806
2.61174	821977632.9514543
2.61176	801382768.673015
2.61178	874782325.9612855
2.6118	858163423.1773473
2.6118200000000003	766690355.2718633
2.61184	671119719.6984217
2.61186	690780389.6194307
2.6118799999999998	766549138.6961497
2.6119	862601084.8488014
2.61192	848457318.3169429
2.61194	750567922.9261566
2.61196	797186618.3841926
2.61198	830787588.8904982
2.612	745435377.4652607
2.6120200000000002	757338438.7116754
2.6120400000000004	803581629.7208807
2.61206	854613994.0846553
2.6120799999999997	846388979.5988725
2.6121	887830376.4432479
2.61212	882795274.9711809
2.61214	825657632.6213269
2.61216	827008550.9243091
2.61218	803674150.8007997
2.6122	760028713.4713371
2.61222	754918381.2702825
2.6122400000000003	858104145.3955884
2.61226	899642575.0953904
2.6122799999999997	899601145.9776913
2.6123	837066574.2039891
2.61232	776676205.1887378
2.61234	742420576.4441097
2.61236	709447070.9461323
2.61238	693873018.3040141
2.6124	751346036.9128896
2.61242	835256761.5222842
2.6124400000000003	763624757.1067663
2.61246	687590709.4839237
2.61248	777678334.4557064
2.6125	821239821.6380178
2.61252	871806293.8409406
2.61254	856130560.6275737
2.6125599999999998	778627969.1769902
2.61258	812662088.5878806
2.6126	868220428.0830485
2.61262	780818329.9956805
2.6126400000000003	614256838.2675017
2.61266	616027358.3272377
2.61268	706203718.4982903
2.6127	764750905.7086287
2.61272	824403828.5780159
2.61274	817598338.0657091
2.6127599999999997	782978794.1891035
2.61278	678265926.0153636
2.6128	665656228.4612819
2.61282	658278998.9004956
2.6128400000000003	625316660.6822593
2.61286	739775595.0744058
2.61288	831342532.295628
2.6129	861628389.606217
2.61292	874701759.2418417
2.61294	902235684.567792
2.6129599999999997	895117401.2983664
2.61298	850550295.8970953
2.613	815455000.0611172
2.61302	761657985.9450186
2.6130400000000003	684021889.6991565
2.61306	653431399.6495999
2.61308	750395118.1707423
2.6131	766602091.8636618
2.61312	727712776.626464
2.61314	729810319.5246063
2.6131599999999997	793889393.9870944
2.61318	658855233.4570227
2.6132	649516218.6029513
2.61322	703460959.381338
2.6132400000000002	738635199.4705455
2.61326	842655384.0417387
2.61328	864529864.045622
2.6133	888771254.9347838
2.61332	889672158.6621555
2.61334	774247835.6609571
2.6133599999999997	639896890.8333467
2.61338	690351066.3185005
2.6134	719200532.0374788
2.61342	799171522.6088895
2.61344	856288280.2309656
2.61346	810849027.1822536
2.61348	801751904.0664415
2.6135	836103420.2385622
2.6135200000000003	854751752.6874001
2.61354	885176753.5629034
2.6135599999999997	881211183.1569687
2.61358	864291018.6155676
2.6136	868820380.7000244
2.61362	890409940.911132
2.61364	828609675.2009658
2.61366	791480100.0537032
2.61368	877021015.0662963
2.6137	853787908.5907105
2.6137200000000003	764997472.0132338
2.61374	655571401.8827028
2.6137599999999996	720841862.3012186
2.6137799999999998	808723382.5288438
2.6138	740713056.501466
2.61382	801475036.5851272
2.61384	715714803.4265617
2.61386	588139028.7161753
2.61388	624007773.6635783
2.6139	718935617.5716934
2.6139200000000002	796727852.9342164
2.61394	806102002.4656526
2.61396	831208546.5093558
2.6139799999999997	838590619.3773341
2.614	829354107.675717
2.61402	841065850.8333294
2.61404	870101665.5822772
2.61406	845551374.7900759
2.61408	863395935.7946707
2.6141	844675699.2439239
2.61412	757949027.3865616
2.6141400000000004	784314059.1754324
2.61416	885625270.0109471
2.6141799999999997	908385095.8400407
2.6142	831285107.1713854
2.61422	713082863.8358389
2.61424	775300385.6564819
2.61426	811689634.607521
2.61428	782600281.8970145
2.6143	689810816.5159478
2.61432	760746564.8875998
2.6143400000000003	776962395.9921379
2.61436	644258266.9359251
2.61438	687574877.3050224
2.6144	742950706.4565051
2.61442	774979117.1185077
2.61444	803544624.2713386
2.61446	824574689.6783711
2.61448	854889533.4960012
2.6145	862382629.1517671
2.61452	759836234.4618809
2.6145400000000003	642658121.135356
2.61456	732942660.0177538
2.61458	881657690.2621903
2.6146	882368508.7989017
2.61462	820653828.687155
2.61464	785217554.0995644
2.6146599999999998	796672818.8247275
2.61468	729591893.6704855
2.6147	720659307.4514203
2.61472	716572273.6709993
2.6147400000000003	723935710.2423041
2.61476	718141459.5112947
2.61478	607211516.660692
2.6148	582357938.5022907
2.61482	710591486.5632725
2.61484	682401542.7521305
2.6148599999999997	682291561.4824287
2.61488	684384239.9195383
2.6149	635740676.9129374
2.61492	712032799.9992009
2.6149400000000003	827160905.5611509
2.61496	878435745.7591211
2.61498	882815602.3176095
2.615	816450764.4374572
2.61502	771294083.5765435
2.61504	766919887.695605
2.6150599999999997	690525943.5925729
2.61508	755248723.6500669
2.6151	855815208.5664891
2.61512	859389414.5529094
2.6151400000000002	859923861.326792
2.61516	838301030.4515538
2.61518	831648866.6285603
2.6152	882835930.1321018
2.61522	896994954.1049262
2.61524	800995359.4214971
2.6152599999999997	716044478.1785926
2.61528	750291454.4149692
2.6153	778896944.1978784
2.61532	851706575.1514968
2.61534	870642774.21155
2.61536	805137398.4661777
2.61538	792264141.7543467
2.6154	844306241.9090136
2.61542	798895546.2058642
2.61544	627090180.0897601
2.6154599999999997	631364268.8762258
2.61548	701342246.2951913
2.6155	732655813.4796402
2.61552	829124980.3236725
2.61554	830347724.7785481
2.61556	759626312.9545525
2.61558	819369888.9335828
2.6156	813485844.1950039
2.6156200000000003	849121817.7531946
2.61564	865924445.1474628
2.6156599999999997	864669221.0265822
2.61568	889180643.4812831
2.6157	893716960.8501974
2.61572	893202644.0588208
2.61574	866243522.2750803
2.61576	842519574.9861434
2.61578	776908727.1848913
2.6158	723036130.8945273
2.6158200000000003	758402926.1955299
2.61584	865924445.1474628
2.61586	887544219.8701293
2.6158799999999998	850883300.0217892
2.6159	842694190.6498055
2.61592	755544415.6759923
2.61594	679406973.1899925
2.61596	774123051.7108965
2.61598	814422943.7184473
2.616	797462004.4425156
2.6160200000000002	780602611.7219942
2.6160400000000004	727143288.5745602
2.61606	607113653.6146733
2.6160799999999997	631233443.136538
2.6161	765667124.212022
2.61612	848027625.2225674
2.61614	878011087.0965301
2.61616	862005426.8857086
2.61618	783249272.1912547
2.6162	729793515.2144499
2.61622	811521443.4347239
2.6162400000000003	850236999.3028544
2.61626	798638054.2143222
2.6162799999999997	787245161.3322059
2.6163	810475703.3733042
2.61632	711868867.2622794
2.61634	693154424.9075876
2.61636	816902076.4943469
2.61638	864669221.0265822
2.6164	870442324.3827531
2.61642	885441758.5473642
2.6164400000000003	893881604.7621105
2.61646	818596719.7043521
2.61648	734480043.3222988
2.6165	671691728.1239783
2.61652	585585076.0993823
2.61654	625172692.7756848
2.6165599999999998	764698080.4121096
2.61658	648470165.3948696
2.6166	536006430.52477986
2.61662	584251720.5360303
2.6166400000000003	777141318.7936785
2.61666	835891675.1356761
2.61668	875729540.9633623
2.6167	892976438.4469439
2.61672	878901083.7707553
2.61674	849395586.4106753
2.6167599999999998	820597141.8868957
2.61678	770992227.7154913
2.6168	697894860.3919042
2.61682	789296178.3068265
2.6168400000000003	882815602.3176095
2.61686	907381666.147342
2.61688	894911316.627181
2.6169	849356471.1990381
2.61692	728316250.123663
2.61694	751536365.2157326
2.6169599999999997	808779249.0905344
2.61698	782095883.4653263
2.617	663865347.6556726
2.61702	611279737.2501613
2.6170400000000003	743019137.896702
2.61706	791735284.2214916
2.61708	652529274.1192516
2.6171	603879101.2232729
2.61712	759031850.2447662
2.61714	879103481.525134
2.6171599999999997	898814355.130355
2.61718	868200436.7990569
2.6172	753806711.740712
2.61722	796214349.0564408
2.6172400000000002	892400900.8123353
2.61726	864689131.0003896
2.61728	740678946.1900505
2.6173	580363378.2042342
2.61732	620526024.1080904
2.61734	819936085.1358795
2.6173599999999997	847149385.2054508
2.61738	857136521.038824
2.6174	745830260.549227
2.61742	738992447.6198679
2.61744	838088728.7988533
2.61746	880075639.7350994
2.61748	855401485.2592895
2.6175	756763191.3453166
2.6175200000000003	699858110.6452742
2.61754	722453667.3552867
2.6175599999999997	785091002.1822816
2.61758	768953361.8456626
2.6176	662353750.8087901
2.61762	690192125.4105277
2.61764	771240806.3089235
2.61766	801751904.0664415
2.61768	755509622.3709725
2.6177	731105414.0595993
2.6177200000000003	801659604.2806174
2.61774	816056070.9253011
2.6177599999999996	748531360.0185664
2.6177799999999998	743207356.8591348
2.6178	757983933.0329206
2.61782	821012936.0363382
2.61784	845726618.8067764
2.61786	753633161.3124654
2.61788	645907013.052758
2.6179	580069458.7218288
2.6179200000000002	599321696.2163806
2.61794	579081912.4336947
2.61796	694928303.0634197
2.6179799999999998	690335170.5807658
2.618	590540925.0299412
2.61802	621183626.73694
2.61804	707277756.5448889
2.61806	652829844.1586139
2.61808	743515454.3751554
2.6181	842985297.1814294
2.6181200000000002	830500694.5706012
2.6181400000000004	763659924.1361567
2.61816	660222012.3891388
2.6181799999999997	671166080.6075164
2.6182	784404361.8666176
2.61822	871565438.136779
2.61824	831955313.84002
2.61826	781645802.4408484
2.61828	803803698.2091565
2.6183	842286810.3835707
2.61832	842597177.4803728
2.6183400000000003	835410635.6756157
2.61836	810065245.7045679
2.6183799999999997	792592575.8203634
2.6184	806844791.8620273
2.61842	777302384.5435666
2.61844	679281833.3266723
2.61846	693489675.8347982
2.61848	666238920.7881638
2.6185	732723296.6814857
2.61852	770584022.5182791
2.6185400000000003	761237194.4668546
2.61856	683596766.8381038
2.61858	644926169.6709831
2.6186	752228874.6517153
2.61862	781717797.9952238
2.61864	735580148.1888442
2.6186599999999998	720742281.1966045
2.61868	655661978.6756233
2.6187	611167145.7316922
2.61872	531287991.7104072
2.6187400000000003	573640756.6753026
2.61876	724519368.648405
2.61878	776247116.6286926
2.6188	795609572.9300224
2.61882	803563126.783089
2.61884	792483082.6730597
2.6188599999999997	754814092.6457838
2.61888	711524731.3564136
2.6189	645594764.8210058
2.61892	625158297.8081849
2.6189400000000003	627104619.5410056
2.61896	616311114.7419834
2.61898	704660617.3992623
2.619	786158292.9033827
2.61902	769910070.0019536
2.61904	768369292.1964223
2.6190599999999997	761377432.4561522
2.61908	772058128.9706664
2.6191	782960765.6436669
2.61912	777929068.7427361
2.6191400000000002	735072202.8819577
2.61916	695905069.1206734
2.61918	682652995.0876815
2.6192	752107639.4528484
2.61922	735106054.9873595
2.61924	693473707.8287407
2.6192599999999997	685993498.9700059
2.61928	686404307.1126273
2.6193	722753161.4040174
2.61932	738975431.8858328
2.6193400000000002	790132635.1541305
2.61936	801678063.3876789
2.61938	741139567.9600747
2.6194	729776711.2912197
2.61942	774140876.758107
2.61944	743446977.2246264
2.6194599999999997	683927395.1103723
2.61948	601852404.5762734
2.6195	664507672.9077791
2.61952	742283830.1151366
2.61954	736410547.1396142
2.61956	738703233.4195554
2.61958	687638208.2079859
2.6196	649561087.1435173
2.6196200000000003	660267620.4852833
2.61964	655465744.7722714
2.6196599999999997	659599017.3885483
2.61968	690828108.686401
2.6197	716654776.8519431
2.61972	707163766.0263697
2.61974	662780923.7426898
2.61976	680957488.2088476
2.61978	733989758.2227073
2.6198	702651536.0529808
2.6198200000000003	707994689.2355256
2.61984	800073710.080229
2.6198599999999996	826780071.5840122
2.6198799999999998	824973503.303929
2.6199	791990550.664197
2.61992	703153268.7356864
2.61994	717876935.1503799
2.61996	762430041.2007555
2.61998	609312376.9091687
2.62	547570446.0831704
2.6200200000000002	634585288.9467953
2.62004	752644686.5726029
2.62006	629288796.667734
2.6200799999999997	594648051.2854342
2.6201	712951521.2155249
2.62012	794566041.4003527
2.62014	803359622.5839193
2.62016	766284427.7197766
2.62018	765032702.2599374
2.6202	805749417.0914512
2.62022	802878817.5088477
2.6202400000000003	792537827.355832
2.62026	796801237.66075
2.6202799999999997	781052092.0647522
2.6203	763730263.0536317
2.62032	794566041.4003527
2.62034	811241202.2567027
2.62036	786466086.5229541
2.62038	748531360.0185664
2.6204	728634951.7598537
2.62042	763994091.7004178
2.6204400000000003	691209979.9127735
2.62046	679672971.950456
2.62048	538629332.0208576
2.6205	515003285.9002325
2.62052	619740673.8203095
2.62054	736037599.0609072
2.62056	712032799.9992009
2.62058	724502686.1654922
2.6206	755005299.4641569
2.62062	734446220.0451357
2.6206400000000003	749048605.7937272
2.62066	724085748.9099454
2.62068	620897626.9640892
2.6207	645178668.6421335
2.62072	721472862.213935
2.62074	668713360.137949
2.6207599999999998	684526081.3815072
2.62078	744680531.4205269
2.6208	756188380.9164162
2.62082	722769803.6021701
2.6208400000000003	679782531.119376
2.62086	755927247.8010951
2.62088	707685015.5569177
2.6209	749859676.2230628
2.62092	821164186.1383711
2.62094	828647834.9653392
2.6209599999999997	840349604.4765844
2.62098	847149385.2054508
2.621	849552065.2716955
2.62102	843664936.8897085
2.6210400000000003	832319366.5708405
2.62106	823891457.6735965
2.62108	831131992.898499
2.6211	830481571.8055713
2.62112	817711301.2534664
2.62114	813017698.8564408
2.6211599999999997	823625909.250829
2.62118	796801237.66075
2.6212	699101123.3898265
2.62122	680518600.1876649
2.6212400000000002	700099874.8219819
2.62126	781034107.882764
2.62128	799410779.2726891
2.6213	720775473.3695267
2.62132	671150626.6153169
2.62134	716423791.8794819
2.6213599999999997	790096249.0394124
2.62138	814347936.0475469
2.6214	800368522.4310355
2.62142	762992027.4338522
2.62144	693681320.5890481
2.62146	594305842.8557714
2.62148	576965705.8773409
2.6215	631786002.9535431
2.6215200000000003	739724494.9516424
2.62154	787263288.5306315
2.6215599999999997	789477941.3936843
2.62158	780818329.9956805
2.6216	800608137.4536804
2.62162	687812398.2704982
2.62164	558907580.4739258
2.62166	606052155.2329886
2.62168	744080631.582329
2.6217	731139083.4834187
2.6217200000000003	669545352.7627383
2.62174	703622955.9030211
2.6217599999999996	756920033.6440775
2.6217799999999998	810475703.3733042
2.6218	800700316.1779437
2.62182	792118214.7469311
2.62184	761009362.823561
2.62186	751138461.0097665
2.62188	790751455.546493
2.6219	801032247.4703544
2.6219200000000003	702667715.3887758
2.62194	574843996.396808
2.62196	601810831.5209252
2.6219799999999998	643516964.0053327
2.622	633038319.7655404
2.62202	680111314.5991777
2.62204	731745398.3288054
2.62206	717959588.5446744
2.62208	627364586.5257003
2.6221	638557485.0788383
2.6221200000000002	753789354.899567
2.6221400000000004	755335679.8782026
2.62216	766319717.2343485
2.6221799999999997	814029230.5075126
2.6222	808946871.9322214
2.62222	778699686.7658495
2.62224	713362047.2492758
2.62226	727210264.0307167
2.62228	617148957.9120734
2.6223	546814471.8839802
2.62232	593594680.0113963
2.6223400000000003	743549695.315608
2.62236	786918943.1247988
2.6223799999999997	741532175.4041173
2.6224	680581281.153558
2.62242	682652995.0876815
2.62244	761447561.1386929
2.62246	772413756.7584435
2.62248	818822937.5885459
2.6225	815267256.2240403
2.62252	813448382.6500317
2.6225400000000003	776211369.9510101
2.62256	776658321.7641084
2.62258	786067788.2950482
2.6226	747515151.7279301
2.62262	740303836.4214667
2.62264	794053930.8447782
2.6226599999999998	794877126.7887233
2.62268	737275835.5557953
2.6227	764082054.8342197
2.62272	736563171.2687554
2.6227400000000003	602365375.1182712
2.62276	565691951.8006071
2.62278	676565736.6293405
2.6228	748238412.6421841
2.62282	625374257.1274848
2.62284	655299746.5737168
2.6228599999999997	773927003.2780553
2.62288	760886712.4912643
2.6229	680158296.6470999
2.62292	585544626.7124625
2.6229400000000003	633271582.6672571
2.62296	756780616.6623678
2.62298	777105530.9374161
2.623	760098717.9265479
2.62302	766355008.374097
2.62304	750118713.3114536
2.6230599999999997	676783870.8116708
2.62308	643057784.6100645
2.6231	687242485.7450937
2.62312	768351600.043331
2.6231400000000002	732976414.0518245
2.62316	752696679.2214146
2.62318	800110555.6845851
2.6232	811110456.1609347
2.62322	778914879.1692878
2.62324	674745504.8946159
2.6232599999999997	585935754.5210005
2.62328	676363246.4138167
2.6233	810065245.7045679
2.62332	795737820.3772392
2.6233400000000002	793651789.8256842
2.62336	826380384.6164101
2.62338	817824280.048746
2.6234	797406919.6213921
2.62342	820143788.4255214
2.62344	790496588.4764856
2.6234599999999997	777875333.1624048
2.62348	712656088.7649484
2.6235	635213910.3475298
2.62352	661484999.292618
2.62354	779004560.2211224
2.62356	818804083.7107117
2.62358	817109011.2197224
2.6236	747377467.0299354
2.6236200000000003	725320579.7314148
2.62364	785941099.3472482
2.6236599999999997	807774241.1884533
2.62368	806566165.6633191
2.6237	807644053.8557577
2.62372	737530525.5889297
2.62374	673131632.7276233
2.62376	696033271.3792399
2.62378	754831473.0826592
2.6238	773339155.8275192
2.6238200000000003	747360258.2259161
2.62384	760641471.1253964
2.6238599999999996	730735152.7148035
2.6238799999999998	740815396.8612492
2.6239	747618431.8968157
2.62392	711213513.6533295
2.62394	772965303.5870667
2.62396	777570901.6446669
2.62398	743327157.3863223
2.624	784458548.4718516
2.6240200000000002	788006863.156993
2.62404	782978794.1891035
2.62406	802878817.5088477
2.6240799999999997	756571539.3368055
2.6241	701778404.9149888
2.62412	743738048.67696
2.62414	767608897.3548208
2.62416	704920271.7917528
2.62418	698602282.1019896
2.6242	649800438.3791351
2.62422	611814830.2865435
2.6242400000000004	584318988.8733457
2.62426	625287864.4488976
2.6242799999999997	623519442.3015208
2.6243	715368808.2952309
2.62432	789514299.0336273
2.62434	791644137.5752598
2.62436	774693656.8474663
2.62438	769059604.0173367
2.6244	745675716.1755146
2.62442	715566499.3124716
2.6244400000000003	781771799.0127871
2.62446	829908093.5545702
2.62448	820616037.0518954
2.6245	804377659.2199539
2.62452	817748959.1176188
2.62454	834122814.5813699
2.62456	812493695.9117398
2.62458	742523152.7227901
2.6246	621040610.3870443
2.62462	573680383.7436098
2.6246400000000003	686088279.0213056
2.62466	781735797.91994
2.62468	750654340.226171
2.6247	698714892.561127
2.62472	668328528.5583713
2.62474	768280835.5045905
2.6247599999999998	814385439.0194411
2.62478	830366844.4616007
2.6248	819275560.919049
2.62482	773927003.2780553
2.6248400000000003	684951782.1751609
2.62486	580965041.0893302
2.62488	571531274.223469
2.6249	696674637.0276604
2.62492	664262904.3246971
2.62494	652273898.3940941
2.6249599999999997	764891791.0070708
2.62498	812269226.6200655
2.625	798196832.440833
2.62502	716192881.3557779
2.6250400000000003	664262904.3246971
2.62506	673751895.4705827
2.62508	754153932.504601
2.6251	780117463.4823899
2.62512	820408214.1642126
2.62514	817956108.3722818
2.6251599999999997	740610730.2795495
2.62518	664018225.9010819
2.6252	679031622.7442558
2.62522	739707462.3617858
2.6252400000000002	786429869.2551527
2.62526	814441696.7156436
2.62528	825315497.0756606
2.6253	806566165.6633191
2.62532	823493167.1370093
2.62534	826951425.1705501
2.6253599999999997	784783746.7196552
2.62538	719763799.4379402
2.6254	759259089.8586284
2.62542	789314352.7322071
2.62544	683974640.7728993
2.62546	614723760.5921104
2.62548	660663022.6504815
2.6255	657521563.2941927
2.62552	635418712.127219
2.62554	638836909.457001
2.6255599999999997	665211885.1013336
2.62558	602143496.3870293
2.6256	592052201.03049
2.62562	601991002.1697968
2.62564	729541496.9885942
2.62566	813392193.5671607
2.62568	772253703.9869225
2.6257	758874570.3539805
2.6257200000000003	800257955.0712159
2.62574	833777171.2383614
2.6257599999999996	840446358.8697165
2.62578	809710926.8256782
2.6258	794712419.3556308
2.62582	754640310.2862117
2.62584	721771949.6686984
2.62586	741942074.4769194
2.62588	716126920.5913397
2.6259	659052482.1084377
2.6259200000000003	631000930.9748708
2.62594	680283597.9758012
2.62596	724769651.9929969
2.6259799999999998	755875032.0002224
2.626	779381333.4071987
2.62602	765578978.6008685
2.62604	702117826.9146066
2.62606	730920259.941851
2.62608	759941216.9688432
2.6261	763238026.6516931
2.6261200000000002	742335107.0366162
2.6261400000000004	779650568.6758144
2.62616	810475703.3733042
2.6261799999999997	799373965.8934826
2.6262	797755854.4281468
2.62622	803452118.102854
2.62624	772182580.0676775
2.62626	740423168.9187319
2.62628	720277751.2383406
2.6263	644688613.8515717
2.62632	629897667.2563177
2.6263400000000003	674792116.2727296
2.62636	586610726.4584329
2.6263799999999997	619726403.9282258
2.6264	754344972.0935605
2.62642	686767919.3824958
2.62644	701406845.2780955
2.62646	795444713.7258952
2.62648	819105797.8574551
2.6265	812269226.6200655
2.62652	810625012.266566
2.6265400000000003	780692487.0924052
2.62656	643694798.8812073
2.62658	645921885.7825851
2.6266	777982808.0351149
2.62662	805860743.1771957
2.62664	795774466.301901
2.6266599999999998	786737769.201235
2.62668	797425280.8056433
2.6267	717447290.8615781
2.62672	610646679.6575329
2.6267400000000003	532353360.6082618
2.62676	612293994.7666429
2.62678	708141424.0606865
2.6268	726423691.8762631
2.62682	758752264.0818474
2.62684	723902372.5384464
2.6268599999999998	683187638.9885598
2.62688	700164359.3729749
2.6269	760203736.6994458
2.62692	661317476.7040933
2.6269400000000003	599142324.4674681
2.62696	693314047.9887619
2.62698	796507739.3041563
2.627	805656657.1014239
2.62702	801087582.7289035
2.62704	790660422.1612065
2.6270599999999997	730667852.6193547
2.62708	725337281.0472398
2.6271	774586636.3563975
2.62712	766955206.4748609
2.6271400000000003	796306021.8980006
2.62716	801973466.9129785
2.62718	777195003.6683424
2.6272	687685710.2132541
2.62722	697027640.0096992
2.62724	742933599.5812415
2.6272599999999997	734564608.330101
2.62728	792848118.665777
2.6273	818257510.0558144
2.62732	806751905.769575
2.6273400000000002	729843929.3057419
2.62736	664201726.2676405
2.62738	670609961.0072813
2.6274	730617381.6154193
2.62742	711279021.8554267
2.62744	744646238.4043462
2.6274599999999997	757949027.3865616
2.62748	728366562.165573
2.6275	784079320.8280993
2.62752	793012439.7148442
2.62754	745555537.1358804
2.62756	766725663.4805173
2.62758	809394036.0388503
2.6276	818106795.3339876
2.6276200000000003	797645647.9968151
2.62764	647992530.9079779
2.6276599999999997	550617487.0166645
2.62768	566108922.6332159
2.6277	700890219.970526
2.62772	778663827.145739
2.62774	769715088.5163598
2.62776	788950943.7241894
2.62778	783014852.5253623
2.6278	747084971.2444142
2.6278200000000003	802398300.1922234
2.62784	819615192.601817
2.6278599999999996	748376255.9468263
2.6278799999999998	708565495.5184604
2.6279	771933697.9311827
2.62792	772876317.7903273
2.62794	725604554.407505
2.62796	680173958.0509545
2.62798	715517071.4370406
2.628	777946981.427733
2.6280200000000002	760256251.5269768
2.62804	787444583.473425
2.62806	801345864.4824313
2.6280799999999997	825980890.8678693
2.6281	800534402.1148646
2.62812	733786977.3741225
2.62814	764997472.0132338
2.62816	794145354.9446812
2.62818	787625920.1657282
2.6282	745366723.4914234
2.6282200000000002	774675819.072174
2.6282400000000004	739588245.2134914
2.62826	735614023.6865275
2.6282799999999997	797700749.3092834
2.6283	832836978.7182221
2.62832	829717022.1528456
2.62834	793523878.5797683
2.62836	768316216.9592556
2.62838	762781234.0691614
2.6284	702053162.4508893
2.62842	757164075.1668584
2.6284400000000003	798527725.9110079
2.62846	801659604.2806174
2.6284799999999997	761693062.3991642
2.6285	644747994.6017898
2.62852	604644351.3447585
2.62854	716011503.8710337
2.62856	778843141.7613914
2.62858	725972216.0932838
2.6286	739571215.760868
2.62862	788605860.1455991
2.6286400000000003	834545462.1492397
2.62866	826304275.6752193
2.62868	772911910.8796455
2.6287	693409839.4811504
2.62872	724119095.0587916
2.62874	731088579.9291326
2.6287599999999998	715484121.4168975
2.62878	715533547.0161461
2.6288	775300385.6564819
2.62882	777839511.5043097
2.6288400000000003	707978387.2430371
2.62886	656719633.0640765
2.62888	749687034.5287015
2.6289	823493167.1370093
2.62892	825410520.5035726
2.62894	805934969.1127452
2.6289599999999997	821277642.0002806
2.62898	825866785.2730025
2.629	786774000.6486763
2.62902	690335170.5807658
2.6290400000000003	647664361.2879782
2.62906	719631226.2571534
2.62908	771987023.0637167
2.6291	797847704.7522876
2.62912	802657004.5392505
2.62914	735393860.8344434
2.6291599999999997	644644081.8779119
2.62918	699535888.2748557
2.6292	712869444.3631002
2.62922	692883150.0070926
2.6292400000000002	754327602.8586555
2.62926	795279888.6824393
2.62928	759294055.8369828
2.6293	794218501.8034058
2.62932	810419719.6287508
2.62934	786719654.1031997
2.6293599999999997	787861720.2970513
2.62938	778466628.7511365
2.6294	790587602.9986362
2.62942	807606861.3289747
2.62944	813841814.9282109
2.62946	807997468.2981513
2.62948	801714982.8769363
2.6295	770353393.4509894
2.62952	632353606.7744589
2.62954	623533799.5325438
2.6295599999999997	747980024.8744937
2.62958	792683831.6658661
2.6296	757757075.0623617
2.62962	767626572.406354
2.62964	777481385.6393778
2.62966	810662343.787533
2.62968	824233002.8819925
2.6297	804044341.657703
2.6297200000000003	768015526.5246063
2.62974	616296923.8175092
2.6297599999999997	561642546.7831154
2.62978	628347656.9844768
2.6298	689810816.5159478
2.62982	790933553.7619004
2.62984	781663800.7077866
2.62986	804359137.9531169
2.62988	780279146.0505637
2.6299	752003739.1198593
2.6299200000000003	790478386.8294345
2.62994	759696280.3455992
2.62996	713263499.4479171
2.6299799999999998	779776243.6281509
2.63	812362747.9541184
2.63002	758752264.0818474
2.63004	714776062.8821557
2.63006	746242535.4880726
2.63008	745040703.4538652
2.6301	680001702.4408898
2.6301200000000002	727411227.4151655
2.6301400000000004	728232404.443275
2.63016	693569521.380475
2.6301799999999997	684195163.6887403
2.6302	738057163.8302147
2.63022	743429858.9224377
2.63024	754153932.504601
2.63026	744080631.582329
2.63028	619812028.2095724
2.6303	639087024.3848121
2.63032	693473707.8287407
2.6303400000000003	619812028.2095724
2.63036	648738989.4926503
2.6303799999999997	674139849.8898485
2.6304	739758561.3079419
2.63042	796581103.7565418
2.63044	809058639.7931931
2.63046	792939403.9334308
2.63048	709414400.4534057
2.6305	584749689.6717647
2.63052	578109358.7123803
2.6305400000000003	627769193.8382183
2.63056	655420468.3664963
2.63058	578735335.9882833
2.6306	514623957.22277707
2.63062	535081579.0231037
2.63064	600482008.9075451
2.6306599999999998	648694177.7386168
2.63068	782996823.1496644
2.6307	778466628.7511365
2.63072	788424297.8397527
2.6307400000000003	819747309.6096154
2.63076	832281037.7300814
2.63078	835487583.3821806
2.6308	818841791.9005116
2.63082	754101839.1957786
2.63084	735512401.8733679
2.6308599999999998	595538715.6691005
2.63088	550833062.6212953
2.6309	679172354.8541951
2.63092	798417412.8490559
2.6309400000000003	757338438.7116754
2.63096	777141318.7936785
2.63098	820729417.1789751
2.631	818672118.720711
2.63102	776729857.9333793
2.63104	692946969.8425558
2.6310599999999997	678828394.5105559
2.63108	777463483.6749969
2.6311	816770418.0469867
2.63112	830443327.5964367
2.6311400000000003	798730006.1113136
2.63116	768475453.6703182
2.63118	754327602.8586555
2.6312	686941888.9865416
2.63122	715896105.7522087
2.63124	747257013.7225746
2.6312599999999997	726122676.8351787
2.63128	600426705.0175318
2.6313	618201422.4244806
2.63132	715780726.2318611
2.6313400000000002	740525469.2263019
2.63136	757164075.1668584
2.63138	737734340.9610304
2.6314	685630296.7204021
2.63142	730920259.941851
2.63144	786737769.201235
2.6314599999999997	793231587.4244958
2.63148	794419690.4064041
2.6315	803951777.9604399
2.63152	806900528.6507866
2.63154	792154693.9787519
2.63156	713723505.6928136
2.63158	714085147.2862809
2.6316	721738711.6074033
2.6316200000000003	720792070.0292083
2.63164	760536391.8814267
2.6316599999999997	794437982.8063687
2.63168	765138402.735051
2.6317	742181286.8978125
2.63172	736614053.0074756
2.63174	811839167.1357768
2.63176	815980912.8447528
2.63178	825752695.4413171
2.6318	838687171.2481648
2.6318200000000003	811801781.4213362
2.63184	785018695.9586264
2.6318599999999996	816808032.5808653
2.6318799999999998	812063517.5812057
2.6319	743224470.0379652
2.63192	653100475.5665423
2.63194	690907647.790196
2.63196	727913878.8794619
2.63198	671800000.764705
2.632	718637705.43463
2.6320200000000002	767874065.8658085
2.63204	811652255.7791493
2.63206	797884447.8429496
2.6320799999999998	716456785.1740453
2.6321	745504037.7626537
2.63212	765490843.1372693
2.63214	702619178.4989953
2.63216	762992027.4338522
2.63218	805211557.7761492
2.6322	815379897.3386921
2.6322200000000002	817259542.1259902
2.6322400000000004	785687782.7029549
2.63226	778825208.4417747
2.6322799999999997	813167476.0457054
2.6323	775746812.9139011
2.63232	641829981.1662832
2.63234	603420416.1165606
2.63236	617362150.425593
2.63238	647246931.2209967
2.6324	617177379.3263074
2.63242	643783734.7474377
2.6324400000000003	636648910.2003729
2.63246	650713774.3440102
2.6324799999999997	757425635.5409983
2.6325	769998714.2771368
2.63252	709447070.9461323
2.63254	769201283.0804446
2.63256	826152078.8209013
2.63258	821693780.9571183
2.6326	755040069.5437136
2.63262	738448138.4174254
2.6326400000000003	797829333.8414776
2.63266	783249272.1912547
2.63268	744251982.2060679
2.6327	784332118.8819631
2.63272	767432169.2217504
2.63274	778394932.6267251
2.6327599999999998	792318871.3126904
2.63278	780692487.0924052
2.6328	771240806.3089235
2.63282	770832469.5006909
2.6328400000000003	809077269.271305
2.63286	829468695.0952611
2.63288	798546112.9030747
2.6329	755422646.1181201
2.63292	752783341.6176631
2.63294	752731342.982632
2.6329599999999997	811521443.4347239
2.63298	841027119.2113593
2.633	815417447.835251
2.63302	776390119.8025033
2.6330400000000003	722287335.4012128
2.63306	713854990.5310221
2.63308	717794291.2713615
2.6331	586259644.0708648
2.63312	603156482.7525861
2.63314	762904189.7868687
2.6331599999999997	784584998.4414277
2.63318	736224049.4847835
2.6332	744457655.0418723
2.63322	745401049.6879324
2.6332400000000002	713132123.5563611
2.63326	694592356.6664292
2.63328	692261214.5596168
2.6333	763659924.1361567
2.63332	772484901.9708292
2.63334	739043497.1728494
2.6333599999999997	780944193.184073
2.63338	779183953.3024951
2.6334	800921588.4198625
2.63342	819407623.1802795
2.6334400000000002	773285737.296189
2.63346	647470521.001658
2.63348	650054845.7049031
2.6335	711164386.4611068
2.63352	769024188.3292209
2.63354	760361292.0654495
2.6335599999999997	703477157.3550113
2.63358	745401049.6879324
2.6336	796801237.66075
2.63362	789696112.3504213
2.63364	788932777.6665142
2.63366	789041780.2871679
2.63368	760186232.5630535
2.6337	731189590.5264841
2.6337200000000003	722803089.1480998
2.63374	775675367.2822499
2.6337599999999997	796196015.7546026
2.63378	771436174.283913
2.6338	745315237.160528
2.63382	700890219.970526
2.63384	664018225.9010819
2.63386	644837075.9824376
2.63388	666991040.1896306
2.6339	782654343.8765149
2.6339200000000003	793999081.4369044
2.63394	699390936.6129813
2.6339599999999996	665947510.8940372
2.6339799999999998	747825035.0455633
2.634	721157293.2433559
2.63402	721472862.213935
2.63404	654199186.8887696
2.63406	601921699.3838769
2.63408	695024317.5887975
2.6341	740474317.3058532
2.6341200000000002	731290615.0799295
2.63414	743926449.751312
2.63416	735546274.2511462
2.6341799999999997	678859656.4332223
2.6342	675802820.5086954
2.63422	666054857.6017197
2.63424	710575124.7780043
2.63426	700099874.8219819
2.63428	653235833.3390676
2.6343	710886063.1304917
2.63432	767220149.1700225
2.6343400000000003	744937779.3867257
2.63436	594483766.6546227
2.6343799999999997	536710386.6230955
2.6344	624928023.4005368
2.63442	721871673.037096
2.63444	681114302.5182029
2.63446	577364397.3547008
2.63448	625734355.1225783
2.6345	786574748.3340908
2.63452	764029275.7386894
2.6345400000000003	673984641.3226862
2.63456	663804206.2132522
2.63458	613804403.8064853
2.6346	710444244.0577519
2.63462	725270478.0912471
2.63464	693888995.5046438
2.63466	716506277.9648438
2.63468	781016124.1148686
2.6347	797737485.6322411
2.63472	765120784.9750824
2.6347400000000003	664890304.3928608
2.63476	648574694.8602479
2.63478	660936901.312105
2.6348	683659731.3266792
2.63482	758996896.3411475
2.63484	735834252.4511573
2.6348599999999998	609986186.1274145
2.63488	621498378.6469122
2.6349	682621558.4793395
2.63492	721572544.2590222
2.6349400000000003	701326097.4790987
2.63496	729104871.5417
2.63498	790860709.4441386
2.635	725437497.0183976
