2.5775200000000003	251460630.41462678
2.57754	224936534.5676957
2.57756	339351677.2196702
2.5775799999999998	446642452.9662988
2.5776	393468527.4774337
2.57762	472639484.5496613
2.57764	527363417.4140756
2.57766	521819134.34488434
2.57768	465061084.4705262
2.5777	327876280.7179941
2.5777200000000002	238869114.71665943
2.5777400000000004	294781347.660652
2.57776	526805135.5233048
2.5777799999999997	522781246.57893026
2.5778	472139134.9683779
2.57782	396332785.8711216
2.57784	440402727.5218165
2.57786	426157366.4994058
2.57788	362885821.51064324
2.5779	339617452.51954126
2.57792	293940886.7462865
2.5779400000000003	343518396.60620284
2.57796	387328986.9866897
2.5779799999999997	442140196.5818384
2.578	470002318.1798013
2.57802	337178597.5999067
2.57804	321602932.38179255
2.57806	412819306.5637076
2.57808	327348232.2636589
2.5781	358368641.1880114
2.57812	531483761.4998899
2.5781400000000003	523974316.7215437
2.57816	365721085.3896188
2.57818	327853632.60915077
2.5782	430774512.8757704
2.57822	538902253.9133922
2.57824	517582995.82391256
2.5782599999999998	347672227.4416533
2.57828	281663129.2854455
2.5783	348040673.18262315
2.57832	289028054.77668273
2.5783400000000003	265699049.01837653
2.57836	290101517.118217
2.57838	378895982.1514749
2.5784	350848803.6676432
2.57842	302489288.2321955
2.57844	414371616.8953502
2.5784599999999998	510951878.30929977
2.57848	511446251.5963048
2.5785	470554574.74793285
2.57852	415661690.9234085
2.5785400000000003	446138805.3396411
2.57856	490094693.25755095
2.57858	486205648.54699963
2.5786	378983236.22061646
2.57862	370518587.7094687
2.57864	433331240.39343894
2.5786599999999997	405013966.7964939
2.57868	344572012.9513431
2.5787	379716964.135859
2.57872	504917007.95327425
2.5787400000000003	465704034.1344146
2.57876	364905156.1190703
2.57878	379245119.0063769
2.5788	495541464.50904524
2.57882	493366889.43348
2.57884	457952042.1370582
2.5788599999999997	370928326.37454784
2.57888	257389010.3250032
2.5789	286094823.563638
2.57892	363220205.669828
2.5789400000000002	462743151.4928088
2.57896	557339726.3156534
2.57898	476080068.7800922
2.579	333764390.7259511
2.57902	271056608.45675623
2.57904	358723641.84927285
2.5790599999999997	538257388.5392077
2.57908	569350884.9284804
2.5791	540405798.1127496
2.57912	564884944.5901526
2.57914	548845363.8118483
2.57916	425961158.9614548
2.57918	408422820.34578454
2.5792	439187529.44677514
2.5792200000000003	476332264.97503805
2.57924	489113894.25855047
2.5792599999999997	450474280.1922626
2.57928	513085805.40471387
2.5793	339836482.5822821
2.57932	250282220.85930818
2.57934	305161682.0082476
2.57936	460235378.4708887
2.57938	382727792.0752672
2.5794	436938184.6689869
2.5794200000000003	524348463.82876545
2.57944	549237270.2443374
2.5794599999999996	501741472.4559645
2.5794799999999998	472008696.1259193
2.5795	458257941.58602643
2.57952	308979737.58795756
2.57954	270881908.1258633
2.57956	383495259.61148626
2.57958	463340219.42420954
2.5796	353638874.7416962
2.5796200000000002	394266611.1668556
2.57964	508733105.4971776
2.57966	454967107.65800554
2.5796799999999998	487674446.80573165
2.5797	546613055.0923462
2.57972	520211561.5079385
2.57974	358145913.3713322
2.57976	363362412.22392
2.57978	473979981.8549532
2.5798	399153553.5280129
2.5798200000000002	433840408.1452293
2.5798400000000004	518596999.8602049
2.57986	452095308.20741105
2.5798799999999997	444099209.3702815
2.5799	522456335.54523796
2.57992	529590273.2372121
2.57994	455732499.09642285
2.57996	417916963.7168106
2.57998	399006527.00941503
2.58	448342593.7836104
2.58002	484562721.68370295
2.5800400000000003	483838028.65115815
2.58006	507387776.0264466
2.5800799999999997	493889735.13353765
2.5801	520343339.64844686
2.58012	476738252.2541074
2.58014	424218886.80964154
2.58016	448249692.18249553
2.58018	462721841.8738333
2.5802	483481654.92591286
2.58022	416437662.4230652
2.5802400000000003	456331028.61709756
2.58026	494481445.3369353
2.58028	484752435.7850014
2.5803	504812383.5006361
2.58032	475368062.071075
2.58034	443210458.55130786
2.5803599999999998	480042843.947719
2.58038	462785773.67490345
2.5804	531924507.3196102
2.58042	534527434.27457786
2.5804400000000003	512200502.2617038
2.58046	498172786.7238034
2.58048	501579756.18204665
2.5805	359095530.75441873
2.58052	358442914.5698705
2.58054	427238124.57652366
2.5805599999999997	409015720.10808444
2.58058	455019490.6973525
2.5806	481836837.81889606
2.58062	550934539.1672398
2.5806400000000003	545293097.1500359
2.58066	453294030.70418423
2.58068	341814120.766053
2.5807	331321790.7523918
2.58072	446313475.85951596
2.58074	544828728.9988322
2.5807599999999997	541926015.3836888
2.58078	436747069.8809413
2.5808	419662342.03983104
2.58082	495826803.2255344
2.5808400000000002	568159143.1611239
2.58086	567910632.9186425
2.58088	418581471.12212706
2.5809	307715944.4440321
2.58092	364938766.6737835
2.58094	528627801.8225226
2.5809599999999997	555008967.1836464
2.58098	552306303.6563891
2.581	541053237.4134105
2.58102	423252956.0919834
2.5810400000000002	247901982.56652093
2.58106	230685342.0799938
2.58108	358046967.66886705
2.5811	483437126.6704913
2.58112	370109301.65413195
2.58114	409354906.3295594
2.5811599999999997	455428285.4479541
2.58118	445286983.34990525
2.5812	396670588.03396744
2.58122	409185278.07359123
2.58124	445923130.24977636
2.58126	453513270.80225164
2.58128	447950473.5080447
2.5813	391435310.6634263
2.5813200000000003	308809036.2457521
2.58134	312327338.2348569
2.5813599999999997	501198774.0226657
2.58138	539262225.8915704
2.5814	408959216.4013173
2.58142	388436471.14164
2.58144	317197678.38937396
2.58146	223362365.33236876
2.58148	229911132.12909833
2.5815	355222118.4823191
2.5815200000000003	452522314.7816761
2.58154	487876612.84230393
2.5815599999999996	437693402.1013801
2.5815799999999998	428963164.02566314
2.5816	474875758.23266864
2.58162	493060259.5627944
2.58164	492969442.8712876
2.58166	475488480.6159728
2.58168	439754204.04554087
2.5817	333879688.77267057
2.5817200000000002	343336519.2930577
2.58174	417512997.5475347
2.58176	344667234.8717892
2.5817799999999997	349252883.1613873
2.5818	439480894.7140719
2.58182	511799668.20246
2.58184	501984144.6337888
2.58186	474165552.6433491
2.58188	370791696.4986649
2.5819	331940313.63398796
2.58192	366344773.4942116
2.5819400000000003	318060692.36672485
2.58196	379175265.90767294
2.5819799999999997	499551192.4636622
2.582	486720905.1200085
2.58202	537848547.3536116
2.58204	495507234.8996328
2.58206	390822897.3184272
2.58208	417426484.1836558
2.5821	494196880.8478369
2.58212	337823611.16339004
2.5821400000000003	334464477.96325326
2.58216	501071844.28717524
2.58218	443230869.61718404
2.5822	388400696.4680286
2.58222	439642835.2878893
2.58224	531912259.44620854
2.5822599999999998	565158156.7267792
2.58228	524276027.4152284
2.5823	500437677.62563115
2.58232	508897128.1101832
2.5823400000000003	468446501.65576404
2.58236	527387703.9561593
2.58238	412211401.5825716
2.5824	318155913.65275496
2.58242	377172482.2810698
2.58244	496855383.69999045
2.5824599999999998	379122884.52723956
2.58248	323340421.4125225
2.5825	412182928.0111729
2.58252	382798299.6337494
2.5825400000000003	418090211.7037091
2.58256	449148547.9593535
2.58258	459250883.00521696
2.5826	410053006.0449817
2.58262	355009520.5466715
2.58264	376677778.10608786
2.5826599999999997	463105565.2013808
2.58268	516582869.0759387
2.5827	456225966.6108742
2.58272	345350429.134968
2.5827400000000003	388052066.0229725
2.58276	487438692.3076252
2.58278	469515571.2488196
2.5828	435070863.7399402
2.58282	261222150.232963
2.58284	242069459.2316444
2.5828599999999997	347296174.8657907
2.58288	391877203.327427
2.5829	410015240.50661325
2.58292	339828657.64818215
2.5829400000000002	321639960.419155
2.58296	390606980.2694398
2.58298	256058973.41738012
2.583	242309253.70086345
2.58302	277760189.63369745
2.58304	351220615.78616196
2.5830599999999997	458785834.35974514
2.58308	468176919.7722178
2.5831	412477249.78466284
2.58312	401809314.4256286
2.58314	400488454.0185488
2.58316	336573562.8069824
2.58318	310063039.47162366
2.5832	328503499.2001677
2.5832200000000003	402392613.4851943
2.58324	516868422.21319246
2.5832599999999997	508241354.7867404
2.58328	479435292.01436794
2.5833	389574031.8012733
2.58332	399034090.3558418
2.58334	400922103.2368135
2.58336	375681664.996131
2.58338	496455126.87614053
2.5834	545330765.9637607
2.5834200000000003	488427378.4229256
2.58344	369674930.58702546
2.5834599999999996	301814430.0570561
2.5834799999999998	318661796.3496136
2.5835	427947013.57246447
2.58352	477210510.07844657
2.58354	430080745.65603447
2.58356	436113971.3930643
2.58358	496146577.6511812
2.5836	501418092.0308946
2.5836200000000002	436224446.23147887
2.58364	442771847.9120614
2.58366	412201910.1735619
2.5836799999999998	520966742.8930126
2.5837	508979159.2468068
2.58372	444928269.0046343
2.58374	368952111.38091284
2.58376	403413102.86630964
2.58378	409854775.76805985
2.5838	346266119.5240495
2.5838200000000002	405172536.2804549
2.5838400000000004	497187269.51794755
2.58386	504731023.9147907
2.5838799999999997	260549353.56535035
2.5839	184395364.8560809
2.58392	214348278.54840723
2.58394	363128219.3222564
2.58396	516499612.46485597
2.58398	461413184.5341202
2.584	330164214.7941824
2.58402	302238649.49029773
2.5840400000000003	464600849.98008984
2.58406	539386409.9044895
2.5840799999999997	448952092.4135666
2.5841	369964454.61807513
2.58412	400839027.6918408
2.58414	522612748.9762564
2.58416	447496867.93285376
2.58418	481127299.7494606
2.5842	545443788.0186081
2.58422	488191259.938111
2.5842400000000003	342018816.61854357
2.58426	362727096.8917012
2.58428	502018821.66772866
2.5843	515347294.0209028
2.58432	480806134.39143836
2.58434	519624955.11489785
2.5843599999999998	549515567.1478537
2.58438	487842912.6838023
2.5844	420930116.9393749
2.58442	499896389.4154265
2.5844400000000003	554472485.3801969
2.58446	545632210.1663904
2.58448	499965457.42482376
2.5845	384193488.5426406
2.58452	226365376.24037632
2.58454	233152458.88796175
2.5845599999999997	413409069.41754574
2.58458	454412218.05786604
2.5846	355582189.68040305
2.58462	334649360.9446662
2.5846400000000003	408291181.6028956
2.58466	550478041.8791169
2.58468	605480275.6898619
2.5847	429131110.0056396
2.58472	372760598.19090056
2.58474	477408338.27728933
2.5847599999999997	512342048.0450105
2.58478	567662231.3734185
2.5848	546990772.4579717
2.58482	402086970.35483456
2.5848400000000002	311150139.4780402
2.58486	308894375.1252246
2.58488	320235887.5874196
2.5849	381136024.77811265
2.58492	321232886.3792855
2.58494	351941110.4544294
2.5849599999999997	444262851.70755327
2.58498	478630092.3226379
2.585	471443877.4371214
2.58502	285082133.2940984
2.5850400000000002	268342832.7035979
2.58506	323630914.1708177
2.58508	288675548.71845305
2.5851	264472183.01086885
2.58512	362935959.50295705
2.58514	531434812.29066265
2.5851599999999997	576301831.7905521
2.58518	467616686.2932129
2.5852	423974757.06133986
2.58522	491779023.2035312
2.58524	575413437.9589005
2.58526	538716155.8087806
2.58528	527169165.3358622
2.5853	498574428.3758843
2.5853200000000003	489575865.09660226
2.58534	540754322.9455814
2.5853599999999997	485322023.8619641
2.58538	436777240.3417544
2.5854	457214505.19940424
2.58542	378224798.3435334
2.58544	325739180.92341256
2.58546	300953916.88732034
2.58548	426717053.95818615
2.5855	541103072.553128
2.5855200000000003	556378065.3103515
2.58554	508182844.70655733
2.5855599999999996	440433150.51523536
2.5855799999999998	381662947.5570973
2.5856	360678288.34851134
2.58562	462881687.93897665
2.58564	427061085.88263136
2.58566	485668571.05999094
2.58568	489327924.0819375
2.5857	413904358.8458334
2.5857200000000002	484752435.7850014
2.58574	594798685.4124937
2.58576	604477305.0157297
2.5857799999999997	576965705.8773409
2.5858	590581719.5608423
2.58582	536191592.56179094
2.58584	516059764.66302025
2.58586	446323752.7253951
2.58588	349961282.9699367
2.5859	399070844.4463265
2.58592	539721849.6036153
2.5859400000000003	519648885.27941704
2.58596	524324317.2456371
2.5859799999999997	454035697.926186
2.586	487023592.60151297
2.58602	542362932.1842947
2.58604	432812704.22022206
2.58606	392563574.9764005
2.58608	419816979.8438786
2.5861	478343635.58396035
2.58612	389116816.3593641
2.5861400000000003	429793655.23998654
2.58616	562341325.190349
2.58618	499125777.8290587
2.5862	446220994.7143351
2.58622	354886925.7747753
2.58624	384786653.56602407
2.58626	524143253.3125534
2.58628	455753486.836857
2.5863	493207872.3710812
2.58632	525993042.9581515
2.5863400000000003	575294205.8573099
2.58636	535143186.11279446
2.58638	481570638.50245607
2.5864	553630490.0826216
2.58642	561009221.5498362
2.58644	550985284.450395
2.5864599999999998	534736710.36469966
2.58648	483849169.56174564
2.5865	481626084.5627984
2.58652	515145606.2282827
2.5865400000000003	495815386.5229168
2.58656	325386851.7801072
2.58658	311057014.9590288
2.5866	484830574.94337356
2.58662	564585863.7928119
2.58664	621498378.6469122
2.5866599999999997	528287092.7270189
2.58668	514292273.82968765
2.5867	569836153.791424
2.58672	478740313.66341555
2.5867400000000003	463510951.7174852
2.58676	444436787.7614004
2.58678	491473380.19926715
2.5868	417618760.45348495
2.58682	262887538.503664
2.58684	281099452.6754768
2.5868599999999997	472966085.12996304
2.58688	539001532.5207251
2.5869	547116736.2393979
2.58692	507726697.19464236
2.5869400000000002	548415852.4894242
2.58696	481282421.86760163
2.58698	433790463.29751444
2.587	439956764.9783023
2.58702	388633290.7549256
2.58704	457467241.09943736
2.5870599999999997	420736316.084605
2.58708	362902533.40510666
2.5871	419778315.0517023
2.58712	433870377.81402797
2.58714	462625960.7316512
2.58716	438591287.2151112
2.58718	281877233.2154131
2.5872	248090423.2362277
2.58722	292193129.56055826
2.58724	218544559.73621112
2.5872599999999997	201441988.5703396
2.58728	224026812.65938747
2.5873	213496126.52614203
2.58732	320221140.51936525
2.58734	537749481.114435
2.58736	391354200.8880052
2.58738	346800727.6238991
2.5874	396844165.8793248
2.5874200000000003	445656248.39750236
2.58744	485299674.4714317
2.5874599999999996	542787702.9475373
2.58748	444314002.3029473
2.5875	419681668.6498977
2.58752	396506215.89868414
2.58754	363747485.6426327
2.58756	329473128.6902145
2.58758	371321417.77291304
2.5876	451377596.8395206
2.5876200000000003	517261315.5278152
2.58764	559590070.934175
2.58766	553808988.2354653
2.5876799999999998	399530556.31570715
2.5877	358187148.81705195
2.58772	373241563.4921731
2.58774	263566372.88740695
2.58776	305021182.2140151
2.58778	421027050.84011984
2.5878	322879149.0704276
2.5878200000000002	347256193.21760875
2.5878400000000004	446066902.05513525
2.58786	569416437.6449414
2.5878799999999997	556109097.6980358
2.5879	478222493.9645367
2.58792	505696560.7509163
2.58794	607533177.7510635
2.58796	624827305.0211346
2.58798	602254425.5347583
2.588	608597270.1388813
2.58802	579135250.3051224
2.5880400000000003	538133464.4631376
2.58806	542250548.5172422
2.5880799999999997	568892227.1694323
2.5881	465286015.81940866
2.58812	287078058.20246917
2.58814	274605986.0161739
2.58816	404380309.1999011
2.58818	402763401.5065142
2.5882	282676691.75389814
2.58822	305175735.54663944
2.5882400000000003	401476380.3847606
2.58826	522023434.93112737
2.58828	432115654.4702991
2.5883	277875335.45899874
2.58832	251356430.29995286
2.58834	338727143.7222778
2.5883599999999998	325589207.0223906
2.58838	291809885.3741838
2.5884	410600997.4092426
2.58842	449800568.4980124
2.5884400000000003	311594655.49585485
2.58846	288296918.2353846
2.58848	397859745.05162334
2.5885	528128981.01447815
2.58852	528530433.9510121
2.58854	517166041.24762416
2.5885599999999998	523962251.9059381
2.58858	488056386.3423264
2.5886	441062363.1214376
2.58862	421250083.5338918
2.5886400000000003	496112306.2434774
2.58866	598769954.6603156
2.58868	547003367.5309635
2.5887	565249256.800662
2.58872	352606245.15454674
2.58874	299254024.7058181
2.5887599999999997	376123094.0252973
2.58878	358013991.84306926
2.5888	422542113.24114454
2.58882	478002315.06934524
2.5888400000000003	444354927.01950204
2.58886	505964445.8332417
2.58888	575002853.608759
2.5889	535833670.31359744
2.58892	537514271.9207529
2.58894	559177901.5998502
2.5889599999999997	553324627.0882342
2.58898	443455453.39042914
2.589	361526386.1946866
2.58902	434980712.1897635
2.5890400000000002	286800563.3086898
2.58906	247092748.37058216
2.58908	335552130.03668404
2.5891	472639484.5496613
2.58912	523781313.004199
2.58914	498712208.6156353
2.5891599999999997	507668246.3631936
2.58918	556698434.4709761
2.5892	435712480.50308466
2.58922	291521104.0110809
2.58924	261354510.7253745
2.58926	370774621.30318016
2.58928	352663083.1468892
2.5893	284977124.4993571
2.5893200000000003	374455315.58595276
2.58934	512023625.02290773
2.5893599999999997	505719849.4744034
2.58938	488404886.0288236
2.5894	510587290.29124206
2.58942	458068048.9177993
2.58944	242024872.4960966
2.58946	206999835.34316802
2.58948	304340675.34512466
2.5895	458796398.41559815
2.5895200000000003	474023639.035034
2.58954	410043564.3342937
2.5895599999999996	401226860.9029362
2.5895799999999998	450453535.5626828
2.5896	428538652.8166977
2.58962	520079816.74054766
2.58964	448786722.81436825
2.58966	331398089.1978747
2.58968	264923204.73515323
2.5897	360254985.79358536
2.5897200000000002	396862441.6493479
2.58974	429358435.7018269
2.58976	484830574.94337356
2.5897799999999997	394657172.42582655
2.5898	359848751.30471957
2.58982	417772645.23554814
2.58984	372674776.77217096
2.58986	426000393.2408254
2.58988	474963241.6372957
2.5899	398988152.5028856
2.58992	353907690.44740677
2.5899400000000004	466584169.77042145
2.58996	451429566.59737253
2.5899799999999997	378233507.39162403
2.59	319234632.41064984
2.59002	409251236.26356083
2.59004	450837465.8959744
2.59006	426746531.5461142
2.59008	526368631.5493477
2.5901	473816303.2367872
2.59012	557480909.6306733
2.5901400000000003	653280958.8303889
2.59016	638895751.220506
2.59018	548668465.4845917
2.5902	511540472.1552566
2.59022	518680594.55744207
2.59024	419382206.18722016
2.59026	362301389.7953351
2.59028	433560791.0449888
2.5903	415259904.7420013
2.59032	398180511.35913426
2.5903400000000003	480994377.72837496
2.59036	433620693.81969213
2.59038	420726628.38444453
2.5904	326354796.5079068
2.59042	265087958.16322526
2.59044	313141047.4881138
2.5904599999999998	391805023.5271044
2.59048	507867006.6491311
2.5905	520606996.0826234
2.59052	369190060.29521215
2.5905400000000003	310263008.9563638
2.59056	399852669.6807337
2.59058	410506463.9196503
2.5906	393269259.10475165
2.59062	423028862.9686011
2.59064	364451716.48666006
2.5906599999999997	421434417.04401875
2.59068	522059496.27801263
2.5907	526598963.55702406
2.59072	497943422.4944319
2.5907400000000003	480496247.12747616
2.59076	540567585.2694422
2.59078	428203290.2253063
2.5908	385638158.1889779
2.59082	439268438.23118794
2.59084	383795607.52329695
2.5908599999999997	379795662.04587185
2.59088	436355043.48465985
2.5909	449148547.9593535
2.59092	426491126.7530819
2.5909400000000002	382129001.92786926
2.59096	395685376.3444525
2.59098	458722455.1325439
2.591	507037405.99506754
2.59102	457340855.6910434
2.59104	418417653.8790333
2.5910599999999997	344365789.0288327
2.59108	442537420.4262844
2.5911	319396387.65653026
2.59112	254249437.05201682
2.59114	338727143.7222778
2.59116	520451182.95592684
2.59118	529761020.4905363
2.5912	469580441.7031253
2.59122	486317614.4249002
2.59124	528798238.7617061
2.5912599999999997	531055608.7429998
2.59128	368349428.18056226
2.5913	328314451.80253845
2.59132	445604943.27921116
2.59134	568695772.6836034
2.59136	531092294.03189826
2.59138	392184115.8556937
2.5914	323288309.2939737
2.5914200000000003	363722359.72431904
2.59144	365746349.3797775
2.5914599999999997	328753208.45521045
2.59148	393142504.5055801
2.5915	409515175.36118555
2.59152	507259278.9120499
2.59154	504150265.2246951
2.59156	524892056.03563035
2.59158	481692628.26193064
2.5916	497336117.8740554
2.5916200000000003	482602980.79629076
2.59164	521867197.8766574
2.59166	561047976.0324711
2.5916799999999998	545318209.4033976
2.5917	474427658.6271909
2.59172	410534821.681014
2.59174	388955574.3517411
2.59176	435201115.63259405
2.59178	507095784.19415396
2.5918	518596999.8602049
2.5918200000000002	540293819.9857714
2.5918400000000004	577098572.4369338
2.59186	433880368.1636895
2.5918799999999997	314463323.44058937
2.5919	357742057.1367341
2.59192	352752418.5034282
2.59194	390436130.5408908
2.59196	385345241.14749897
2.59198	417897718.37253815
2.592	504324422.6316824
2.59202	555098431.2696072
2.5920400000000003	560479845.1677219
2.59206	412752773.3151012
2.5920799999999997	326708173.7425375
2.5921	386278023.01149577
2.59212	469894108.605216
2.59214	431101962.6075494
2.59216	437905096.80261207
2.59218	453095761.94297254
2.5922	455061401.47123766
2.59222	461455684.21608984
2.5922400000000003	571084009.5300161
2.59226	580710929.6049474
2.59228	585167233.8105826
2.5923	557570772.1787934
2.59232	530847773.2993512
2.59234	470110552.6734308
2.5923599999999998	468349434.3000324
2.59238	420600708.57939696
2.5924	285246287.0044025
2.59242	245109418.70292804
2.5924400000000003	256802945.0667345
2.59246	396232413.6869038
2.59248	476815099.57460546
2.5925	516939835.15755135
2.59252	441794189.7954974
2.59254	425833672.50712645
2.5925599999999998	333856625.97741336
2.59258	224750155.04212514
2.5926	254056318.21427345
2.59262	365291864.4610605
2.5926400000000003	337831389.92905843
2.59266	422046205.4976599
2.59268	535143186.11279446
2.5927	527217721.6463925
2.59272	446292922.8376449
2.59274	471150872.8227662
2.5927599999999997	571465478.0414643
2.59278	468295516.68255305
2.5928	384680347.7718914
2.59282	438177426.1591177
2.5928400000000003	530554497.0213757
2.59286	512153329.02449936
2.59288	498735175.6904119
2.5929	417945833.39504427
2.59292	354021795.19805634
2.59294	404650424.19530505
2.5929599999999997	425461238.5262292
2.59298	423896665.21765155
2.593	299198905.1541687
2.59302	315456877.34859115
2.5930400000000002	384423563.3373324
2.59306	454694813.0489605
2.59308	494994074.3969343
2.5931	356352655.94409317
2.59312	292179673.8795016
2.59314	262029386.48873907
2.5931599999999997	317373016.74768037
2.59318	347792329.914646
2.5932	278823901.59074146
2.59322	348112806.05043244
2.59324	475269560.4905927
2.59326	413923420.284869
2.59328	306556126.5769857
2.5933	322923759.5548687
2.5933200000000003	470013140.50771224
2.59334	532647631.2497178
2.5933599999999997	444027634.80331457
2.59338	326610392.83976203
2.5934	278701945.2758111
2.59342	363538156.01380885
2.59344	368773750.34433675
2.59346	392907211.48601735
2.59348	500449200.76166004
2.5935	425461238.5262292
2.5935200000000003	460564012.3943477
2.59354	424854282.23815286
2.5935599999999996	479921271.99989414
2.5935799999999998	481559550.056383
2.5936	386206874.52331144
2.59362	459441266.0187554
2.59364	566721905.8273362
2.59366	498081028.35672456
2.59368	432643317.40099204
2.5937	418726069.010203
2.5937200000000002	520630971.47284395
2.59374	553885505.0601809
2.59376	535944724.0561242
2.5937799999999998	517547243.69204587
2.5938	560466939.7909374
2.59382	530334646.1471505
2.59384	444631267.4691083
2.59386	488438625.0084114
2.59388	484774759.97367865
2.5939	296865685.0233989
2.5939200000000002	268386087.94391298
2.5939400000000004	346888577.9494104
2.59396	495872472.66489035
2.5939799999999997	584615061.5801345
2.594	501071844.28717524
2.59402	419797647.0026447
2.59404	432424209.3306153
2.59406	488427378.4229256
2.59408	503048664.07482046
2.5941	463510951.7174852
2.59412	544941647.0044441
2.5941400000000003	579175256.9327127
2.59416	589929345.1041429
2.5941799999999997	582438399.7827092
2.5942	417195869.5107373
2.59422	301751890.73070025
2.59424	324421777.90637964
2.59426	386286917.4940719
2.59428	402466743.7713042
2.5943	355860676.48166305
2.59432	451367203.60591817
2.5943400000000003	498539989.2639863
2.59436	388061001.35487044
2.59438	378329320.15698725
2.5944	250201552.40671417
2.59442	189696797.89198327
2.59444	240729880.36170226
2.5944599999999998	457235561.19031316
2.59448	444232164.17688316
2.5945	501579756.18204665
2.59452	517642588.198788
2.5945400000000003	423233465.02184075
2.59456	385061412.8600101
2.59458	411168655.6848797
2.5946	492583658.51146036
2.59462	418379117.9636061
2.59464	260411404.573867
2.5946599999999997	217085092.02875385
2.59468	313595628.48450714
2.5947	447115782.4316482
2.59472	243955155.22874478
2.5947400000000003	196562198.05803677
2.59476	267159117.376343
2.59478	439126857.63843226
2.5948	443496299.028067
2.59482	520954747.3285542
2.59484	439288667.7561395
2.5948599999999997	507715006.48999476
2.59488	549515567.1478537
2.5949	374179508.3367251
2.59492	250161227.93103367
2.5949400000000002	298167291.305432
2.59496	501429637.74205923
2.59498	496329398.48013616
2.595	449355436.1436758
2.59502	320671231.758268
2.59504	313552306.63997954
2.5950599999999997	422989902.36467946
2.59508	517106503.73408586
2.5951	428824904.92542434
2.59512	399981587.7302759
2.5951400000000002	475291447.9666685
2.59516	513736000.07799065
2.59518	499689242.6305947
2.5952	472073911.04195154
2.59522	515976592.3596125
2.59524	442843220.05378485
2.5952599999999997	377337528.0111476
2.59528	288648961.94223034
2.5953	333127127.51546955
2.59532	323481910.9389931
2.59534	411879332.26871306
2.59536	430853871.78251505
2.59538	387132827.92557186
2.5954	374921201.38912773
2.5954200000000003	439673205.7879993
2.59544	512176915.0999986
2.5954599999999997	494003470.5414778
2.59548	452574416.33763826
2.5955	511681835.5403072
2.59552	617845659.4861722
2.59554	640943872.5212693
2.59556	604491223.78029
2.59558	494219639.97929937
2.5956	447290835.45377237
2.5956200000000003	381645371.733526
2.59564	380890376.4981351
2.5956599999999996	451159389.18173295
2.5956799999999998	412021614.92023087
2.5957	392202177.01754254
2.59572	414037807.3549607
2.59574	448766055.8978883
2.59576	385487233.7351611
2.59578	386215767.36761576
2.5958	436144098.11947453
2.5958200000000002	521903248.43069434
2.59584	477309413.9287521
2.59586	445297236.57964873
2.5958799999999997	421327687.81431264
2.5959	370510056.30192345
2.59592	434000270.3041637
2.59594	496500854.1889065
2.59596	514292273.82968765
2.59598	447929845.1013818
2.596	258469914.99819806
2.59602	184765124.92913163
2.5960400000000003	217695774.7921847
2.59606	414829850.5138101
2.5960799999999997	428252591.78892004
2.5961	450412049.16938794
2.59612	554089601.6149945
2.59614	592925324.5799992
2.59616	489237794.8487148
2.59618	423994282.2700285
2.5962	451543921.12783176
2.59622	472443632.46574545
2.5962400000000003	453502828.39350694
2.59626	458152435.9427728
2.59628	421259783.2871912
2.5963	472802756.6388514
2.59632	392644935.39959925
2.59634	398024678.29406726
2.59636	435401579.30777985
2.59638	437804277.03555804
2.5964	557814757.8338648
2.59642	531177902.89491796
2.5964400000000003	430863792.67375696
2.59646	356886401.2712463
2.59648	320752463.0529214
2.5965	381601435.7155469
2.59652	372177402.04430246
2.59654	464879076.832862
2.5965599999999998	382384253.6581122
2.59658	445522867.3749339
2.5966	391219055.27581257
2.59662	370791696.4986649
2.5966400000000003	518489540.7602054
2.59666	572347776.5284352
2.59668	373551083.12526894
2.5967	272019476.19843745
2.59672	331856248.9905931
2.59674	433920331.8627711
2.5967599999999997	484919892.26191
2.59678	586030203.8178781
2.5968	493060259.5627944
2.59682	429309006.8305562
2.5968400000000003	471454732.958543
2.59686	550655523.6389151
2.59688	544214363.5383329
2.5969	502504551.7443603
2.59692	534785963.7039838
2.59694	498517031.1776698
2.5969599999999997	481426508.6166209
2.59698	437149514.1019102
2.597	366462888.13302743
2.59702	368264622.3543346
2.5970400000000002	489327924.0819375
2.59706	499125777.8290587
2.59708	481969992.6524719
2.5971	509143261.1909558
2.59712	585881790.3288311
2.59714	586030203.8178781
2.5971599999999997	619883390.8142859
2.59718	538232601.4411739
2.5972	410289119.48213536
2.59722	333510875.15492576
2.59724	318603102.0835624
2.59726	241952436.5657197
2.59728	213486294.89255884
2.5973	285423679.179904
2.59732	430695168.58613014
2.59734	510881292.5746085
2.5973599999999997	517654507.497086
2.59738	417003787.944547
2.5974	384228875.70023644
2.59742	391489393.1859005
2.59744	286701523.008068
2.59746	292758828.0804693
2.59748	363906656.7703056
2.5975	568002176.6750263
2.5975200000000003	531777551.4503118
2.59754	504754268.1726373
2.5975599999999996	507306001.3698221
2.59758	497565202.36490446
2.5976	487842912.6838023
2.59762	341538762.1027211
2.59764	326730742.72315115
2.59766	336170809.5526695
2.59768	324900215.94574624
2.5977	322931195.2348237
2.5977200000000003	400460790.2117107
2.59774	487012378.5979773
2.59776	339023653.6911094
2.5977799999999998	262077658.53136274
2.5978	328730499.7724372
2.59782	419971674.6290927
2.59784	461540695.32402676
2.59786	410251332.19791704
2.59788	318801238.57113606
2.5979	340816019.59669954
2.5979200000000002	408949799.8757766
2.5979400000000004	412325315.5390558
2.59796	406930273.2093219
2.5979799999999997	368536069.74847674
2.598	329351768.66058373
2.59802	307368954.5775858
2.59804	421405306.3912869
2.59806	363420984.0452854
2.59808	417397650.3795539
2.5981	448600754.82445157
2.59812	378512302.8385022
2.5981400000000003	354095167.67812055
2.59816	332774469.67748684
2.5981799999999997	343795351.3094919
2.5982	444979496.2134359
2.59822	279074400.19496137
2.59824	263099486.2215853
2.59826	345676614.5675277
2.59828	292806019.03144574
2.5983	376322339.52907884
2.59832	427976576.12592906
2.5983400000000003	327551807.2713409
2.59836	326429951.1290167
2.59838	293264841.4668271
2.5984	293237832.02058655
2.59842	342941465.9720643
2.59844	403255221.9592476
2.5984599999999998	348385442.9390285
2.59848	375820096.73487824
2.5985	567152694.8608322
2.59852	549237270.2443374
2.5985400000000003	452668214.2557063
2.59856	451897563.76200396
2.59858	431399860.1716766
2.5986	474252905.2112217
2.59862	473587248.1253355
2.59864	470923106.24963045
2.5986599999999997	453325344.2280367
2.59868	513972638.73297685
2.5987	482491870.1459267
2.59872	451003591.1560339
2.5987400000000003	421512055.28305465
2.59876	387534168.6422894
2.59878	386117957.3414644
2.5988	451346417.8566424
2.59882	446735021.4604441
2.59884	423535677.49974847
2.5988599999999997	403506002.8611039
2.59888	353679591.26554686
2.5989	285581453.72473574
2.59892	358682344.6410656
2.5989400000000002	556275586.1221848
2.59896	520487135.6917419
2.59898	554893963.1166687
2.599	603073159.3609371
2.59902	595154881.4166199
2.59904	551975752.2242199
2.5990599999999997	506349050.57917196
2.59908	490568886.1017992
2.5991	292159491.51973665
2.59912	242376215.47260344
2.5991400000000002	327815889.23751915
2.59916	466831335.6569068
2.59918	439470775.4090073
2.5992	329890644.9633336
2.59922	244123731.69742826
2.59924	294835653.39318687
2.5992599999999997	387784101.7144629
2.59928	304242583.3142277
2.5993	320804166.4084059
2.59932	508346689.9078479
2.59934	589386250.2405814
2.59936	605773122.1560178
2.59938	590853755.1272691
2.5994	466347872.6799662
2.5994200000000003	329769131.14335436
2.59944	362009526.9951844
2.5994599999999997	531581673.44454676
2.59948	517035067.7652027
2.5995	487595849.3063114
2.59952	512082577.31472105
2.59954	546789290.7267691
2.59956	398125504.4883756
2.59958	404436180.26355994
2.5996	514837295.21175385
2.5996200000000003	343328613.768562
2.59964	300317057.4376081
2.5996599999999996	394784415.3749548
2.5996799999999998	494686433.22304887
2.5997	551378718.9064741
2.59972	462562051.0080319
2.59974	456646359.8232874
2.59976	397136679.2193785
2.59978	388499084.7495261
2.5998	312499984.3999184
2.5998200000000002	335969613.6912146
2.59984	389538152.359278
2.59986	490331732.3565351
2.5998799999999997	553260926.9032861
2.5999	574341238.0388006
2.59992	570860508.4568169
2.59994	503604961.36981267
2.59996	418735710.6452511
2.59998	407577311.26585543
2.6	485657388.2566201
2.60002	468123022.0150642
2.6000400000000004	479611955.04393315
2.60006	454485466.55679435
2.6000799999999997	392292495.30404437
2.6001	453127061.7704311
2.60012	498781113.0131074
2.60014	511246090.526816
2.60016	510093747.29192114
2.60018	528506094.7854791
2.6002	455428285.4479541
2.60022	451190555.24468184
2.6002400000000003	499873368.8660109
2.60026	527825053.0206645
2.60028	475521327.3310665
2.6003	477881259.8901244
2.60032	553388334.6073592
2.60034	606275474.2326564
2.60036	525508808.49469984
2.60038	453346221.11234003
2.6004	403301651.1050104
2.60042	387328986.9866897
2.6004400000000003	280957092.54605156
2.60046	290495895.16679597
2.60048	368586988.40535754
2.6005	479899171.31745154
2.60052	483136668.194638
2.60054	503002333.7142469
2.6005599999999998	497874633.82018775
2.60058	423447916.16920674
2.6006	287276433.20808285
2.60062	288243816.8714479
2.6006400000000003	400221117.2497028
2.60066	633344494.9496506
2.60068	596870342.4266592
2.6007	560776750.8639786
2.60072	567139635.8377745
2.60074	509049482.1739137
2.6007599999999997	405882194.6619178
2.60078	440869444.4363683
2.6008	470467903.3749654
2.60082	488854930.77424055
2.6008400000000003	506663944.6329709
2.60086	371552339.3207474
2.60088	389116816.3593641
2.6009	468187700.0682932
2.60092	447146669.1624887
2.60094	362827335.9403344
2.6009599999999997	299254024.7058181
2.60098	351293407.71021706
2.601	489260325.6005666
2.60102	478674177.81344455
2.6010400000000002	408752102.9173798
2.60106	488180019.0483508
2.60108	565691951.8006071
2.6011	486799361.5837241
2.60112	428321623.5144417
2.60114	424004045.2115682
2.6011599999999997	408799164.9513833
2.60118	412515242.09290886
2.6012	389968923.84507906
2.60122	388731737.95638126
2.60124	405312502.08662105
2.60126	389045144.9942804
2.60128	447208449.0252812
2.6013	394430054.8712663
2.60132	354503069.5675667
2.60134	408959216.4013173
2.6013599999999997	484663149.310247
2.60138	364989188.31054604
2.6014	373344708.196707
2.60142	529248943.81344724
2.60144	544064012.325371
2.60146	500057562.94853836
2.60148	396351038.0906828
2.6015	309008196.98405355
2.6015200000000003	369887793.84422463
2.60154	418841783.28452975
2.6015599999999997	392473194.27868307
2.60158	332697854.3451708
2.6016	338134901.5403518
2.60162	280375460.5681492
2.60164	234655101.2867201
2.60166	294360817.2424404
2.60168	304642155.8001069
2.6017	293934118.58516675
2.6017200000000003	424228654.9229496
2.60174	439298782.867974
2.60176	366294164.5893697
2.6017799999999998	292509516.5149007
2.6018	303556823.7766089
2.60182	474471357.0417231
2.60184	436174226.92703533
2.60186	434430191.80185634
2.60188	440818690.38752484
2.6019	427779531.0038603
2.6019200000000002	348714494.959283
2.6019400000000004	389063061.59785056
2.60196	554306536.6083509
2.6019799999999997	598397816.2827711
2.602	598742380.9197958
2.60202	513428532.7008153
2.60204	479038038.0847689
2.60206	533617421.55853724
2.60208	611406427.5018446
2.6021	532316588.210979
2.60212	344334073.2281273
2.6021400000000003	342341855.3242468
2.60216	453701275.28165704
2.6021799999999997	525424113.3081024
2.6022	502550836.25540876
2.60222	496615190.89845467
2.60224	422026769.99915457
2.60226	421269483.26384
2.60228	457814981.090821
2.6023	451731109.2109283
2.60232	442792238.7787079
2.6023400000000003	542912698.8250159
2.60236	548529513.9412035
2.60238	418600747.95510226
2.6024	334726425.6797202
2.60242	393731353.70085055
2.60244	537056528.1678942
2.6024599999999998	517249405.28299266
2.60248	521662958.4357932
2.6025	498092497.22827387
2.60252	441204567.74802047
2.6025400000000003	422396197.56567144
2.60256	312140412.523027
2.60258	349655206.954367
2.6026	500529870.1435316
2.60262	455250047.7300997
2.60264	445471577.6118165
2.6026599999999998	456110426.34169096
2.60268	348754644.5103227
2.6027	336930246.73497915
2.60272	484998058.41325265
2.6027400000000003	547583054.5037943
2.60276	444856560.81981105
2.60278	368765259.112694
2.6028	475488480.6159728
2.60282	606010292.07916
2.60284	538492922.910973
2.6028599999999997	526805135.5233048
2.60288	560144401.9285344
2.6029	550642844.472887
2.60292	535994088.66270506
2.6029400000000003	549616800.9798113
2.60296	546764110.7291687
2.60298	512389238.6646796
2.603	496329398.48013616
2.60302	421871318.22827685
2.60304	449158890.1059317
2.6030599999999997	323765075.76090866
2.60308	222961562.89882782
2.6031	219963185.2495226
2.60312	321440059.65243775
2.6031400000000002	479611955.04393315
2.60316	515560931.87003124
2.60318	430457223.3929178
2.6032	374800360.5517047
2.60322	425235976.2180819
2.60324	369011584.2279486
2.6032599999999997	394239377.1348514
2.60328	520163650.4588881
2.6033	508030750.01984906
2.60332	504487023.8241519
2.60334	554945073.0930387
2.60336	544089067.9759839
2.60338	559371068.1616962
2.6034	417763025.7756452
2.6034200000000003	288296918.2353846
2.60344	221248329.34132686
2.6034599999999997	242912576.24826
2.60348	374455315.58595276
2.6035	408874475.4765845
2.60352	491190546.7933635
2.60354	434420188.7921851
2.60356	433371153.5136564
2.60358	495666993.3084195
2.6036	449210604.41102636
2.6036200000000003	402170304.54108125
2.60364	515917191.7785556
2.6036599999999996	550249935.0975714
2.6036799999999998	429101467.7025545
2.6037	469331820.29045695
2.60372	555456431.8473935
2.60374	573667174.4166914
2.60376	485422608.8570224
2.60378	381531148.60724115
2.6038	457983677.4360568
2.6038200000000002	493696445.03260267
2.60384	345819915.2295997
2.60386	292556667.27836186
2.6038799999999998	330521716.86997974
2.6039	370791696.4986649
2.60392	430794351.23199874
2.60394	402457476.73874927
2.60396	438096718.3280465
2.60398	450152845.76375103
2.604	473979981.8549532
2.6040200000000002	462583353.26819664
2.6040400000000004	401476380.3847606
2.60406	325739180.92341256
2.6040799999999997	286365041.7417678
2.6041	366319468.16780585
2.60412	526793005.5264379
2.60414	530285802.7704847
2.60416	538989121.69467
2.60418	423418666.4336866
2.6042	266857860.62272957
2.60422	281455668.66287297
2.6042400000000003	327778150.21100366
2.60426	354046251.00196725
2.6042799999999997	417859230.3427355
2.6043	505103060.52343297
2.60432	455638066.224257
2.60434	419507761.1959644
2.60436	488180019.0483508
2.60438	526987118.9967231
2.6044	545042038.2115682
2.60442	476485841.10742617
2.6044400000000003	426324213.96451044
2.60446	428637338.8492856
2.60448	338945599.59664804
2.6045	325814193.77747476
2.60452	262978352.32484618
2.60454	323288309.2939737
2.6045599999999998	555354122.4147468
2.60458	620040417.4677025
2.6046	531422575.6927759
2.60462	498402256.60362905
2.6046400000000003	480440931.136988
2.60466	439622589.4532939
2.60468	478795433.8518105
2.6047	387159571.03759384
2.60472	383265740.4000352
2.60474	325326918.8271573
2.6047599999999997	380110616.8244018
2.60478	441967159.3284914
2.6048	494356216.7802934
2.60482	599749645.5867572
2.6048400000000003	565197197.8176019
2.60486	468478861.91138285
2.60488	406162665.0090743
2.6049	434910607.2324542
2.60492	326482569.6612112
2.60494	324526375.989644
2.6049599999999997	421288883.8871977
2.60498	411964695.96243376
2.605	418109465.91282946
2.60502	359385044.2045122
2.6050400000000002	358368641.1880114
2.60506	391940371.5605159
2.60508	426167179.24837387
2.6051	469775106.8478193
2.60512	424404519.4291339
2.60514	400589904.3277512
2.6051599999999997	505533569.7126484
2.60518	561771884.6486994
2.6052	449407173.0782719
2.60522	340141795.59190786
2.6052400000000002	358872351.1724134
2.60526	482547422.27308714
2.60528	570059253.8132894
2.6053	588491236.5758044
2.60532	570466308.155368
2.60534	492118849.4762166
2.6053599999999997	397191549.46944046
2.60538	375128447.76078993
2.6054	424785809.3369775
2.60542	543550625.6867563
2.60544	550376649.4153339
2.60546	535920043.4577757
2.60548	469234569.48679996
2.6055	472802756.6388514
2.6055200000000003	508334984.9275028
2.60554	502724441.14378965
2.6055599999999997	463906011.1412186
2.60558	438985322.6785117
2.6056	268299584.4346431
2.60562	187132836.2679536
2.60564	215824130.53688592
2.60566	395039024.3611162
2.60568	392880071.35477155
2.6057	421686793.61954564
2.6057200000000003	468155359.9247273
2.60574	507341046.037297
2.60576	506232472.82362586
2.6057799999999998	451637505.47150904
2.6058	511363822.8434193
2.60582	521674970.3076007
2.60584	420668506.8676633
2.60586	365384398.8955149
2.60588	423447916.16920674
2.6059	400073697.4985357
2.6059200000000002	335606219.0089005
2.6059400000000004	368884154.1496628
2.60596	410175768.0696934
2.6059799999999997	423350424.9077909
2.606	408112596.88457423
2.60602	362660286.2448875
2.60604	427740132.86739206
2.60606	572321419.546168
2.60608	512719694.73005503
2.6061	536352118.0659718
2.60612	634117881.4467286
2.6061400000000003	613931617.3057458
2.60616	557878982.3281548
2.6061799999999997	420687879.81439954
2.6062	405107235.4462734
2.60622	443302315.75042605
2.60624	341774770.22634315
2.60626	297310330.712242
2.60628	370945408.64857566
2.6063	407962270.3403521
2.60632	376591054.8271848
2.6063400000000003	343581680.8618552
2.60636	407258352.44522154
2.60638	493105674.18232775
2.6064	368799225.21240336
2.60642	337186361.51341647
2.60644	398464834.62026125
2.6064599999999998	404370998.1063812
2.60648	368612450.3719224
2.6065	358137666.851862
2.60652	463254876.86221224
2.6065400000000003	463799205.13160664
2.60656	416648670.1573169
2.60658	484060895.6106739
2.6066	468468074.9111355
2.60662	355754170.4894497
2.60664	354380649.6874358
2.6066599999999998	348449623.8203273
2.60668	437854684.0172589
2.6067	556493376.963642
2.60672	608793490.3444028
2.6067400000000003	603420416.1165606
2.60676	470175505.3331364
2.60678	439966895.4738209
2.6068	523696896.23453665
2.60682	567217994.4867405
2.60684	566174102.083488
2.6068599999999997	574817524.4620122
2.60688	596568063.1500928
2.6069	598053449.9360201
2.60692	606121933.5825869
2.6069400000000003	593540010.4386024
2.60696	540007759.0665928
2.60698	406583733.96349865
2.607	366817460.5893832
2.60702	399917123.5107203
2.60704	243859680.24065953
2.6070599999999997	228538830.16402116
2.60708	359616823.0138645
2.6071	491484696.9223433
2.60712	505976096.2292764
2.6071400000000002	551289854.3189926
2.60716	555021746.8845202
2.60718	510599047.1334318
2.6072	379507182.7568528
2.60722	341892835.43797165
2.60724	479038038.0847689
2.6072599999999997	537291537.0589153
2.60728	586516183.5999036
2.6073	578122670.3255497
2.60732	558573078.2240822
2.60734	528554774.2374309
2.60736	552280869.5968041
2.60738	535759647.2697512
2.6074	388749640.12669
2.6074200000000003	311580306.36208296
2.60744	381803583.2877398
2.6074599999999997	305028205.6671472
2.60748	259662957.91910475
2.6075	351002330.501303
2.60752	538232601.4411739
2.60754	422260055.0641297
2.60756	270308685.1396667
2.60758	218569722.05691305
2.6076	266937752.76056862
2.6076200000000003	455029968.02893937
2.60764	494902901.51638
2.6076599999999996	481892314.52833164
2.6076799999999998	483570723.7413101
2.6077	451138613.00244474
2.60772	357544416.1852811
2.60774	345819915.2295997
2.60776	374843513.52189434
2.60778	371424031.8482706
2.6078	408178382.16482764
2.6078200000000002	413904358.8458334
2.60784	294049198.5214742
2.60786	256944898.8383549
2.6078799999999998	373594092.25879985
2.6079	526271679.79405385
2.60792	574751349.9582452
2.60794	541676506.6866916
2.60796	449417521.1799821
2.60798	431250885.667069
2.608	479766588.5939124
2.6080200000000002	432274881.08943385
2.6080400000000004	473794483.69207054
2.60806	422941206.6557001
2.6080799999999997	314767583.53523135
2.6081	355926234.4787007
2.60812	337520378.96792585
2.60814	371424031.8482706
2.60816	488629856.58821785
2.60818	417599528.8416658
2.6082	431459464.38212335
2.60822	330712035.2372985
2.6082400000000003	320922376.8048429
2.60826	450495025.7771898
2.6082799999999997	492583658.51146036
2.6083	471183419.8961794
2.60832	387900196.8552755
2.60834	323012999.0153782
2.60836	418610386.7044933
2.60838	514778025.7895781
2.6084	497519377.0265611
2.60842	311336472.1635075
2.6084400000000003	301786633.2008681
2.60846	387980590.774087
2.60848	446251819.6332967
2.6085	428370938.70246315
2.60852	254471998.17253202
2.60854	239690046.68883163
2.6085599999999998	373568286.18448985
2.60858	335575309.9572578
2.6086	239530047.16334373
2.60862	282390446.4412145
2.6086400000000003	478079366.1491195
2.60866	515632164.16544527
2.60868	440210097.35837847
2.6087	364023985.32645535
2.60872	307928580.52144283
2.60874	262047487.46269542
2.6087599999999997	349647155.93838614
2.60878	311472708.9192679
2.6088	284577133.1863804
2.60882	397502624.1163418
2.6088400000000003	391381235.6122111
2.60886	309891739.6400577
2.60888	382630865.3868338
2.6089	527387703.9561593
2.60892	589074197.1201155
2.60894	528104660.33611053
2.6089599999999997	390624968.79983854
2.60898	295515319.7681109
2.609	336116629.58654255
2.60902	398877923.23165464
2.6090400000000002	443598429.5825242
2.60906	401633564.8467279
2.60908	382842373.4537117
2.6091	325169647.34210896
2.60912	374705441.50343037
2.60914	456299507.4750921
2.6091599999999997	377320151.37592256
2.60918	387302232.17223436
2.6092	472236987.7552341
2.60922	360545434.0306655
2.6092400000000002	296749502.81887054
2.60926	397008678.1121846
2.60928	519768552.6337849
2.6093	477045715.86802614
2.60932	505976096.2292764
2.60934	537526648.7867438
2.6093599999999997	553209972.0353673
2.60938	554421418.9287572
2.6094	470814684.6801646
2.60942	379865629.4362942
2.60944	428292037.12677294
2.60946	527266282.42933017
2.60948	481692628.26193064
2.6095	341759031.2789275
2.6095200000000003	346114664.2876746
2.60954	487517264.47428846
2.6095599999999997	530786660.70886785
2.60958	544766006.8839955
2.6096	422775683.1740244
2.60962	419913657.4058244
2.60964	455963417.408421
2.60966	406527566.22482574
2.60968	264478272.7780405
2.6097	206072481.09694895
2.6097200000000003	240214931.95322555
2.60974	435381528.7857448
2.6097599999999996	506990708.27470434
2.6097799999999998	548453737.0228965
2.6098	370211580.763155
2.60982	235006567.90753782
2.60984	257169819.4724345
2.60986	434340173.0060724
2.60988	395785609.95511866
2.6099	425902314.31750375
2.6099200000000002	564118055.1923115
2.60994	483949449.3016617
2.60996	475039802.8368266
2.6099799999999997	524747043.0360014
2.61	429902529.0384172
2.61002	383618903.80502707
2.61004	420155448.7242544
2.61006	426098494.75025403
2.61008	394584480.5834321
2.6101	363705610.07632774
2.61012	424453383.61792046
2.6101400000000003	321691806.8338428
2.61016	300144230.79098153
2.6101799999999997	387650188.957922
2.6102	481504111.6556678
2.61022	507072432.1079904
2.61024	399594958.22297084
2.61026	353647017.67145735
2.61028	448714392.7703865
2.6103	537204942.8739029
2.61032	515169330.10641253
2.6103400000000003	595579855.4470726
2.61036	570308704.2640862
2.61038	464429716.2274095
2.6104	444058308.2051062
2.61042	432782807.6104018
2.61044	416763810.3458187
2.61046	507165846.90540683
2.61048	505184480.0793298
2.6105	455365370.05123633
2.61052	439288667.7561395
2.6105400000000003	467444441.6700171
2.61056	415996809.6868141
2.61058	366446012.2819434
2.6106	441590782.8921442
2.61062	547015962.893971
2.61064	425020619.52480483
2.6106599999999998	360080829.17348266
2.61068	326851136.95324576
2.6107	320435039.49004155
2.61072	461264466.4690693
2.6107400000000003	428223010.1696274
2.61076	380890376.4981351
2.61078	485791598.89315194
2.6108	502990751.79083616
2.61082	563819380.4279069
2.61084	533298055.29065275
2.6108599999999997	470478736.4234951
2.61088	492731128.63451093
2.6109	501949469.99517083
2.61092	503060247.3317262
2.6109400000000003	552827960.0823416
2.61096	569481997.9088724
2.61098	554344828.0699188
2.611	517857177.5649166
2.61102	514801732.73961335
2.61104	403747642.9813395
2.6110599999999997	361776206.04974604
2.61108	442843220.05378485
2.6111	381531148.60724115
2.61112	425529820.3025031
2.6111400000000002	438490309.4650631
2.61116	445645986.9013014
2.61118	441031896.66505104
2.6112	487393799.6123754
2.61122	545833265.5348248
2.61124	443772105.5044199
2.6112599999999997	427316831.99646765
2.61128	528859122.4134722
2.6113	479369060.1562197
2.61132	416035126.1734354
2.61134	451377596.8395206
2.61136	472900746.9640413
2.61138	330590218.8616954
2.6114	337815832.5768337
2.61142	361368256.18661034
2.61144	438712491.21047294
2.6114599999999997	451408777.97623914
2.61148	385132350.32692325
2.6115	462412962.6518738
2.61152	483994024.74591446
2.61154	540244059.3775375
2.61156	537501895.3397466
2.61158	432742948.6763491
2.6116	363312215.3190551
2.6116200000000003	465875637.44965094
2.61164	547835283.8929945
2.6116599999999996	556506190.8447076
2.61168	549515567.1478537
2.6117	490151120.74245816
2.61172	487753056.974595
2.61174	417532225.1743487
2.61176	366192967.7529099
2.61178	519074865.3800889
2.6118	521807119.15361553
2.6118200000000003	474198307.97065955
2.61184	386233553.6705291
2.61186	343012542.0081065
2.6118799999999998	396990395.60787684
2.6119	533420865.8444208
2.61192	559873613.5712401
2.61194	528956550.8372118
2.61196	542225577.5316321
2.61198	477562261.3506411
2.612	378895982.1514749
2.6120200000000002	400497675.71215975
2.6120400000000004	446601317.5705187
2.61206	514718763.1906539
2.6120799999999997	497370473.82259166
2.6121	561461523.7963295
2.61212	541576735.3762909
2.61214	457730656.22160167
2.61216	465811278.7976132
2.61218	436204357.8158942
2.6122	418494736.3585703
2.61222	411642303.6949179
2.6122400000000003	518859771.429168
2.61226	561125493.0293956
2.6122799999999997	556224353.606677
2.6123	463873966.75603044
2.61232	394366485.3809801
2.61234	350566166.84329695
2.61236	404538630.5967185
2.61238	448476818.9783193
2.6124	495940984.71124035
2.61242	518262755.7774228
2.6124400000000003	414562486.0228219
2.61246	349204635.42535275
2.61248	421851890.78344244
2.6125	453012306.3059843
2.61252	545632210.1663904
2.61254	513097619.7780005
2.6125599999999998	411490676.99816036
2.61258	449076159.60074675
2.6126	548327465.4211013
2.61262	433510878.3875292
2.6126400000000003	278856004.22665083
2.61266	274991962.2457747
2.61268	367671528.0194998
2.6127	423750281.77728665
2.61272	488506109.959806
2.61274	459938749.38899595
2.6127599999999997	432374427.51942736
2.61278	340776783.9610189
2.6128	342468001.9603343
2.61282	338072620.52612424
2.6128400000000003	308737938.5231501
2.61286	403533877.0310468
2.61288	489395531.9030268
2.6129	530688895.19748145
2.61292	551061411.1390647
2.61294	601298333.2247461
2.6129599999999997	575890613.5299387
2.61298	482180896.3982378
2.613	459652895.2665
2.61302	419218075.56615686
2.6130400000000003	370322415.02739936
2.61306	348200988.7469776
2.61308	422610224.4720907
2.6131	429773862.96645236
2.61312	391723837.14304185
2.61314	394085086.48335946
2.6131599999999997	436073805.66161764
2.61318	271950586.6441306
2.6132	269258858.3104697
2.61322	343360236.958764
2.6132400000000002	378677934.8564787
2.61326	492073525.74241406
2.61328	513393067.53918046
2.6133	558470194.7368305
2.61332	564819913.5510787
2.61334	406855320.7864282
2.6133599999999997	303647702.88187695
2.61338	341845604.4598707
2.6134	350227303.1842631
2.61342	428400530.5406498
2.61344	513617721.6102739
2.61346	447816405.84393775
2.61348	411197059.1904099
2.6135	458078596.44584155
2.6135200000000003	496020927.39597356
2.61354	522432276.09583306
2.6135599999999997	491382855.7948224
2.61358	511858594.7088073
2.6136	531324693.05230683
2.61362	564364905.8525351
2.61364	464301407.28180337
2.61366	428153994.337418
2.61368	551708912.8044267
2.6137	510869529.2335542
2.6137200000000003	405303169.5288137
2.61374	304754410.7948338
2.6137599999999996	362852400.0304599
2.6137799999999998	434770431.21203333
2.6138	337069921.5796012
2.61382	417282335.0787723
2.61384	379935609.7163732
2.61386	286536531.83764523
2.61388	314043638.1823716
2.6139	369105060.92857
2.6139200000000002	393133452.1690968
2.61394	386402564.40657365
2.61396	451149000.9724916
2.6139799999999997	469158943.90492725
2.614	455722005.58864653
2.61402	471313630.67488194
2.61404	518573118.135684
2.61406	460457975.8197974
2.61408	498207200.4693705
2.6141	483949449.3016617
2.61412	389278125.210058
2.6141400000000004	417907340.9338884
2.61416	558290194.2307035
2.6141799999999997	623318475.7750132
2.6142	467336821.0004611
2.61422	362484966.84005326
2.61424	423106794.94248354
2.61426	458997161.700543
2.61428	431886868.9526108
2.6143	348072730.38952273
2.61432	410308014.429412
2.6143400000000003	475379007.95122737
2.61436	333035093.80403495
2.61438	347952531.0863613
2.6144	369674930.58702546
2.61442	399043278.5611047
2.61444	433770486.96840346
2.61446	461466309.7482155
2.61448	499102792.7668031
2.6145	521963338.2216653
2.61452	399355803.455309
2.6145400000000003	309278692.01982063
2.61456	375647065.0294813
2.61458	570033002.2189612
2.6146	548921194.8391333
2.61462	455942420.0005512
2.61464	404706332.57930756
2.6146599999999998	416428073.7019237
2.61468	360006216.397394
2.6147	379131614.2547668
2.61472	461976623.11981565
2.6147400000000003	447445350.9176054
2.61476	364091047.1990613
2.61478	279898131.9634357
2.6148	259609152.84933138
2.61482	365308687.16044796
2.61484	356188587.2625166
2.6148599999999997	353720312.4773304
2.61488	333411058.2630356
2.6149	297529477.7864503
2.61492	344096297.81109494
2.6149400000000003	451606308.5353988
2.61496	553362850.7195548
2.61498	569809912.4709927
2.615	457014521.6403596
2.61502	415365096.9025044
2.61504	410440303.4271922
2.6150599999999997	325866713.0533128
2.61508	383424623.680054
2.6151	504638057.58703715
2.61512	480617964.72595507
2.6151400000000002	489057586.1818814
2.61516	468845767.74496496
2.61518	459134576.6690387
2.6152	539262225.8915704
2.61522	594442702.5891694
2.61524	446077173.2433773
2.6152599999999997	374964368.2724339
2.61528	393794820.81175447
2.6153	407624238.0391839
2.61532	510787193.42983973
2.61534	542163155.0984321
2.61536	438298515.78464353
2.61538	431002709.1396999
2.6154	497805854.64879376
2.61542	435140994.52962846
2.61544	294808499.2764837
2.6154599999999997	311128646.7301974
2.61548	376920709.54780143
2.6155	388624342.2457305
2.61552	476595568.6592681
2.61554	427809081.98763764
2.61556	330399970.5973414
2.61558	433321262.68776774
2.6156	455145234.6002698
2.6156200000000003	496489421.9658706
2.61564	505358994.7531674
2.6156599999999997	484250413.23898923
2.61568	545782994.7482961
2.6157	548327465.4211013
2.61572	554625712.9579103
2.61574	508452046.8600946
2.61576	480629031.490975
2.61578	392653976.4874404
2.6158	376019181.7304413
2.6158200000000003	408498061.5393636
2.61584	530285802.7704847
2.61586	569114957.6288413
2.6158799999999998	483793467.574015
2.6159	489091370.2499538
2.61592	378608186.22733384
2.61594	319595017.4814759
2.61596	415489449.2655857
2.61598	466369349.2876745
2.616	444447021.41444165
2.6160200000000002	419469124.88256645
2.6160400000000004	382252205.620973
2.61606	291051605.97956103
2.6160799999999997	305984903.46549934
2.6161	416763810.3458187
2.61612	501487370.2858003
2.61614	571057710.7450274
2.61616	533936979.07934463
2.61618	427257800.07230073
2.6162	380390795.88630337
2.61622	463948740.4315774
2.6162400000000003	478090374.46007407
2.61626	433690590.85076904
2.6162799999999997	429111348.2427367
2.6163	474613404.6882454
2.61632	397768145.00606734
2.61634	451803925.53133965
2.61636	567492335.0258023
2.61638	538096292.8042158
2.6164	535426670.0982397
2.61642	549287859.1960486
2.6164400000000003	595168585.5219728
2.61646	451616707.27465713
2.61648	377311463.3583894
2.6165	381048275.0681535
2.61652	283387049.7944789
2.61654	306097653.2378846
2.6165599999999998	448683397.74877423
2.61658	301023222.0663379
2.6166	208684407.20006034
2.61662	245024775.52707964
2.6166400000000003	414428868.4045342
2.61666	479093192.5519277
2.61668	546223021.1598772
2.6167	577723455.2326494
2.61672	541614147.4639701
2.61674	492697093.1495183
2.6167599999999998	449624533.2595777
2.61678	422289224.7628492
2.6168	364938766.6737835
2.61682	430685251.57755667
2.6168400000000003	536092831.51685846
2.61686	606931949.8009679
2.61688	566956841.084433
2.6169	492152845.01617175
2.61692	358269633.95207626
2.61694	383495259.61148626
2.6169599999999997	453085329.14761394
2.61698	432334606.19684076
2.617	320464554.00702274
2.61702	277971326.77592933
2.6170400000000003	387293314.3114413
2.61706	459822268.84908515
2.61708	321625148.69264734
2.6171	287011963.646444
2.61712	406639909.4625675
2.61714	573971065.9005816
2.6171599999999997	599280297.9701349
2.61718	512495433.45186204
2.6172	366707675.32738817
2.61722	406097204.59785634
2.6172400000000002	580577231.3651301
2.61726	529383011.27146083
2.61728	361110403.06598383
2.6173	230642852.18319014
2.61732	254278710.2852701
2.61734	449924870.16019285
2.6173599999999997	469980674.27154315
2.61738	549452305.4718944
2.6174	476617517.20168287
2.61742	440250644.0739139
2.61744	532132764.32195264
2.61746	584534299.603545
2.61748	515323561.9474206
2.6175	384069659.154716
2.6175200000000003	359716202.54332566
2.61754	391480378.9132737
2.6175599999999997	449148547.9593535
2.61758	435431656.82218844
2.6176	340980858.60294867
2.61762	359401594.878512
2.61764	430586094.04992175
2.61766	469407473.73895466
2.61768	402781949.8736884
2.6177	376391667.0509168
2.6177200000000003	444795105.8599397
2.61774	475138256.7990858
2.6177599999999996	402374083.0472105
2.6177799999999998	403004596.9189156
2.6178	414705695.56287396
2.61782	485758042.75733507
2.61784	505696560.7509163
2.61786	355328465.18834096
2.61788	283582874.26098865
2.6179	249425010.97509396
2.6179200000000002	277255391.3846162
2.61794	259125408.6498059
2.61796	360503927.0929556
2.6179799999999998	373654313.3650531
2.618	289028054.77668273
2.61802	310792120.77329695
2.61804	360279872.1859205
2.61806	292374841.9167961
2.61808	357445636.65966976
2.6181	495267693.8282519
2.6181200000000002	478960832.4977892
2.6181400000000004	410270225.4049849
2.61816	336914730.88097805
2.6181799999999997	335845860.70888585
2.6182	414323913.3460389
2.61822	562056532.804333
2.61824	495381746.5594408
2.61826	420319946.3419899
2.61828	476979814.11922103
2.6183	531385867.5896166
2.61832	525847725.78661627
2.6183400000000003	517106503.73408586
2.61836	474842956.1103702
2.6183799999999997	456972430.9857448
2.6184	493650976.0035688
2.61842	437663168.35653865
2.61844	324376960.47734934
2.61846	354854240.9861889
2.61848	334456776.72270674
2.6185	394957167.8559016
2.61852	413152133.712678
2.6185400000000003	432762877.6844834
2.61856	350566166.84329695
2.61858	313545086.9144289
2.6186	418754994.5813807
2.61862	405433844.8951447
2.61864	347512155.3248186
2.6186599999999998	378878533.74843705
2.61868	311652058.63942194
2.6187	282605103.2353847
2.61872	217040109.56911865
2.6187400000000003	252034503.6592271
2.61876	396926413.4726779
2.61878	441285848.1188408
2.6188	466015111.7021842
2.61882	487382577.08460635
2.61884	459981113.2642162
2.6188599999999997	386651767.6712979
2.61888	358088191.72238606
2.6189	317153858.937637
2.61892	293771729.462326
2.6189400000000003	296080632.6047641
2.61896	290034726.46519315
2.61898	356746729.187344
2.619	471443877.4371214
2.61902	447507172.04765606
2.61904	445163963.0061798
2.6190599999999997	434190183.1287502
2.61908	442119835.74215525
2.6191	433920331.8627711
2.61912	422629686.8402844
2.6191400000000002	411784504.4655271
2.61916	371056462.606849
2.61918	338002568.09707683
2.6192	420078060.35836685
2.61922	484551564.3431619
2.61924	466487488.3106906
2.6192599999999997	376452339.1092939
2.61928	376183722.79132843
2.6193	406836584.8379104
2.61932	411149721.1045229
2.6193400000000002	470316266.8838472
2.61936	497336117.8740554
2.61938	408610949.3203099
2.6194	393341708.65208095
2.61942	450235774.62012494
2.61944	416111769.7347272
2.6194599999999997	367341504.1817132
2.61948	296230655.7872921
2.6195	344357859.80479836
2.61952	408009241.4362832
2.61954	390957906.0788766
2.61956	421279183.4638399
2.61958	371159003.4622734
2.6196	349470080.4802208
2.6196200000000003	357281064.75775373
2.61964	343716198.61753416
2.6196599999999997	348297213.5290375
2.61968	368400321.05017626
2.6197	396314534.4920852
2.61972	389448468.2106662
2.61974	333710598.5974542
2.61976	363864762.8798021
2.61978	446231269.4507326
2.6198	439116746.4852787
2.6198200000000003	443894741.21056795
2.61984	510457982.8925423
2.6198599999999996	520031917.8250801
2.6198799999999998	513700513.67799747
2.6199	491575240.0883472
2.61992	452595258.6396361
2.61994	440382446.69369626
2.61996	450962054.1030796
2.61998	296633366.0837413
2.62	247873443.4389177
2.6200200000000002	321995646.5638974
2.62004	447259938.7646212
2.62006	309107825.51493114
2.6200799999999997	282644149.27040166
2.6201	388463304.3092539
2.62012	480308198.74035984
2.62014	494390366.87744474
2.62016	471096632.6963232
2.62018	484272714.30814356
2.6202	502689715.36906666
2.62022	487562168.54159594
2.6202400000000003	483916020.41263735
2.62026	473423705.1291718
2.6202799999999997	468921342.84473443
2.6203	486004174.9236727
2.62032	502458271.4960766
2.62034	494105854.80223686
2.62036	448921080.9728117
2.62038	431439595.39700776
2.6204	412581737.05292165
2.62042	451252893.8295754
2.6204400000000003	378983236.22061646
2.62046	364678365.82724136
2.62048	214333472.405272
2.6205	195177611.9547215
2.62052	293934118.58516675
2.62054	422240609.71771634
2.62056	341814120.766053
2.62058	364107814.59749675
2.6206	428380802.4214016
2.62062	374394965.38379955
2.6206400000000003	389807328.74163514
2.62066	409939719.86407924
2.62068	321099774.0764084
2.6207	333249878.6949457
2.62072	404771568.79037523
2.62074	344961001.47791505
2.6207599999999998	347064345.36786246
2.62078	377493953.74349356
2.6208	370860005.1445681
2.62082	380163134.67452174
2.6208400000000003	338890972.42324936
2.62086	437884930.99199045
2.62088	487292806.1645405
2.6209	512353845.2924538
2.62092	523479887.00906855
2.62094	519134629.522682
2.6209599999999997	533261217.6384291
2.62098	536031115.10149145
2.621	539386409.9044895
2.62102	531361396.9295328
2.6210400000000003	498827054.5669817
2.62106	480861492.4299254
2.62108	507656557.0044107
2.6211	515371027.18731475
2.62112	494492831.3240683
2.62114	473609058.126282
2.6211599999999997	494959882.5985873
2.62118	470944793.55948246
2.6212	358558481.5397134
2.62122	355344829.04567033
2.6212400000000002	365216171.9001636
2.62126	444498193.2143772
2.62128	474373041.26855433
2.6213	402198086.4410661
2.62132	362910889.640947
2.62134	384087346.62341803
2.6213599999999997	477309413.9287521
2.62138	506022700.4961132
2.6214	491450747.53483146
2.62142	440889747.692078
2.62144	372057445.5607365
2.62146	293758201.0857312
2.62148	289141213.91007805
2.6215	332935419.30934876
2.6215200000000003	425921928.2955285
2.62154	459145148.75507265
2.6215599999999997	465478900.70461607
2.62158	458458469.2493267
2.6216	498735175.6904119
2.62162	356221394.95459664
2.62164	249126542.09346393
2.62166	286846793.82344997
2.62168	426010202.3753073
2.6217	404659741.7229225
2.6217200000000003	342255156.46663755
2.62174	368044218.5719924
2.6217599999999996	413742372.05079246
2.6217799999999998	489316657.0198195
2.6218	464173133.7843697
2.62182	456289000.9116157
2.62184	419459466.36022586
2.62186	404613156.23019934
2.62188	462487500.82240283
2.6219	506232472.82362586
2.6219200000000003	439825089.76133925
2.62194	346960472.04072005
2.62196	353752892.8224319
2.6219799999999998	309549423.83754075
2.622	328798630.5270071
2.62202	379227654.5253629
2.62204	413780480.8864715
2.62206	413095058.5787246
2.62208	337093206.3491203
2.6221	337163070.30918753
2.6221200000000002	427543196.606398
2.6221400000000004	409091070.5278957
2.62216	411471727.5885154
2.6221799999999997	496649497.0453976
2.6222	499792805.29111594
2.62222	443761887.39171296
2.62224	360047666.03074396
2.62226	414753443.0690176
2.62228	366361644.6829684
2.6223	275835398.95561737
2.62232	280336727.94240946
2.6223400000000003	424189583.8191957
2.62236	501314192.59277856
2.6223799999999997	446807032.4417521
2.6224	361801197.52788323
2.62242	344968944.5899595
2.62244	415040043.57451355
2.62246	408272379.5320661
2.62248	494766173.68167615
2.6225	489125156.6518296
2.62252	493378249.7567195
2.6225400000000003	444457255.3031259
2.62256	450619519.3515201
2.62258	471617595.7783579
2.6226	417965080.9551464
2.62262	399052466.97793627
2.62264	463201545.7435712
2.6226599999999998	460044666.39347875
2.62268	376998827.9224953
2.6227	433720550.17019826
2.62272	420833205.355916
2.6227400000000003	291836763.295621
2.62276	261258241.89977556
2.62278	359973060.1264295
2.6228	426314397.59972775
2.62282	288575860.9326364
2.62284	311802792.2102864
2.6228599999999997	483158917.97275454
2.62288	487550942.1370337
2.6229	377493953.74349356
2.62292	273564664.37513983
2.6229400000000003	330902463.19221365
2.62296	508019052.3142071
2.62298	488292439.5942033
2.623	430159976.7543633
2.62302	444088983.7258164
2.62304	432573589.1568502
2.6230599999999997	359666509.346147
2.62308	325326918.8271573
2.6231	341090795.5636233
2.62312	436535935.00000876
2.6231400000000002	376123094.0252973
2.62316	392608773.129955
2.62318	446735021.4604441
2.6232	483503920.59162134
2.62322	468435715.4006305
2.62324	349116198.55299157
2.6232599999999997	270072273.2582742
2.62328	337660298.4525847
2.6233	500737365.411524
2.62332	455124274.87024313
2.6233400000000002	438732695.13253033
2.62336	487910315.3288125
2.62338	492368204.64454204
2.6234	468295516.68255305
2.62342	507130814.3398413
2.62344	449717719.80218554
2.6234599999999997	444743899.8786401
2.62348	386447053.20674056
2.6235	324033565.8146989
2.62352	337909187.43772334
2.62354	471585018.71417314
2.62356	516428260.3353086
2.62358	517070784.51598775
2.6236	457699038.40008575
2.6236200000000003	455459746.4059953
2.62364	473543631.136492
2.6236599999999997	491960234.6695265
2.62368	486071323.5201248
2.6237	489091370.2499538
2.62372	357684400.57647496
2.62374	309898875.24321014
2.62376	339664375.6458119
2.62378	396250661.28404856
2.6238	428686690.38747066
2.6238200000000003	403784831.2260579
2.62384	424482704.831642
2.6238599999999996	394566309.7149773
2.6238799999999998	407305242.49494475
2.6239	433421050.0837694
2.62392	394902606.275743
2.62394	457319794.8512571
2.62396	444170795.4746373
2.62398	398565772.3134012
2.624	444795105.8599397
2.6240200000000002	457709577.4312489
2.62404	454851886.19773054
2.62406	478597030.86908525
2.6240799999999997	395475878.99638814
2.6241	331230255.80502945
2.62412	366268862.75878394
2.62414	436706845.8416542
2.62416	457319794.8512571
2.62418	437844602.15664834
2.6242	332116153.9800502
2.62422	311637706.8621984
2.6242400000000004	287527905.0131485
2.62426	320656464.6423366
2.6242799999999997	307326492.9204295
2.6243	381153577.14484817
2.62432	476518756.72011954
2.62434	478277554.53330386
2.62436	452616101.9014814
2.62438	410534821.681014
2.6244	402142524.56013745
2.62442	360445825.4077289
2.6244400000000003	431231026.2871388
2.62446	519553171.2331318
2.62448	491020924.8830864
2.6245	474908562.6209377
2.62452	498448163.26193136
2.62454	532758024.6724822
2.62456	500944946.6969327
2.62458	418957529.5363113
2.6246	370271256.62903
2.62462	344770421.64759827
2.6246400000000003	424072392.09709865
2.62466	472933414.91865104
2.62468	417359208.4055945
2.6247	364032367.3849777
2.62472	331634726.056695
2.62474	422464285.27589566
2.6247599999999998	483503920.59162134
2.62478	527667079.59257233
2.6248	513286686.7521731
2.62482	445327997.6854551
2.6248400000000003	362543397.2225341
2.62486	335351304.45056
2.62488	325904232.0048247
2.6249	432493913.4956333
2.62492	366302598.9213047
2.62494	312241050.9236607
2.6249599999999997	425226184.9106109
2.62498	510164224.2156966
2.625	481825743.2434279
2.62502	378451298.7799591
2.6250400000000003	343376049.6461242
2.62506	345827878.1190919
2.62508	419643016.31976885
2.6251	439642835.2878893
2.62512	508768248.7489181
2.62514	513133064.53011996
2.6251599999999997	409053393.58298254
2.62518	376807900.4716398
2.6252	388123554.4392997
2.62522	426442027.9739514
2.6252400000000002	467498261.29822403
2.62526	493298732.98697037
2.62528	509835415.19204783
2.6253	472976975.70191556
2.62532	503048664.07482046
2.62534	517070784.51598775
2.6253599999999997	438682187.07188284
2.62538	351139753.5607011
2.6254	406340396.4627883
2.62542	461944712.007429
2.62544	348867087.8474523
2.62546	297241880.35963356
2.62548	342973053.502993
2.6255	379542138.26985717
2.62552	313393511.0730383
2.62554	329662843.26788616
2.6255599999999997	355238477.4420904
2.62558	293852912.80630386
2.6256	281695558.81834054
2.62562	267497667.835557
2.62564	377502645.9630716
2.62566	508592556.76379234
2.62568	443567787.9469233
2.6257	425265351.4932523
2.6257200000000003	469937389.44513243
2.62574	516059764.66302025
2.6257599999999996	523347314.5307716
2.62578	464611547.9331672
2.6258	460754939.76727754
2.62582	385993507.67807823
2.62584	352419556.2403561
2.62586	378834916.2561168
2.62588	390292315.04807895
2.6259	341467991.45036274
2.6259200000000003	302705282.58257717
2.62594	340024335.06358534
2.62596	391101966.82966316
2.6259799999999998	423262701.9636587
2.626	447476260.4150167
2.62602	424717347.4714387
2.62604	350203111.17481184
2.62606	389278125.210058
2.62608	418976823.68781364
2.6261	426432208.8964304
2.6261200000000002	378355455.1232307
2.6261400000000004	438763002.76021415
2.62616	491303660.6186605
2.6261799999999997	467552087.1230012
2.6262	465972192.1007623
2.62622	478608051.0998478
2.62624	428301899.0289128
2.62626	400875948.03085357
2.62628	398327233.5062565
2.6263	344667234.8717892
2.62632	336527066.6627916
2.6263400000000003	371791965.2044856
2.62636	282007072.3727402
2.6263799999999997	306690271.51623136
2.6264	437753875.8568413
2.62642	345461774.90581954
2.62644	355967214.35973275
2.62646	469040128.32967377
2.62648	499631717.092034
2.6265	486754527.7702984
2.62652	492833249.1971518
2.6265400000000003	447187854.7893199
2.62656	313386295.0038473
2.62658	315282597.59551823
2.6266	440352027.20265234
2.62662	470262122.8394329
2.62664	477221498.3830205
2.6266599999999998	470305437.5762739
2.62668	480817205.48927486
2.6267	368782241.77149945
2.62672	269017170.1866797
2.6267400000000003	205437631.77608424
2.62676	264520905.07468724
2.62678	369879276.9610762
2.6268	378355455.1232307
2.62682	438894360.00865114
2.62684	397420257.12569726
2.6268599999999998	358310883.6424742
2.62688	369921863.3379664
2.6269	443414611.5146403
2.62692	337054399.2934825
2.6269400000000003	292273876.6609974
2.62696	369028578.23070604
2.62698	466788340.8819425
2.627	464525971.2053723
2.62702	462253278.4507548
2.62704	463233543.6779572
2.6270599999999997	394221222.15863025
2.62708	388284451.53205353
2.6271	456677904.92583174
2.62712	433920331.8627711
2.6271400000000003	454893781.533958
2.62716	479744495.03474
2.62718	455250047.7300997
2.6272	345780103.5323059
2.62722	360545434.0306655
2.62724	430070842.7949089
2.6272599999999997	419932995.5896561
2.62728	479854973.0057693
2.6273	502990751.79083616
2.62732	489812653.25926423
2.6273400000000002	365258221.386337
2.62736	295413270.01698583
2.62738	294259166.1735073
2.6274	359401594.878512
2.62742	370877084.2722146
2.62744	408178382.16482764
2.6274599999999997	485489677.1016028
2.62748	471997827.8491712
2.6275	476047183.4698396
2.62752	472519787.51952946
2.62754	413294856.0501672
2.62756	443210458.55130786
2.62758	494937089.3784774
2.6276	508288167.70120895
2.6276200000000003	503860136.51712817
2.62764	343534216.577253
2.6276599999999997	256779293.73061046
2.62768	260735400.44553885
2.6277	363211842.3118049
2.62772	462285210.8788942
2.62774	451450356.17587745
2.62776	473249321.51521766
2.62778	469558817.2225515
2.6278	423584441.6536529
2.6278200000000003	481326751.6582374
2.62784	493094320.1353005
2.6278599999999996	406920903.40138674
2.6278799999999998	371389824.00606734
2.6279	440676610.13305855
2.62792	444293541.35811424
2.62794	395794723.3604949
2.62796	340274966.5771621
2.62798	363420984.0452854
2.628	449189917.97452694
2.6280200000000002	411993154.4583776
2.62804	460150607.7890592
2.62806	479755541.6871454
2.6280799999999997	513653202.2909982
2.6281	453127061.7704311
2.62812	360296464.06922066
2.62814	412534239.5592808
2.62816	468457288.1592632
2.62818	450982822.1513428
2.6282	383098101.69664
2.6282200000000002	436124013.4039702
2.6282400000000004	433351196.49403
2.62826	407399038.7911945
2.6282799999999997	471606736.50692254
2.6283	521422779.0730482
2.62832	515311696.3205115
2.62834	450505398.92792434
2.62836	433790463.29751444
2.62838	405910232.9790446
2.6284	323981341.98347557
2.62842	404156902.11799735
2.6284400000000003	481238096.15970254
2.62846	470923106.24963045
2.6284799999999997	424062627.58183366
2.6285	315922094.48314285
2.62852	291199080.96914464
2.62854	407811999.16827327
2.62856	469342627.1794057
2.62858	394757145.575537
2.6286	375828750.4120306
2.62862	427002089.288657
2.6286400000000003	524203601.0084628
2.62866	513700513.67799747
2.62868	453398417.5294845
2.6287	376799224.24898374
2.62872	404203435.07950085
2.62874	402809774.02609533
2.6287599999999998	370894164.1864035
2.62878	360844425.08999836
2.6288	432434166.3806318
2.62882	446395697.4126742
2.6288400000000003	360230101.1202834
2.62886	301432447.60943323
2.62888	389331909.6857602
2.6289	502851789.50922954
2.62892	500944946.6969327
2.62894	456677904.92583174
2.6289599999999997	486474409.97251964
2.62898	515644037.1714862
2.629	460617039.8382595
2.62902	357083678.4897257
2.6290400000000003	311064177.3939472
2.62906	373456480.4593608
2.62908	432384383.42316383
2.6291	461434433.88581026
2.62912	485165599.7398658
2.62914	414533850.04987127
2.6291599999999997	350146669.65115094
2.62918	420978581.0997654
2.6292	438490309.4650631
2.62922	423418666.4336866
2.6292400000000002	437814357.9676378
2.62926	483203420.6030281
2.62928	419923326.3864207
2.6293	466562683.2700921
2.62932	499263710.4333426
2.62934	455732499.09642285
2.6293599999999997	459102861.87148535
2.62938	438338886.42890114
2.6294	443241075.5026142
2.62942	461763924.0022154
2.62944	476672392.98003423
2.62946	467024861.1563372
2.62948	473129470.04248
2.6295	422989902.36467946
2.62952	267134512.24542323
2.62954	268769510.28545463
2.6295599999999997	396844165.8793248
2.62958	466723856.14397556
2.6296	423457666.5300572
2.62962	434870552.32983875
2.62964	445933398.1275121
2.62966	482647432.22050005
2.62968	505114691.08511174
2.6297	488292439.5942033
2.6297200000000003	470359586.60776865
2.62974	297159760.73867285
2.6297599999999997	251385370.4443213
2.62978	328669950.95348924
2.6298	387980590.774087
2.62982	493173803.9549353
2.62984	461678871.7778235
2.62986	489981857.7752297
2.62988	438864043.30744165
2.6299	402726307.33461744
2.6299200000000003	465093210.8617334
2.62994	435692415.66384834
2.62996	384432415.11890656
2.6299799999999998	440788240.76287484
2.63	494538377.8944134
2.63002	424384975.3287609
2.63004	385114614.7351287
2.63006	418658583.7806966
2.63008	427553041.26565087
2.6301	367240017.9946052
2.6301200000000002	412107008.10261905
2.6301400000000004	413266307.6389686
2.63016	426500947.18725055
2.6301799999999997	416850186.36780626
2.6302	423769796.6482684
2.63022	416207594.0422857
2.63024	428805157.2634636
2.63026	404194128.05861115
2.63028	269730464.3263594
2.6303	286107999.0205308
2.63032	359418146.31471467
2.6303400000000003	293062331.24375516
2.63036	300213349.51141953
2.6303799999999997	315449613.7691841
2.6304	385531617.1479235
2.63042	479038038.0847689
2.63044	508381806.46602315
2.63046	493525957.76518655
2.63048	384370456.927898
2.6305	265784714.07894003
2.63052	269048143.71591777
2.6305400000000003	312658327.21953326
2.63056	350428968.2644391
2.63058	284216966.61034393
2.6306	201404885.0022104
2.63062	215560905.86969945
2.63064	288622377.6146286
2.6306599999999998	321588122.36044973
2.63068	472508907.47460264
2.6307	448487145.65758806
2.63072	460055259.4353443
2.6307400000000003	515240508.29630613
2.63076	530005040.63966507
2.63078	537563781.0946918
2.6308	515572803.23586696
2.63082	418379117.9636061
2.63084	417916963.7168106
2.6308599999999998	286688320.21901476
2.63088	249976970.21785071
2.6309	347824364.24723047
2.63092	480772922.6274164
2.6309400000000003	372203112.03641975
2.63096	405657957.83672345
2.63098	512566242.20376176
2.631	512000046.00651485
2.63102	462913663.777605
2.63104	378259635.739129
2.6310599999999997	363496304.5460807
2.63108	459631727.95580614
2.6311	506640612.43329835
2.63112	531900011.8548213
2.6311400000000003	477804240.73873335
2.63116	440382446.69369626
2.63118	406995867.9061573
2.6312	318683809.4869716
2.63122	351738575.1657287
2.63124	392626853.84844446
2.6312599999999997	401707555.2980325
2.63128	289747701.8376745
2.6313	309392655.4923119
2.63132	392446084.12725
2.6313400000000002	383495259.61148626
2.63136	416255514.4708359
2.63138	467379866.29463774
2.6314	381258908.3216036
2.63142	397685722.996524
2.63144	452116128.44515795
2.6314599999999997	466197564.1157765
2.63148	465500337.29376644
2.6315	487191833.6436779
2.63152	503999377.45380324
2.63154	443302315.75042605
2.63156	345501549.9520661
2.63158	360279872.1859205
2.6316	354029946.94498837
2.6316200000000003	372365983.2352737
2.63164	410232439.86089534
2.6316599999999997	469223765.085941
2.63168	424648896.63976127
2.6317	412952405.23692155
2.63172	400820568.7974795
2.63174	491190546.7933635
2.63176	486261628.2633129
2.63178	505487010.49434704
2.6318	532966608.01027584
2.6318200000000003	481315668.8278018
2.63184	445974472.0028051
2.6318599999999996	498195728.9567118
2.6318799999999998	488337415.0610659
2.6319	381838750.31679
2.63192	304866707.15344805
2.63194	341578085.4694274
2.63196	391651685.5912108
2.63198	335320418.87633455
2.632	372640453.737408
2.6320200000000002	409260659.73001087
2.63204	490964397.26404107
2.63206	463094901.924438
2.6320799999999998	360006216.397394
2.6321	399714589.3082504
2.63212	444866804.13859546
2.63214	377737411.5627526
2.63216	409656641.32080585
2.63218	439410064.4714916
2.6322	492912690.9337317
2.6322200000000002	495678406.59411776
2.6322400000000004	408451034.1691779
2.63226	385327495.7519456
2.6322799999999997	494151365.7290858
2.6323	465414596.8599991
2.63232	333833564.77522254
2.63234	288449639.15474564
2.63236	299578057.20307016
2.63238	336775120.3441904
2.6324	293825849.19918555
2.63242	317453412.55025214
2.6324400000000003	320553113.8700438
2.63246	331909742.209158
2.6324799999999997	437935347.25985587
2.6325	437260251.26031655
2.63252	356196788.90225554
2.63254	418822495.3517246
2.63256	512153329.02449936
2.63258	504417331.18042064
2.6326	422736745.8877496
2.63262	407567926.55949
2.6326400000000003	481648264.77436614
2.63266	446560185.96327394
2.63268	381109697.74355435
2.6327	447960788.0676216
2.63272	429289236.87539047
2.63274	457330325.14991426
2.6327599999999998	481969992.6524719
2.63278	459801093.73863107
2.6328	434620292.75444996
2.63282	418514009.1971701
2.6328400000000003	468435715.4006305
2.63286	517797560.48594946
2.63288	464386942.6395847
2.6329	416514380.1411043
2.63292	409251236.26356083
2.63294	397704037.5225786
2.6329599999999997	478057350.2876209
2.63298	538046734.5863945
2.633	498161316.0035394
2.63302	448332270.4327332
2.6330400000000003	374179508.3367251
2.63306	352809280.0580298
2.63308	376426335.6011054
2.6331	247007420.29521838
2.63312	254964666.95273748
2.63314	419208422.82437384
2.6331599999999997	452908008.37584406
2.63318	385114614.7351287
2.6332	400488454.0185488
2.63322	469537193.73779887
2.6332400000000002	406190722.70107377
2.63326	363195116.17346793
2.63328	346282066.03532857
2.6333	421696503.42858213
2.63332	438167336.8671801
2.63334	398299718.98608625
2.6333599999999997	447476260.4150167
2.63338	445492092.8084712
2.6334	477925276.4077389
2.63342	509154984.7827618
2.6334400000000002	438470116.70502293
2.63346	315842086.4903742
2.63348	322114295.99871564
2.6335	361701241.9726037
2.63352	417042197.18156457
2.63354	426422390.0450011
2.6335599999999997	435602135.32115966
2.63358	480297139.3626999
2.6336	485187942.95588446
2.63362	467369104.5994082
2.63364	454067062.6843665
2.63366	458068048.9177993
2.63368	435040811.14737403
2.6337	404734289.6679538
2.6337200000000003	383618903.80502707
2.63374	437129383.0863567
2.6337599999999997	478828509.011031
2.63378	451408777.97623914
2.6338	412344304.25878364
2.63382	383530582.4568593
2.63384	354266429.2744101
2.63386	314325778.6035479
2.63388	319977911.9199434
2.6339	464141070.9476422
2.6339200000000003	470023963.0848193
2.63394	331627089.9728439
2.6339599999999996	304824591.1706699
2.6339799999999998	403989427.8080924
2.634	378137718.89106417
2.63402	399825049.79080325
2.63404	302991189.4331482
2.63406	245414376.31374332
2.63408	333795132.9780876
2.6341	389331909.6857602
2.6341200000000002	399521356.8905885
2.63414	431379993.9313732
2.63416	437895013.7812176
2.6341799999999997	383592405.2651855
2.6342	359112068.09552306
2.63422	390544026.93631697
2.63424	416313026.2680681
2.63426	371107729.4929255
2.63428	312212293.7844249
2.6343	356631746.16332936
2.63432	430705085.8230556
2.6343400000000003	416447251.3649978
2.63436	267614721.30566972
2.6343799999999997	223089946.83991227
2.6344	301189619.61955214
2.63442	395904100.5944105
2.63444	357882118.9075402
2.63446	279807918.0077183
2.63448	313112207.45994836
2.6345	483581858.4969018
2.63452	395904100.5944105
2.6345400000000003	299564261.4413582
2.63456	331879173.59993076
2.63458	301932595.2620851
2.6346	380224414.6706506
2.63462	371620788.0951423
2.63464	344135915.6419314
2.63466	348209006.4633463
2.63468	448156809.8316318
2.6347	482558533.46602046
2.63472	452532734.6130006
2.6347400000000003	353118117.0395716
2.63476	333995026.6488025
2.63478	332016754.51602554
2.6348	367045581.1655674
2.63482	441773844.8896487
2.63484	414123618.401563
2.6348599999999998	297084504.34982413
2.63488	300912341.43915486
2.6349	423730767.8049771
2.63492	453116628.2543756
2.6349400000000003	371629345.0785266
2.63496	396972113.94549185
2.63498	481725903.5591634
2.635	397054388.0566104
