2.5775200000000003	119460.40973719004
2.57754	46502.89602984549
2.57756	265549.20159528835
2.5775799999999998	421581.9419270129
2.5776	571579.9682752129
2.57762	671096.5404447808
2.57764	697306.9599495775
2.57766	710220.1668120282
2.57768	649155.8870969284
2.5777	422634.55257237924
2.5777200000000002	103781.27454686738
2.5777400000000004	332620.49076428986
2.57776	666053.3239554977
2.5777799999999997	869653.0010782019
2.5778	1031311.8311984972
2.57782	1147228.691754929
2.57784	1292468.5973632652
2.57786	1345550.4939324313
2.57788	1426297.102678987
2.5779	1429683.8127185826
2.57792	1344218.9081115352
2.5779400000000003	1480846.352622314
2.57796	1661345.6551302152
2.5779799999999997	1762260.0662848174
2.578	1766891.9821768848
2.57802	1653598.234745351
2.57804	1705689.5942393916
2.57806	1598527.0878142512
2.57808	1396368.361055936
2.5781	1303046.757883625
2.57812	1562320.0273047725
2.5781400000000003	1199195.527208255
2.57816	1540564.9044785888
2.57818	1439726.5050762377
2.5782	1704197.7987174038
2.57822	1543476.4233245298
2.57824	1841789.5307976494
2.5782599999999998	1916461.0627353888
2.57828	1750007.862882904
2.5783	1556073.1176155258
2.57832	1192147.5209218333
2.5783400000000003	634911.2172356123
2.57836	714266.0367932341
2.57838	1126263.4748304642
2.5784	1220393.8207443156
2.57842	587907.4992332312
2.57844	1014869.0307720781
2.5784599999999998	1611164.9296823128
2.57848	1804305.1968483077
2.5785	1701962.5514349889
2.57852	937467.0238202696
2.5785400000000003	1640098.7590101166
2.57856	2112515.966240851
2.57858	2261934.371443777
2.5786	2323485.6789333434
2.57862	2376840.286624873
2.57864	2399053.869871289
2.5786599999999997	2260476.5184683446
2.57868	2328895.490776908
2.5787	2221774.6129152016
2.57872	2144815.798714367
2.5787400000000003	1823601.7487562592
2.57876	1286263.6601130266
2.57878	301731.7419306698
2.5788	758464.0487129759
2.57882	1111040.780720172
2.57884	531174.2336606289
2.5788599999999997	1025344.9575884179
2.57888	1021409.7519898489
2.5789	996494.7156367622
2.57892	1005912.0252844015
2.5789400000000002	990843.3523327642
2.57896	848295.1812614372
2.57898	539822.5221858204
2.579	167323.90824490713
2.57902	30351.0695564223
2.57904	275247.89099221333
2.5790599999999997	640285.9911840623
2.57908	986429.3825219988
2.5791	1291635.5806258626
2.57912	1628508.388605965
2.57914	1891167.5180766087
2.57916	2090836.14842805
2.57918	2172751.207733177
2.5792	2333995.422719469
2.5792200000000003	2452562.0281267287
2.57924	2400766.929150793
2.5792599999999997	2421865.384967267
2.57928	2489774.4161292305
2.5793	2370991.5161812
2.57932	2037933.4605947332
2.57934	2225717.292378883
2.57936	2142594.570292371
2.57938	1885905.8166630652
2.5794	1927214.2579182575
2.5794200000000003	1487167.8905138655
2.57944	682624.7020750277
2.5794599999999996	1438169.2542576853
2.5794799999999998	1812842.1903914378
2.5795	1726712.3689555093
2.57952	1633051.947894331
2.57954	1343352.5374689726
2.57956	1044720.2192208001
2.57958	541533.0912068506
2.5796	52176.26653513995
2.5796200000000002	171274.61501468567
2.57964	747499.6609332336
2.57966	1275968.6379896034
2.5796799999999998	1640325.3626802003
2.5797	1894000.1104785453
2.57972	1934728.3699748446
2.57974	1571013.8001489197
2.57976	1348000.3346009825
2.57978	696458.1100774204
2.5798	650101.2483655153
2.5798200000000002	1820874.4413875283
2.5798400000000004	2360695.651272576
2.57986	2655216.8778726556
2.5798799999999997	2749286.5029581613
2.5799	2873690.551167429
2.57992	3073194.1654788703
2.57994	2863254.81681967
2.57996	2885094.215344903
2.57998	3109925.604656829
2.58	3019325.952620851
2.58002	3031656.553926954
2.5800400000000003	2652161.7055078833
2.58006	2863254.81681967
2.5800799999999997	2847213.275797119
2.5801	2740375.019770524
2.58012	2830805.2997025973
2.58014	2897210.1631704764
2.58016	2697925.7921195375
2.58018	2857261.5700431815
2.5802	2925027.813119203
2.58022	2870251.813401699
2.5802400000000003	2806596.633887152
2.58026	2680340.693729665
2.58028	2649415.056138956
2.5803	2470358.597124839
2.58032	2503802.103753739
2.58034	2441518.390986618
2.5803599999999998	2524817.548142003
2.58038	2395521.097119831
2.5804	2384844.133087431
2.58042	2236969.1768316342
2.5804400000000003	2034885.6071103641
2.58046	1956365.5200647253
2.58048	2017483.5393523334
2.5805	1972604.411328749
2.58052	1808089.8158059097
2.58054	1386915.4942277456
2.5805599999999997	1460024.0174373596
2.58058	1567869.818416811
2.5806	1534369.6516992005
2.58062	1499374.084027235
2.5806400000000003	1355657.5590333072
2.58066	1191104.8691173864
2.58068	1249223.0816318698
2.5807	1185413.8579379052
2.58072	1099157.6831890536
2.58074	1029058.3477085674
2.5807599999999997	936323.6648977508
2.58078	874071.5808092896
2.5808	785680.5462843741
2.58082	727746.2898099582
2.5808400000000002	640336.1197875382
2.58086	557699.1723756755
2.58088	474138.25826562487
2.5809	373891.85119142645
2.58092	300707.31993842794
2.58094	248239.564116665
2.5809599999999997	191753.80920416935
2.58098	134802.5165913491
2.581	86018.32867213972
2.58102	45917.89810662881
2.5810400000000002	9188.338789797015
2.58106	5626.31443883064
2.58108	40112.063118451355
2.5811	75956.15988549686
2.58112	112203.6539248481
2.58114	165657.07928310047
2.5811599999999997	225887.39654211607
2.58118	278026.3767527762
2.5812	313115.0913432348
2.58122	314916.1983326392
2.58124	322380.6747934969
2.58126	286696.24181948486
2.58128	210032.25733298523
2.5813	110545.22806118852
2.5813200000000003	14203.5858303995
2.58134	14303.061301934817
2.5813599999999997	107919.02176321692
2.58138	177693.68752673088
2.5814	178212.02292375508
2.58142	114042.57111158941
2.58144	29702.704866897035
2.58146	8108.023523036129
2.58148	38032.68618608908
2.5815	136173.3118500937
2.5815200000000003	233108.9778194271
2.58154	273386.45906870835
2.5815599999999996	380857.050721016
2.5815799999999998	541486.9569092408
2.5816	660643.2469197068
2.58162	762937.5669014539
2.58164	827292.3339790157
2.58166	944752.391625615
2.58168	1045947.774023421
2.5817	1125278.4451896595
2.5817200000000002	1171925.4886625668
2.58174	1229305.996228628
2.58176	1135507.4815149172
2.5817799999999997	944787.1982311498
2.5818	859933.761623103
2.58182	1160032.0812029953
2.58184	776931.9832128563
2.58186	1268557.0405266003
2.58188	1456867.315134601
2.5819	1555822.3284737864
2.58192	1532639.449770646
2.5819400000000003	1381528.9817858054
2.58196	1549387.3291640994
2.5819799999999997	1623005.5315603088
2.582	1635610.9146611947
2.58202	1607274.298228312
2.58204	1517120.2318192397
2.58206	1363169.9379128541
2.58208	1142536.2812866152
2.5821	745160.7995054232
2.58212	229078.85303685666
2.5821400000000003	214127.77289375698
2.58216	717054.226516048
2.58218	921140.7599272717
2.5822	1031026.9085739781
2.58222	1319562.6062024976
2.58224	1038364.9019491607
2.5822599999999998	1161849.8332641677
2.58228	1607829.5269833182
2.5823	1764655.7679444847
2.58232	1796304.6742717852
2.5823400000000003	1740523.9353681952
2.58236	1752629.0262268963
2.58238	1773903.5383774678
2.5824	1660504.2825119786
2.58242	1492244.545089294
2.58244	775966.5494639267
2.5824599999999998	1374896.4797204956
2.58248	1578883.186619723
2.5825	1640400.9041941469
2.58252	1479994.1542441181
2.5825400000000003	1447604.7517288055
2.58256	1410425.0087817
2.58258	1479244.6253590868
2.5826	1404947.1899168552
2.58262	1330331.8842406757
2.58264	1292825.768977126
2.5826599999999997	1178691.088341962
2.58268	1156591.5099318093
2.5827	1078847.352140509
2.58272	985251.2624035374
2.5827400000000003	874019.2541466341
2.58276	742347.072161304
2.58278	601280.334466609
2.5828	407426.2437571444
2.58282	135077.18456825768
2.58284	72584.1842002723
2.5828599999999997	295698.4172938817
2.58288	364622.94964221836
2.5829	329346.46018005494
2.58292	254541.14889109632
2.5829400000000002	163099.63908015852
2.58296	88740.93494766136
2.58298	15184.447697889085
2.583	10922.87591370721
2.58302	12041.095475820612
2.58304	64512.370456848046
2.5830599999999997	161724.94048813154
2.58308	237544.51126214207
2.5831	327265.330575372
2.58312	370446.9299911625
2.58314	379897.9937135432
2.58316	217275.12077331773
2.58318	19619.54810049425
2.5832	174656.1971978937
2.5832200000000003	419397.65708329465
2.58324	303325.5543663223
2.5832599999999997	461994.7070620103
2.58328	685695.0273819561
2.5833	748581.3448448001
2.58332	767851.0809699165
2.58334	742795.0484078411
2.58336	716778.5494344707
2.58338	717599.2894367306
2.5834	645233.6373986832
2.5834200000000003	334751.86093663506
2.58344	287829.2990151406
2.5834599999999996	542124.4567988276
2.5834799999999998	618573.0575050503
2.5835	612519.6137686268
2.58352	583711.1644550666
2.58354	547021.0011203806
2.58356	505980.7564628046
2.58358	446457.37351771636
2.5836	440548.77705822815
2.5836200000000002	404262.0742392408
2.58364	365004.3161599969
2.58366	327668.73160112026
2.5836799999999998	289963.9451618962
2.5837	251396.3685728238
2.58372	216274.84029940158
2.58374	174056.4012874284
2.58376	151062.26773325106
2.58378	123965.26125232503
2.5838	97960.95267318595
2.5838200000000002	74998.4002859879
2.5838400000000004	55108.67890392214
2.58386	38020.427872525725
2.5838799999999997	21311.891672784932
2.5839	2705.639932208166
2.58392	10031.31804440682
2.58394	32253.585469754675
2.58396	48227.30569957398
2.58398	65108.84631369189
2.584	49898.44364574174
2.58402	26559.200651917898
2.5840400000000003	113387.45301747382
2.58406	155051.15296068744
2.5840799999999997	189600.72776291534
2.5841	221635.84507164542
2.58412	254605.0420981702
2.58414	278917.00941816595
2.58416	308310.2759794957
2.58418	346390.5217895467
2.5842	370318.15155757836
2.58422	382808.87688777916
2.5842400000000003	396587.4802730347
2.58426	416152.9714830042
2.58428	421216.1361561306
2.5843	413211.1196355429
2.58432	399034.09035584185
2.58434	373575.16763000697
2.5843599999999998	345586.68393803027
2.58438	305068.9448846074
2.5844	259993.80503213382
2.58442	211341.1177457219
2.5844400000000003	159852.3407073842
2.58446	114879.88707652077
2.58448	74500.81092941218
2.5845	40992.933686360564
2.58452	6238.382506370413
2.58454	7696.690091989897
2.5845599999999997	44400.71870458886
2.58458	78694.79348240886
2.5846	119229.85066432788
2.58462	170364.45960019028
2.5846400000000003	219497.71321126653
2.58466	265195.4081482957
2.58468	347292.17649383197
2.5847	408988.4090084462
2.58472	472589.425739746
2.58474	538888.6045349899
2.5847599999999997	589264.12281597
2.58478	653171.1589039076
2.5848	684436.2450426338
2.58482	724888.1495884875
2.5848400000000002	709639.8574809637
2.58486	624111.2340713142
2.58488	296096.313289552
2.5849	196234.78778259366
2.58492	428882.17828811513
2.58494	576931.1655827952
2.5849599999999997	675790.3718753504
2.58498	325519.49267951516
2.585	563336.6411440125
2.58502	361289.21712146996
2.5850400000000002	291665.4589519119
2.58506	540718.2152986899
2.58508	436846.6403113027
2.5851	88421.32122263651
2.58512	77809.38810035457
2.58514	516468.691998413
2.5851599999999997	849329.0916226577
2.58518	1058766.033113699
2.5852	1148470.9118997508
2.58522	1120185.6373806528
2.58524	1064363.566262455
2.58526	1303616.9540500576
2.58528	1520512.518234833
2.5853	1580228.8995517197
2.5853200000000003	1570435.123878438
2.58534	1329903.1050242786
2.5853599999999997	1507370.459539765
2.58538	1451275.9554926967
2.5854	1321508.6190448143
2.58542	1017513.0782827771
2.58544	515385.2676117872
2.58546	181711.327018095
2.58548	714655.9271915373
2.5855	1135350.6161950452
2.5855200000000003	1343661.8914360378
2.58554	1248762.9356078072
2.5855599999999996	888106.4005155647
2.5855799999999998	1006746.2022664024
2.5856	1175790.6437313077
2.58562	1597938.277140938
2.58564	1695040.190248502
2.58566	1757559.3525197012
2.58568	1795105.5927934947
2.5857	1374421.6892978258
2.5857200000000002	1285286.6599436153
2.58574	1763152.9982583218
2.58576	2026235.8732421268
2.5857799999999997	2046633.1299215406
2.5858	1824819.864887973
2.58582	1720441.856784284
2.58584	2005718.5910186341
2.58586	1947376.83699217
2.58588	1808797.712057765
2.5859	2094450.0141028182
2.58592	2045266.9474948652
2.5859400000000003	2096283.4228505683
2.58596	2059064.7320114532
2.5859799999999997	1888165.2475339347
2.586	1777378.817438838
2.58602	1454788.9712157126
2.58604	1295806.0401678602
2.58606	1533910.4282643667
2.58608	1405659.0725106692
2.5861	1035762.0629778975
2.58612	319312.55880017584
2.5861400000000003	625410.2575997032
2.58616	1165332.8792080025
2.58618	1204536.5982562292
2.5862	842573.8959816169
2.58622	1265610.2982063647
2.58624	1290773.3792835057
2.58626	1067357.7307988857
2.58628	625881.3346550041
2.5863	614452.0535335332
2.58632	1162197.668875271
2.5863400000000003	1254642.514950661
2.58636	1336564.7406516457
2.58638	1270369.3293623745
2.5864	1260375.6378944255
2.58642	1178229.79242259
2.58644	1073519.6542241832
2.5864599999999998	924138.3648511838
2.58648	741170.2862612333
2.5865	503593.36557054706
2.58652	373515.81933047774
2.5865400000000003	188575.81788491813
2.58656	25025.456017460445
2.58658	17003.36979091148
2.5866	159770.64924550653
2.58662	346027.00995756907
2.58664	515772.2830583803
2.5866599999999997	647038.3170884844
2.58668	709569.5986944595
2.5867	619727.8309026496
2.58672	720923.1970760998
2.5867400000000003	537529.1241941411
2.58676	315056.90329756023
2.58678	495531.1953779479
2.5868	386520.91592422366
2.58682	97241.13068026023
2.58684	148472.49271764283
2.5868599999999997	444375.3907913143
2.58688	572064.5025689075
2.5869	594520.7267389093
2.58692	514933.326157995
2.5869400000000002	583137.5394411808
2.58696	556399.8445698788
2.58698	514064.95735043427
2.587	469691.8235498905
2.58702	422930.49435207044
2.58704	350734.10640979744
2.5870599999999997	315079.39290540456
2.58708	275126.23180212604
2.5871	232796.79664805796
2.58712	189047.52675170827
2.58714	146600.01002377708
2.58716	110059.11087699722
2.58718	71656.5673826853
2.5872	31131.640020640585
2.58722	34715.06637805138
2.58724	7741.230517108982
2.5872599999999997	4052.0239159609996
2.58728	26590.28547684657
2.5873	30160.671050106546
2.58732	70083.21234410554
2.58734	101236.93775121175
2.58736	135446.25450786602
2.58738	172937.429723092
2.5874	212759.51909288182
2.5874200000000003	252112.27999681432
2.58744	291187.012027321
2.5874599999999996	333444.0713126402
2.58748	337445.77895158215
2.5875	382260.12721712753
2.58752	427695.8143010825
2.58754	482176.4553685122
2.58756	502050.03304641007
2.58758	506032.02186458226
2.5876	490089.05086635717
2.5876200000000003	452465.00999785983
2.58764	405854.15828154405
2.58766	329990.16774040146
2.5876799999999998	236939.79043390817
2.5877	136344.6181599677
2.58772	62107.63613873227
2.58774	7750.612064125073
2.58776	22573.765021316358
2.58778	104404.20722835796
2.5878	188927.85768891856
2.5878200000000002	241034.93905609893
2.5878400000000004	383297.5117881286
2.58786	508326.79160162556
2.5878799999999997	607050.7499854655
2.5879	700161.1350043658
2.58792	650773.7100575743
2.58794	815868.1887024724
2.58796	937793.0287280907
2.58798	1003644.7103088651
2.588	958444.5672129514
2.58802	935556.4558800792
2.5880400000000003	775546.7817266812
2.58806	1051162.8409648673
2.5880799999999997	1199085.0823047266
2.5881	1223826.9144863186
2.58812	1132452.513400262
2.58814	1023128.0702289742
2.58816	897842.1709097282
2.58818	585483.9578708643
2.5882	166391.830690195
2.58822	371017.1627905282
2.5882400000000003	799639.0600671647
2.58826	968855.4799015475
2.58828	822221.8240904612
2.5883	787531.6198747993
2.58832	501451.57532570267
2.58834	284443.4909113589
2.5883599999999998	826896.2073594525
2.58838	898528.7961799976
2.5884	757816.4005895008
2.58842	466667.97657692357
2.5884400000000003	127578.64933567945
2.58846	13179.441296015824
2.58848	152768.9170478041
2.5885	439295.7483099673
2.58852	826631.59386333
2.58854	1108383.367251848
2.5885599999999998	1302027.029244083
2.58858	1462379.1956534411
2.5886	1578737.772800815
2.58862	1627421.3156422307
2.5886400000000003	1659472.2711947937
2.58866	1532745.3244098856
2.58868	1548174.8211525935
2.5887	1578337.9538501443
2.58872	1463187.559600773
2.58874	1335672.5478916946
2.5887599999999997	1451242.5390136116
2.58878	1493172.5589436207
2.5888	1288427.5422408315
2.58882	1319866.481704746
2.5888400000000003	1351979.1685561896
2.58886	1067185.7069227586
2.58888	1020304.9649578985
2.5889	1097766.566992029
2.58892	920631.859358881
2.58894	752911.6202759848
2.5889599999999997	474312.969436315
2.58898	141567.64253376014
2.589	19913.931091565046
2.58902	226631.8792475452
2.5890400000000002	511118.97006987326
2.58906	660935.3794504019
2.58908	763797.0910261672
2.5891	755243.506594729
2.58912	690146.0393923627
2.58914	424721.2592807858
2.5891599999999997	132352.14981427626
2.58918	421525.6434453191
2.5892	552378.797152484
2.58922	507647.2057111761
2.58924	383975.92916809296
2.58926	336854.22587725834
2.58928	378035.86138188204
2.5893	329453.4046428509
2.5893200000000003	275862.71109024144
2.58934	210572.6681119155
2.5893599999999997	167266.12659349476
2.58938	120937.22523534078
2.5894	80446.47148868581
2.58942	48722.99763589377
2.58944	13365.770509245289
2.58946	4341.751869900784
2.58948	31301.705421100378
2.5895	59591.04481298691
2.5895200000000003	91610.23559025823
2.58954	61748.5835826769
2.5895599999999996	142758.17915465217
2.5895799999999998	157124.894828777
2.5896	54568.24670645064
2.58962	259667.14322522705
2.58964	322535.8546975467
2.58966	255462.4070953113
2.58968	81851.19041113897
2.5897	327697.4032906624
2.5897200000000002	482829.72586990485
2.58974	434187.1838595802
2.58976	415379.44335246104
2.5897799999999997	745747.8328977163
2.5898	858991.764311913
2.58982	898979.938103479
2.58984	799033.5224925162
2.58986	708563.8639879926
2.58988	832152.6489737949
2.5899	1175736.4978178954
2.58992	1270106.0946254986
2.5899400000000004	1383120.4417475164
2.58996	1398009.105301434
2.5899799999999997	1260636.8559539325
2.59	683175.0543230814
2.59002	1367602.858916717
2.59004	1621511.3764126839
2.59006	1637608.1837713856
2.59008	1787063.5632376384
2.5901	1856564.320862638
2.59012	1764899.5809900356
2.5901400000000003	1781147.9689657688
2.59016	1818486.1595520547
2.59018	1881784.9896805275
2.5902	1986140.649409377
2.59022	1997744.7590615682
2.59024	1872190.3397002446
2.59026	1542197.5185700844
2.59028	1736600.8129829904
2.5903	1713286.5282688504
2.59032	1549208.9596237028
2.5903400000000003	1304037.258246602
2.59036	1115835.0522886654
2.59038	818385.6393995789
2.5904	391932.249360163
2.59042	80331.89279290527
2.59044	312060.64370284707
2.5904599999999998	652442.1346957107
2.59048	880935.2736921225
2.5905	1309754.8038336083
2.59052	1488846.759443304
2.5905400000000003	1427677.121457326
2.59056	1885558.4519678967
2.59058	2071428.751622171
2.5906	2082140.3477214163
2.59062	1947421.677517165
2.59064	2067902.2226107898
2.5906599999999997	1777337.8922503137
2.59068	977511.7804845908
2.5907	1351979.1685561896
2.59072	1534935.0385108457
2.5907400000000003	2122951.1451994753
2.59076	2130541.50944673
2.59078	2191391.6374051543
2.5908	2108239.762046654
2.59082	1648200.3423039669
2.59084	1733125.451257043
2.5908599999999997	1918359.5127289416
2.59088	1703883.9027934254
2.5909	1126419.084628635
2.59092	953151.6411868796
2.5909400000000002	722931.2528120184
2.59096	1285582.6422088654
2.59098	1259099.3507823509
2.591	750028.9036555176
2.59102	547731.85579417
2.59104	282837.5066030954
2.5910599999999997	44849.85052794247
2.59108	353555.0134756893
2.5911	326019.817519675
2.59112	598848.5467876958
2.59114	988175.313076283
2.59116	1252074.0078460595
2.59118	1434035.8217411987
2.5912	1455090.4822419714
2.59122	1379621.6468061127
2.59124	1351014.4683046762
2.5912599999999997	829913.8263763875
2.59128	105259.91136983167
2.5913	544482.5929928751
2.59132	1311867.5813944894
2.59134	1696758.3691578303
2.59136	1751418.7710415476
2.59138	1849438.9507562246
2.5914	1781517.1192430027
2.5914200000000003	1995721.7939926349
2.59144	2382813.2149137496
2.5914599999999997	2344498.720172837
2.59148	2224795.0008984427
2.5915	2345794.6961041046
2.59152	2340830.675250845
2.59154	2039482.5790896981
2.59156	2442249.3348807725
2.59158	2449909.2644161317
2.5916	2457932.771244181
2.5916200000000003	2337383.6401804024
2.59164	1934416.5537356848
2.59166	1915578.7029869459
2.5916799999999998	2005903.333035326
2.5917	2046915.9022704572
2.59172	1952000.839012745
2.59174	1720323.0169757267
2.59176	1644295.998842219
2.59178	1294702.5399432415
2.5918	1298643.661109547
2.5918200000000002	1114499.8131366728
2.5918400000000004	741141.2744989622
2.59186	267369.5837925307
2.5918799999999997	35619.104773460975
2.5919	357126.4362583254
2.59192	774800.6921249839
2.59194	1025864.4968516694
2.59196	1207063.173057903
2.59198	1318256.7385564046
2.592	1405756.1753532265
2.59202	1424885.6082706505
2.5920400000000003	1187052.699515883
2.59206	1154462.9507136259
2.5920799999999997	1223939.6383017513
2.5921	1025533.8505067232
2.59212	471832.6608498243
2.59214	383570.3245468728
2.59216	775750.3853682223
2.59218	523590.7915981044
2.5922	635047.1919446213
2.59222	615729.5546968961
2.5922400000000003	762275.5675674223
2.59226	664683.6560347885
2.59228	618269.7523466892
2.5923	543817.2758147555
2.59232	434025.2540870676
2.59234	330365.7375388079
2.5923599999999998	216580.32446164868
2.59238	109953.99161530813
2.5924	15549.055009127092
2.59242	12974.511042366468
2.5924400000000003	69656.07515001125
2.59246	163698.9900438525
2.59248	204707.61572768542
2.5925	189888.20974060093
2.59252	138180.89458964914
2.59254	96150.82168920319
2.5925599999999998	47369.194529049404
2.59258	6589.5991961947675
2.5926	14704.287990835535
2.59262	67651.74449973255
2.5926400000000003	122344.93653433312
2.59266	184019.98882809916
2.59268	259752.65781725253
2.5927	333924.2813611372
2.59272	397963.27848907246
2.59274	431827.20569811924
2.5927599999999997	343364.98068851064
2.59278	206802.12640578294
2.5928	27580.49141853671
2.59282	269716.17992564494
2.5928400000000003	523963.4583749967
2.59286	588576.6109903498
2.59288	436348.01032901177
2.5929	47373.01218892235
2.59292	295470.4135351878
2.59294	677919.30278299
2.5929599999999997	771588.9509894305
2.59298	697371.1872517578
2.593	334943.84383403364
2.59302	511684.191927667
2.5930400000000002	813847.4367677238
2.59306	881602.8794859193
2.59308	821760.0043203558
2.5931	623255.3282453801
2.59312	355722.2249081016
2.59314	65711.74497030239
2.5931599999999997	214034.1143732441
2.59318	578322.3813088209
2.5932	778665.6200875258
2.59322	974372.4590735835
2.59324	1113601.9942339861
2.59326	1158723.9937145254
2.59328	1195886.6010704455
2.5933	1188009.736552126
2.5933200000000003	1201517.2215473587
2.59334	1031240.5931615406
2.5933599999999997	988830.8334352258
2.59338	809226.3205397578
2.5934	493503.23057823506
2.59342	854635.6403946625
2.59344	1076118.2581698878
2.59346	1202818.2253556517
2.59348	1263513.8302206246
2.5935	1229362.6091654098
2.5935200000000003	1221040.3058591322
2.59354	1190693.5471068928
2.5935599999999996	1152311.7755726674
2.5935799999999998	996173.5354648287
2.5936	355272.83370988537
2.59362	752329.3414778447
2.59364	1046116.3744733209
2.59366	1109966.8284113088
2.59368	1084551.0521338866
2.5937	1068857.9701729275
2.5937200000000002	1001013.6508380187
2.59374	1004893.4142329404
2.59376	948160.8082281417
2.5937799999999998	908770.0380319885
2.5938	800281.9100362343
2.59382	610008.6592629662
2.59384	148773.3012411028
2.59386	448607.985472599
2.59388	594487.8732171855
2.5939	609325.0039823678
2.5939200000000002	461264.46646906936
2.5939400000000004	146323.80971814643
2.59396	465281.73039656907
2.5939799999999997	532824.2717079945
2.594	522427.4643389072
2.59402	486137.3620202084
2.59404	423635.1623295887
2.59406	437750.8519706391
2.59408	400453.4135192848
2.5941	395560.5754328454
2.59412	353601.4196796725
2.5941400000000003	205480.68271046103
2.59416	280684.8679879224
2.5941799999999997	285941.3741918019
2.5942	257027.14961185204
2.59422	229419.32624524596
2.59424	198735.75086155543
2.59426	163189.04466556624
2.59428	141836.8246496503
2.5943	115658.88467845079
2.59432	92553.53267762858
2.5943400000000003	69831.44036075342
2.59436	52363.178402264115
2.59438	35982.4723218222
2.5944	17106.414851751404
2.59442	2462.045076643621
2.59444	14633.223303616214
2.5944599999999998	34710.11079934036
2.59448	49951.55357032721
2.5945	65574.9548137835
2.59452	78868.9392845866
2.5945400000000003	87138.28335922152
2.59456	87956.10721655047
2.59458	80144.92004989546
2.5946	65128.188693220734
2.59462	45046.90939453055
2.59464	15067.250198968904
2.5946599999999997	4066.0713947827894
2.59468	27592.496745605087
2.5947	33995.8574886288
2.59472	14929.00969252857
2.5947400000000003	2937.967586014833
2.59476	20566.907745171487
2.59478	40909.6722368942
2.5948	58672.554898928574
2.59482	74518.31051892026
2.59484	87527.59590677683
2.5948599999999997	96159.67791498928
2.59488	82775.34509011354
2.5949	45951.10928967142
2.59492	6395.08026938034
2.5949400000000002	20333.07207007792
2.59496	75004.44468649266
2.59498	124057.20719512366
2.595	169203.36666031572
2.59502	214114.95404461076
2.59504	254656.63730545642
2.5950599999999997	275750.93900340516
2.59508	335184.5561392908
2.5951	376647.4226869973
2.59512	411471.7275885154
2.5951400000000002	440275.98766760883
2.59516	450446.2751680222
2.59518	498550.32074776525
2.5952	524774.8340904274
2.59522	541877.3521689018
2.59524	513079.89832008124
2.5952599999999997	561580.4751851032
2.59528	537941.438527805
2.5953	448583.1951641483
2.59532	194140.88274536093
2.59534	431349.2030668677
2.59536	573755.6827151828
2.59538	618319.5810095528
2.5954	587585.4052210855
2.5954200000000003	644231.5652186079
2.59544	671271.1771919176
2.5954599999999997	673176.5825714021
2.59548	651373.3709066844
2.5955	613952.8221187914
2.59552	640732.8638862453
2.59554	629346.7589770522
2.59556	615236.3684647564
2.59558	566164.9765086989
2.5956	536876.0122323318
2.5956200000000003	537865.8858217373
2.59564	525953.0767331824
2.5956599999999996	499845.7456060562
2.5956799999999998	471701.2205441476
2.5957	439431.31234554807
2.59572	400346.46674764913
2.59574	365901.3400352531
2.59576	335888.39565417054
2.59578	290539.3763692447
2.5958	265599.956764703
2.5958200000000002	219793.07245581315
2.59584	191312.3471677522
2.59586	171372.44779037946
2.5958799999999997	143069.15100864286
2.5959	113792.07058233078
2.59592	70596.9599755781
2.59594	69169.39865098457
2.59596	52347.50656033362
2.59598	35297.01666613066
2.596	20469.34755149453
2.59602	2542.324601208938
2.5960400000000003	10126.817886356986
2.59606	31774.300610352147
2.5960799999999997	47140.154329184064
2.5961	63799.45958001789
2.59612	85007.64795280725
2.59614	108694.35756455564
2.59616	134931.39177641278
2.59618	164513.67348881657
2.5962	195801.0425993477
2.59622	222459.0099142508
2.5962400000000003	255833.8461677575
2.59626	294833.61674767913
2.59628	314457.5308654549
2.5963	220928.12156688733
2.59632	327281.155639677
2.59634	433490.91493348277
2.59636	462421.48069188383
2.59638	530846.5509785877
2.5964	582182.3033320548
2.59642	623925.8796710203
2.5964400000000003	652902.0015669418
2.59646	599742.7407535377
2.59648	648913.7849137449
2.5965	686167.2724006302
2.59652	605718.7256762054
2.59654	758664.914527561
2.5965599999999998	872627.7105118636
2.59658	934133.6138351036
2.5966	965926.3198168435
2.59662	948818.1855125106
2.5966400000000003	824527.2247098214
2.59666	701458.5287484368
2.59668	450342.56802036765
2.5967	793293.690285183
2.59672	983265.9499425082
2.59674	1122276.838345079
2.5967599999999997	1208620.6217407905
2.59678	1291338.2047804783
2.5968	1347938.258320839
2.59682	1305088.6116981308
2.5968400000000003	1404526.7014943948
2.59686	1458008.3124348787
2.59688	1469196.8887872787
2.5969	1408672.3818680984
2.59692	1430441.1660320014
2.59694	1394665.3142455802
2.5969599999999997	1447471.4285437833
2.59698	1402813.7045619588
2.597	1367508.3915208587
2.59702	1360755.1918271168
2.5970400000000002	1336841.7492175535
2.59706	1331435.0942713413
2.59708	1329015.3590845193
2.5971	1275175.61740625
2.59712	1180211.9291099051
2.59714	1050630.4895971841
2.5971599999999997	956936.2355936292
2.59718	821858.4031725739
2.5972	632905.689822897
2.59722	403425.1786560046
2.59724	263797.6971456798
2.59726	85075.98774082682
2.59728	27965.39770815464
2.5973	203415.0116989775
2.59732	395426.70874272054
2.59734	513323.3265343075
2.5973599999999997	672343.1739436204
2.59738	726930.6823814219
2.5974	685275.1762464244
2.59742	567828.2561525697
2.59744	309320.71116380324
2.59746	30572.78484594906
2.59748	50759.34391178097
2.5975	306806.10697934456
2.5975200000000003	357653.10519242735
2.59754	531174.2336606289
2.5975599999999996	482799.70937668346
2.59758	330719.650250993
2.5976	156235.24040134903
2.59762	17863.72399454465
2.59764	14385.23629168944
2.59766	131893.38061949125
2.59768	317261.2273485653
2.5977	508603.0965717585
2.5977200000000003	679464.8581733692
2.59774	812022.3820254114
2.59776	870400.2357824139
2.5977799999999998	621922.1146913677
2.5978	917861.1753405764
2.59782	928374.0660051862
2.59784	1116117.7116510957
2.59786	981989.8525443041
2.59788	813431.5255176207
2.5979	920547.0699358177
2.5979200000000002	903992.8593670666
2.5979400000000004	737875.3462106549
2.59796	513824.7268032158
2.5979799999999997	273092.0138118426
2.598	48106.74802948978
2.59802	17480.345007429576
2.59804	180869.77569641
2.59806	409003.4769758277
2.59808	636286.9263895443
2.5981	857016.1380770409
2.59812	963724.7222458235
2.5981400000000003	993212.0959019329
2.59816	944278.2793644773
2.5981799999999997	808068.1697424077
2.5982	537763.101640257
2.59822	146125.49656638355
2.59824	89524.51976273242
2.59826	460183.4545751801
2.59828	744488.510869079
2.5983	907415.0959391088
2.59832	802043.6412446945
2.5983400000000003	308767.7975726854
2.59836	463054.3837112231
2.59838	298995.7395364224
2.5984	763475.315298098
2.59842	1352539.633169059
2.59844	1675097.1510708763
2.5984599999999998	1976059.4215489908
2.59848	2202774.295540149
2.5985	2380509.9441444376
2.59852	2391387.7487907843
2.5985400000000003	2649659.087521382
2.59856	2794859.626052555
2.59858	2737852.203080987
2.5986	2897810.6219496317
2.59862	2773192.391481948
2.59864	2970366.23844066
2.5986599999999997	2904825.1764447195
2.59868	3047333.5983301657
2.5987	3206343.1524349437
2.59872	3171465.5628423477
2.5987400000000003	2922940.6692248085
2.59876	2805369.041198677
2.59878	2627604.518373349
2.5988	3009400.5776638607
2.59882	3279593.371699958
2.59884	3299438.2133842604
2.5988599999999997	3415308.9797263653
2.59888	3469924.297528359
2.5989	3175484.5202832394
2.59892	3097134.029493728
2.5989400000000002	3369690.3949620263
2.59896	3493654.8713757214
2.59898	3451198.984744255
2.599	3331808.255919585
2.59902	3251621.6012048274
2.59904	2915748.091292247
2.5990599999999997	2537639.933767149
2.59908	2131424.7280273605
2.5991	2059728.6030551156
2.59912	1787433.9395462319
2.5991400000000002	1807215.7382120301
2.59916	1409937.9493587245
2.59918	523643.84122885496
2.5992	1016412.5060084898
2.59922	923512.971834606
2.59924	1408769.6928698868
2.5992599999999997	1995354.2023099083
2.59928	2349362.3249442396
2.5993	2621017.978873928
2.59932	2899612.745075641
2.59934	3120182.5235740594
2.59936	3229609.3966683303
2.59938	3236160.107596126
2.5994	3004000.495724231
2.5994200000000003	2977762.113333202
2.59944	2568088.5824114443
2.5994599999999997	3023360.9542512093
2.59948	3084395.0679349233
2.5995	3045299.4215403
2.59952	2853448.2459750543
2.59954	2546009.383828205
2.59956	2043431.1054568673
2.59958	1433111.5626574715
2.5996	1042485.4446536261
2.5996200000000003	166261.2341778984
2.59964	589669.9549068714
2.5996599999999996	1175411.674695958
2.5996799999999998	1277438.4971286617
2.5997	1206174.103629461
2.59972	871884.5862751232
2.59974	415399.5292148743
2.59976	36500.93589158138
2.59978	67605.6511354066
2.5998	345809.56374736666
2.5998200000000002	257198.2445020794
2.59984	898973.7281915151
2.59986	1418306.1954958169
2.5998799999999997	1749806.3973795287
2.5999	1982622.360731285
2.59992	1751701.0891458564
2.59994	826823.8585672347
2.59996	1924597.8663930176
2.59998	2506224.6662857314
2.6	2801237.9412550605
2.60002	3009400.5776638607
2.6000400000000004	2925499.3098970745
2.60006	3099202.8303851527
2.6000799999999997	3007322.4752249615
2.6001	2959920.182575356
2.60012	2902618.77446237
2.60014	2722074.455105336
2.60016	3084821.222298202
2.60018	3107778.0859676255
2.6002	3265878.3217233527
2.60022	3203391.3608155665
2.6002400000000003	3006076.3026282284
2.60026	2633783.0597622218
2.60028	2394969.571502184
2.6003	2337168.369105103
2.60032	2402536.531462018
2.60034	2130983.072979112
2.60036	1827300.6133668981
2.60038	1387969.7467264677
2.6004	892626.9606310677
2.60042	804233.2046479144
2.6004400000000003	272289.56618091144
2.60046	401869.4569351667
2.60048	778803.6890032983
2.6005	1245288.5645430211
2.60052	1446338.6771197265
2.60054	1413285.814960736
2.6005599999999998	1200383.4525907028
2.60058	795684.686784006
2.6006	214568.02315202318
2.60062	345704.47393380234
2.6006400000000003	894509.5879786772
2.60066	1255018.1309153093
2.60068	1397043.7282915094
2.6007	1513421.8507130877
2.60072	1551136.437831105
2.60074	1519707.4762511945
2.6007599999999997	1393381.3713889592
2.60078	1176548.9483960299
2.6008	882577.8016597357
2.60082	554883.7416862691
2.6008400000000003	248623.39927461275
2.60086	22116.93797494734
2.60088	39301.307591315235
2.6009	310765.6437649158
2.60092	628512.616564131
2.60094	911641.3173051408
2.6009599999999997	1121321.114490725
2.60098	1200632.2370218856
2.601	1241909.645164336
2.60102	852175.4134650972
2.6010400000000002	754895.7841789441
2.60106	1077779.7015071812
2.60108	1093125.4358895284
2.6011	1070360.3182291049
2.60112	688626.925923431
2.60114	641524.1353540986
2.6011599999999997	269698.1702377482
2.60118	407334.31703697436
2.6012	84421.09870213986
2.60122	50419.32184631419
2.60124	95433.09308778307
2.60126	524257.919875457
2.60128	779427.994191752
2.6013	818178.3813652012
2.60132	967564.6655522186
2.60134	944769.7947680939
2.6013599999999997	953248.2134402989
2.60138	877808.9408463076
2.6014	824553.8047555885
2.60142	759743.5119776953
2.60144	639257.7472454595
2.60146	539078.4860209664
2.60148	433056.9371835191
2.6015	367210.4231384681
2.6015200000000003	315831.90510855813
2.60154	215647.78415491592
2.6015599999999997	126285.35807664684
2.60158	113621.88761731991
2.6016	66161.14307900683
2.60162	18500.778346649764
2.60164	5114.521398727742
2.60166	36933.715542530736
2.60168	79737.3870555129
2.6017	127610.37943600712
2.6017200000000003	161749.51979460134
2.60174	161121.68683403468
2.60176	103685.73246609443
2.6017799999999998	13742.729553700907
2.6018	17465.17734855998
2.60182	114630.97860574955
2.60184	230055.70101789
2.60186	358856.65116745076
2.60188	473275.47496184905
2.6019	554189.1259517295
2.6019200000000002	459931.33611198555
2.6019400000000004	567834.7935545916
2.60196	799889.5075083323
2.6019799999999997	975604.9608731671
2.602	1008114.8217986592
2.60202	1163429.3081822502
2.60204	1284399.1219526485
2.60206	1336226.252575084
2.60208	1311837.3748748882
2.6021	1256521.7196329676
2.60212	1347721.01385135
2.6021400000000003	1417914.3571484096
2.60216	1592465.381460108
2.6021799999999997	1524263.3240117384
2.6022	1737560.7592761992
2.60222	1923578.8796596066
2.60224	1917829.5236309683
2.60226	1879489.9162501628
2.60228	1614098.3739389714
2.6023	931974.4363280905
2.60232	1790152.379008625
2.6023400000000003	2036619.9797984867
2.60236	1953349.699248953
2.60238	2004333.568125146
2.6024	2091799.2357995424
2.60242	2291975.653347606
2.60244	2299958.501250599
2.6024599999999998	2215031.9757962255
2.60248	2235424.46685297
2.6025	2134912.1065275497
2.60252	2044937.3159778216
2.6025400000000003	2153971.734654623
2.60256	2046963.0347935185
2.60258	1999493.515390138
2.6026	1996870.954529042
2.60262	1915755.142430797
2.60264	1656799.6723538598
2.6026599999999998	2016879.7241506728
2.60268	2056174.6473876142
2.6027	1956725.9291052436
2.60272	1949799.703443842
2.6027400000000003	1837130.4687962567
2.60276	1681008.8504886127
2.60278	1428729.4604841333
2.6028	1644977.6437535218
2.60282	1648731.7449667386
2.60284	1574744.1366961391
2.6028599999999997	1515758.4569655124
2.60288	1410165.2228216033
2.6029	1275586.7517211742
2.60292	1122354.3651602722
2.6029400000000003	900382.4059115913
2.60296	930282.8185075065
2.60298	756656.9055995764
2.603	649858.7936105791
2.60302	514381.0966282819
2.60304	393324.50067615946
2.6030599999999997	195641.05675641875
2.60308	41434.204004781386
2.6031	32642.168327358944
2.60312	205766.6561259322
2.6031400000000002	384349.2164183771
2.60316	504246.62488975236
2.60318	562315.429011585
2.6032	580387.4327518577
2.60322	546108.5801762806
2.60324	542595.2655780049
2.6032599999999997	495152.52722351404
2.60328	428596.874827523
2.6033	366795.50090789044
2.60332	297482.8955214336
2.60334	234076.0606795921
2.60336	173023.46299590656
2.60338	119520.66476734653
2.6034	75013.59856319797
2.6034200000000003	39368.24003472668
2.60344	5592.731887655123
2.6034599999999997	10363.656261272858
2.60348	49959.605458399
2.6035	86331.84056140241
2.60352	132928.77422082328
2.60354	191987.07853202298
2.60356	255483.584034504
2.60358	323245.88134433463
2.6036	396261.61024570244
2.6036200000000003	466460.6359051571
2.60364	539205.1108469289
2.6036599999999996	598440.5315258978
2.6036799999999998	671753.5960674669
2.6037	718712.171893585
2.60372	650922.0746897564
2.60374	672440.713042392
2.60376	854330.6747698634
2.60378	895870.0131723867
2.6038	883360.5495981032
2.6038200000000002	922554.4329175642
2.60384	939387.982510204
2.60386	927205.5018951719
2.6038799999999998	879305.9258886871
2.6039	774684.737908479
2.60392	671213.9902447701
2.60394	662277.498904642
2.60396	635411.396641059
2.60398	539036.2843540068
2.604	418197.08376075584
2.6040200000000002	305283.96947258763
2.6040400000000004	186858.56099245325
2.60406	70230.37704269921
2.6040799999999997	8987.295056776102
2.6041	44684.818678544456
2.60412	140174.4949479594
2.60414	171913.50702850116
2.60416	132257.10130889557
2.60418	66446.33019108394
2.6042	8615.629209949477
2.60422	15344.438468434375
2.6042400000000003	79536.41283260014
2.60426	74154.07126579266
2.6042799999999997	208339.20374908258
2.6043	333349.6473327569
2.60432	382479.3564891554
2.60434	172771.85652555464
2.60436	437525.12746432173
2.60438	583720.5728432703
2.6044	633528.2711361536
2.60442	616261.4479358547
2.6044400000000003	553285.132109654
2.60446	438723.6032524644
2.60448	282976.2584576138
2.6045	111770.19278045869
2.60452	13574.25489380158
2.60454	71845.40544890957
2.6045599999999998	248217.8445435376
2.60458	426919.50774903654
2.6046	573755.6827151828
2.60462	671008.4665819085
2.6046400000000003	580629.3700167959
2.60466	441267.55872997903
2.60468	276132.8021047044
2.6047	762500.2668366092
2.60472	978736.9850792431
2.60474	1006723.0213453068
2.6047599999999997	1173302.5106972263
2.60478	1221574.6170780102
2.6048	1247153.7588700317
2.60482	1280235.8959050244
2.6048400000000003	1239909.5356501103
2.60486	1196685.420638072
2.60488	1234667.4533320442
2.6049	1057937.4718667488
2.60492	1118124.0785294524
2.60494	1158750.6746276468
2.6049599999999997	1090510.8727643006
2.60498	1121424.3967382833
2.605	1141615.8767623135
2.60502	1085025.6374459525
2.6050400000000002	1041861.5244585016
2.60506	1027874.282236602
2.60508	985820.8518267476
2.6051	934998.6848430573
2.60512	903535.0408290577
2.60514	837403.9401483632
2.6051599999999997	818259.394165527
2.60518	769805.482882768
2.6052	723745.7058934479
2.60522	675110.713545441
2.6052400000000002	629327.9206409499
2.60526	578386.3033929417
2.60528	535770.7500743895
2.6053	489437.228048852
2.60532	443863.0570735575
2.60534	400654.4769955003
2.6053599999999997	356274.7138993676
2.60538	316384.3551619267
2.6054	278234.5129233254
2.60542	242313.15929606705
2.60544	207633.29692438152
2.60546	174580.60733782966
2.60548	144363.69854655766
2.6055	113680.50652370752
2.6055200000000003	91844.67886858809
2.60554	70920.20789197182
2.6055599999999997	52566.49253881024
2.60558	36767.83008417153
2.6056	21466.883529811592
2.60562	2574.9867579907927
2.60564	8764.214536919024
2.60566	30865.051077317814
2.60568	45710.81872568917
2.6057	62948.58903025393
2.6057200000000003	82960.81311381736
2.60574	106044.70785661913
2.60576	132198.64385161758
2.6057799999999998	161378.24939493297
2.6058	192887.90671287166
2.60582	226090.33638056554
2.60584	254214.3136204942
2.60586	282725.5125045413
2.60588	244524.28630425382
2.6059	102318.93238880101
2.6059200000000002	350286.1773883948
2.6059400000000004	442635.2533252457
2.60596	500342.04583630874
2.6059799999999997	536589.2897956833
2.606	585749.5990617772
2.60602	644004.6452986198
2.60604	693512.031660986
2.60606	729091.4410573303
2.60608	756750.9938621136
2.6061	835058.6902850241
2.60612	880513.4615977928
2.6061400000000003	873785.8348912996
2.60616	879522.5929871761
2.6061799999999997	1027708.621827632
2.6062	1076266.9396717781
2.60622	1122509.4348576807
2.60624	1135925.8950007868
2.60626	1026762.5029773205
2.60628	1182061.3026759664
2.6063	1154914.941532102
2.60632	1111424.586888242
2.6063400000000003	633102.4584968832
2.60636	932453.106159462
2.60638	1287656.4274327666
2.6064	1380225.3511393426
2.60642	1406436.0830971405
2.60644	1432055.9959677197
2.6064599999999998	1455928.3407872494
2.60648	1530770.203231442
2.6065	1644864.0166480811
2.60652	1647858.8167543511
2.6065400000000003	1718185.3035908553
2.60656	1722503.0516798133
2.60658	1756183.9347945692
2.6066	1777215.1223386049
2.60662	1790894.4888601694
2.60664	1733724.154967811
2.6066599999999998	1566823.2233226928
2.60668	1680544.4347425387
2.6067	1687757.319025823
2.60672	1636515.0364506764
2.6067400000000003	1584564.78486117
2.60676	1164474.5464711688
2.60678	878621.8513914394
2.6068	1404591.383828664
2.60682	1437474.005874362
2.60684	1456028.916227777
2.6068599999999997	1396432.6676760926
2.60688	1219045.7367630566
2.6069	1055528.5873658184
2.60692	987065.5621056461
2.6069400000000003	960428.4138825339
2.60696	864569.6780339123
2.60698	703517.6539209782
2.607	505424.1623515123
2.60702	284438.25131688215
2.60704	63949.03569223608
2.6070599999999997	34794.53204482749
2.60708	238556.90957194672
2.6071	447608.16492956725
2.60712	627663.6817910653
2.6071400000000002	762126.389795934
2.60716	868652.3521903517
2.60718	923376.887960946
2.6072	952486.8751455315
2.60722	925479.9192148419
2.60724	940706.1861817036
2.6072599999999997	879016.4447794243
2.60728	719043.2273026896
2.6073	763881.5136656497
2.60732	738793.3880543748
2.60734	697252.3713936333
2.60736	639658.2417856179
2.60738	565289.6058105923
2.6074	487810.33807666146
2.6074200000000003	407756.60064340115
2.60744	338709.205391634
2.6074599999999997	264903.6851911837
2.60748	204500.794683027
2.6075	150630.52855003157
2.60752	100676.47473875935
2.60754	62078.46933359635
2.60756	30014.630412103696
2.60758	4182.693100749234
2.6076	15888.174462000326
2.6076200000000003	53105.194035348584
2.60764	89068.47160833798
2.6076599999999996	134607.10996975683
2.6076799999999998	188403.08072453726
2.6077	237113.89248257922
2.60772	297485.6354527744
2.60774	366124.67569369805
2.60776	412210.4524318366
2.60778	409803.8177593391
2.6078	325291.7133652442
2.6078200000000002	72330.921821698
2.60784	65030.785524433326
2.60786	54681.69900634821
2.6078799999999998	293663.5198916895
2.6079	482018.82531063433
2.60792	686507.0475820653
2.60794	818800.3129872392
2.60796	901668.7122660015
2.60798	937050.5070412409
2.608	993141.2028157901
2.6080200000000002	725400.7495546982
2.6080400000000004	734495.2643052028
2.60806	1118381.5657561652
2.6080799999999997	1276762.1517455287
2.6081	1297477.9919393857
2.60812	1401457.71921645
2.60814	1321417.3356162775
2.60816	1470415.2559961875
2.60818	1478257.1899548739
2.6082	1324951.5574620941
2.60822	870163.775775829
2.6082400000000003	978358.4492670604
2.60826	1437010.6936850268
2.6082799999999997	1440024.8943441429
2.6083	1592355.3816479545
2.60832	1490905.098778781
2.60834	1490630.4892035911
2.60836	1376828.9844230795
2.60838	1113730.209782097
2.6084	1163536.4689163803
2.60842	1014635.375443511
2.6084400000000003	836457.731955871
2.60846	529027.1976677361
2.60848	330288.1557370439
2.6085	334221.2044758697
2.60852	85015.86931874383
2.60854	37594.64602058093
2.6085599999999998	263481.4228203041
2.60858	433250.42758343625
2.6086	258749.78642884537
2.60862	570926.2349851148
2.6086400000000003	859072.8621068025
2.60866	995164.7858456853
2.60868	954269.4048723092
2.6087	763415.5467637902
2.60872	360610.1943962817
2.60874	135329.3512888568
2.6087599999999997	585776.5744488057
2.60878	1001290.2793471379
2.6088	1242310.0540681712
2.60882	1238197.7200746287
2.6088400000000003	1483440.0501997576
2.60886	1606090.4509586985
2.60888	1744616.5981330131
2.6089	1902435.7566475128
2.60892	1946569.884073165
2.60894	1996687.0443868446
2.6089599999999997	2069617.0807611758
2.60898	1901034.5064821837
2.609	1817858.1851372183
2.60902	1919994.5679542904
2.6090400000000002	2006411.461325471
2.60906	1744174.7699905531
2.60908	1291962.7731521747
2.6091	1488983.8936126316
2.60912	1970743.0333932368
2.60914	2109405.140370577
2.6091599999999997	2047387.2763416371
2.60918	1834763.1118461508
2.6092	1714983.7131800414
2.60922	1882695.1334232949
2.6092400000000002	1792668.5523655305
2.60926	1853745.031413603
2.60928	1920657.82511877
2.6093	1834298.4538929774
2.60932	1706632.453640989
2.60934	1697618.1116147505
2.6093599999999997	1617819.2549720558
2.60938	1448505.0044853757
2.6094	1486038.2906300845
2.60942	1425082.4770912076
2.60944	1312864.7868345045
2.60946	1201185.2759322575
2.60948	1145961.4281913915
2.6095	1040734.616183867
2.6095200000000003	933095.2959332631
2.60954	815199.6790246012
2.6095599999999997	695956.3471902311
2.60958	654086.2204461902
2.6096	565887.3686242703
2.60962	451231.0743451956
2.60964	355070.0162331054
2.60966	263220.0698280838
2.60968	121929.83890297567
2.6097	26158.69053121282
2.6097200000000003	71263.9679441002
2.60974	138656.42547077162
2.6097599999999996	115870.79854615356
2.6097799999999998	75328.96493364076
2.6098	37841.20870771257
2.60982	5337.587407130026
2.60984	10539.54833772052
2.60986	51548.85224574876
2.60988	91088.38456202034
2.6099	142807.82342570813
2.6099200000000002	203223.06636399176
2.60994	275587.173131773
2.60996	355689.4631891647
2.6099799999999997	439841.29381494917
2.61	520243.90396073303
2.61002	594088.3007563466
2.61004	661951.2399303919
2.61006	761423.0153650785
2.61008	777470.6444112855
2.6101	661495.6612570336
2.61012	816260.9118311814
2.6101400000000003	946326.4960374614
2.61016	956301.8589505927
2.6101799999999997	1165923.3499379072
2.6102	1236431.3267489136
2.61022	1413383.444658194
2.61024	1557435.2499398903
2.61026	1617223.3381107894
2.61028	1420626.7890724123
2.6103	1483405.8931235487
2.61032	1865907.025910573
2.6103400000000003	2041408.8819147004
2.61036	2124173.565921706
2.61038	2164661.5349553423
2.6104	2094160.6751272709
2.61042	1801606.7486470235
2.61044	1900246.7568720442
2.61046	1754930.8155727622
2.61048	749638.7019774548
2.6105	1309724.645961943
2.61052	1917564.5839924526
2.6105400000000003	2128482.089114997
2.61056	2211973.908955582
2.61058	2062481.2069149965
2.6106	1818402.417097858
2.61062	1284044.2783857547
2.61064	368187.46602079936
2.6106599999999998	455666.3940311295
2.61068	1178528.257398425
2.6107	1221687.133439632
2.61072	1098246.9352400212
2.6107400000000003	482191.99915150384
2.61076	175904.52035367474
2.61078	766397.3598871387
2.6108	529312.3169252257
2.61082	1305208.8203371472
2.61084	1809005.9695782098
2.6108599999999997	1915446.3840681582
2.61088	1947645.8956301701
2.6109	1488572.5289933118
2.61092	321144.87817668443
2.6109400000000003	550442.5523922436
2.61096	1738721.4023783193
2.61098	2268454.1200716263
2.611	2474229.610267081
2.61102	2418911.6155794673
2.61104	1878884.1379304347
2.6110599999999997	1545361.1856203736
2.61108	2321667.3827931318
2.6111	2701655.690275204
2.61112	2966811.815867895
2.6111400000000002	2794795.272772335
2.61116	3100844.5860738237
2.61118	3387115.451200178
2.6112	3474801.4974641297
2.61122	3191243.917137752
2.61124	3461624.850989301
2.6112599999999997	2936432.3503501345
2.61128	3382517.0936874384
2.6113	3248403.726261741
2.61132	2525689.7398428437
2.61134	1799740.956667239
2.61136	3006214.7407455235
2.61138	2967153.402363875
2.6114	3315125.698118431
2.61142	3122051.049134553
2.61144	2850033.730712788
2.6114599999999997	3291773.9193038414
2.61148	3574044.8657877794
2.6115	3756989.661745323
2.61152	3388519.584040574
2.61154	3050773.7436752236
2.61156	3105989.619905658
2.61158	3159730.192124529
2.6116	2610838.4502634886
2.6116200000000003	2896743.2256968864
2.61164	2885492.8333757524
2.6116599999999996	2232286.845301318
2.61168	2452336.1492183707
2.6117	2380235.8935848037
2.61172	1943792.9381981168
2.61174	1195556.2110383508
2.61176	665322.1771453883
2.61178	1206451.8674580327
2.6118	1101945.2063847473
2.6118200000000003	732011.661915618
2.61184	139299.00041027772
2.61186	51182.79520788434
2.6118799999999998	479062.30526801327
2.6119	1225293.1342130776
2.61192	1820874.4413875283
2.61194	2143630.85714349
2.61196	2502476.4548109844
2.61198	2652955.711980293
2.612	2958625.5268593454
2.6120200000000002	3061963.433690681
2.6120400000000004	3163151.5505032614
2.61206	3167597.561775016
2.6120799999999997	2953860.6270227553
2.6121	2923883.0658588116
2.61212	2786634.4383878284
2.61214	2588093.726288014
2.61216	2469619.240374015
2.61218	2234961.261895374
2.6122	1900903.1922061904
2.61222	1690051.7380435735
2.6122400000000003	1407958.9732125846
2.61226	1076589.153401946
2.6122799999999997	736807.4356726303
2.6123	390845.39554040675
2.61232	94830.92788754034
2.61234	13170.583013066109
2.61236	137622.04279014296
2.61238	433196.5607496867
2.6124	733128.3264426914
2.61242	912340.5962192847
2.6124400000000003	1136082.8398038533
2.61246	1320352.8280692361
2.61248	1459721.484127416
2.6125	1505289.3881740903
2.61252	1389632.6196365985
2.61254	1066276.898327336
2.6125599999999998	554494.1900463452
2.61258	866193.6587247484
2.6126	692028.5310817198
2.61262	399878.4499660864
2.6126400000000003	69636.99146887482
2.61266	58953.555146693536
2.61268	372917.7025667396
2.6127	657019.107587679
2.61272	869178.5498883704
2.61274	806915.3924447192
2.6127599999999997	528961.4227295214
2.61278	650998.5181548756
2.6128	715358.9251781759
2.61282	1152099.531448319
2.6128400000000003	1369462.0444600692
2.61286	1459385.4095279924
2.61288	1410295.1098198588
2.6129	1329474.464007694
2.61292	1146304.5071179993
2.61294	1253227.7418569606
2.6129599999999997	1163188.2326141186
2.61298	1023104.5121057675
2.613	925776.175102998
2.61302	787152.7191125166
2.6130400000000003	672097.066745867
2.61306	545668.6459560839
2.61308	425302.56308824173
2.6131	311016.9083710923
2.61312	210924.97193819706
2.61314	126914.42894780348
2.6131599999999997	62896.575461854394
2.61318	9338.13181408076
2.6132	9071.100947401721
2.61322	62020.6052302628
2.6132400000000002	125589.69334101582
2.61326	209225.68576942012
2.61328	309213.1820322774
2.6133	417200.67268333636
2.61332	491570.71253391705
2.61334	624743.8649467502
2.6133599999999997	744466.2259767044
2.61338	908366.2713292699
2.6134	1040039.8979548475
2.61342	1143325.790044737
2.61344	1063114.3981491427
2.61346	1093729.6862747301
2.61348	1205507.7313293535
2.6135	1498304.2106226566
2.6135200000000003	1513421.8507130877
2.61354	1324494.014425754
2.6135599999999997	1043926.686865951
2.61358	1623902.6854325284
2.6136	1829911.1357126918
2.61362	1901297.1622483348
2.61364	1893869.282104631
2.61366	1793494.2968627035
2.61368	1583835.2338089019
2.6137	1205091.4356054703
2.6137200000000003	829827.8382071247
2.61374	252866.3268401067
2.6137599999999996	687521.0506235044
2.6137799999999998	905761.7987382001
2.6138	614647.3308403908
2.61382	989621.2220486396
2.61384	1085200.5370108965
2.61386	915564.6158623035
2.61388	633423.2496437219
2.6139	303154.4865629327
2.6139200000000002	31941.771605209175
2.61394	23232.34241435118
2.61396	266902.10562132223
2.6139799999999997	624470.604802589
2.614	997559.9390166384
2.61402	1310901.3176671148
2.61404	1681860.612710922
2.61406	2022599.9864726027
2.61408	2283442.0794232762
2.6141	2569863.1680072313
2.61412	2638699.8963033003
2.6141400000000004	2784197.2488835584
2.61416	2844264.6258219196
2.6141799999999997	2850427.504624069
2.6142	2907568.8002446447
2.61422	2862925.191401867
2.61424	3035987.645987507
2.61426	2958012.466551546
2.61428	2697428.8615930574
2.6143	2713751.0218873485
2.61432	3087663.7564770356
2.6143400000000003	2972692.5860933857
2.61436	2454652.394574182
2.61438	2687447.5683869696
2.6144	2646671.2512733513
2.61442	2250608.7344335993
2.61444	2928195.0355742676
2.61446	3342027.3523988184
2.61448	3442547.965051453
2.6145	3418298.6225049314
2.61452	3281179.579158551
2.6145400000000003	3039484.968770107
2.61456	3024126.8212832334
2.61458	2813001.7348125633
2.6146	2758989.197162099
2.61462	2564838.357555607
2.61464	2174853.460806335
2.6146599999999998	1903662.697783923
2.61468	1671244.5345323859
2.6147	1320839.3536433643
2.61472	1065319.8027479623
2.6147400000000003	722297.3142384507
2.61476	370890.74814064044
2.61478	73688.0391442453
2.6148	14104.185135494548
2.61482	172010.91260063287
2.61484	490949.7011490647
2.6148599999999997	801117.0964297822
2.61488	989448.0569831253
2.6149	1014682.1022052349
2.61492	1495615.6468043642
2.6149400000000003	1788051.40398401
2.61496	1970289.3052795408
2.61498	2087901.4697316522
2.615	1915711.0310463237
2.61502	1642328.3886738378
2.61504	710684.7559335751
2.6150599999999997	932403.7252567594
2.61508	1523315.9870989062
2.6151	1933570.4486740744
2.61512	1778566.0579156391
2.6151400000000002	2261153.261889623
2.61516	2103875.3245747983
2.61518	2325466.0310910884
2.6152	2664219.483606291
2.61522	2661153.9525727006
2.61524	2587438.285634279
2.6152599999999997	2548472.784162487
2.61528	2470415.4798885225
2.6153	2228024.6941513456
2.61532	1897710.6724024473
2.61534	1981070.814871244
2.61536	1911701.1438040028
2.61538	1593896.0706981842
2.6154	1417000.4886071407
2.61542	1073890.498816016
2.61544	618208.5397723498
2.6154599999999997	754489.1521800595
2.61548	768135.7885743986
2.6155	572152.7635990094
2.61552	299910.72728812206
2.61554	83078.56759335843
2.61556	12318.277969890114
2.61558	109740.76921329135
2.6156	333556.95456807414
2.6156200000000003	535696.7357226929
2.61564	521387.9622462789
2.6156599999999997	129416.30619085419
2.61568	735575.0669987401
2.6157	1184131.6792087588
2.61572	1472244.7014974984
2.61574	1662455.3886256234
2.61576	1751701.0891458564
2.61578	1784801.8194442284
2.6158	1827721.4133266995
2.6158200000000003	1938206.2960749522
2.61584	1922471.897291939
2.61586	1904057.239745002
2.6158799999999998	1918889.6482885398
2.6159	1671283.0168029526
2.61592	1372745.4092134787
2.61594	1248820.4445903976
2.61596	1574345.3291429433
2.61598	1574200.3332569078
2.616	1516386.8164820909
2.6160200000000002	1267651.8658578447
2.6160400000000004	1254931.4403283435
2.61606	1170361.4275633576
2.6160799999999997	1304487.7345493564
2.6161	1394761.6576399957
2.61612	1392868.1252702572
2.61614	1332293.7789769366
2.61616	1216298.0206752156
2.61618	1063236.8007633388
2.6162	1039154.2065585774
2.61622	913029.8998130294
2.6162400000000003	808555.8059966614
2.61626	867049.715361438
2.6162799999999997	839506.3780744572
2.6163	794906.4116837351
2.61632	708926.1559243164
2.61634	650581.9352039567
2.61636	581673.1268933706
2.61638	510917.76065324683
2.6164	378511.4312827203
2.61642	377908.7956194992
2.6164400000000003	324814.19464004965
2.61646	265973.2744457245
2.61648	209079.28199236785
2.6165	158299.3020357032
2.61652	97584.53567239402
2.61654	41764.66478638036
2.6165599999999998	53185.7147505734
2.61658	28030.96182881255
2.6166	3853.044279594168
2.61662	12669.194395820487
2.6166400000000003	44968.14782964481
2.61666	72765.58077563715
2.61668	106580.80595124827
2.6167	141854.1350478613
2.61672	160857.75381169032
2.61674	240844.64802470795
2.6167599999999998	296449.68963430997
2.61678	354126.96714183677
2.6168	406696.0927231062
2.61682	425981.7565075521
2.6168400000000003	491136.2614078589
2.61686	551705.1017474353
2.61688	594906.8916461052
2.6169	634862.9751440424
2.61692	656284.277414723
2.61694	686206.7725008432
2.6169599999999997	697095.0518183358
2.61698	680354.0901170336
2.617	639356.3751921669
2.61702	576527.4632293778
2.6170400000000003	626026.9072297524
2.61706	604155.8707485968
2.61708	570583.2258372642
2.6171	514042.46795453853
2.61712	458611.5625522776
2.61714	397393.7202868741
2.6171599999999997	326643.48463781923
2.61718	266500.48271177325
2.6172	210505.2831494486
2.61722	156351.12122418563
2.6172400000000002	103251.88760994273
2.61726	62957.141335647764
2.61728	36886.46187624078
2.6173	5022.546890353243
2.61732	9918.52289165276
2.61734	47542.49834002259
2.6173599999999997	82134.76142621625
2.61738	125222.3933182674
2.6174	176692.85983285325
2.61742	234230.79907653065
2.61744	302409.20049369516
2.61746	373233.82878817554
2.61748	447034.457579836
2.6175	514178.60302808916
2.6175200000000003	585614.7407590067
2.61754	643125.9001997309
2.6175599999999997	674099.4922243181
2.61758	467354.03864237946
2.6176	699200.9343833424
2.61762	717392.7774792929
2.61764	835984.0664034167
2.61766	863672.3179445965
2.61768	833333.8054547941
2.6177	844061.322481657
2.6177200000000003	870737.0015766135
2.61774	799143.9206790412
2.6177599999999996	729465.908492857
2.6177799999999998	587881.779362014
2.6178	478277.55453330383
2.61782	329431.4061368815
2.61784	174061.6115011822
2.61786	42131.99267429698
2.61788	9317.27684698035
2.6179	41399.68150211681
2.6179200000000002	155691.17633672882
2.61794	274859.65687353694
2.61796	455772.37662963907
2.6179799999999998	609079.5244765504
2.618	714552.2646771832
2.61802	730854.6256512062
2.61804	557794.20755728
2.61806	156330.2419362925
2.61808	420194.1482533255
2.6181	742603.5140400255
2.6181200000000002	1073371.3522475823
2.6181400000000004	1247412.2366404708
2.61816	1377970.753303547
2.6181799999999997	1494410.8085594098
2.6182	1550957.8669287225
2.61822	1565849.4352298125
2.61824	1384618.0856678626
2.61826	1347472.777330198
2.61828	1653293.6587470863
2.6183	1602876.2722942973
2.61832	1403750.7457796927
2.6183400000000003	1244743.8809506528
2.61836	1606238.3841683862
2.6183799999999997	1621959.4784682298
2.6184	1588071.3104310534
2.61842	1444707.7415979472
2.61844	1174464.786408004
2.61846	1159444.5940497986
2.61848	1033165.7484670602
2.6185	979266.7303109498
2.61852	817073.2642041352
2.6185400000000003	769061.374844554
2.61856	668630.2177586152
2.61858	479971.00225678534
2.6186	267798.4136096172
2.61862	50156.8207014315
2.61864	13793.484779773033
2.6186599999999998	141064.58644763782
2.61868	167625.08072209122
2.6187	124989.05945559847
2.61872	24212.520420210443
2.6187400000000003	86479.26702546349
2.61876	288043.4473594734
2.61878	457649.5082040535
2.6188	571435.2143413544
2.61882	633859.4945666268
2.61884	501367.2940599444
2.6188599999999997	408941.3251881713
2.61888	290958.4671039381
2.6189	280005.1376306661
2.61892	47373.44851249847
2.6189400000000003	24485.726826254177
2.61896	229643.94557968987
2.61898	495145.68648579967
2.619	745524.6370850519
2.61902	882730.2306078449
2.61904	1002997.8451983328
2.6190599999999997	1238283.2546972253
2.61908	1493000.6609952776
2.6191	1648959.5414102937
2.61912	1678108.3562572598
2.6191400000000002	1898191.3937130296
2.61916	1956816.0417392612
2.61918	2001197.7227082644
2.6192	2058543.2691601177
2.61922	2165459.1726576937
2.61924	2109842.3233031207
2.6192599999999997	2045172.7616398965
2.61928	2299005.4457397605
2.6193	2315421.1713478267
2.61932	2350444.4954375685
2.6193400000000002	2372793.806040089
2.61936	2333081.983587722
2.61938	2262976.270604512
2.6194	1882911.899188539
2.61942	2138011.318465364
2.61944	2231413.2111296593
2.6194599999999997	2243881.92378277
2.61948	2273369.3476082333
2.6195	2193158.402232668
2.61952	2161772.560415116
2.61954	2115144.293725299
2.61956	2182277.625786708
2.61958	2096621.3310492265
2.6196	1936823.2954009727
2.6196200000000003	1900509.3037990464
2.61964	1913066.2058499781
2.6196599999999997	1806758.0566942152
2.61968	1340880.2683900925
2.6197	951748.0594714832
2.61972	1585294.671961492
2.61974	1644258.1379635572
2.61976	1686436.5264568725
2.61978	1620839.4554400502
2.6198	1638362.5038851076
2.6198200000000003	1579464.9758449364
2.61984	1542907.8903300131
2.6198599999999996	1480982.7498930073
2.6198799999999998	1363672.2407993022
2.6199	1337395.9385947785
2.61992	1272154.9144876706
2.61994	1159444.5940497986
2.61996	1090661.5428167407
2.61998	997674.7939603407
2.62	894647.5974816554
2.6200200000000002	932762.3329997413
2.62004	916442.0328447272
2.62006	857795.9669293639
2.6200799999999997	784884.9470000991
2.6201	767216.6159988036
2.62012	715181.0524176174
2.62014	659421.3437273032
2.62016	603787.3363171482
2.62018	546235.5985545386
2.6202	462418.28640849254
2.62022	439972.9738830976
2.6202400000000003	374537.23499200796
2.62026	329420.0281756982
2.6202799999999997	303618.33896545647
2.6203	262011.28676511053
2.62032	221622.57674860177
2.62034	184439.1024022993
2.62036	149399.79446352273
2.62038	118344.2059418628
2.6204	91470.69944534231
2.62042	66632.63686197069
2.6204400000000003	48525.609612010085
2.62046	32047.414681035985
2.62048	7207.373025025017
2.6205	3236.6221356843507
2.62052	25567.248937285243
2.62054	42193.05774610068
2.62056	52394.536163079094
2.62058	74892.61586841356
2.6206	101351.69121797952
2.62062	132566.86926889303
2.6206400000000003	162665.70508378043
2.62066	190778.31118925265
2.62068	155451.8876346886
2.6207	114133.72719876144
2.62072	265957.35184383136
2.62074	291486.2009889529
2.6207599999999998	266978.3225379541
2.62078	96723.05382609688
2.6208	20141.369648078755
2.62082	192998.08509108616
2.6208400000000003	392679.2926409297
2.62086	518064.6985115765
2.62088	614583.6466396443
2.6209	706065.5140202449
2.62092	776036.2350241576
2.62094	850697.1934132924
2.6209599999999997	918977.757380446
2.62098	985916.1937655729
2.621	1036644.8631840388
2.62102	1103494.0606619515
2.6210400000000003	1160967.3334166403
2.62106	1222052.8831935765
2.62108	1255133.7276802436
2.6211	1358626.24582749
2.62112	1421313.8891343074
2.62114	1367917.797369562
2.6211599999999997	1350392.446386477
2.62118	1460360.2390986192
2.6212	1484943.7404497932
2.62122	1531475.3113062654
2.6212400000000002	1794196.4787340765
2.62126	1817397.8083953788
2.62128	1947645.8956301701
2.6213	1974785.8195631395
2.62132	2071285.667335249
2.62134	2068807.109494361
2.6213599999999997	2134961.26526142
2.62138	2050028.9778598936
2.6214	2002626.6903409045
2.62142	1651771.6200462214
2.62144	2036104.201131968
2.62146	2189979.2503530537
2.62148	2129805.7735431865
2.6215	1854641.613355897
2.6215200000000003	1838145.9851834795
2.62154	1999815.8216416046
2.6215599999999997	2143828.301934282
2.62158	2038261.9631326844
2.6216	1744295.2574767398
2.62162	1264270.4872014103
2.62164	851375.2091890977
2.62166	1211518.3598458525
2.62168	1667208.823207258
2.6217	1835439.1880868361
2.6217200000000003	2139045.388581852
2.62174	2166706.0700117876
2.6217599999999996	2072239.7493040648
2.6217799999999998	1570398.9636896867
2.6218	573116.6161850443
2.62182	1383470.8088931087
2.62184	1319623.3757054806
2.62186	470270.7854676485
2.62188	1208676.2820589389
2.6219	1690402.0082504903
2.6219200000000003	1750572.0897031142
2.62194	1475774.4936380293
2.62196	900488.145682474
2.6219799999999998	251136.59405400834
2.622	693577.5064406449
2.62202	1378764.2053842912
2.62204	1866293.7428526296
2.62206	2102616.1700132093
2.62208	2194421.249135238
2.6221	2266365.7584889047
2.6221200000000002	2411348.6038399213
2.6221400000000004	2255173.7097665463
2.62216	1635497.9345641306
2.6221799999999997	1810089.2952707554
2.6222	1919022.2050678167
2.62222	1693674.699554219
2.62224	1385192.080783619
2.62226	1029674.6007038347
2.62228	603446.8158042821
2.6223	133031.04419969223
2.62232	118339.02860063124
2.6223400000000003	527129.109746267
2.62236	599105.0770683179
2.6223799999999997	1016576.3455519669
2.6224	1627458.7888342745
2.62242	1828984.3947189357
2.62244	2231978.464779177
2.62246	2156055.8175825514
2.62248	2701469.072957244
2.6225	2797950.326735988
2.62252	2897810.6219496317
2.6225400000000003	2940018.0720978607
2.62256	2922873.366803523
2.62258	2587736.192624131
2.6226	1801523.7835005193
2.62262	1000414.5512193562
2.62264	1767339.564962649
2.6226599999999998	1792709.8305596134
2.62268	2051114.9496147495
2.6227	2281602.583859498
2.62272	2055559.2522752655
2.6227400000000003	1731210.9883856012
2.62276	1686553.0253887419
2.62278	1868572.7022369974
2.6228	1716998.8330703154
2.62282	1303256.8011334715
2.62284	1288041.927131182
2.6228599999999997	1200024.1883080716
2.62288	885376.5191910923
2.6229	433742.52165311
2.62292	60990.613231030584
2.6229400000000003	297890.0518293435
2.62296	804913.1081307534
2.62298	1227354.4455885433
2.623	1577683.9230560823
2.62302	1618750.8146956856
2.62304	1902873.8591053493
2.6230599999999997	2003318.4925586379
2.62308	1621063.3981552008
2.6231	919147.054931644
2.62312	1513247.6216130704
2.6231400000000002	2305313.534359942
2.62316	2584818.1825174433
2.62318	2563657.477770489
2.6232	2971939.744899025
2.62322	2949103.4011111846
2.62324	2713251.1765143024
2.6232599999999997	2361728.6607193397
2.62328	2671775.727117946
2.6233	2793637.1670782836
2.62332	2342286.417410811
2.6233400000000002	1299630.8144944306
2.62336	1646038.5419901868
2.62338	2735961.6148413233
2.6234	3207524.6305292137
2.62342	2906497.80960831
2.62344	3109352.787949818
2.6234599999999997	3473121.6881396505
2.62348	3739469.5399083956
2.6235	3738436.429026309
2.62352	3710820.951645403
2.62354	3974843.188655054
2.62356	3993925.8717802977
2.62358	3607281.213377812
2.6236	3524925.96649775
2.6236200000000003	3120326.216598007
2.62364	2155708.3304484873
2.6236599999999997	2068950.0225626596
2.62368	2102809.837037744
2.6237	1509072.135218629
2.62372	640274.1967888656
2.62374	451198.86655840377
2.62376	1021927.2972960442
2.62378	1738601.2999070971
2.6238	2163216.5654072976
2.6238200000000003	2584342.085263751
2.62384	2762676.2869574423
2.6238599999999996	3237501.661714762
2.6238799999999998	3485940.740367663
2.6239	3897714.278131871
2.62392	3942666.1116685555
2.62394	3831510.3231156
2.62396	3685360.697484768
2.62398	3440883.747922538
2.624	3023012.896994181
2.6240200000000002	2519648.7357249614
2.62404	2291817.334746609
2.62406	1887165.550209459
2.6240799999999997	1634067.5286431222
2.6241	867774.7317545554
2.62412	326496.85329771956
2.62414	1167105.1891186375
2.62416	2083435.2126252262
2.62418	2743026.479259494
2.6242	2750426.223030312
2.62422	3220697.973380716
2.6242400000000004	3299210.304138691
2.62426	3301414.0864591207
2.6242799999999997	3267081.737425375
2.6243	3218177.5435167053
2.62432	2747261.4999306756
2.62434	2196645.6260733996
2.62436	1296492.473762015
2.62438	199066.87552977094
2.6244	1099436.1178997199
2.62442	2079169.999162557
2.6244400000000003	2930623.312437551
2.62446	3671216.5287909475
2.62448	4218033.260853465
2.6245	4606700.733875329
2.62452	4619128.03099306
2.62454	4799212.719998941
2.62456	5243967.603311194
2.62458	4752805.041026361
2.6246	4832701.8223424135
2.62462	5054520.938946869
2.6246400000000003	5206309.71472844
2.62466	5085691.357502939
2.62468	4645152.752227492
2.6247	4393797.121479102
2.62472	3610688.3108755406
2.62474	2963398.1129998337
2.6247599999999998	4006544.7699550036
2.62478	4487350.573076367
2.6248	4552395.653310468
2.62482	4358228.536372565
2.6248400000000003	4185429.2011927064
2.62486	4048368.1551712356
2.62488	3816190.0951574324
2.6249	3329124.2173966235
2.62492	3570754.564288345
2.62494	3192199.314510387
2.6249599999999997	3816805.241900823
2.62498	4121354.764294768
2.625	4480742.638994564
2.62502	4370186.790706128
2.6250400000000003	4386720.8615752775
2.62506	4135137.9273103615
2.62508	4411740.914688256
2.6251	4516063.085353987
2.62512	4413061.705510921
2.62514	4371998.45696903
2.6251599999999997	4161596.7913046116
2.62518	3758027.8997833696
2.6252	3821026.063032485
2.62522	3419400.729417255
2.6252400000000002	3297235.7500120397
2.62526	3531669.0548042287
2.62528	3504693.1521287546
2.6253	3282464.213752168
2.62532	2905092.7330519306
2.62534	2589405.1057392326
2.6253599999999997	1964897.9520601912
2.62538	1108510.9819487373
2.6254	1926859.2846278122
2.62542	2315474.4865043676
2.62544	2436800.6396922413
2.62546	2254187.3069739533
2.62548	2273578.742305896
2.6255	2014930.171376339
2.62552	1861701.2913766715
2.62554	1821880.9718793533
2.6255599999999997	1495133.5949850667
2.62558	1041285.9295602504
2.6256	494180.95007942
2.62562	174074.83812886346
2.62564	706332.1916210714
2.62566	1169472.4626112564
2.62568	1490287.2983620537
2.6257	1374453.3368911124
2.6257200000000003	1206396.3095756038
2.62574	1465075.4802899153
2.6257599999999996	807908.1700526103
2.62578	251256.90164420623
2.6258	1114833.4730576691
2.62582	1273151.2477212371
2.62584	1078524.4625511873
2.62586	1159391.2008824646
2.62588	1362385.4600308335
2.6259	1275557.380588931
2.6259200000000003	777191.4245613235
2.62594	996295.1129227894
2.62596	1489806.9639225295
2.6259799999999998	1662570.2309419552
2.626	1652798.8423956886
2.62602	1311233.3905213368
2.62604	523307.54933465424
2.62606	1075622.8014898496
2.62608	1482347.4137686267
2.6261	1588217.5839401353
2.6261200000000002	1611498.8502721875
2.6261400000000004	1705964.541077205
2.62616	1748316.2733233797
2.6261799999999997	1715892.1997881092
2.6262	1651657.523645734
2.62622	1617223.3381107894
2.62624	1533945.7482638613
2.62626	1453382.7456282654
2.62628	1359064.2857830788
2.6263	1261333.702153646
2.62632	1184268.015254376
2.6263400000000003	1112499.949656447
2.62636	1015079.3665726931
2.6263799999999997	918852.9204157342
2.6264	816103.048241001
2.62642	574511.8619529719
2.62644	331805.0564136362
2.62646	560283.715506188
2.62648	564103.7671451904
2.6265	511671.231931476
2.62652	449724.9684538263
2.6265400000000003	364970.69956823095
2.62656	326824.04438415373
2.62658	280332.8549741378
2.6266	227781.2647334957
2.62662	179292.86208569878
2.62664	135202.89782269864
2.6266599999999998	101496.48450090902
2.62668	70984.25031728376
2.6267	46076.44882133175
2.62672	20526.74087911061
2.6267400000000003	3178.1910476694984
2.62676	17960.399805362304
2.62678	44735.16051689257
2.6268	69368.77096595411
2.62682	99611.61927569786
2.62684	135562.9465672426
2.6268599999999998	177979.9170395165
2.62688	227100.97565045333
2.6269	278150.59929767944
2.62692	335307.2933686632
2.6269400000000003	392634.9904434199
2.62696	453750.3781708811
2.62698	492027.07324737764
2.627	487969.8620781876
2.62702	616414.7183903799
2.62704	698452.6991367756
2.6270599999999997	739874.3986547944
2.62708	837060.7919729145
2.6271	912008.7393757636
2.62712	972588.2086142716
2.6271400000000003	1034475.0009530796
2.62716	1043037.6855048379
2.62718	933806.730877423
2.6272	797443.6424126811
2.62722	975899.2854213461
2.62724	1025675.543031666
2.6272599999999997	885882.2499580234
2.62728	993429.3804258709
2.6273	893377.4785504646
2.62732	666855.9031622168
2.6273400000000002	305172.2221013676
2.62736	85915.39675581708
2.62738	39724.45979174398
2.6274	204671.3244787443
2.62742	563453.3949908987
2.62744	827913.568096905
2.6274599999999997	1073124.2278124336
2.62748	1351823.5251619383
2.6275	1537481.8584121894
2.62752	1697735.3829698376
2.62754	1826879.910288714
2.62756	1962682.273314002
2.62758	2001289.8833912197
2.6276	2027495.9716413403
2.6276200000000003	2029457.6824999177
2.62764	1833031.8029462753
2.6276599999999997	1423311.6364666433
2.62768	1223826.9144863186
2.6277	1586791.991740713
2.62772	1956500.665674927
2.62774	2242590.6132204435
2.62776	2500115.081983076
2.62778	2669008.7649453282
2.6278	2746312.7932695006
2.6278200000000003	2820850.045726908
2.62784	2491494.8855265407
2.6278599999999996	2744858.745984608
2.6278799999999998	2944760.642381358
2.6279	3072203.6443903213
2.62792	3117381.8318355093
2.62794	3148473.1933873855
2.62796	2678428.1455177288
2.62798	2533903.083451443
2.628	2806661.258906882
2.6280200000000002	2722450.5495681604
2.62804	3113938.2774356534
2.62806	3051335.7687295885
2.6280799999999997	3189627.7421763865
2.6281	2774661.4480857598
2.62812	2493675.8535550646
2.62814	2541909.0069515696
2.62816	2690357.5387630556
2.62818	2748653.5292229457
2.6282	2327126.5445183855
2.6282200000000002	2418187.656460857
2.6282400000000004	2892743.990245138
2.62826	3046281.268334047
2.6282799999999997	3012936.6479572803
2.6283	2794216.1599259786
2.62832	2511365.940540083
2.62834	2648561.1232781867
2.62836	2325519.5775417346
2.62838	1647479.4269202156
2.6284	927929.5391247246
2.62842	1474347.983061364
2.6284400000000003	2094498.2411518537
2.62846	2528133.4798341077
2.6284799999999997	2637120.653002945
2.6285	2501497.078460093
2.62852	2379413.9311878877
2.62854	2648927.060797291
2.62856	2687818.8786381297
2.62858	2666490.2498308914
2.6286	2309085.4249410196
2.62862	2553877.1357793193
2.6286400000000003	2771660.292105091
2.62866	2865761.210571179
2.62868	2763503.3793811174
2.6287	2733820.526351231
2.62872	2600878.113069983
2.62874	2375308.374944442
2.6287599999999998	2000276.3492697359
2.62878	1713404.8819971995
2.6288	1428367.6314815439
2.62882	963573.838102351
2.6288400000000003	386323.3870139264
2.62886	60109.89924312019
2.62888	443564.72389977786
2.6289	1002928.562954683
2.62892	1424000.0350812846
2.62894	1753597.8324859436
2.6289599999999997	1964671.7478451196
2.62898	2055417.264176661
2.629	2003041.7429984137
2.62902	1711512.2030639164
2.6290400000000003	1642290.5731005531
2.62906	1822048.7810458161
2.62908	1928368.3728055314
2.6291	1777501.5986585938
2.62912	1818904.9296751758
2.62914	1748557.8288283844
2.6291599999999997	1762138.3378764624
2.62918	1470482.972680393
2.6292	1663106.2666562374
2.62922	1644674.6555805532
2.6292400000000002	1633540.852403327
2.62926	1525386.8566080667
2.62928	1416804.7362774357
2.6293	1283926.018983318
2.62932	1143483.7572517083
2.62934	950033.6758476497
2.6293599999999997	645645.3090534541
2.62938	693366.7316718547
2.6294	615089.0561583819
2.62942	490064.22511681967
2.62944	363529.7853347928
2.62946	247870.0189643978
2.62948	140258.76159283303
2.6295	71752.65904487274
2.62952	10029.955357131026
2.62954	12074.328852999794
2.6295599999999997	78718.53445387236
2.62958	159501.58386585244
2.6296	261613.4090034816
2.62962	376799.2242489838
2.62964	497140.3342776629
2.62966	614365.7550778494
2.62968	722631.6849658703
2.6297	799815.8383547358
2.6297200000000003	806085.2975726537
2.62974	643860.8224375695
2.6297599999999997	576986.962471034
2.62978	859811.0060046755
2.6298	1032832.7488559978
2.62982	991233.5658431267
2.62984	1136894.0667943982
2.62986	1271598.4796752091
2.62988	1307254.0620695776
2.6299	1291546.360682438
2.6299200000000003	1278174.061530983
2.62994	1103443.2440525678
2.62996	1071938.8222844603
2.6299799999999998	981097.1180838663
2.63	1160192.3566288275
2.63002	1165789.1257783624
2.63004	1161101.0024148722
2.63006	1116297.6230701925
2.63008	1079319.4415882851
2.6301	1040183.5947027507
2.6301200000000002	979165.2675437566
2.6301400000000004	921321.0629946315
2.63016	848527.6524582435
2.6301799999999997	767796.2736099854
2.6302	626153.7703420422
2.63022	586748.5161923432
2.63024	486618.9306206555
2.63026	342872.7731367998
2.63028	80819.47035572933
2.6303	130149.94832136654
2.63032	283115.73027706565
2.6303400000000003	251070.68068027624
2.63036	81893.41843048522
2.6303799999999997	121246.72034113991
2.6304	210416.60057714724
2.63042	239377.87094828955
2.63044	205554.03199620813
2.63046	164670.19508089146
2.63048	90909.0250045715
2.6305	49221.40429061919
2.63052	66971.34175336243
2.6305400000000003	64669.42507595514
2.63056	45980.74461693761
2.63058	28073.140550253836
2.6306	3745.053274086207
2.63062	6594.881555569914
2.63064	32946.78182536089
2.6306599999999998	51117.78182034405
2.63068	68832.2553767197
2.6307	95548.7478338492
2.63072	127016.45865195118
2.6307400000000003	160797.0215381656
2.63076	198994.92469392272
2.63078	238448.72248712287
2.6308	278110.8932757082
2.63082	318580.3609618477
2.63084	351573.39273215923
2.6308599999999998	356985.02625305793
2.63088	241718.56092191444
2.6309	167228.0016345894
2.63092	261802.62695924775
2.6309400000000003	37606.160911583116
2.63096	96956.96220682275
2.63098	380594.93118797475
2.631	540059.9849721766
2.63102	631941.679420738
2.63104	694685.125625292
2.6310599999999997	718655.9076342925
2.63108	711713.166121386
2.6311	674444.1623701259
2.63112	582485.340663371
2.6311400000000003	449753.9642287627
2.63116	280603.4458999146
2.63118	103778.40700389571
2.6312	11108.642743922444
2.63122	49323.2857371989
2.63124	214680.20434414485
2.6312599999999997	418502.44538750534
2.63128	605796.8349708547
2.6313	768949.8206927197
2.63132	900496.4395229924
2.6313400000000002	960996.9293937719
2.63136	1008602.4064069341
2.63138	964788.2375016789
2.6314	1074855.2944074401
2.63142	1255422.7661768594
2.63144	1294523.6825324544
2.6314599999999997	1226026.9026779225
2.63148	997307.3046812091
2.6315	898311.5838426963
2.63152	602111.6080387424
2.63154	182623.22169778994
2.63156	22811.455678203678
2.63158	239816.46665683488
2.6316	340805.0331633743
2.6316200000000003	390340.84685362095
2.63164	985950.2466926019
2.6316599999999997	1364740.2490722942
2.63168	1619608.323385511
2.6317	1788916.2125599133
2.63172	1829995.4081751707
2.63174	1792544.7234859143
2.63176	1129847.9448954538
2.63178	1655617.4684428754
2.6318	2038543.5788822765
2.6318200000000003	2074340.276862523
2.63184	1967116.1320937043
2.6318599999999996	2008399.016355877
2.6318799999999998	1881178.471635774
2.6319	1645583.7875626094
2.63192	1203150.622233699
2.63194	1512446.4260606305
2.63196	1289050.7028420747
2.63198	960483.7021775629
2.632	265045.23447578476
2.6320200000000002	1123440.3030738872
2.63204	1582267.8362645619
2.63206	1702040.9315117353
2.6320799999999998	1567833.717295727
2.6321	1345550.4939324313
2.63212	984738.6865627536
2.63214	512336.1495231538
2.63216	51574.02185967125
2.63218	44742.88667253376
2.6322	430580.14532428666
2.6322200000000002	784267.1058845448
2.6322400000000004	653246.3623415655
2.63226	495560.86233731156
2.6322799999999997	979862.1903509487
2.6323	1032523.6310355213
2.63232	723170.9965005423
2.63234	167498.1443455438
2.63236	322448.9744495837
2.63238	788106.6643834771
2.6324	925833.7322094813
2.63242	1323853.7196068203
2.6324400000000003	1713128.736014769
2.63246	1937269.3167938946
2.6324799999999997	1961146.3320192543
2.6325	2005580.0456720206
2.63252	2259956.0844343784
2.63254	2475483.2951068315
2.63256	2533319.697872054
2.63258	2478677.360076693
2.6326	2341908.915869476
2.63262	2105183.7062709536
2.6326400000000003	2467572.9455680363
2.63266	2536296.3692377293
2.63268	2416462.166679162
2.6327	2360750.0089245443
2.63272	2319369.810623448
2.63274	2197455.049321223
2.6327599999999998	2061009.5302905866
2.63278	1747873.5082297118
2.6328	1842128.8322169443
2.63282	1786528.7107222306
2.6328400000000003	1674711.490100504
2.63286	1531299.0038444286
2.63288	1406695.1820610354
2.6329	1267360.0118311283
2.63292	1094460.2678150772
2.63294	951958.4648913215
2.6329599999999997	818430.8663109993
2.63298	693465.7239635898
2.633	545175.085048802
2.63302	400347.3885805161
2.6330400000000003	283957.2751248883
2.63306	175698.47824025233
2.63308	84590.96902238164
2.6331	11972.862638884653
2.63312	14693.220633009887
2.63314	84019.09513841418
2.6331599999999997	184445.47281322788
2.63318	241859.97296975923
2.6332	364086.0171301005
2.63322	536000.2595582197
2.6332400000000002	644590.6475698937
2.63326	512606.37150576996
2.63328	648715.0895052832
2.6333	930739.1882013452
2.63332	811168.3554035369
2.63334	1166352.9711082126
2.6333599999999997	1381560.793032439
2.63338	1514467.646654487
2.6334	1606164.4158604017
2.63342	1671821.8616403057
2.6334400000000002	1624987.4080474416
2.63346	1363358.2798094454
2.63348	1530347.2942230776
2.6335	1706828.9482742606
2.63352	1799036.6048930988
2.63354	1701061.4399399806
2.6335599999999997	1657486.5006782636
2.63358	1751136.498437881
2.6336	1728781.0763093228
2.63362	1501343.2647497011
2.63364	872706.0767132442
2.63366	1150085.1610237854
2.63368	1488127.0122372897
2.6337	1497924.761655515
2.6337200000000003	1456095.970381297
2.63374	1392258.8910447378
2.6337599999999997	1318560.3133369
2.63378	1201185.2759322575
2.6338	1092521.5193331807
2.63382	975883.5559100829
2.63384	736817.6151138524
2.63386	684412.6058604444
2.63388	603245.3737262113
2.6339	536994.7008092388
2.6339200000000003	402931.29534824623
2.63394	212125.07066411246
2.6339599999999996	127508.75344375333
2.6339799999999998	191976.46922712988
2.634	132959.99802837192
2.63402	75540.35126862675
2.63404	24210.12322917766
2.63406	5245.416765306895
2.63408	34708.27261939008
2.6341	76088.14564902107
2.6341200000000002	132756.86861683783
2.63414	213574.79589642156
2.63416	301440.08251858794
2.6341799999999997	395586.07898773666
2.6342	493285.10282757133
2.63422	569996.2520178441
2.63424	632417.6761314508
2.63426	659696.2266543625
2.63428	596296.1426923058
2.6343	566845.8873012037
2.63432	409369.98779944994
2.6343400000000003	332142.92045828176
2.63436	110721.5100043468
2.6343799999999997	26193.28690755138
2.6344	112546.24247335724
2.63442	269979.009706681
2.63444	407518.1912232264
2.63446	640165.1089321874
2.63448	729297.9620964685
2.6345	516751.8022861691
2.63452	436308.82767982216
2.6345400000000003	182456.35729033666
2.63456	546127.4424241578
2.63458	714787.5838039538
2.6346	487306.2707483764
2.63462	52112.511023278355
2.63464	234804.27516405267
2.63466	737226.6056293747
2.63468	929850.2239392389
2.6347	1314528.480669221
2.63472	1672514.9174315888
2.6347400000000003	1790152.379008625
2.63476	2025955.9577474543
2.63478	2132848.4614968617
2.6348	2059444.0606884405
2.63482	2082140.3477214163
2.63484	1760394.4877305452
2.6348599999999998	1004523.2660056463
2.63488	1051598.6018023314
2.6349	1833327.2765773046
2.63492	2362109.3570835735
2.6349400000000003	2666797.2585383873
2.63496	2598364.0567877353
2.63498	3013491.702519066
2.635	3255967.040772483
