1.2776299999999998	1609644611.247781
1.27764	1642366205.1178682
1.27765	1605092258.0968928
1.27766	1673208260.5300019
1.27767	1800404127.8920808
1.27768	1721273965.3404338
1.27769	1635648576.4278893
1.2777	1722503051.6798134
1.27771	1645470118.5876908
1.27772	1374674890.449255
1.27773	1671321499.95961
1.27774	1381306323.5676928
1.27775	1660198434.489864
1.27776	1807049295.156395
1.27777	1733604397.6822953
1.27778	1794403055.1286402
1.27779	1509315388.5121946
1.2778	1377590058.5110848
1.27781	1624239245.974928
1.2778200000000002	1664293817.9899845
1.27783	1738801475.3016887
1.27784	1783281893.5080817
1.27785	1595621942.6381063
1.27786	1417914357.1484098
1.27787	1613763914.6987052
1.27788	1638249333.721558
1.27789	1417947006.2089126
1.2779	1555893978.389589
1.27791	1317801507.4293208
1.2779200000000002	1311897788.6096349
1.27793	1165413380.331864
1.27794	1648200342.3039668
1.27795	1405108949.751118
1.27796	1180592445.8138926
1.27797	1075721874.5734
1.27798	1574417832.094092
1.27799	1651771620.0462213
1.278	1752709739.6347609
1.27801	1754163216.7621725
1.2780200000000002	1392996419.0735855
1.27803	1463187559.600773
1.27804	1257418946.7518475
1.27805	1297866432.026304
1.27806	1560881739.8401568
1.27807	984192384.0012431
1.27808	1660389582.9013731
1.27809	1550743608.9816244
1.2781	1328617596.3958025
1.27811	1434729407.2130885
1.27812	1192696651.576198
1.27813	1157204196.7402675
1.27814	1684651216.855247
1.27815	1563615619.1383908
1.27816	1611127831.6659214
1.27817	1666824978.3824008
1.27818	1744937997.9878752
1.27819	1671706380.266032
1.2782	1634933151.1298275
1.27821	1673169733.9295776
1.27822	1655693714.20054
1.27823	1682829048.2161524
1.27824	1439693354.5300145
1.27825	1319775311.707115
1.27826	1772556144.2845945
1.27827	1669782864.6475596
1.27828	1680467044.5932515
1.27829	1604611868.003689
1.2783	1497131678.8581016
1.27831	1282625884.1809533
1.27832	1774026079.5251594
1.27833	1560055324.1960926
1.27834	1717947943.9154375
1.27835	1689156932.7806575
1.27836	1525000548.8989062
1.27837	1642214944.566134
1.2783799999999998	1781106956.9903219
1.27839	1831723849.1830282
1.2784	1824231707.2703128
1.27841	1752750097.7325854
1.27842	1678301566.743413
1.27843	1693869702.285041
1.27844	1295209436.8171036
1.27845	1491797929.3309276
1.27846	1445706055.1163886
1.27847	1656647082.491884
1.2784799999999998	1489121040.4130588
1.27849	1226535153.6253915
1.2785	1708087049.7646875
1.27851	1431759257.9447074
1.27852	1681008850.4886127
1.27853	1641950272.1212301
1.27854	1670013569.6116922
1.27855	1355470280.9571195
1.27856	1092496363.3851595
1.27857	1511262826.9863098
1.2785799999999998	1726076341.7775314
1.27859	1793040090.3312836
1.2786	1737640778.748748
1.27861	1746746975.72425
1.27862	1705571773.4458394
1.27863	1700317403.3509305
1.27864	942887764.2880851
1.27865	1209957177.0893323
1.27866	1711985176.7028565
1.27867	1748517567.2600071
1.2786799999999998	1723177439.3365808
1.27869	1450073446.8625395
1.2787	1328892957.8832214
1.27871	1430836466.1428547
1.27872	1230835460.9940107
1.27873	1615994952.7304769
1.27874	1632826349.014232
1.27875	1469433714.4324903
1.27876	1637645891.5274305
1.27877	1182850887.322091
1.27878	1286826512.2160535
1.27879	1708480396.6265125
1.2788	1146330902.0585814
1.27881	1679229286.77892
1.27882	1742127755.6283774
1.27883	1077928612.561812
1.27884	1036119864.3073556
1.27885	1722820377.6936786
1.27886	1633954655.1557114
1.2788700000000002	1611424639.7163641
1.27888	1285168286.118878
1.27889	1325622906.5050855
1.2789	1761002611.4595387
1.27891	1729099558.8845751
1.27892	1572968407.2692213
1.27893	1566282155.1976204
1.27894	1193355942.2554574
1.27895	1570398963.6896868
1.27896	1091993366.0453718
1.2789700000000002	1725559742.2048151
1.27898	1403556823.843165
1.27899	1562535884.7036498
1.2790000000000001	1372682193.4067755
1.27901	1701296466.4974966
1.27902	1641080934.389214
1.27903	1802768661.9593785
1.27904	1689040253.9834502
1.27905	1496855922.410108
1.27906	1603393061.8479269
1.2790700000000002	1728582054.4893918
1.27908	1785418374.6229148
1.27909	1545254439.5384138
1.2791	1344869052.753371
1.27911	1788669081.7232823
1.27912	1784349814.3025894
1.27913	1735961143.4386
1.27914	1739882820.7583125
1.27915	1787763227.3733382
1.27916	1714036239.9768212
1.27917	1708323047.013129
1.27918	1541629456.6547039
1.27919	1059570845.4765414
1.2792	1705611046.1393855
1.27921	1824987944.7489507
1.27922	1686553025.388742
1.27923	1512516078.396318
1.27924	1583798765.0747757
1.27925	1431067108.3201375
1.27926	1628208433.9025064
1.27927	1701257293.149675
1.27928	1713247078.842832
1.27929	1675752978.5548713
1.2793	1578737772.800815
1.27931	1664753742.9043093
1.27932	1649149395.821932
1.27933	899725439.0546563
1.27934	1589424854.5801651
1.27935	1658059075.1089165
1.27936	1681279818.9399295
1.27937	1729378279.2669857
1.27938	1740644170.6549568
1.27939	1732247726.4475393
1.2794	1793576892.229161
1.27941	1797587336.7537422
1.27942	1317376766.8781724
1.2794299999999998	1735481545.9103947
1.27944	988598620.2575848
1.27945	988849048.5400838
1.27946	1659357642.8705425
1.27947	1686475358.540001
1.27948	1728184079.5826368
1.27949	1697422677.3571966
1.2795	1542233029.389082
1.27951	1099588021.1055298
1.27952	1585805792.9631903
1.2795299999999998	1708834486.2490776
1.27954	1552672996.552625
1.27955	1326264057.008592
1.27956	1722899718.3309393
1.27957	1749645241.676087
1.27958	1734043548.175679
1.27959	1748316273.3233798
1.2796	1767339564.9626489
1.27961	1709306719.9052985
1.27962	1658097253.769558
1.2796299999999998	1354378341.0340002
1.27964	1450674576.5780869
1.27965	1449005386.7979324
1.27966	1576195197.7816567
1.27967	1778975635.0373309
1.27968	1756547911.1725564
1.27969	1574599104.080262
1.2797	1615883327.609265
1.27971	1761205366.0489
1.27972	1566101840.6804593
1.27973	1693713698.3043609
1.27974	1741526149.9179544
1.27975	1589278469.8824685
1.27976	1556897423.746053
1.27977	1148761838.461935
1.27978	1398524245.776111
1.27979	1677606113.083641
1.2798	1670359686.825393
1.27981	1719808139.3228786
1.2798200000000002	1715299653.9529788
1.27983	1425279373.1120698
1.27984	1285345850.944594
1.27985	1237912647.3348534
1.27986	1019037110.2825158
1.27987	1270895962.5168948
1.27988	1738080951.7238116
1.27989	1657906369.2570019
1.2799	1242453088.5323071
1.27991	1537835917.4539707
1.2799200000000002	1657677336.8488805
1.27993	1175141057.313103
1.27994	1806966079.377133
1.27995	1718383128.3716984
1.27996	1621548713.5217745
1.27997	1044070920.6306773
1.27998	1424098404.9164116
1.27999	1807298965.4887712
1.28	1657639167.857072
1.28001	1524403720.3174355
1.2800200000000002	1697500848.360209
1.28003	967542386.8089597
1.28004	1597754318.2878408
1.28005	1674133165.1226072
1.28006	1801399342.9443414
1.28007	1762625301.966166
1.28008	1767909379.7641253
1.28009	1772760229.1001508
1.2801	1641496647.1683135
1.28011	1582486449.745471
1.28012	1673747726.0926495
1.28013	1336749406.6504846
1.28014	1231600906.8212097
1.28015	1663910644.2926135
1.28016	1657715506.7195725
1.28017	1470990947.225297
1.28018	1501481549.9427085
1.28019	1543227664.3664136
1.2802	1658402714.7042289
1.28021	1654664692.6744635
1.28022	1262466898.8776085
1.28023	1534440313.65998
1.28024	1378224608.276949
1.28025	1338381731.4742222
1.28026	1728781076.3093224
1.28027	1679345287.8351078
1.28028	1618899914.0216663
1.28029	1626784403.3762248
1.2803	1644144560.5580995
1.28031	1715497146.4920056
1.28032	1156804581.5853891
1.28033	1332569902.3683875
1.28034	1659586907.4375627
1.28035	1763721463.252595
1.28036	1120779038.730355
1.28037	1746103568.8838446
1.28038	1521458111.6948547
1.28039	1564660071.6405733
1.2804	1557004974.124648
1.28041	1574961710.6677346
1.28042	1711630434.221982
1.28043	1676949560.351604
1.28044	1603393061.8479269
1.28045	1405432525.2948716
1.28046	972545659.6699127
1.28047	1486859732.689757
1.2804799999999998	1589754269.4496393
1.28049	1085875413.750358
1.2805	805063245.9862168
1.28051	1109609075.0472417
1.28052	1683991906.9312315
1.28053	1762665888.3808796
1.28054	1785171726.997074
1.28055	1756062626.0960116
1.28056	1742769697.4552
1.28057	1628658386.6791034
1.2805799999999998	1685543635.2834966
1.28059	1742408576.0772338
1.2806	1669436866.957867
1.28061	1730812408.2141328
1.28062	1611053638.195743
1.28063	1089657468.8768637
1.28064	1692310308.8720975
1.28065	1379780490.7616255
1.28066	1540493960.4764671
1.28067	1657524666.1547394
1.2806799999999998	1734123405.6709409
1.28069	1523245837.420495
1.2807	1740604091.3031952
1.28071	1707222005.414164
1.28072	1416250251.5189984
1.28073	1703060201.045331
1.28074	946716616.9422216
1.28075	1642593122.0688415
1.28076	1668207233.4852805
1.28077	1096730698.6474195
1.28078	1321052264.9519405
1.28079	1768642268.7532184
1.2808	1057450385.820657
1.28081	1407796885.2761323
1.28082	1191927939.4578269
1.28083	1464569548.5221126
1.28084	1350081542.830272
1.28085	1459654263.0166626
1.28086	1462951740.6356347
1.2808700000000002	1551279309.3560398
1.28088	1605942531.373542
1.28089	1665060430.122534
1.2809	1565813380.6292286
1.28091	1615139357.1555018
1.28092	1507301044.163133
1.28093	1338535827.235698
1.28094	1721947871.7901258
1.28095	1806134132.3231425
1.28096	1714707312.740591
1.2809700000000002	1154595870.8240163
1.28098	1741526149.9179544
1.28099	1760353953.616162
1.281	1687757319.0258226
1.28101	1729617218.2106802
1.28102	1715615652.9297256
1.28103	1753678590.510012
1.28104	1761164813.2635612
1.28105	1642441840.618253
1.28106	1699886794.0808372
1.2810700000000002	1772760229.1001508
1.28108	1716801167.6531847
1.28109	1465008012.6242034
1.2811	1558332039.829457
1.28111	1629896398.0654256
1.28112	1678069716.8292606
1.28113	1769905178.7231202
1.28114	1742488818.8051445
1.28115	1578883186.619723
1.28116	1415793779.9570804
1.28117	1577683923.0560825
1.28118	1554962786.8035884
1.28119	1346139289.1761472
1.2812	1304187399.7268515
1.28121	1596136393.2951849
1.28122	1784555256.9927492
1.28123	1752629026.2268965
1.28124	1543369807.4328465
1.28125	1376828984.4230795
1.28126	1421641196.4328642
1.28127	1639985468.9144616
1.28128	1416315473.7551296
1.28129	1447604751.7288055
1.2813	1664562092.079234
1.28131	1724725561.792778
1.28132	1766241155.0087821
1.28133	1689701540.4165618
1.28134	1691609050.2776375
1.28135	1760799880.211818
1.28136	1392836053.6656802
1.28137	1531863259.1791847
1.28138	1664025587.1379175
1.28139	1550029629.5706599
1.2814	1750854271.3275092
1.28141	1553531272.4882646
1.28142	1211853160.9920394
1.2814299999999998	1505428036.835234
1.28144	1208203251.0482998
1.28145	1558547346.2294428
1.28146	1129405764.3685575
1.28147	1519532523.53345
1.28148	1688223728.0408509
1.28149	1609051705.4818609
1.2815	1444242097.9035404
1.28151	1641761246.491628
1.28152	1700983104.9694493
1.2815299999999998	1693206784.5881655
1.28154	1729776529.1800394
1.28155	1766810615.6676462
1.28156	1745018357.2026446
1.28157	1687329890.625803
1.28158	1130706789.5936632
1.28159	1670552005.1616547
1.2816	1672900072.5641851
1.28161	1700943938.836953
1.28162	1724844705.7288618
1.2816299999999998	1707339940.2056394
1.28164	1544258498.271982
1.28165	1583251834.8177085
1.28166	1544507423.3942842
1.28167	1697305427.6023092
1.28168	1734203266.8438687
1.28169	1661001405.7247305
1.2817	1028868805.6136738
1.28171	1106904109.974402
1.28172	1120469398.817808
1.28173	1693323751.2090516
1.28174	1301247775.2388446
1.28175	1546820787.9960046
1.28176	1452011312.7352688
1.28177	1393413455.550091
1.28178	956731338.8114283
1.28179	1464636995.9953356
1.2818	1759665016.4523234
1.28181	1816101010.2170966
1.2818200000000002	1817900043.3507078
1.28183	1721472145.73708
1.28184	1616590416.9544706
1.28185	1761976046.4116309
1.28186	1785706173.2575169
1.28187	1819407581.1210413
1.28188	1631886689.0933757
1.28189	1043373975.3290918
1.2819	1515932975.1527731
1.28191	1192861440.0909448
1.2819200000000002	1727507732.5128071
1.28193	1664868743.9908204
1.28194	1528797627.2270772
1.28195	1311656150.3626947
1.28196	1346511292.5991971
1.28197	1451610162.6063292
1.28198	1535571347.7026932
1.28199	1602544138.3990355
1.2819999999999998	1740604091.3031952
1.28201	1760313420.4351013
1.2820200000000002	1734802342.8832474
1.28203	1753194098.1465433
1.28204	1612018419.864614
1.28205	1680312274.9861245
1.28206	1746706755.8518267
1.28207	1701257293.149675
1.28208	1590742923.7502158
1.28209	1567869818.416811
1.2821	1643538946.882175
1.28211	1099132374.4394717
1.28212	1468216160.5163233
1.28213	1436779093.592165
1.28214	1565705221.8084898
1.28215	1751862434.208561
1.28216	1792420903.1597984
1.28217	1766037820.6861637
1.28218	1750531781.755193
1.28219	1142904650.8389115
1.2822	1115013177.465283
1.28221	1383757538.9355009
1.28222	1694688958.9583876
1.28223	1573330638.3316512
1.28224	1514781526.332855
1.28225	1613503827.6484597
1.28226	1650935096.1064818
1.28227	1703609291.2878625
1.28228	1490802114.2601135
1.28229	1612315391.982576
1.2823	1679886732.0605233
1.28231	1710606035.4642081
1.28232	1709542885.6690304
1.28233	1775824322.5473375
1.28234	1628845903.6993804
1.28235	1685466014.9178247
1.28236	1723336157.1530714
1.28237	1736400890.934427
1.28238	1784308728.602771
1.28239	1748396788.11706
1.2824	1728422853.5301511
1.28241	1749322974.7947516
1.28242	1524122940.6364298
1.28243	1673747726.0926495
1.28244	1737680789.8669312
1.28245	1628358404.3475235
1.28246	1587267046.9039006
1.28247	1583470584.2524328
1.2824799999999998	1566859301.1760252
1.28249	1503834347.9613547
1.2825	1382451805.3904119
1.28251	983082578.7082474
1.28252	671908290.8583287
1.28253	1179478421.777015
1.28254	1452111617.5877445
1.28255	1532710032.0508535
1.28256	1614395729.2339234
1.28257	1519532523.53345
1.2825799999999998	1634406195.8912835
1.28259	1670936708.264951
1.2826	1394087393.6166668
1.28261	1611461744.5670855
1.28262	1685349591.0713847
1.28263	1380320697.0219865
1.28264	1297507867.8181744
1.28265	1470482972.6803925
1.28266	1389824617.740339
1.28267	1590230211.4620974
1.2826799999999998	1158697313.4157429
1.28269	1534616982.7992938
1.2827	1653217523.5135214
1.28271	1547711465.9511292
1.28272	1522158930.4054658
1.28273	1440389676.3230598
1.28274	1400393221.7331135
1.28275	1517784103.7294118
1.28276	1369588182.3844068
1.28277	1673169733.9295776
1.28278	1724090266.4467998
1.28279	1664102220.1126735
1.2828	1272799511.6275196
1.28281	1105681390.1653683
1.28282	1706711048.7796385
1.28283	1638852998.272957
1.28284	1195748927.462701
1.28285	1742207985.4237232
1.28286	1762747064.0139773
1.2828700000000002	1140906357.059712
1.28288	1658593656.3639562
1.28289	1765224717.452559
1.2829	1592575388.871035
1.28291	1684612426.7740493
1.28292	1738401147.5572226
1.28293	1760435022.778278
1.28294	1075474208.9727864
1.28295	1689507017.535486
1.28296	1764330736.2766821
1.2829700000000002	1684418489.7651074
1.28298	1796263313.3043199
1.28299	1774230333.5830066
1.2830000000000001	1816435579.2001672
1.28301	1509871543.291679
1.28302	1392611573.1097677
1.28303	1580228899.5517194
1.28304	1646948427.892023
1.28305	1471499097.2486966
1.28306	1546464660.3494918
1.2830700000000002	1569748222.649911
1.28308	1636439673.8834321
1.28309	1728980121.043806
1.2831	1749886980.797538
1.28311	1361350640.447159
1.28312	1527882652.616368
1.28313	1638739794.228433
1.28314	1472210802.200752
1.28315	1428532087.8490095
1.28316	1618415391.4176471
1.28317	967698348.78504
1.28318	1200272898.280247
1.28319	1225208496.8852177
1.2832	1705414691.7142081
1.28321	1653902866.8537555
1.28322	1763883915.4836614
1.28323	1691725906.5271287
1.28324	1457672632.2624032
1.28325	953871778.87929
1.28326	1505116095.3045287
1.28327	1370818636.1801038
1.28328	1547854022.0099688
1.28329	1721868574.9860096
1.2833	1687796181.5216813
1.28331	1720481471.8780947
1.28332	1366217990.905314
1.28333	1384267427.971804
1.28334	1032476082.6599537
1.28335	1715892199.788109
1.28336	1556323947.1829507
1.28337	1509280635.6411626
1.28338	1224841802.6836581
1.28339	985212696.5355687
1.2834	1609014656.1237018
1.28341	1593822670.761646
1.28342	1248647925.5874865
1.2834299999999998	980460270.0613012
1.28344	1418828815.0724752
1.28345	1704237039.7736485
1.28346	1666901740.2768493
1.28347	1451610162.6063292
1.28348	1399329532.8042386
1.28349	929522699.5678656
1.2835	913040411.518723
1.28351	1422689086.3868597
1.28352	1506433621.622622
1.2835299999999998	1635987571.354738
1.28354	1695742871.226228
1.28355	1769905178.7231202
1.28356	1735121934.7189627
1.28357	1305058561.268273
1.28358	1294493875.3662848
1.28359	1285049923.1962705
1.2836	1662531949.2883935
1.28361	1334596556.6289167
1.28362	1641080934.389214
1.2836299999999998	1455123987.324244
1.28364	1109660175.61017
1.28365	1630759810.9589715
1.28366	1283423538.0201685
1.28367	1561780514.2599292
1.28368	1044167087.5447748
1.28369	1526476068.5438056
1.2837	1034046335.7837092
1.28371	1733444734.1694536
1.28372	1810672893.1785293
1.28373	1741486050.2580965
1.28374	1734722454.1224835
1.28375	1643803875.4118342
1.28376	1352601921.3552244
1.28377	1393220961.664332
1.28378	1621324703.7624598
1.28379	1541274524.2187984
1.2838	1616181011.7351134
1.28381	1409321248.8692641
1.2838200000000002	1699612826.7811544
1.28383	1753234467.3972633
1.28384	1691881727.4169886
1.28385	1736240969.8669064
1.28386	1390272716.4839787
1.28387	1711157558.5884712
1.28388	1658288160.2597706
1.28389	1496132303.3666315
1.2839	1425968723.441809
1.28391	1758854847.3278613
1.2839200000000002	1625249346.181336
1.28393	1757802185.091503
1.28394	1850887404.4540453
1.28395	1655769963.4695256
1.28396	1173599727.5116029
1.28397	1663067972.6601398
1.28398	1074286207.5844402
1.28399	1506260197.0258994
1.284	1588839396.67586
1.28401	1825576346.188068
1.2840200000000002	1738761438.3790672
1.28403	1661269149.0970519
1.28404	1622370347.4682052
1.28405	1684961569.661227
1.28406	1543974061.5425475
1.28407	1620466286.3275585
1.28408	1124371943.2351782
1.28409	1221574617.0780106
1.2841	956180758.4667042
1.28411	1617446781.2063634
1.2841200000000002	1607200282.2158206
1.28413	1490115732.57249
1.28414	1627496262.8891735
1.28415	1674171713.9071176
1.28416	1619272722.4220793
1.28417	1694064727.4676752
1.28418	1561025508.981913
1.28419	1445173535.4223433
1.2842	1148153621.4968839
1.28421	1606904252.2491202
1.28422	1403815392.3790524
1.28423	1149476243.4198327
1.28424	1728741270.1122582
1.28425	1726791888.8297176
1.28426	1604611868.003689
1.28427	1534369651.6992006
1.28428	1698595620.476779
1.28429	1774475469.4950626
1.2843	1587632570.7288506
1.28431	1715694661.7695096
1.28432	1659052006.0478096
1.28433	1749604955.0693915
1.28434	1574526592.7814221
1.28435	1562248081.4652884
1.28436	1587193952.238167
1.28437	1364206140.4206555
1.28438	1304307525.3573606
1.28439	1652380267.3097994
1.2844	1544542987.4014244
1.28441	1605609762.1150966
1.28442	1112192597.0247314
1.28443	1689429214.6535187
1.28444	1572859754.2138221
1.28445	1483781664.2226093
1.28446	1402846005.9130824
1.28447	1199278367.5617642
1.2844799999999998	1721353234.761141
1.28449	1651809653.9311929
1.2845	1530558734.1205034
1.28451	1044984864.0269233
1.28452	1513526397.8017626
1.28453	1689001362.842101
1.28454	1632412832.0079644
1.28455	1125978246.0303109
1.28456	1393477626.088681
1.28457	1746023159.6943812
1.2845799999999998	1253285456.4562118
1.28459	1620205119.0696929
1.2846	1731848907.5857918
1.28461	1498131721.9050887
1.28462	1575143045.273844
1.28463	1730453764.5202653
1.28464	1800569958.8770142
1.28465	1820916369.0536845
1.28466	1791843188.0501976
1.28467	1665750682.9541435
1.2846799999999998	1693674699.554219
1.28469	1756628805.0559046
1.2847	1752346558.5688539
1.28471	1640287593.2277555
1.28472	1524895209.231328
1.28473	1345023895.438306
1.28474	1271686321.6202366
1.28475	1620802134.662042
1.28476	1611907069.4230742
1.28477	1028797736.3291172
1.28478	1462581244.7623491
1.28479	1500582923.8118336
1.2848	1553674364.5957806
1.28481	1727428179.6735306
1.28482	1646531334.4369905
1.28483	1817230427.5796087
1.28484	1770475820.7140765
1.28485	1605203137.771684
1.28486	1552708748.5812006
1.2848700000000002	1726275075.1000185
1.28488	1461133842.783593
1.28489	818898357.4413012
1.2849	1451543315.0271409
1.28491	1511541237.5286446
1.28492	1727348630.4977202
1.28493	1526089484.9892259
1.28494	1641345466.7021384
1.28495	1788133748.6902156
1.28496	1318529952.7132196
1.2849700000000002	1700787283.3250194
1.28498	1652798842.3956888
1.28499	1551529366.1905904
1.285	1240852042.7686687
1.28501	1099284235.6786683
1.28502	1542019976.739575
1.28503	1537340257.6209288
1.28504	1416674249.7480366
1.28505	880764902.1809969
1.28506	879427414.8836832
1.2850700000000002	1338320098.1369176
1.28508	1420986657.192365
1.28509	1010997309.8876524
1.2851	1583142471.432828
1.28511	1701844988.0875342
1.28512	1645091278.7083092
1.28513	1675135722.0522318
1.28514	1637495065.7126305
1.28515	1641647841.5593653
1.28516	1762747064.0139773
1.28517	1694259775.1047056
1.28518	1577683923.0560825
1.28519	1713562699.686444
1.2852	1545040969.4945016
1.28521	1175141057.313103
1.28522	1623454046.5232284
1.28523	1532498294.961165
1.28524	1255827531.8984332
1.28525	1309664332.3018148
1.28526	1339738383.2379198
1.28527	1307765873.0662837
1.28528	1731888785.3396773
1.28529	1771862431.6364753
1.2853	1636741144.976982
1.28531	1773576803.3642864
1.28532	1784144395.2635255
1.28533	1698048146.1902864
1.28534	1677374359.2433188
1.28535	1436150652.9074752
1.28536	1731769154.8326256
1.28537	1771413703.4243774
1.28538	1698556509.3175118
1.28539	1760475558.7593691
1.2854	1789699018.8255355
1.28541	1699456293.8635194
1.28542	1802851684.4359665
1.28543	1452044746.9162269
1.28544	1318712126.9419105
1.28545	1506572375.6764145
1.28546	1620391662.8155456
1.28547	1754728783.3261385
1.28548	1213919813.5073538
1.28549	1540245682.1958265
1.2855	1715181169.3429475
1.28551	1646910505.9396286
1.28552	1122535281.890168
1.2855299999999998	1215178284.5355053
1.28554	1362730574.6646912
1.28555	1487373364.5441148
1.28556	1329535689.979108
1.28557	1530523492.1089869
1.28558	1591878803.5906222
1.28559	1692933893.8920429
1.2856	1704629500.035842
1.28561	1639570138.8447034
1.28562	1671590906.8686535
1.2856299999999998	1775251956.6809692
1.28564	1747511329.285056
1.28565	1634180409.9278328
1.28566	1468486640.839273
1.28567	1693089826.0467744
1.28568	1454387053.6973953
1.28569	1645015521.1996071
1.2857	1725241911.6278386
1.28571	1777174200.9192562
1.28572	1702550490.0025015
1.2857299999999998	1684728799.6972244
1.28574	1702707307.9192574
1.28575	1691219587.7396493
1.28576	1702785722.2940974
1.28577	1671898853.6550312
1.28578	1631473410.0581315
1.28579	1615771710.1985707
1.2858	1122535281.890168
1.28581	1407926554.132393
1.28582	1497304052.4348311
1.28583	1772760229.1001508
1.28584	1653826703.5657606
1.28585	1726275075.1000185
1.28586	1684690007.8296366
1.28587	1668476138.3934195
1.28588	1685776517.8289795
1.28589	1732327501.2402575
1.2859	1574381580.201157
1.28591	1555034397.1351225
1.2859200000000002	1773617641.9495487
1.28593	1405918028.3307412
1.28594	730280997.3383893
1.28595	1293957463.7219036
1.28596	1531157972.4888947
1.28597	1160940601.4636517
1.28598	1682015524.9317975
1.28599	1611202028.5529206
1.286	1697696291.6180494
1.28601	1306381434.9725716
1.2860200000000002	1410002880.8958993
1.28603	1474347983.0613642
1.28604	1319623375.7054806
1.28605	1668322473.1387026
1.28606	1447738087.1939125
1.28607	1401522260.215602
1.28608	1407148720.1087284
1.28609	1504457764.3240118
1.2861	1499857503.0390458
1.28611	1251583992.5771873
1.2861200000000002	1646910505.9396286
1.28613	1623379285.422942
1.28614	1081259658.7859595
1.28615	1294762164.571503
1.28616	1172357321.5098825
1.28617	733820770.2913368
1.28618	1295418216.738234
1.28619	1348559149.783384
1.2862	1551886660.163
1.28621	1681666992.4980454
1.28622	1408250778.5282304
1.28623	1139278758.0569866
1.28624	1563903674.3097038
1.28625	1685543635.2834966
1.28626	1507891176.7717311
1.28627	1697657201.1663632
1.28628	1718541404.595495
1.28629	1282655418.0733805
1.2863	1400780218.1429806
1.28631	1172357321.5098825
1.28632	1329382630.337081
1.28633	1639947707.2882702
1.28634	1665558917.3587105
1.28635	1288813272.7962615
1.28636	1350516827.8550375
1.28637	1215570074.8777168
1.28638	1337426733.6288333
1.28639	1718897579.4035394
1.2864	1577393329.7029245
1.28641	1635648576.4278893
1.28642	1376195077.2177856
1.28643	1462817004.0057955
1.28644	1341714150.1222484
1.28645	1372492563.4528944
1.28646	1677722002.0110896
1.28647	1523351063.1495695
1.2864799999999998	1742930219.8684533
1.28649	1341590579.372933
1.2865	1607163275.4877665
1.28651	950145246.6008751
1.28652	1535500633.6570644
1.28653	1666517966.15231
1.28654	1703060201.045331
1.28655	1029366428.0895152
1.28656	1135742820.1329918
1.28657	1549637081.0228965
1.2865799999999998	1584127013.9139495
1.28659	1224728995.7796414
1.2866	1647251834.9479089
1.28661	1547176997.6533792
1.28662	1545147700.8299572
1.28663	1691920684.8819466
1.28664	1747350384.9554698
1.28665	1787927894.034689
1.28666	1590083752.5917065
1.28667	1785665056.3267386
1.2866799999999998	1631886689.0933757
1.28669	1235008651.6929126
1.2867	1289347551.910022
1.28671	1210207945.7144814
1.28672	1466290429.7207134
1.28673	1752588670.916807
1.28674	1557542837.4714794
1.28675	1641496647.1683135
1.28676	1194015597.3728998
1.28677	1114602467.090225
1.28678	1403201369.868355
1.28679	1619981294.921989
1.2868	1734842288.6432765
1.28681	1662838227.1994126
1.28682	1696836509.5676074
1.28683	1047803874.4508693
1.28684	1070606806.1772777
1.28685	1526370626.9544616
1.28686	1814053119.4322078
1.2868700000000002	1818444287.842896
1.28688	1773699321.941143
1.28689	1643766025.864603
1.2869	1496407926.5067933
1.28691	1756669253.394585
1.28692	1593565797.6011562
1.28693	1428696563.1513042
1.28694	1618415391.4176471
1.28695	1280442262.1819918
1.28696	1587961614.14009
1.2869700000000002	1631849113.946341
1.28698	1543156597.7424905
1.28699	1390817030.6195116
1.287	1213109489.5209196
1.28701	1308247760.5805087
1.28702	1515618856.8813279
1.28703	1670667406.79176
1.28704	1676293264.569924
1.28705	1689468115.646633
1.28706	1783569347.7548528
1.2870700000000002	1743853510.7145355
1.28708	1746304608.058794
1.28709	1701531525.5273814
1.2871	1498235212.7526028
1.28711	1409808095.2546484
1.28712	1639796669.478167
1.28713	1692972875.584308
1.28714	1680118833.0219483
1.28715	1736840749.825531
1.28716	1312320762.6621563
1.28717	1580010597.941352
1.28718	1792627275.1218948
1.28719	1539820155.377549
1.2872	1658020897.3273606
1.28721	1635497934.5641305
1.28722	1692855933.2002141
1.28723	1489258199.8457608
1.28724	1266105804.9995492
1.28725	1693830699.942816
1.28726	1627121561.1665769
1.28727	1697188185.9464614
1.28728	1814470868.6925926
1.28729	1529924502.0526538
1.2873	1352134829.8705807
1.28731	1810381070.7084289
1.28732	1421215711.640067
1.28733	1748718884.3727894
1.28734	1412635122.629744
1.28735	1508064789.1527452
1.28736	1517225034.3918548
1.28737	1546037415.401433
1.28738	1752992265.8353848
1.28739	1788463165.4388108
1.2874	1727269084.9852006
1.28741	1649073451.4343338
1.28742	1525702999.3378215
1.28743	1782953431.0971465
1.28744	1794113854.8352633
1.28745	1687019101.5991573
1.28746	1311173007.3825538
1.28747	1394472647.421103
1.28748	1506086792.3942726
1.28749	1756264811.9158
1.2875	1594520106.6528316
1.28751	1302926748.3687446
1.28752	1680621828.4558494
1.2875299999999998	1165977043.9287484
1.28754	1565272661.2312405
1.28755	1725361091.2333307
1.28756	1302206923.3521328
1.28757	1319471457.1951175
1.28758	1181190648.521146
1.28759	1631886689.0933757
1.2876	1756669253.394585
1.28761	1661728238.14901
1.28762	1532957095.6303055
1.2876299999999998	1772841869.6055226
1.28764	1521843522.0464418
1.28765	1138859109.5582294
1.28766	1255278238.6093547
1.28767	1789740228.6427948
1.28768	1466493019.2239106
1.28769	1108332325.486764
1.2877	1569567509.109951
1.28771	1745138902.9637911
1.28772	1282832635.709564
1.2877299999999998	1490287298.3620536
1.28774	1711315169.2820482
1.28775	1694962132.5603814
1.28776	1259012378.284441
1.28777	1356313236.0907106
1.28778	1754930815.5727625
1.28779	1414848699.6914995
1.2878	1662110909.2709365
1.28781	1716998833.0703154
1.28782	1167562129.5768404
1.28783	1572932188.750142
1.28784	1470923207.1485445
1.28785	1327577856.7196562
1.28786	1653940949.813064
1.28787	1531933805.7136714
1.28788	1480437236.1780524
1.28789	1721987521.5616126
1.2879	1724090266.4467998
1.28791	1354160058.6294696
1.2879200000000002	1620167812.8976512
1.28793	1701218120.703842
1.28794	1692232376.8967655
1.28795	1709857824.1121945
1.28796	1620914099.5741436
1.28797	1690596634.1771119
1.28798	1536703215.42919
1.28799	1541700452.9495616
1.288	1762747064.0139773
1.28801	1743130893.6770642
1.2880200000000002	1636703458.053257
1.28803	1494376398.8750632
1.28804	1544791958.3816526
1.28805	1089356426.9839346
1.28806	1224193304.8497696
1.28807	1719570555.459898
1.28808	1385351566.0959625
1.28809	1674865743.8325224
1.2881	1839162062.9208977
1.28811	1841407891.4024642
1.2881200000000002	1293808499.9387665
1.28813	1540068365.0658484
1.28814	1624276645.8962662
1.28815	1677722002.0110896
1.28816	1622519780.1808274
1.28817	1570543609.4405222
1.28818	1730812408.2141328
1.28819	1681976795.5389507
1.2882	1749886980.797538
1.28821	1422623570.6417835
1.28822	1506433621.622622
1.28823	1718185303.5908554
1.28824	1460730172.3546581
1.28825	1414294980.4531415
1.28826	1701335640.747336
1.28827	1739161849.0931127
1.28828	1762341223.228687
1.28829	1736041089.2444284
1.2883	1454186136.579622
1.28831	1424229575.2672625
1.28832	1140407329.7733355
1.28833	1011579454.2599002
1.28834	1314104795.047197
1.28835	1523280911.8558836
1.28836	1636477354.7332325
1.28837	1766037820.6861637
1.28838	1781353043.0086405
1.28839	1440356510.5069242
1.2884	1693791698.4986358
1.28841	1521072798.9493265
1.28842	1563435611.5998669
1.28843	1738201018.2494128
1.28844	1096351966.6922119
1.28845	947567158.0535967
1.28846	1776928692.1894293
1.28847	1752023794.1323864
1.2884799999999998	1147704276.8079767
1.28849	1420005413.3327498
1.2885	1299690666.0833485
1.28851	1116014918.1447887
1.28852	930464911.03124
1.28853	1233616018.3411162
1.28854	1209427947.2862222
1.28855	1499788433.63888
1.28856	1331251162.4211705
1.28857	1441086334.8989553
1.2885799999999998	970554661.9102764
1.28859	1622482420.7123508
1.2886	1619049027.0808349
1.28861	1698752074.1198153
1.28862	1462682279.7850814
1.28863	1385574876.3826845
1.28864	1769293980.6872778
1.28865	1802727152.1548018
1.28866	1745942754.2078054
1.28867	1476046366.3856418
1.2886799999999998	1451911014.8113673
1.28869	1142852019.346573
1.2887	1325653430.4519374
1.28871	1663527558.8140905
1.28872	1618601729.1016278
1.28873	1233786460.4658322
1.28874	1490802114.2601135
1.28875	1693284761.4376698
1.28876	1752629026.2268965
1.28877	1731290715.433661
1.28878	1526968225.6115243
1.28879	1443311260.7111561
1.2888	1776765038.5453546
1.28881	1774107778.3264325
1.28882	1758045051.2141812
1.28883	1778934673.0811386
1.28884	1582194971.815685
1.28885	1015242991.2221627
1.28886	1514816405.8680346
1.2888700000000002	1424819991.3743331
1.28888	1302086991.1853092
1.28889	1678765362.6765373
1.2889	1416706870.2536821
1.28891	1327394457.7297368
1.28892	1742769697.4552
1.28893	1602175181.4540105
1.28894	1405885656.2445009
1.28895	1340201192.402093
1.28896	1698126345.9978588
1.2889700000000002	1733125451.2570431
1.28898	1596687774.4896991
1.28899	1509523922.543735
1.2890000000000001	1599373883.2915282
1.28901	1631473410.0581315
1.28902	1628545886.8290706
1.28903	1690012823.6122115
1.28904	1802104619.7684336
1.28905	1811798934.8424468
1.28906	1695742871.226228
1.2890700000000002	1728900500.400093
1.28908	1313318312.5842097
1.28909	1065491525.8516307
1.2891	1686358864.9729884
1.28911	1799575202.0327153
1.28912	1846120309.1800406
1.28913	1742207985.4237232
1.28914	1234866474.2519062
1.28915	1098322802.070985
1.28916	1282094390.3880875
1.28917	1654512299.4423275
1.28918	1496201204.3918989
1.28919	1758652363.3363912
1.2892	1700434861.1729255
1.28921	1634782575.1561394
1.28922	1147440038.5548036
1.28923	1395950440.202022
1.28924	1786364172.924491
1.28925	1812174437.6590254
1.28926	1792090757.4361234
1.28927	1742609189.8259268
1.28928	1769742171.9387527
1.28929	1780491890.6654005
1.2893	1447538088.6013515
1.28931	1466391720.9737148
1.28932	1261740373.6430056
1.28933	1717236061.612173
1.28934	1175438739.8615575
1.28935	1353972987.4263177
1.28936	1685660072.534499
1.28937	1460292988.572795
1.28938	1681628271.1303618
1.28939	1701688249.5897193
1.2894	1667631154.610122
1.28941	1782912377.549877
1.28942	1661116147.6000118
1.28943	1707300627.7032945
1.28944	1534404982.2728276
1.28945	1258606586.0551562
1.28946	1370787072.2779305
1.28947	1425607593.6021874
1.28948	1764046382.6778214
1.28949	1487065164.1434894
1.2895	1509767248.6626892
1.28951	1392868125.270257
1.28952	1717077905.6093721
1.2895299999999998	1633089550.7379663
1.28954	1288279215.0767848
1.28955	1599926382.8686
1.28956	1587120860.9384835
1.28957	1404203334.5002682
1.28958	1555392498.2636495
1.28959	1254498077.2077274
1.2896	999171412.8346078
1.28961	1241252110.6868145
1.28962	1583616433.9994595
1.2896299999999998	1216466070.064855
1.28964	1262118114.5707526
1.28965	1798580994.7594984
1.28966	1764046382.6778214
1.28967	1780655887.581041
1.28968	1507891176.7717311
1.28969	1695820964.8695273
1.2897	1735841231.6327255
1.28971	1771699244.5907538
1.28972	1800113960.418011
1.2897299999999998	1832019111.9798355
1.28974	1764533874.0526304
1.28975	1713010401.36125
1.28976	1583835233.808902
1.28977	1718778846.2661998
1.28978	1414913857.3822918
1.28979	1643652482.4518704
1.2898	1249625848.489112
1.28981	1367728825.5958464
1.28982	1618452657.2382278
1.28983	1506502997.0520566
1.28984	1381942585.1309867
1.28985	1512864388.1929286
1.28986	1739081759.5742984
1.28987	1738521236.201933
1.28988	1692622072.664919
1.28989	1653674387.511726
1.2899	1636929592.6127672
1.28991	1396304057.3971462
1.2899200000000002	1342610378.507381
1.28993	1671744873.1711054
1.28994	1738881551.9126446
1.28995	1748517567.2600071
1.28996	1580883985.3688908
1.28997	1159925243.2200382
1.28998	1264386936.1790962
1.28999	1483166815.6106887
1.29	1453717437.904108
1.29001	1587559459.2305105
1.2900200000000002	1583762297.1803627
1.29003	1516351900.7872872
1.29004	1702746514.6552882
1.29005	1694962132.5603814
1.29006	1688340350.4324965
1.29007	1686436526.4568722
1.29008	1433639637.7378442
1.29009	1707615153.0692327
1.2901	1699182395.9466884
1.29011	1720124968.8698099
1.2901200000000002	1739041716.19796
1.29013	1413188192.00706
1.29014	1551672273.9072313
1.29015	1619459158.8156214
1.29016	1553173599.8734741
1.29017	1268790738.892841
1.29018	1677104020.2270107
1.29019	1739682520.876391
1.2902	1502865102.608175
1.29021	1373535852.4784482
1.29022	1699847653.1915412
1.29023	1718462264.661371
1.29024	1633465626.799166
1.29025	1620503599.3722837
1.29026	1325287189.4730394
1.29027	983354251.9944823
1.29028	1348559149.783384
1.29029	1464063791.466773
1.2903	1341559688.4638908
1.29031	1180945892.6045966
1.29032	836488548.7652037
1.29033	383857473.0520612
1.29034	848242444.561122
1.29035	1208871113.35932
1.29036	1396143311.2052267
1.29037	1442513877.7780645
1.29038	1563039667.9565082
1.29039	1359658994.4848194
1.2904	1578810478.0361338
1.29041	1634142781.9665322
1.29042	1559947563.1140625
1.29043	1185359268.8693106
1.29044	1576594473.9369955
1.29045	1592062085.9611506
1.29046	1280973071.0830948
1.29047	1458478394.5478866
1.2904799999999998	1588510171.3782592
1.29049	1695938112.0778205
1.2905	1679848051.6843793
1.29051	1782871324.947889
1.29052	1784021155.1914914
1.29053	1615102167.6255965
1.29054	1774679775.2938204
1.29055	1663757399.516079
1.29056	1521282957.439358
1.29057	629549669.1057199
1.2905799999999998	1000345447.4171696
1.29059	1703766206.7283115
1.2906	1617037159.1108015
1.29061	1238682494.4024494
1.29062	1626297521.013409
1.29063	1747390619.6481724
1.29064	1811840653.534936
1.29065	1539713792.0431845
1.29066	1500790251.3254554
1.29067	1572570049.423563
1.2906799999999998	1672129850.9740365
1.29069	1365463199.5179775
1.2907	1099689301.5690296
1.29071	1103544879.6115758
1.29072	1735561469.6294243
1.29073	1584856699.3668664
1.29074	1423180550.6571872
1.29075	1601916962.1363418
1.29076	1760718794.2477837
1.29077	1810839669.9952538
1.2907799999999998	1707222005.414164
1.29079	1256434925.1853552
1.2908	1660657227.6515665
1.29081	1713917842.6373215
1.29082	1506919316.7273202
1.29083	1518483230.1071784
1.29084	1729179188.695481
1.29085	1663604168.8532596
1.29086	1747108996.2534714
1.29087	1411204653.8497534
1.29088	1596834841.6409972
1.29089	1747873508.2297118
1.2909	1624501063.5096314
1.29091	1590596417.6594596
1.29092	1454320078.2405908
1.29093	1650821057.489032
1.29094	1732925929.3012533
1.29095	1756143497.6306345
1.29096	1710724204.0242784
1.2909700000000002	1743452019.8298433
1.29098	1485012126.210839
1.29099	981476713.5120103
1.291	1356688051.067588
1.29101	1502276937.018347
1.29102	1614990604.173665
1.29103	1137208245.6374695
1.29104	1374548284.0433655
1.29105	1684767592.4580386
1.29106	1740804497.2909412
1.2910700000000002	1169122449.7179296
1.29108	1177931403.0336926
1.29109	1603356142.783352
1.2911	1630609619.346424
1.29111	1488161278.0225408
1.29112	1604722714.4931624
1.29113	1491111089.1590946
1.29114	1476114342.3980286
1.29115	1750975220.2332456
1.29116	1744696942.5464385
1.2911700000000002	1157603949.941174
1.29118	1624201846.914751
1.29119	1588693065.8983526
1.2912	1632337658.3498595
1.29121	1715971221.3636465
1.29122	1723772706.532325
1.29123	1741325660.8516614
1.29124	1429321742.0241075
1.29125	1253660666.1435106
1.29126	1118433070.3165224
1.29127	1473635244.940559
1.29128	1190008326.0453186
1.29129	1708244377.6409266
1.2913	1701296466.4974966
1.29131	1781188981.8855612
1.29132	1713523243.9014168
1.29133	1768235070.703139
1.29134	1712616011.5473669
1.29135	1550600786.7942455
1.29136	1056476886.404538
1.29137	1129197739.298808
1.29138	1312864786.8345046
1.29139	1409223899.768653
1.2914	1523105547.7548425
1.29141	1661498677.7666538
1.29142	1572968407.2692213
1.29143	1628958424.2745535
1.29144	1751862434.208561
1.29145	1422328787.122821
1.29146	1600995089.968632
1.29147	1662608513.476994
1.29148	1383725677.1075118
1.29149	1417979656.0211961
1.2915	1699143271.2765794
1.29151	1605720677.5390337
1.29152	1637570476.883584
1.2915299999999998	1632826349.014232
1.29154	1613243782.5159152
1.29155	1625473898.1874948
1.29156	1398137872.6283278
1.29157	1712773756.5756118
1.29158	1589607854.413109
1.29159	1627271431.5023053
1.2916	1562931700.730429
1.29161	1346263278.896412
1.29162	1458008312.4348786
1.2916299999999998	1242081233.1750948
1.29164	1661422164.6866994
1.29165	1592465381.460108
1.29166	1698673845.4970546
1.29167	996804523.1594043
1.29168	1592318716.7324324
1.29169	1634594374.6906455
1.2917	1311927996.5203295
1.29171	991790627.826056
1.29172	1394247903.0987012
1.2917299999999998	1104154889.5854542
1.29174	1612575287.4641926
1.29175	1721789281.8335545
1.29176	1702001741.0221698
1.29177	1736200991.9014153
1.29178	1711472794.492775
1.29179	1664983753.0215993
1.2918	1434564237.3939335
1.29181	1698282756.4171276
1.29182	1572171792.46294
1.29183	1677258494.3293526
1.29184	1610089433.9418988
1.29185	1526265192.6485193
1.29186	1765102784.2604222
1.29187	1692933893.8920429
1.29188	1414425247.8336482
1.29189	1125615332.0268717
1.2919	1142536281.2866154
1.29191	1077903792.6240141
1.2919200000000002	1322939549.6342695
1.29193	1819114350.899031
1.29194	1804097480.4931786
1.29195	1715220663.3035588
1.29196	1313862750.2920945
1.29197	1489018179.128527
1.29198	1671860357.2044663
1.29199	1250950139.8340604
1.2919999999999998	1647251834.9479089
1.29201	1731928664.0117998
1.2920200000000002	1800196860.6382601
1.29203	1794320421.716844
1.29204	1697735382.9698374
1.29205	1531475311.3062654
1.29206	1022092025.7904949
1.29207	1369588182.3844068
1.29208	1514467646.654487
1.29209	1124915756.739001
1.2921	1601916962.1363418
1.29211	1745259457.0522313
1.2921200000000002	1790605854.0352945
1.29213	1780983926.7298374
1.29214	1701453168.9091005
1.29215	1048431353.2303971
1.29216	1345550493.9324312
1.29217	1595401514.5471413
1.29218	1769212503.5644746
1.29219	1767787261.1284914
1.2922	1604242435.0011375
1.29221	1648959541.4102936
1.29222	1442513877.7780645
1.29223	1588473595.0009565
1.29224	1744255094.056565
1.29225	1793576892.229161
1.29226	1822174648.06392
1.29227	1626597123.6812813
1.29228	1584783715.6991832
1.29229	1729378279.2669857
1.2923	1824945923.3323786
1.29231	1792668552.3655305
1.29232	1351481172.7633107
1.29233	1138020276.2310224
1.29234	1461604932.6109593
1.29235	1614470076.6166325
1.29236	1745701559.9637554
1.29237	1663221153.9351902
1.29238	1399812927.5771153
1.29239	1527566058.2380698
1.2924	1141747317.7135055
1.29241	1617633007.3685534
1.29242	1764087001.814504
1.29243	1658593656.3639562
1.29244	1741526149.9179544
1.29245	1606386331.0038533
1.29246	1014775562.1844672
1.29247	1489944186.5340312
1.29248	1414164725.070151
1.29249	1218428362.708402
1.2925	1439063639.160756
1.29251	1611944185.3822775
1.29252	1575143045.273844
1.29253	1687096793.4887686
1.29254	1518867886.8723545
1.29255	1555428312.9117868
1.29256	1773168469.2264254
1.29257	1770924311.3450656
1.2925799999999998	1613280929.2544293
1.29259	1100145179.1099038
1.2926	1596209899.7850304
1.29261	1728462652.3953185
1.29262	1764777670.2567546
1.29263	1687407596.8281069
1.29264	1577066476.158456
1.29265	1744415753.2862015
1.29266	1416445927.2385113
1.29267	1296193979.704407
1.2926799999999998	1578265270.3748744
1.29269	1213724168.5182364
1.2927	1357281719.9601912
1.29271	1271686321.6202366
1.29272	1633051947.894331
1.29273	1159284421.9240482
1.29274	1206451867.4580328
1.29275	978137704.3229842
1.29276	1276056781.824894
1.29277	1490630489.203591
1.2927799999999998	1242767822.3248453
1.29279	1394312112.0659118
1.2928	1742528941.5548606
1.29281	1713010401.36125
1.29282	1804222107.4365406
1.29283	1732207840.428825
1.29284	1262728550.3595965
1.29285	1301457528.5035784
1.29286	1164903633.7842224
1.29287	1713444335.0568116
1.29288	1198919434.0214245
1.29289	1600442221.3369422
1.2929	1656799672.35386
1.29291	1624575876.2708905
1.29292	1657715506.7195725
1.29293	1715615652.9297256
1.29294	1769538434.5698664
1.29295	1766607215.7872207
1.29296	1462614922.3277886
1.2929700000000002	1696328661.2212768
1.29298	1441916129.6882925
1.29299	1354315971.0425634
1.2930000000000001	1526089484.9892259
1.29301	1732367390.0142965
1.29302	1732287613.3846743
1.29303	1734402935.8670433
1.29304	1769416203.4070067
1.29305	1737840843.5528886
1.29306	1731410312.8901556
1.2930700000000002	1171331978.2069132
1.29308	1614432902.497297
1.29309	1706553862.121703
1.2931	1422787365.6617367
1.29311	1266893185.1457524
1.29312	1597018694.629339
1.29313	1632074577.8070993
1.29314	1290060268.6114376
1.29315	1656303806.6832066
1.29316	1158323853.7310033
1.2931700000000002	1518028761.3395672
1.29318	1765143427.7219305
1.29319	1213109489.5209196
1.2932	1416674249.7480366
1.29321	1667093660.4793842
1.29322	1692700022.5868173
1.29323	1374833164.8556106
1.29324	1597276124.3759286
1.29325	1737840843.5528886
1.29326	1739041716.19796
1.29327	1211685748.855324
1.29328	1203787973.0256608
1.29329	1610756898.4800124
1.2933	1640438676.255696
1.29331	1348155537.8088155
1.29332	1705532501.6565635
1.29333	1740243418.663051
1.29334	1618191814.5128767
1.29335	1432748623.8774812
1.29336	1671629397.11483
1.29337	1694298787.3268654
1.29338	1770068200.521659
1.29339	1761692072.3133426
1.2934	1696172430.7725387
1.29341	1659357642.8705425
1.29342	1817816327.8875387
1.29343	1790523395.4870515
1.29344	1691141705.9927256
1.29345	1675752978.5548713
1.29346	1553531272.4882646
1.29347	1508724698.5200126
1.29348	1796511493.395295
1.29349	1792132022.3258333
1.2935	1796676965.83883
1.29351	1759705534.7031586
1.29352	1804139021.8510933
1.2935299999999998	1823349826.2667165
1.29354	1785747291.1350508
1.29355	1714233587.051565
1.29356	1553996370.0284655
1.29357	1754607575.1424036
1.29358	1815055879.2804422
1.29359	1758126014.044964
1.2936	1643274061.0505016
1.29361	1647062198.9884644
1.29362	1560702047.0330012
1.2936299999999998	1541948965.7304413
1.29364	1201959958.4004257
1.29365	1598416669.2887194
1.29366	1498752774.2371614
1.29367	1780819899.6020586
1.29368	1293034164.6654296
1.29369	1661881296.0242624
1.2937	1829700471.5346
1.29371	1864060484.03049
1.29372	1842892488.9705515
1.2937299999999998	1719174655.2886045
1.29374	1342146737.3834894
1.29375	1535924966.7824762
1.29376	1430408229.2861495
1.29377	1310659862.9600005
1.29378	1515200133.7663436
1.29379	1433903748.2432625
1.2938	1373693995.7406614
1.29381	1603023909.4535565
1.29382	1638023016.84567
1.29383	1144273920.7291412
1.29384	1082804370.4115222
1.29385	1595254579.4040687
1.29386	1453081588.4641378
1.29387	1650212984.553772
1.29388	1736121038.7319741
1.29389	1757114246.595093
1.2939	1379494584.808107
1.29391	1418502155.2741086
1.2939200000000002	1524052753.7972903
1.29393	1718699695.3977413
1.29394	1566751070.1081498
1.29395	1360974537.3271973
1.29396	1114961830.393181
1.29397	1394986484.7765136
1.29398	1728024915.276552
1.29399	1760435022.778278
1.294	1597276124.3759286
1.29401	1317376766.8781724
1.2940200000000002	1728940310.26362
1.29403	1601437522.3814912
1.29404	1427709995.3163779
1.29405	1220337620.825994
1.29406	1673670648.9361627
1.29407	1755254115.551685
1.29408	1786693263.6751595
1.29409	1747189455.448715
1.2941	1680621828.4558494
1.29411	1219186092.669494
1.2941200000000002	1248964228.6340902
1.29413	1634970797.2902606
1.29414	1763559025.9832423
1.29415	1759340904.0302513
1.29416	1776028783.6474817
1.29417	1802478113.3981512
1.29418	1723018736.1378686
1.29419	1614470076.6166325
1.2942	1789575395.066952
1.29421	1776315068.7368548
1.29422	1700826445.8503408
1.29423	1731410312.8901556
1.29424	1635874565.2400494
1.29425	1708480396.6265125
1.29426	1688107113.7049165
1.29427	1625960533.9733946
1.29428	1745179086.7346525
1.29429	1796635596.2991333
1.2943	1727945338.6206772
1.29431	1209372252.353408
1.29432	1767420955.8314567
1.29433	1769212503.5644746
1.29434	1480096392.149564
1.29435	1630609619.346424
1.29436	1770679666.0097435
1.29437	1761529821.9491954
1.29438	1702001741.0221698
1.29439	1608644209.458428
1.2944	1711709259.5314429
1.29441	1829700471.5346
1.29442	1794650978.1976964
1.29443	1812299622.5580854
1.29444	1802768661.9593785
1.29445	1796304674.2717855
1.29446	1623603579.0528185
1.29447	1648693781.952424
1.29448	1513840082.4024162
1.29449	1680970144.2750347
1.2945	1629708760.10947
1.29451	1702942561.8775465
1.29452	1742528941.5548606
1.29453	1651315281.7294686
1.29454	1761083710.4941328
1.29455	1775456351.881265
1.29456	1615957743.499982
1.29457	1144669207.1995964
1.2945799999999998	1449072117.4985154
1.29459	886074013.7209475
1.2946	933727177.9962935
1.29461	1411367134.1426466
1.29462	1283600861.783375
1.29463	1396464822.0967207
1.29464	1675058580.9776404
1.29465	1682286655.6529346
1.29466	1593749274.2052288
1.29467	1243597957.2670724
1.2946799999999998	1455794251.0066473
1.29469	1293421274.355478
1.2947	1437176145.1790848
1.29471	1679886732.0605233
1.29472	1530558734.1205034
1.29473	1538402581.5203838
1.29474	1760475558.7593691
1.29475	1019084039.7562836
1.29476	1565993661.9342878
1.29477	1765184072.1193066
1.2947799999999998	1823517770.7258976
1.29479	1759340904.0302513
1.2948	1423213320.9776726
1.29481	1438997369.3570206
1.29482	1772678592.3543844
1.29483	1766891982.1768844
1.29484	1609014656.1237018
1.29485	1266572341.549918
1.29486	998205595.4997408
1.29487	1591292441.7846131
1.29488	1690402008.2504904
1.29489	1702942561.8775465
1.2949	1234383193.3726532
1.29491	1330638239.7463412
1.29492	1722225439.3638668
1.29493	1565921546.921579
1.29494	1231657625.4449685
1.29495	1184458912.0898948
1.29496	1583944645.0497649
1.2949700000000002	1701766617.0341082
1.29498	1546713941.0917726
1.29499	1358970408.1905851
1.295	1551422194.0405345
1.29501	1173734850.9516695
1.29502	1287419254.1983216
1.29503	1390849055.7338352
1.29504	1559265249.097235
1.29505	1743652753.716353
1.29506	1821755125.1469886
1.2950700000000002	1783610416.429602
1.29508	1548139173.5203595
1.29509	1609385188.0972936
1.2951	1562751771.926389
1.29511	1563759640.091332
1.29512	1779999990.5367637
1.29513	1780122952.8269968
1.29514	1809130935.599689
1.29515	1637004977.7421288
1.29516	1578119913.4655347
1.2951700000000002	1820036090.770719
1.29518	1653940949.813064
1.29519	1416087209.0688019
1.2952	1573874141.337017
1.29521	1268732310.2653925
1.29522	1408412918.7240827
1.29523	1780942918.5315595
1.29524	1789534189.0450754
1.29525	1417555267.0954685
1.29526	1449572695.7187982
1.29527	1742248101.7069442
1.29528	1596834841.6409972
1.29529	1393317205.2829595
1.2953	1625960533.9733946
1.29531	1622482420.7123508
1.29532	1672938592.9553561
1.29533	1762909426.495425
1.29534	1773372624.5425546
1.29535	1320808940.5434456
1.29536	1414132163.0988874
1.29537	1690985953.258219
1.29538	1621287371.8113248
1.29539	1409743172.6874714
1.2954	1647782931.7987466
1.29541	1727547510.3062913
1.29542	1672591941.3634546
1.29543	1651923760.8408313
1.29544	1729059745.3542626
1.29545	1783692556.6160636
1.29546	1741526149.9179544
1.29547	1344745191.4401715
1.29548	1681705714.7573318
1.29549	1703648518.7930665
1.2955	1322665421.7596414
1.29551	1319592990.6041718
1.29552	1560809860.2347395
1.2955299999999998	1616069373.7618456
1.29554	1765956493.5116172
1.29555	1758045051.2141812
1.29556	1682441607.1156225
1.29557	1767624449.4025598
1.29558	1656227532.830398
1.29559	714101589.8937348
1.2956	869721087.0445558
1.29561	1679422626.3243976
1.29562	1279175108.8730035
1.2956299999999998	1692777976.0985315
1.29564	1516770942.1912315
1.29565	1755294532.2366126
1.29566	1674634368.5620592
1.29567	1310237424.2319958
1.29568	1573403094.5534856
1.29569	1394536866.7384045
1.2957	1743853510.7145355
1.29571	1057377342.2586707
1.29572	1312743873.0873814
1.2957299999999998	1574490338.384202
1.29574	1736520841.4015322
1.29575	1714904737.079889
1.29576	1791265659.1439302
1.29577	1814136661.5892406
1.29578	1730214710.0114033
1.29579	1743933819.9856706
1.2958	1779057561.7793071
1.29581	1576158904.9638355
1.29582	1678572098.7969778
1.29583	1791595652.8648906
1.29584	1766647893.8899434
1.29585	1756547911.1725564
1.29586	1741004926.3526075
1.29587	1329811241.7452161
1.29588	1441550961.1315765
1.29589	1540529432.0691447
1.2959	1640060994.7753613
1.29591	1462143506.970677
1.2959200000000002	1268703096.9606793
1.29593	1673477971.573435
1.29594	1360285284.7888722
1.29595	1167884783.4896355
1.29596	1489841268.390537
1.29597	1686902570.4730024
1.29598	1684922772.4339745
1.29599	1817272271.3382804
1.296	1834720865.35063
1.29601	1708952532.4306364
1.2960200000000002	1714154645.495209
1.29603	1824903902.8833747
1.29604	1785788409.9593694
1.29605	1358845248.1543567
1.29606	1475366778.4066072
1.29607	1702315290.2072034
1.29608	1752992265.8353848
1.29609	1650364981.7861366
1.2961	1596945150.8939722
1.29611	1543938510.6352644
1.2961200000000002	1397075896.7824907
1.29613	1743010486.6195016
1.29614	1786117394.6408114
1.29615	1088579120.3186095
1.29616	1228146005.3839195
1.29617	1620242426.1007571
1.29618	1066645240.927851
1.29619	1382419973.627697
1.2962	1624725512.1295776
1.29621	1808881012.1887715
1.29622	1699847653.1915412
1.29623	1634481464.8112562
1.29624	1661996098.6823194
1.29625	1781394060.6504922
1.29626	1741806873.3916125
1.29627	1640854226.3402586
1.29628	1317376766.8781724
1.29629	1758004571.196951
1.2963	1503765095.4249294
1.29631	1765875170.0822315
1.29632	1791100685.0772085
1.29633	1772637775.3912961
1.29634	1671129093.037085
1.29635	1724765275.5236769
1.29636	1783528280.0257413
1.29637	1629971459.2967448
1.29638	1706868249.915667
1.29639	1592428714.0117693
1.2964	1498097226.5445325
1.29641	1584382365.5996435
1.29642	1745580975.3369827
1.29643	1261624168.4115126
1.29644	1390016642.371425
1.29645	1380861114.7817953
1.29646	1732686533.2738032
1.29647	1703334724.0408704
1.29648	1478665703.9468694
1.29649	1722027172.2460792
1.2965	1754082436.420747
1.29651	1493310091.5521483
1.29652	1364206140.4206555
1.29653	1554747975.5945811
1.29654	1741606352.0076962
1.29655	1779795072.2608476
1.29656	1286885774.131488
1.29657	1553531272.4882646
1.2965799999999998	1703962371.353716
1.29659	1698478289.7006426
1.2966	1624688101.8728375
1.29661	1729258822.1735528
1.29662	1784801819.4442282
1.29663	1774638912.2523232
1.29664	1532216024.3417306
1.29665	1752306209.7627554
1.29666	1727070237.2296839
1.29667	1495305738.5106466
1.2966799999999998	1706514567.719267
1.29669	1804014400.6468828
1.2967	1802851684.4359665
1.29671	1621623390.3191614
1.29672	1550243788.8710427
1.29673	1708401720.0082662
1.29674	1760435022.778278
1.29675	1690791282.5121615
1.29676	1401489989.3444982
1.29677	1610348970.6125536
1.2967799999999998	1227863246.8705447
1.29679	1756790603.998919
1.2968	1680428350.8550713
1.29681	1062771745.7899994
1.29682	1113653278.6818721
1.29683	1420430535.7853837
1.29684	1735401625.871896
1.29685	1284576580.5070672
1.29686	1485319901.1108687
1.29687	1458344069.9094696
1.29688	1215570074.8777168
1.29689	1278674487.2396324
1.2969	1432418759.2936685
1.29691	1661307401.6732295
1.29692	1625885657.4477599
1.29693	1510114925.4449873
1.29694	1192696651.576198
1.29695	1425509119.5195944
1.29696	1553245127.8080149
1.2969700000000002	1632262488.153556
1.29698	1718778846.2661998
1.29699	1693050841.6616495
1.297	1726950939.5646405
1.29701	1617111628.1386526
1.29702	1287923299.5486445
1.29703	1646379690.2803352
1.29704	1475366778.4066072
1.29705	1323792755.2937818
1.29706	1308790096.2848778
1.2970700000000002	1438931102.605047
1.29708	1706435981.6286962
1.29709	1721591064.9273748
1.2971	1772760229.1001508
1.29711	1697422677.3571966
1.29712	1686164726.9094927
1.29713	1689195827.504178
1.29714	1614321385.274966
1.29715	1716287344.0590765
1.29716	1555070203.5375822
1.2971700000000002	1172141385.1995869
1.29718	1564047721.7947288
1.29719	1662110909.2709365
1.2972	1657753677.469168
1.29721	1721115437.450089
1.29722	1477678654.9882038
1.29723	1557435249.9398904
1.29724	1364677401.9083507
1.29725	1407602404.3833814
1.29726	1713325978.6032429
1.29727	1598895204.6579568
1.29728	825068487.3560867
1.29729	1415076764.7376065
1.2973	1201129960.5797415
1.29731	1243626592.497926
1.29732	1615399707.8432107
1.29733	1532039631.6070573
1.29734	1787145862.4510493
1.29735	1806050958.687716
1.29736	1756911962.9861526
1.29737	1811214974.000229
1.29738	1649111423.1909618
1.29739	1313771995.0032132
1.2974	1611127831.6659214
1.29741	1790111159.701355
1.29742	1589388257.1417458
1.29743	1245804800.4359028
1.29744	1323030938.2172627
1.29745	1248820444.5903974
1.29746	1750572089.7031145
1.29747	1694454845.1987176
1.29748	1648617858.5461302
1.29749	1770231237.3357515
1.2975	1766037820.6861637
1.29751	1199167915.0287087
1.29752	1240394980.181274
1.29753	1689001362.842101
1.29754	1775292833.8384988
1.29755	1579646828.9384546
1.29756	1575723456.326211
1.29757	1669629079.044449
1.29758	1706828948.2742605
1.29759	1683139065.3353481
1.2976	1549173288.1798186
1.29761	1232196582.6636074
1.29762	1466020353.9175436
1.2976299999999998	1634556737.1975634
1.29764	1646455510.6127918
1.29765	1716247825.5375092
1.29766	1685388398.1266134
1.29767	1667439172.5298507
1.29768	1601916962.1363418
1.29769	1211741550.3310475
1.2977	1510636590.7456114
1.29771	1760029714.2988696
1.29772	1417685834.7732954
1.2977299999999998	1537765099.123458
1.29774	1645735358.4105394
1.29775	1454320078.2405908
1.29776	1754203608.3279302
1.29777	1422558057.9137444
1.29778	1356157093.7472167
1.29779	1615102167.6255965
1.2978	1833665019.048193
1.29781	1765468609.1068192
1.29782	1622445062.1041052
1.2978299999999998	1601769426.9260035
1.29784	1714865250.3936648
1.29785	1629746285.9724758
1.29786	1611684391.6141074
1.29787	1582158540.8495455
1.29788	1538048392.0143998
1.29789	1468960101.3107686
1.2979	1593969474.0149858
1.29791	1676409062.805884
1.29792	1584090538.4614153
1.29793	1639419135.8083313
1.29794	1346480288.3878498
1.29795	1048817680.7749852
1.29796	1455861294.3531795
1.29797	1624089654.9009528
1.29798	1377368035.1212249
1.29799	1588729647.3292177
1.298	1786857831.7846735
1.29801	1373282861.1262374
1.2980200000000002	1346294278.1108735
1.29803	1656189397.2211769
1.29804	1592978814.3980515
1.29805	1778607011.3840559
1.29806	1822510335.95548
1.29807	1801191961.1187415
1.29808	1633841789.465049
1.29809	1591365725.1971114
1.2981	1414229851.2620285
1.29811	1624912576.3348734
1.2981200000000002	1833538358.3307946
1.29813	1782296687.7624593
1.29814	1806175720.5772316
1.29815	1786898976.1804302
1.29816	1715615652.9297256
1.29817	1718937158.9386394
1.29818	1259650316.1399915
1.29819	1003367431.3362988
1.2982	1504111390.0012438
1.29821	1785788409.9593694
1.2982200000000002	1656456364.9268556
1.29823	1772719410.257329
1.29824	1736600812.9829905
1.29825	1608866467.2216928
1.29826	1160219071.3526435
1.29827	1546892023.3660095
1.29828	1663719090.5272658
1.29829	1613392374.6021225
1.2983	1241252110.6868145
1.29831	1589241875.8146427
1.29832	1619011747.5284886
1.29833	1664830409.4126494
1.29834	1658670039.1832955
1.29835	1242081233.1750948
1.29836	1729497744.6125069
1.29837	1305990446.4196455
1.29838	1727507732.5128071
1.29839	1461167487.0209866
1.2984	1585367679.1601224
1.29841	1796966579.290186
1.29842	1732167955.3285086
1.29843	1764411988.5806246
1.29844	1501758158.5412655
1.29845	1611832840.0684905
1.29846	1536455548.0952175
1.29847	1133652630.2703474
1.29848	1330148104.7940807
1.29849	1451275955.492697
1.2985	1653103327.2370107
1.29851	1611313330.2902806
1.29852	1330822086.91226
1.29853	1318196031.9879394
1.29854	1686669532.3683438
1.29855	1509141632.1588962
1.29856	1621324703.7624598
1.29857	1746183981.7763734
1.2985799999999998	1712734318.9564548
1.29859	1752386908.3040295
1.2986	1769334720.6557612
1.29861	1662493668.51629
1.29862	1708008391.260317
1.29863	1549030610.6176765
1.29864	1483371736.8338265
1.29865	1495925619.3278568
1.29866	1352259371.8259814
1.29867	1590926075.3402233
1.2986799999999998	1734642569.040656
1.29869	1527284696.086541
1.2987	1660466048.4280903
1.29871	1745179086.7346525
1.29872	1684806386.1120994
1.29873	1577647595.9594898
1.29874	1442048941.1878176
1.29875	1701257293.149675
1.29876	1745179086.7346525
1.29877	1475332807.2222052
1.2987799999999998	1374390042.4332385
1.29879	1678919989.8012207
1.2988	1278262357.7167966
1.29881	1503038136.3077064
1.29882	1385734405.7685368
1.29883	1616032162.817756
1.29884	1816895712.1935327
1.29885	1744656769.8772225
1.29886	1707222005.414164
1.29887	1606127432.9837773
1.29888	1036501655.2961963
1.29889	1218821200.9209185
1.2989	1664025587.1379175
1.29891	1775292833.8384988
1.29892	1720838048.7731006
1.29893	1714273059.1930428
1.29894	1773576803.3642864
1.29895	1585258169.6229472
1.29896	1718620548.1742244
1.2989700000000002	1720283405.5304332
1.29898	1365840543.0725071
1.29899	1404494361.44427
1.2990000000000002	1755537051.8903134
1.29901	1638023016.84567
1.29902	1717868831.3105586
1.29903	1787351627.066679
1.29904	1537481858.4121895
1.29905	1387841915.8754578
1.29906	1400038568.947777
1.2990700000000002	1561169291.3659065
1.29908	1515967881.2013464
1.29909	1801316387.349003
1.2991	1342610378.507381
1.29911	1572244195.3167205
1.29912	1581138814.2980134
1.29913	1330362516.6169953
1.29914	1274207039.32007
1.29915	1400393221.7331135
1.29916	1665558917.3587105
1.2991700000000002	1732846126.9505386
1.29918	1232735775.7228546
1.29919	1305028511.5303495
1.2992	691241812.0416459
1.29921	799466002.5203142
1.29922	1674942876.0264378
1.29923	1766647893.8899434
1.29924	1772678592.3543844
1.29925	1671937350.992019
1.29926	1597864691.0582066
1.29927	1599852705.232318
1.29928	1702668102.0859852
1.29929	1807923292.2484527
1.2993	1810589510.5302613
1.29931	1440157531.6464336
1.29932	1088704454.8360553
1.29933	1258983388.786856
1.29934	1590742923.7502158
1.29935	1826753718.2538366
1.29936	1774557188.9919922
1.29937	1785706173.2575169
1.29938	1744094449.623509
1.29939	1625885657.4477599
1.2994	1442912514.1633518
1.29941	1705022050.6757627
1.29942	1739121803.8726735
1.29943	1655007628.7699893
1.29944	1136318297.667311
1.29945	1487613120.127194
1.29946	1229560774.9765034
1.29947	908594283.3207527
1.29948	1419482360.3611064
1.29949	1722860047.5555875
1.2995	1657524666.1547394
1.29951	1769334720.6557612
1.29952	1719530961.3404715
1.29953	1371987011.6379988
1.29954	1361005875.2848024
1.29955	1315133982.8173218
1.29956	1399393975.794528
1.29957	1691648001.4639
1.29958	1794816279.2735574
1.29959	1730374076.0143256
1.2996	1738401147.5572226
1.29961	1650935096.1064818
1.29962	1790647084.7334461
1.2996299999999998	1692037562.6591444
1.29964	1727467955.6352293
1.29965	1725678943.7660306
1.29966	1655236292.3188298
1.29967	1702276093.4003682
1.29968	1712300565.0740938
1.29969	1658670039.1832955
1.2997	1563867664.5114114
1.29971	968054927.7120633
1.29972	1549244631.8889554
1.2997299999999998	1487544614.588716
1.29974	907925052.8958765
1.29975	1042869581.2409817
1.29976	1677104020.2270107
1.29977	1754244000.8237488
1.29978	1435125892.3724806
1.29979	1389824617.740339
1.2998	1736041089.2444284
1.29981	1794237792.1103766
1.29982	1693167797.5100086
1.2998299999999998	1613652443.686818
1.29984	1690674490.8219733
1.29985	1587303595.4990866
1.29986	1649453208.3484378
1.29987	1659777985.4403648
1.29988	1276526985.1260107
1.29989	1723375838.8913774
1.2999	1799740956.667239
1.29991	1716998833.0703154
1.29992	1730095195.1413846
1.29993	1372524166.6259053
1.29994	1718897579.4035394
1.29995	1689001362.842101
1.29996	1564011708.6796587
1.29997	1804512937.1190505
1.29998	1527144034.4453886
1.29999	1702785722.2940974
1.3	1767014038.9666965
1.30001	1534899695.7323635
1.3000200000000002	1721828927.9533305
1.30003	1828731728.6407387
1.30004	1756628805.0559046
1.30005	1734442872.4302804
1.30006	1709149294.1882267
1.30007	1722939390.0197544
1.30008	1710330340.5661776
1.30009	1522088834.0102575
1.3001	1660924915.544466
1.30011	1623902685.4325285
1.3001200000000002	1198753808.6216981
1.30013	1403750745.7796926
1.30014	1401264114.0513663
1.30015	1505116095.3045287
1.30016	1721155068.0538461
1.30017	1459654263.0166626
1.30018	1129717873.8313267
1.30019	1543938510.6352644
1.3002	1756143497.6306345
1.30021	1726275075.1000185
1.3002200000000002	1640892008.8400562
1.30023	1407310733.4181125
1.30024	1611424639.7163641
1.30025	1655693714.20054
1.30026	1727308857.2835596
1.30027	1648655819.8122232
1.30028	1706200245.0699706
1.30029	1765184072.1193066
1.3003	1341467020.00438
1.30031	1446272072.2958205
1.30032	1169795644.4415116
1.30033	1673940434.5138016
1.30034	1710960565.6342065
1.30035	1639268146.6792185
1.30036	1672553428.9541395
1.30037	1430737630.8750176
1.30038	1015687248.236034
1.30039	1462177174.456715
1.3004	1704197798.717404
1.30041	1417000488.6071408
1.30042	1755456208.282899
1.30043	1312199899.019204
1.30044	1316224589.6190536
1.30045	1446205470.5391152
1.30046	1374421689.2978258
1.30047	1668629817.8018816
1.30048	1409353700.0638585
1.30049	1701531525.5273814
1.3005	1681241106.4871438
1.30051	1702393686.5285444
1.30052	1719926943.563712
1.30053	1414848699.6914995
1.30054	1589754269.4496393
1.30055	1535500633.6570644
1.30056	1040255450.5217056
1.30057	1591365725.1971114
1.3005799999999998	1700708960.979569
1.30059	1711078758.6851926
1.3006	1241652307.5924091
1.30061	1636929592.6127672
1.30062	1675135722.0522318
1.30063	1429288831.053649
1.30064	1523842212.672183
1.30065	1719610150.4910226
1.30066	1689312517.048395
1.30067	1584710735.3924384
1.3006799999999998	1805385707.4766989
1.30069	1759462439.1920547
1.3007	1753194098.1465433
1.30071	1578374296.842998
1.30072	1359690302.150582
1.30073	1514886167.3478322
1.30074	1833158428.6708512
1.30075	1776110574.6788187
1.30076	1722899718.3309393
1.30077	1732925929.3012533
1.3007799999999998	1830248248.849216
1.30079	1559157542.5897686
1.3008	1393285123.3380525
1.30081	1534722994.0463946
1.30082	1788875021.7161074
1.30083	1790152379.008625
1.30084	1747390619.6481724
1.30085	1554246864.8367565
1.30086	1596283409.660059
1.30087	1521247929.0080402
1.30088	1730294391.178099
1.30089	1651999836.4930513
1.3009	1531193229.1100233
1.30091	1694806027.9677885
1.30092	1319927265.202035
1.30093	1510288793.8592672
1.30094	1783938999.8728476
1.30095	1657372009.521442
1.30096	1557901516.2562413
1.3009700000000002	1504180658.4854972
1.30098	1646948427.892023
1.30099	1811256679.246368
1.301	1706396689.9405274
1.30101	1704551000.7538545
1.30102	1384905053.4881074
1.30103	1106088813.2887263
1.30104	1521282957.439358
1.30105	1652836899.9336016
1.30106	1235577525.1730387
1.3010700000000002	1663987271.9739273
1.30108	1837976693.4780078
1.30109	1791801929.8110664
1.3011	1246235160.4865112
1.30111	1433771686.909184
1.30112	1656151262.4900436
1.30113	1720838048.7731006
1.30114	1653750543.7851398
1.30115	1496993794.2845778
1.30116	686262076.4612749
1.3011700000000002	1247326071.4319222
1.30118	1487441862.1960552
1.30119	1572352805.849355
1.3012	1567617128.0247858
1.30121	1672245361.6016407
1.30122	1493550804.0996914
1.30123	1781886346.0281575
1.30124	1669552191.5543005
1.30125	1555858153.0192378
1.30126	1710212199.2122984
1.30127	1441949331.4164002
1.30128	1390977163.565417
1.30129	1674133165.1226072
1.3013	1359189465.9943414
1.30131	1668322473.1387026
1.30132	1653255590.6920345
1.30133	1529431392.1475935
1.30134	637749313.8093221
1.30135	967497830.86137
1.30136	1180429352.2062573
1.30137	1569097751.263835
1.30138	1564515967.758647
1.30139	1184868080.3618195
1.3014	1657982720.4248714
1.30141	1793659491.3993702
1.30142	1765834509.7719266
1.30143	1790770782.5242934
1.30144	1715615652.9297256
1.30145	1599042475.1304498
1.30146	1272770204.6731071
1.30147	1476284296.1251814
1.30148	1675714393.3608234
1.30149	1742569065.2284474
1.3015	1783980077.0592496
1.30151	1651657523.6457338
1.30152	1679925413.3273265
1.30153	1430572920.5996435
1.30154	1171305007.601901
1.30155	1161475357.490882
1.30156	1678765362.6765373
1.30157	1494066747.3673794
1.30158	1196850760.2596982
1.30159	1664255496.6498215
1.3016	1798332528.776093
1.30161	1741486050.2580965
1.30162	1352601921.3552244
1.3016299999999998	1451476470.5263205
1.30164	1335580286.0874026
1.30165	1295507704.1492324
1.30166	1789328173.1671753
1.30167	1547105749.1601315
1.30168	1405659072.5106695
1.30169	1617037159.1108015
1.3017	1337765525.806981
1.30171	1606460309.5316494
1.30172	1675984508.3776991
1.3017299999999998	1743211169.6696956
1.30174	1791925707.3785405
1.30175	1772841869.6055226
1.30176	1647593234.6980374
1.30177	1299900168.3515115
1.30178	1768886632.5922558
1.30179	1718818423.0673368
1.3018	1571846020.8793955
1.30181	1746988314.4078093
1.30182	1738281067.2076561
1.3018299999999998	1730772555.244454
1.30184	1787845558.8082228
1.30185	1801399342.9443414
1.30186	1764858943.1432414
1.30187	1613838232.9846096
1.30188	1623715737.4885266
1.30189	1399007362.3646634
1.3019	1528304880.5249972
1.30191	1708008391.260317
1.30192	1795436293.9215267
1.30193	1427315558.962001
1.30194	1118767907.779466
1.30195	1574055350.724872
1.30196	1639758912.1991935
1.30197	1599152936.8866045
1.30198	1558762682.3771687
1.30199	1690557707.1991973
1.3019999999999998	1741405853.708328
1.30201	1650440985.652275
1.3020200000000002	1608903513.167644
1.30203	1776765038.5453546
1.30204	1664217176.192023
1.30205	1588583326.6595259
1.30206	1722661707.3800447
1.30207	1768153642.343813
1.30208	1592098744.9674625
1.30209	1727786196.3024347
1.3021	1680428350.8550713
1.30211	1703413167.3099627
1.3021200000000002	1625586185.8247404
1.30213	1607681447.230717
1.30214	1500133812.4495528
1.30215	1700983104.9694493
1.30216	1672707483.9122345
1.30217	1798746657.8199308
1.30218	1802893197.10803
1.30219	1751459099.4133794
1.3022	1642177131.6049664
1.30221	1695235350.1963005
1.3022200000000002	1739001673.7436512
1.30223	1547533289.340509
1.30224	1617372296.744499
1.30225	1216101992.395282
1.30226	1652951077.8053305
1.30227	1483849996.4668345
1.30228	1355314235.656835
1.30229	1535288511.0581534
1.3023	1585513703.644094
1.30231	1217166525.8126473
1.30232	1592648731.366797
1.30233	1707104078.7690475
1.30234	1673439438.762756
1.30235	1131227619.229566
1.30236	1369588182.3844068
1.30237	1682557830.0787086
1.30238	1686436526.4568722
1.30239	1753476702.4228275
1.3024	1736280948.7529275
1.30241	1563183635.859942
1.30242	1329658150.3809462
1.30243	1451008645.2031693
1.30244	1587888487.4890895
1.30245	1179831535.0502415
1.30246	1646531334.4369905
1.30247	1532745324.409886
1.30248	1537658877.742442
1.30249	1791306905.0348382
1.3025	1773331791.5989683
1.30251	1686786047.3962474
1.30252	1784267643.8489823
1.30253	1782419808.7083952
1.30254	1681202394.9257278
1.30255	1732806227.153302
1.30256	1755173284.9736776
1.30257	1721670348.9513936
1.3025799999999998	1541132574.126194
1.30259	1325317705.689632
1.3026	1525913797.5578663
1.30261	1808964316.1559715
1.30262	1687796181.5216813
1.30263	1722146129.7775786
1.30264	1753840117.7157185
1.30265	1654550396.4345078
1.30266	1474144308.4297733
1.30267	1714904737.079889
1.3026799999999998	1841535095.746724
1.30269	1656227532.830398
1.3027	1660389582.9013731
1.30271	1563939684.9371624
1.30272	1489944186.5340312
1.30273	1555750681.8575087
1.30274	1589461452.8612812
1.30275	1598784760.704692
1.30276	1204148364.1134262
1.30277	1543334270.4388626
1.3027799999999998	1544116273.357867
1.30279	1645470118.5876908
1.3028	1472956767.0683465
1.30281	1135716668.989199
1.30282	1009555037.0813444
1.30283	1244457301.0751598
1.30284	1642214944.566134
1.30285	1816351931.176511
1.30286	1678842674.4586651
1.30287	1600921363.1177092
1.30288	1773331791.5989683
1.30289	1538615134.3737488
1.3029	1632187321.418889
1.30291	1625698481.2188096
1.30292	1774312041.7907429
1.30293	1741526149.9179544
1.30294	1470957076.7969775
1.30295	1181898006.152279
1.30296	1303376841.0487301
1.3029700000000002	1533733840.4654677
1.30298	1700943938.836953
1.30299	1604205496.3792484
1.3030000000000002	1711472794.492775
1.30301	1531792715.8934171
1.30302	1685194371.7858102
1.30303	1765549913.8129485
1.30304	1703138631.671874
1.30305	1638777528.0410712
1.30306	1684690007.8296366
1.3030700000000002	1134984681.3833528
1.30308	1292171029.7307699
1.30309	1736640800.154808
1.3031	1646455510.6127918
1.30311	1594483391.893248
1.30312	1714391481.0708804
1.30313	1731809030.750115
1.30314	1775579000.2972176
1.30315	1666901740.2768493
1.30316	1702119315.1981075
1.3031700000000002	1596577483.015042
1.30318	1625586185.8247404
1.30319	1409159004.104059
1.3032	1672360880.2087119
1.30321	1218344199.5657802
1.30322	1516701093.9163368
1.30323	1588985740.9315574
1.30324	1409548422.9237573
1.30325	1061622220.4008156
1.30326	1661536935.6279914
1.3032700000000002	1729816359.2150993
1.30328	1491523155.3054185
1.30329	1625062243.20621
1.3033	1432055995.96772
1.30331	1710999962.4107068
1.30332	1607311307.5127885
1.30333	1502830498.2587485
1.30334	1547996591.199305
1.30335	1468452828.074075
1.30336	1684690007.8296366
1.30337	1774066928.4554996
1.30338	1734882235.3231015
1.30339	1741125194.866197
1.3034	1622482420.7123508
1.30341	1542872363.971947
1.30342	1401522260.215602
1.30343	1571990799.9152613
1.30344	1548317419.8899894
1.30345	1447571419.7813375
1.30346	1814345533.8143425
1.30347	1726553340.1927395
1.30348	948746092.009441
1.30349	1044599948.2841283
1.3035	1277232614.9624028
1.30351	1526405773.3416164
1.30352	1610052360.6894338
1.30353	1572859754.2138221
1.30354	1664792075.717155
1.30355	1335887850.2213964
1.30356	1551457917.2679794
1.30357	1683565432.1304274
1.30358	1706396689.9405274
1.30359	1481699041.7065532
1.3036	1583434123.9145758
1.30361	1618117295.7417502
1.30362	1105706849.713346
1.3036299999999998	1475570621.9403331
1.30364	1761245919.7680047
1.30365	1635347306.5743613
1.30366	1800735805.1362484
1.30367	1702942561.8775465
1.30368	1696484906.060034
1.30369	1767909379.7641253
1.3037	1578483330.8426704
1.30371	1618340862.3506672
1.30372	1429585057.070479
1.3037299999999998	1652456363.9854095
1.30374	1699925935.8713892
1.30375	1636665771.9972954
1.30376	1386245023.2436712
1.30377	1630797361.023596
1.30378	1729896022.0366404
1.30379	1758287950.8923724
1.3038	1751781759.8196552
1.30381	1713128736.0147688
1.30382	1606756257.71354
1.3038299999999998	1620466286.3275585
1.30384	1800487041.475351
1.30385	1599152936.8866045
1.30386	1724685848.976311
1.30387	1500444721.3815465
1.30388	1663221153.9351902
1.30389	1603614594.088223
1.3039	1658708231.9120667
1.30391	1725202186.9221144
1.30392	1710566647.7581065
1.30393	1798208308.6563606
1.30394	1730852262.1014636
1.30395	1777296968.0041156
1.30396	1654245645.057732
1.30397	1551386471.6356373
1.30398	1582413575.2293034
1.30399	1395468379.2546663
1.304	1667899966.6578405
1.30401	1382993057.513427
1.3040200000000002	1334873157.2805526
1.30403	1442779623.1294787
1.30404	1657333847.5599742
1.30405	1672977114.2335017
1.30406	1660198434.489864
1.30407	1387682143.8674984
1.30408	1574635360.9819267
1.30409	1394215799.7239316
1.3041	1630609619.346424
1.30411	1758247465.2822347
1.3041200000000002	1534510978.8749382
1.30413	1585696253.1632247
1.30414	1602802458.813715
1.30415	1317164447.9421506
1.30416	1514781526.332855
1.30417	1835608246.068669
1.30418	1546607101.5680034
1.30419	1737880859.2777874
1.3042	1760516095.6738458
1.30421	1593088857.2769012
1.3042200000000002	1342734043.187993
1.30423	1554282653.1053991
1.30424	1806508461.0859888
1.30425	1864575614.141027
1.30426	1813927813.4100573
1.30427	1376448605.0694306
1.30428	1187599483.3779564
1.30429	1693674699.554219
1.3043	1672745999.8688366
1.30431	1551279309.3560398
1.30432	1782173575.3211226
1.30433	1670898233.968348
1.30434	990489782.7555826
1.30435	1378065943.4387155
1.30436	1385287769.767648
1.30437	1707064771.6975505
1.30438	1654359920.2454808
1.30439	1740604091.3031952
1.3044	1778156575.0917156
1.30441	1778115631.9948657
1.30442	1277409083.3588955
1.30443	1634406195.8912835
1.30444	1530770203.2314422
1.30445	1578919542.1671696
1.30446	1718778846.2661998
1.30447	1782173575.3211226
1.30448	1662646796.893538
1.30449	1163670433.7142894
1.3045	931601115.7412118
1.30451	1657333847.5599742
1.30452	1742528941.5548606
1.30453	1255654044.8975086
1.30454	1234923343.2640605
1.30455	1620540913.2761831
1.30456	1756547911.1725564
1.30457	1627683646.1073034
1.30458	1667554359.1256757
1.30459	1698517399.058809
1.3046	1454855968.2663338
1.30461	1673555039.8565974
1.30462	1699769374.1166685
1.30463	1608792377.8887978
1.30464	1737720801.9064147
1.30465	1647744990.6314044
1.30466	1634594374.6906455
1.30467	1664370463.3175051
1.3046799999999998	1763721463.252595
1.30469	1642857898.1372724
1.3047	1627871050.8999646
1.30471	1717275602.8889716
1.30472	1736121038.7319741
1.30473	1645015521.1996071
1.30474	1600184281.3169336
1.30475	1621100724.949092
1.30476	1698830306.3452134
1.30477	1629708760.10947
1.3047799999999998	1649719090.2212458
1.30479	1736960730.6780546
1.3048	1463760421.0704572
1.30481	1560989565.4550636
1.30482	1786734404.2815516
1.30483	1733923768.828017
1.30484	1724010870.9840279
1.30485	1726632852.7432346
1.30486	1563255624.7842836
1.30487	1645242804.1924078
1.3048799999999998	1344404631.6457381
1.30489	1182034085.021978
1.3049	1206007476.0293198
1.30491	1577175419.8139489
1.30492	1646114346.6118221
1.30493	1731171126.2383876
1.30494	1673709187.0707145
1.30495	1338104403.8067625
1.30496	1529994959.3020134
1.30497	1507092817.2123773
1.30498	1633202364.464017
1.30499	1736400890.934427
1.305	1676216070.189757
1.30501	1670782816.3938098
1.30502	1413318357.4438894
1.30503	1409094111.427946
1.30504	1614024043.6734154
1.30505	1711236362.120696
1.30506	1552101076.0393634
1.3050700000000002	1632563189.710191
1.30508	1706160958.809774
1.30509	1751176820.3100715
1.3051	1649073451.4343338
1.30511	1726076341.7775314
1.30512	1726354574.8356442
1.30513	1747390619.6481724
1.30514	1675752978.5548713
1.30515	1751983452.7581275
1.30516	1467269871.6561296
1.3051700000000002	1322817708.0099325
1.30518	1713523243.9014168
1.30519	1673439438.762756
1.3052	1584710735.3924384
1.30521	1617819254.9720554
1.30522	1200328174.1626713
1.30523	1594226412.2456765
1.30524	1502034818.097697
1.30525	1709779084.0625222
1.30526	1534263664.8592818
1.3052700000000002	1455190999.8032825
1.30528	1718066619.6540866
1.30529	1753315208.6873658
1.3053	1569928956.9964776
1.30531	1611869954.3184874
1.30532	1459923166.0345428
1.30533	1200549303.1496222
1.30534	1531440048.1900287
1.30535	1447571419.7813375
1.30536	1242453088.5323071
1.30537	1418730809.2351403
1.30538	1527777113.8670008
1.30539	1773168469.2264254
1.3054	1496959325.1254716
1.30541	1360692528.1776154
1.30542	1712773756.5756118
1.30543	1757397482.7755857
1.30544	1570796771.5636435
1.30545	1689040253.9834502
1.30546	1705179096.2421458
1.30547	1109455787.477297
1.30548	1298553957.0817926
1.30549	1734083476.4636133
1.3055	1600331670.523242
1.30551	1688651382.8645825
1.30552	1776765038.5453546
1.30553	1460696538.1866908
1.30554	1676795114.7018225
1.30555	1735281752.7147903
1.30556	1535500633.6570644
1.30557	1711039360.0943618
1.30558	1642933556.2814732
1.30559	1713878378.6749196
1.3056	1488161278.0225408
1.30561	1756426577.3322694
1.30562	1707575834.2299435
1.3056299999999998	1739442191.455796
1.30564	1649263318.9611034
1.30565	1387873872.4844382
1.30566	1542126499.3850362
1.30567	1477338446.0733855
1.30568	1613429524.7621415
1.30569	1670128934.0467026
1.3057	1718462264.661371
1.30571	1518448266.1412225
1.30572	1387522390.2529185
1.3057299999999998	1250316608.0995984
1.30574	1647479426.9202154
1.30575	1627946018.8584518
1.30576	1314044279.6783938
1.30577	1732686533.2738032
1.30578	1804512937.1190505
1.30579	1657906369.2570019
1.3058	1675868739.467907
1.30581	1482654636.395991
1.30582	1619943993.9036298
1.3058299999999998	1666211010.4707599
1.30584	1627608690.231249
1.30585	1342424902.8412876
1.30586	1610868169.4678204
1.30587	1645129158.7709725
1.30588	1605129217.1374605
1.30589	1576775996.5327446
1.3059	1561960331.2373607
1.30591	1280324334.5222301
1.30592	1636816521.4278095
1.30593	1786446439.9290452
1.30594	1791059443.934643
1.30595	1610942354.3966515
1.30596	1619198153.8744564
1.30597	1724368179.361584
1.30598	1722304752.6025734
1.30599	1616851001.5442293
1.306	1512864388.1929286
1.30601	1785377264.3188765
1.3060200000000002	1604759665.0245821
1.30603	1569531368.8985438
1.30604	1684379705.0425873
1.30605	1849353782.9061368
1.30606	1824735830.7625825
1.30607	1664523764.561903
1.30608	1597717529.05864
1.30609	1296671603.1901526
1.3061	1675135722.0522318
1.30611	1795643013.0632985
1.3061200000000002	1795560322.550651
1.30613	1702942561.8775465
1.30614	1638966210.1376164
1.30615	1633766550.002543
1.30616	1578446985.3392448
1.30617	1603614594.088223
1.30618	1788133748.6902156
1.30619	1804928489.418352
1.3062	1726235326.6051
1.30621	1657486500.6782634
1.3062200000000002	1323335612.424421
1.30623	1427874375.9663234
1.30624	1499961113.1034153
1.30625	1615697302.8748071
1.30626	1744897819.7682235
1.30627	1547141372.9966161
1.30628	1674711490.100504
1.30629	1827595163.164859
1.3063	1771536072.5744226
1.30631	1250086312.4805913
1.30632	1441285442.0872214
1.30633	1623042903.0739956
1.30634	1230212116.146274
1.30635	1342270359.359209
1.30636	1479517137.3874626
1.30637	1255393859.332196
1.30638	1585477196.2622163
1.30639	1770679666.0097435
1.3064	1597165792.260912
1.30641	1423082244.2229965
1.30642	1488092747.2410345
1.30643	1590962708.1886232
1.30644	1443444200.7129145
1.30645	1580520015.284258
1.30646	1295567365.8575351
1.30647	1285819477.0957177
1.30648	1621623390.3191614
1.30649	1476284296.1251814
1.3065	1513247621.6130705
