1.2776299999999998	26825634.31359228
1.2776399999999999	26876332.171002544
1.27765	26775032.08949733
1.27766	25724088.793757528
1.27767	26852826.14029475
1.27768	26591326.34593256
1.27769	23663555.56142719
1.2777	25375815.031210333
1.2777100000000001	26245811.176195305
1.27772	26007583.40964427
1.27773	23056320.47196254
1.2777399999999999	14216739.313080005
1.27775	22138082.42051585
1.27776	26125222.62757002
1.27777	25523486.583036374
1.27778	25027645.79645485
1.27779	26308737.032146677
1.2778	26682713.924463738
1.2778100000000001	26208972.793146316
1.2778200000000002	26647716.541042633
1.27783	26685171.606415372
1.2778399999999999	26168570.544742882
1.27785	25077255.223458756
1.27786	18659499.905022454
1.27787	21158262.455978855
1.27788	18230979.385791402
1.27789	5904457.487492936
1.2779	17901523.79008625
1.27791	21602300.347747438
1.2779200000000002	23875363.918042403
1.27793	25155328.90017717
1.2779399999999999	23376527.56908033
1.27795	8562094.167976417
1.27796	13780659.434387159
1.27797	21402277.95428842
1.27798	21754544.78055112
1.27799	24649039.456046578
1.278	26625023.514249086
1.27801	26729448.61124805
1.2780200000000002	26308131.258063905
1.27803	26604800.0924961
1.27804	25674382.081061263
1.27805	24754262.956537236
1.27806	24551045.999035347
1.27807	20373704.365581397
1.2780799999999999	25109033.72443265
1.27809	23027139.926402166
1.2781	19489917.46538799
1.27811	23811677.942309283
1.2781200000000001	24007669.291507926
1.27813	23170211.601827115
1.27814	8510596.491020283
1.27815	486310.8957451737
1.27816	14043003.36780538
1.27817	23118518.509451658
1.2781799999999999	26033946.0183623
1.27819	26333585.782994993
1.2782	24426430.10690268
1.27821	24986187.807178788
1.2782200000000001	22973649.98029235
1.27823	24552176.64251993
1.27824	23095639.924377277
1.27825	26383353.716215782
1.27826	26667972.585383873
1.27827	24310282.18463481
1.2782799999999999	22398039.179757934
1.27829	24470903.251636565
1.2783	25712245.140391365
1.27831	24289020.42034676
1.2783200000000001	25797047.301957447
1.27833	27019045.334194332
1.27834	27055776.332636595
1.27835	27079460.01888904
1.27836	26143275.52655466
1.27837	26495370.69020659
1.2783799999999998	26996036.086150117
1.27839	27169397.015345365
1.2784	27192554.022290494
1.27841	27060137.560009014
1.2784200000000001	26821310.880631585
1.27843	26107783.34178648
1.27844	21315228.86023623
1.27845	25241781.32325061
1.27846	25464197.851295166
1.27847	25593518.785682924
1.2784799999999998	26296624.200302236
1.27849	26901097.590873614
1.2785	26341469.554753717
1.27851	23908922.264963835
1.27852	25240618.923028205
1.27853	24212520.420210443
1.27854	25102096.80043791
1.27855	21781109.582673058
1.2785600000000001	7380231.758243575
1.27857	17798360.540286843
1.2785799999999998	25363547.702922143
1.27859	26307525.49792943
1.2786	26446000.38971826
1.27861	26831194.037161794
1.27862	26470369.27678952
1.27863	27073225.460600063
1.27864	26437476.580390476
1.27865	26475855.370212007
1.2786600000000001	26811431.364520058
1.27867	26863958.012114268
1.2786799999999998	25420260.68882738
1.2786899999999999	26077742.94138228
1.2787	26825016.63764678
1.27871	26825016.63764678
1.27872	25352453.801740102
1.27873	24692212.16860399
1.27874	23275552.565542776
1.27875	23519062.163483735
1.2787600000000001	19601982.629287966
1.27877	2340615.0867064935
1.27878	4247858.0933697745
1.2787899999999999	21268163.974336423
1.2788	24609341.899525836
1.27881	24346694.14705851
1.27882	22032308.296159536
1.27883	7419591.5852121385
1.27884	5195770.98091805
1.27885	20946429.28961952
1.27886	21655090.34771853
1.2788700000000002	18679704.426440813
1.27888	9280043.244235175
1.2788899999999999	18496092.982232325
1.2789	25470648.35122764
1.27891	25623591.3795921
1.27892	23735588.27690901
1.27893	19156669.206775412
1.27894	24434305.526939705
1.27895	26786131.71169834
1.27896	26769484.003311668
1.2789700000000002	26937668.245442897
1.27898	26556448.827609688
1.27899	23732855.773620475
1.279	20311406.59581553
1.27901	26337830.59762222
1.27902	26917207.349861786
1.27903	27144384.596336965
1.27904	26160136.153817337
1.27905	23837461.24622639
1.27906	25655471.46502069
1.2790700000000002	24644499.35335365
1.27908	26559506.42777558
1.27909	27106909.136230398
1.2791	26430781.228998464
1.27911	26142673.56231998
1.27912	26804024.115654685
1.2791299999999999	26836754.913006995
1.27914	26699922.452652186
1.27915	26495980.775686257
1.27916	21515428.505554028
1.2791700000000001	18539584.639833104
1.27918	25535243.28985582
1.27919	22497279.297549568
1.2792	24254928.571094222
1.27921	26566846.1045721
1.27922	25841635.714026466
1.2792299999999999	23650482.20999249
1.27924	20118240.706549548
1.27925	18917772.56728555
1.27926	22305399.188659716
1.2792700000000001	21303452.883583963
1.27928	23629253.416600503
1.27929	6829359.897191925
1.2793	13028067.4990664
1.27931	23965141.63311636
1.27932	25395104.249994826
1.2793299999999999	26338437.05556554
1.27934	24709274.837058216
1.27935	25919104.93756883
1.27936	26738066.556410335
1.2793700000000001	26778114.856439933
1.27938	26673499.63290867
1.27939	26088553.501516584
1.2794	26524670.644857865
1.27941	25841040.695225183
1.27942	23192095.997664623
1.2794299999999998	18977543.69308574
1.27944	2118361.135248504
1.27945	1637268.853035514
1.27946	17815991.63027347
1.27947	23911124.459496975
1.27948	22422808.09278496
1.27949	24378108.183687545
1.2795	26248228.616063546
1.2795100000000001	26618893.581786286
1.27952	26391860.075581085
1.2795299999999998	25893454.831697058
1.27954	20678546.07950654
1.27955	19487673.734879006
1.27956	26058535.227544717
1.27957	26406448.787080493
1.27958	26494150.561389554
1.27959	26872619.324974008
1.2796	26727602.27012162
1.2796100000000001	26263342.660800125
1.27962	23095639.924377277
1.2796299999999998	15012741.269292558
1.2796399999999999	15664985.600225095
1.27965	2815982.814193448
1.27966	5338632.180549761
1.27967	22467771.582864344
1.27968	24408438.67717576
1.27969	14972351.006227035
1.2797	9058368.832203124
1.2797100000000001	24457947.025193926
1.27972	26119207.765265882
1.27973	25676746.88794106
1.2797399999999999	26634221.05985417
1.27975	26306919.75174294
1.27976	25807741.49937227
1.27977	25944780.45248453
1.27978	25942988.312442303
1.27979	25738901.03250032
1.2798	26026154.28571196
1.2798100000000001	25288321.254467774
1.2798200000000002	22220304.18895479
1.27983	6027538.596467496
1.2798399999999999	3309329.418389451
1.27985	20758692.70495196
1.27986	25083030.139700204
1.27987	25205191.418729026
1.27988	25464784.192869402
1.27989	25779827.08199287
1.2799	23706093.882974368
1.27991	16138753.934110096
1.2799200000000002	25046093.64297763
1.27993	25974667.686013382
1.2799399999999999	25190686.319525942
1.27995	21914420.966432646
1.27996	10424134.347974498
1.27997	209336.51990278595
1.27998	5899157.616353699
1.27999	19776070.42558641
1.28	13695566.468141528
1.28001	24071879.459628463
1.2800200000000002	25602360.00064372
1.28003	25965697.90273787
1.28004	26197509.106849246
1.28005	26850353.01750098
1.28006	27002874.62588991
1.28007	27048924.39541861
1.2800799999999999	26937668.245442897
1.28009	26640967.94589977
1.2801	26192683.79177536
1.28011	24859363.227700252
1.2801200000000001	20908361.4842805
1.28013	5892505.546643299
1.28014	4717696.518359706
1.28015	21135377.052805025
1.28016	24490068.50728848
1.28017	22254098.19411336
1.2801799999999999	5615778.890173964
1.28019	12715984.796752091
1.2802	22898656.37605759
1.28021	20143271.203754198
1.2802200000000001	3588971.4205243364
1.28023	8798324.994418662
1.28024	19886117.446059313
1.28025	22372267.32251434
1.28026	25758466.24814681
1.28027	25306961.244545754
1.2802799999999999	25115394.255453102
1.28029	19784268.619695418
1.2803	25575256.61524122
1.28031	26687629.51473831
1.2803200000000001	26668586.6452148
1.28033	26658149.550783083
1.28034	27012202.69918558
1.28035	26960627.745438162
1.28036	26414962.592617135
1.28037	25342531.792826694
1.2803799999999999	16766792.89799263
1.28039	13676973.32838372
1.2804	20590647.32011453
1.28041	23136091.86269977
1.2804200000000001	24402257.184272036
1.28043	23898464.610376995
1.28044	20513983.411927134
1.28045	8313425.322956279
1.28046	366620.71495027916
1.28047	9592460.06866079
1.2804799999999998	17278259.80507866
1.28049	7511557.568111244
1.2805	3844058.6038563503
1.28051	16539028.668537557
1.28052	23847343.094852377
1.28053	25161701.1585267
1.28054	26131238.87500695
1.28055	26776881.707072668
1.2805600000000001	27098796.27509065
1.28057	26860246.87552098
1.2805799999999998	26930226.120856665
1.28059	26809579.360421367
1.2806	24949968.405127976
1.28061	25315703.468944095
1.28062	20028111.475699052
1.28063	19849976.639556207
1.28064	24678002.279018287
1.28065	13924512.52006341
1.2806600000000001	18907756.47010059
1.28067	25950157.61545116
1.2806799999999998	26707300.933190767
1.2806899999999999	26343289.22185573
1.2807	25875574.443145048
1.28071	22486403.528223656
1.28072	26099969.510270167
1.28073	26201731.98673997
1.28074	27029623.72513133
1.28075	26708530.878171198
1.2807600000000001	26799704.165565554
1.28077	26749150.854504533
1.28078	26894284.82640065
1.2807899999999999	26091557.230141297
1.2808	23317930.310202073
1.28081	18875132.109703314
1.28082	6708879.631843295
1.28083	4159872.311165651
1.28084	22975766.02909747
1.28085	24021493.195322555
1.28086	14115621.35187959
1.2808700000000002	18920386.33470039
1.28088	25064555.08738509
1.2808899999999999	25089384.083585054
1.2809	18212518.251403432
1.28091	25068018.122851968
1.28092	25094583.962119274
1.28093	24749703.472744435
1.28094	26806492.971202392
1.28095	27153136.32261899
1.28096	27241436.177961748
1.2809700000000002	27315553.177506227
1.28098	26549723.34622404
1.28099	27062630.005563032
1.281	25426700.0587543
1.28101	26996036.086150117
1.28102	27264026.800645556
1.28103	27368437.268334463
1.28104	26428955.51837134
1.28105	20794093.86234813
1.28106	24878832.71955772
1.2810700000000002	25918508.13499329
1.28108	20034107.50908895
1.28109	15298188.222621894
1.2811	22615177.46108362
1.28111	26086751.430326995
1.28112	25111924.675183624
1.2811299999999999	27108157.484272286
1.28114	27189423.544022165
1.28115	26852826.14029475
1.28116	24863370.40657525
1.2811700000000001	24248227.612473328
1.28118	21722509.70873114
1.28119	17002391.026437618
1.2812	14724481.136705626
1.28121	24873104.816097185
1.28122	26937047.989850484
1.2812299999999999	26994171.330449343
1.28124	26266366.513928905
1.28125	26618280.666167147
1.28126	23419628.40935895
1.2812700000000001	20155334.029191986
1.28128	9680103.48161636
1.28129	22319784.647791773
1.2813	22168178.00164556
1.28131	25868425.74538132
1.28132	26547278.138943706
1.2813299999999999	26458791.256851394
1.28134	26257295.998844247
1.28135	26750998.684205737
1.28136	25817251.174349286
1.2813700000000001	26235539.540381704
1.28138	21527321.65663754
1.28139	8118204.740633453
1.2814	19765144.78434032
1.28141	9705099.672454897
1.28142	1398492.04393604
1.2814299999999998	16540171.183624145
1.28144	24444997.65848188
1.28145	25186626.38781051
1.28146	24452879.0649552
1.28147	24688232.574954335
1.28148	26799087.086676903
1.28149	26256086.833519578
1.2815	27183789.59129126
1.28151	27357726.278358944
1.28152	27429001.61130476
1.2815299999999998	27050792.93345776
1.28154	27208211.820917837
1.28155	27379782.887375936
1.28156	27022156.195817154
1.28157	27220744.551053364
1.28158	27287264.462402202
1.28159	27267793.725350752
1.2816	27098172.30943096
1.2816100000000001	26810814.015605785
1.28162	27185041.47989047
1.2816299999999998	27018423.20484678
1.28164	26414962.592617135
1.28165	22248462.292862765
1.28166	26602349.81269357
1.28167	26704226.318533074
1.28168	26582755.69660164
1.28169	27006605.46859632
1.2817	25625951.508259974
1.2817100000000001	26574799.71000817
1.28172	25583502.432887036
1.28173	26032747.138447512
1.2817399999999999	23238602.10760403
1.28175	22015066.416212484
1.28176	7734816.23285818
1.28177	7122623.692549454
1.28178	941976.351755775
1.28179	5450922.407503351
1.2818	21863012.34473442
1.2818100000000001	25540535.574553072
1.2818200000000002	26221649.019560523
1.28183	26311160.267967343
1.2818399999999999	26972425.362440042
1.28185	27068862.12387742
1.28186	27267793.725350752
1.28187	27419529.605622493
1.28188	27151260.71519315
1.28189	25360043.84135505
1.2819	25956133.54803803
1.28191	26942010.434506472
1.2819200000000002	27410060.870890178
1.28193	26850971.276844904
1.2819399999999999	25990821.105071586
1.28195	26411313.482748684
1.28196	27336316.872418582
1.28197	26196905.89385461
1.28198	26601737.278004512
1.28199	25337863.95588954
1.282	27048301.57808817
1.28201	27186293.42614272
1.2820200000000002	25146063.04146268
1.28203	21516914.790036216
1.28204	5143514.87324383
1.28205	21756548.540446933
1.28206	26239164.364505135
1.28207	25625951.508259974
1.2820799999999999	15325688.707408037
1.28209	18362423.52196209
1.2821	23501739.060913876
1.28211	24697329.731617503
1.2821200000000001	23917732.260204744
1.28213	22447087.52731838
1.28214	25208673.885165326
1.28215	26955661.871662498
1.28216	27446691.444083594
1.28217	27554973.646268077
1.2821799999999999	27237672.89443476
1.28219	27073848.85183083
1.2822	27006605.46859632
1.28221	26655080.594561677
1.2822200000000001	25612973.490200393
1.28223	14778828.179415472
1.28224	21966456.260733996
1.28225	25537595.280989178
1.28226	18881652.47533935
1.28227	24510941.870292805
1.2822799999999999	26852826.14029475
1.28229	27285379.59005282
1.2823	26973046.43263594
1.28231	27175027.98515543
1.2823200000000001	27449851.543118577
1.28233	27423318.015318114
1.28234	27497929.868950624
1.28235	27246454.69815868
1.28236	27295433.74731138
1.28237	27343241.610875558
1.2823799999999999	27193180.161194455
1.28239	26899858.778072644
1.2824	26702381.719640832
1.28241	27628035.158316705
1.2824200000000001	27612771.55973629
1.28243	27419529.605622493
1.28244	27432791.32969673
1.28245	26718987.697703034
1.28246	23405611.92672905
1.28247	24339967.83617465
1.2824799999999998	26523449.166759122
1.28249	26867051.01762154
1.2825	26623797.414836332
1.28251	24909212.63671465
1.28252	15156188.56881328
1.28253	23224159.205755968
1.28254	25223189.341824263
1.28255	26122816.51645039
1.2825600000000001	25154170.4811443
1.28257	22139611.71789231
1.2825799999999998	25375230.738203168
1.28259	26571128.51935121
1.2826	22821805.513022125
1.28261	25129277.37092649
1.28262	26883140.38777277
1.28263	26278465.408384982
1.28264	24607642.005124558
1.28265	23622181.387442134
1.2826600000000001	24434868.154093787
1.28267	21659578.454683635
1.2826799999999998	26415570.826610725
1.2826899999999999	26113194.287775535
1.2827	27218864.273577847
1.28271	27366546.788959846
1.28272	27465025.083889004
1.28273	27494764.235012446
1.28274	27118146.338465802
1.28275	25526425.25218288
1.2827600000000001	20396234.66421242
1.28277	25492944.471537784
1.28278	25319784.20710379
1.2827899999999999	22180431.975121003
1.2828	6387486.569727335
1.28281	568807.088561339
1.28282	15151303.578281906
1.28283	24156276.943313114
1.28284	25467716.103264425
1.28285	26519174.436364368
1.2828600000000001	27057645.344007146
1.2828700000000002	27200694.95270594
1.28288	27250219.1950205
1.2828899999999999	27223878.635493465
1.2829	25407386.840916216
1.28291	25108455.574221365
1.28292	27060137.560009014
1.28293	27223251.78973904
1.28294	27441004.182565697
1.28295	27308635.4512082
1.28296	27369067.45714646
1.2829700000000002	26918446.96161241
1.28298	27035225.726349376
1.2829899999999999	26000996.929680567
1.283	23591741.450685296
1.28301	6583396.314290803
1.28302	5396348.637300697
1.28303	21706509.867362324
1.28304	21856468.936101664
1.28305	25846396.35769842
1.28306	26309948.62215853
1.2830700000000002	25798829.360403717
1.28308	25222608.563113008
1.28309	24095725.109453306
1.2831	17800819.644531403
1.28311	782841.787654511
1.28312	3734220.854303429
1.2831299999999999	16881071.137049165
1.28314	11328698.011869365
1.28315	14267569.606579073
1.28316	21914925.57043246
1.2831700000000001	23911675.03982309
1.28318	19799307.47009006
1.28319	20359635.5689427
1.2832	22880736.515874196
1.28321	16879905.074241437
1.28322	24139596.140364114
1.2832299999999999	21881142.778805047
1.28324	12146747.396410655
1.28325	1291427.4103445061
1.28326	12732098.798529672
1.2832700000000001	13226958.776071118
1.28328	19012096.06294341
1.28329	25007484.02233794
1.2833	25154749.68399234
1.28331	23986119.88517078
1.28332	20014742.174900718
1.2833299999999999	3919313.4690384623
1.28334	422994.7722439308
1.28335	13952113.481538113
1.28336	10271171.954320248
1.2833700000000001	11272493.667319763
1.28338	6595686.424306682
1.28339	1784431.9885403658
1.2834	16208394.554400502
1.28341	19804322.960161444
1.28342	12924090.783552395
1.2834299999999998	886574.0186421593
1.28344	5801362.455307404
1.28345	21810719.877643097
1.28346	24813612.739042755
1.28347	23902867.275733624
1.28348	26134247.518249802
1.28349	26925885.831046965
1.2835	26656921.925895203
1.28351	26325704.370780293
1.28352	25868425.74538132
1.2835299999999998	25887493.329756524
1.28354	26774415.57869769
1.28355	26092758.818423364
1.28356	24182990.206820857
1.28357	8201815.583124238
1.28358	11487353.875476135
1.28359	23013888.253623944
1.2836	26220441.495802123
1.2836100000000001	25871999.84735586
1.28362	22812873.905869182
1.2836299999999998	9242937.151343917
1.28364	19290345.226792686
1.28365	20233918.669073634
1.28366	8361419.251105977
1.28367	20371358.89120229
1.28368	24628048.490012035
1.28369	25098051.14651511
1.2837	16663644.812436162
1.2837100000000001	24291257.624826003
1.28372	26421653.936888617
1.28373	26664902.498308916
1.2837399999999999	26426521.433706895
1.28375	23517979.095583655
1.28376	14060475.241299126
1.28377	15740915.951060088
1.28378	22936650.65745031
1.28379	25654290.014101874
1.2838	23076503.173559424
1.2838100000000001	8960453.697718963
1.2838200000000002	19795660.63876735
1.28383	25244106.284293216
1.2838399999999999	26377279.42387437
1.28385	26799087.086676903
1.28386	26538721.686788622
1.28387	24667776.22230652
1.28388	7443719.511205381
1.28389	4604261.696082248
1.2839	11596047.88305679
1.28391	24046949.979503106
1.2839200000000002	24022599.451437764
1.28393	26319037.325955924
1.2839399999999999	27418898.25488997
1.28395	27175027.98515543
1.28396	27412585.547056418
1.28397	27238927.264509037
1.28398	27119395.2040119
1.28399	26438085.33279376
1.284	27485269.519646667
1.28401	27661135.239448342
1.2840200000000002	27409429.73818082
1.28403	26352996.236254156
1.28404	25055899.591586307
1.28405	26388214.157222845
1.28406	23965141.63311636
1.28407	24886854.00047515
1.2840799999999999	22591236.391953345
1.28409	11233627.012473512
1.2841	2322041.6215218506
1.28411	16700520.235379113
1.2841200000000002	22388242.37860694
1.28413	18486300.145142592
1.28414	22921867.618282788
1.28415	26304496.906470265
1.28416	24467522.704939507
1.28417	25928058.62542486
1.2841799999999999	21360430.438322555
1.28419	22753593.76122023
1.2842	27196311.071984213
1.28421	27547360.977458835
1.2842200000000001	27617222.571367633
1.28423	27699376.92037768
1.28424	27448587.45984608
1.28425	27410060.870890178
1.28426	27321214.438784894
1.28427	27152511.105747763
1.2842799999999999	26266971.326331835
1.28429	27525169.370862614
1.2843	27339464.26337987
1.28431	27670690.707172792
1.2843200000000001	27662409.111133315
1.28433	27659224.541912485
1.28434	27477043.418548945
1.28435	27256494.51231529
1.28436	26202335.310860883
1.28437	19390097.818583544
1.2843799999999999	19799307.47009006
1.28439	26164955.4728424
1.2844	27094428.817171805
1.28441	27314295.278759506
1.2844200000000001	24902330.917699642
1.28443	21075602.553732775
1.28444	26388214.157222845
1.28445	26336617.72362762
1.28446	26089754.95146865
1.28447	23767308.316049434
1.2844799999999998	24049164.887444027
1.28449	20787870.371680707
1.2845	7993923.723711726
1.28451	243265.76802717213
1.28452	10685872.794480884
1.28453	22803420.720004205
1.28454	25286574.45945417
1.28455	24151271.49249019
1.2845600000000001	22101410.9576444
1.28457	26535055.48015037
1.2845799999999998	27163141.750681657
1.28459	27269049.48257238
1.2846	26606025.317029577
1.28461	24260514.11782531
1.28462	15681586.573127728
1.28463	24616142.651497968
1.28464	27261515.806615416
1.28465	27455540.638288513
1.2846600000000001	27465657.496743247
1.28467	27196937.29739844
1.2846799999999998	27107533.303065274
1.2846899999999999	27113151.45136531
1.2847	27306120.348758824
1.28471	26820693.304235663
1.28472	25137379.398674995
1.28473	26662446.683125153
1.28474	26780581.325546786
1.28475	25608255.840649616
1.2847600000000001	18061757.205772314
1.28477	3544132.9085464287
1.28478	14069867.254507424
1.2847899999999999	24984461.882083517
1.2848	26219837.7547758
1.28481	27154386.79955051
1.28482	27487801.123104453
1.28483	27469452.279682886
1.28484	27304234.173935823
1.28485	26706071.0448502
1.2848600000000001	26103575.603407916
1.2848700000000002	24553307.338073663
1.28488	14652779.019300448
1.2848899999999999	3458438.044481452
1.2849	16967583.691578303
1.28491	25084185.28252384
1.28492	26317825.317403432
1.28493	27027134.3194282
1.28494	26881902.401912514
1.28495	26979879.148718566
1.28496	26454526.947240457
1.2849700000000002	25655471.46502069
1.28498	24063012.684920304
1.2849899999999999	18956580.523474894
1.285	1900378.0258015245
1.28501	520373.2938810174
1.28502	11283400.40821579
1.28503	20164153.738943055
1.28504	24621244.448789693
1.28505	24860508.070044767
1.28506	24070216.690534975
1.2850700000000002	20342765.836218216
1.28508	6514633.676801295
1.28509	97022.39701254056
1.2851	8488481.373340791
1.28511	21709009.065527044
1.28512	23980597.512773175
1.2851299999999999	24557265.182591956
1.28514	22115155.63215928
1.28515	20901141.239023495
1.28516	25732382.59696307
1.2851700000000001	25998003.626595594
1.28518	25165757.07244605
1.28519	26572964.05128053
1.2852	25262131.99478931
1.28521	24451189.978250355
1.28522	23758006.67421207
1.2852299999999999	27066992.33770593
1.28524	27135010.876914553
1.28525	26813900.90233202
1.28526	25590572.392552547
1.2852700000000001	18321034.81520444
1.28528	24841624.911521923
1.28529	25218543.48655435
1.2853	14919696.88801699
1.28531	25065709.37938153
1.28532	27346389.79912272
1.2853299999999999	27146259.728760824
1.28534	26881283.430361208
1.28535	27169397.015345365
1.28536	27792652.670215316
1.2853700000000001	27596245.510468215
1.28538	27626762.869574428
1.28539	27784974.337337025
1.2854	27451115.684605714
1.28541	27563857.752157632
1.28542	27584175.03735178
1.2854299999999999	26234331.37695591
1.28544	21993786.25096766
1.28545	12182880.940338284
1.28546	17485175.672600072
1.2854700000000001	23073846.545879856
1.28548	11669170.891473843
1.28549	20071045.709825654
1.2855	25857111.012824472
1.28551	26473416.966110386
1.28552	20233452.771242518
1.2855299999999998	21745530.14451416
1.28554	18002383.1218005
1.28555	22431586.9828967
1.28556	26648943.741997108
1.28557	26997279.328181792
1.28558	27499196.224577468
1.28559	27843895.81058841
1.2856	27883674.220159214
1.2856100000000001	27685348.835847985
1.28562	27723623.992215686
1.2856299999999998	27266538.025957443
1.28564	25453059.926193036
1.28565	20704273.691447813
1.28566	25988427.372219484
1.28567	26654466.845715474
1.28568	26760239.747608017
1.28569	27266538.025957443
1.2857	27166894.736639183
1.2857100000000001	27513763.506651845
1.28572	27637579.19170362
1.2857299999999998	27539750.411817145
1.2857399999999999	25422016.71887751
1.28575	25726458.179005586
1.28576	27764509.152245957
1.28577	27861853.22179063
1.28578	27726815.976123925
1.28579	27885600.422665082
1.2858	27449851.543118577
1.2858100000000001	27506795.583134763
1.28582	27764509.152245957
1.28583	27925438.41237336
1.2858399999999999	27890095.41265766
1.28585	27426475.423232753
1.28586	27743420.21769347
1.28587	27475778.083073143
1.28588	26469759.78102962
1.28589	27436581.571693923
1.2859	26817605.635550164
1.28591	26270600.493216958
1.2859200000000002	24446686.31742166
1.28593	11789625.232437862
1.2859399999999999	3544949.0692670774
1.28595	10449848.640269231
1.28596	24268336.04424501
1.28597	26452090.507468723
1.28598	27042696.867407363
1.28599	26906672.954519197
1.286	27037715.877333052
1.28601	27405643.247088946
1.2860200000000002	27049547.22709012
1.28603	26868288.31953452
1.28604	26215008.32699177
1.28605	25727050.55941655
1.28606	25407971.874353528
1.28607	15549269.828744685
1.28608	17194517.758366317
1.28609	25316869.327017244
1.2861	24191901.191024754
1.28611	21379620.89502232
1.2861200000000002	25009787.402807843
1.28613	23310951.4573302
1.28614	16644087.873049036
1.28615	10497116.085387912
1.28616	1643803.875411834
1.28617	77104.72632112094
1.2861799999999999	5432503.314924324
1.28619	14586127.315586304
1.2862	21019868.753587812
1.28621	23309341.249465637
1.2862200000000001	17257981.535616823
1.28623	12711300.917681731
1.28624	24238737.756683163
1.28625	26195699.509532914
1.28626	25874978.642884538
1.28627	25502338.149637617
1.2862799999999999	25915524.328235105
1.28629	25913734.209064446
1.2863	21617725.60415116
1.28631	5105402.656295109
1.2863200000000001	8726297.198137334
1.28633	17533555.80726791
1.28634	19954001.475672837
1.28635	7413785.216417302
1.28636	19104690.21760226
1.28637	12879826.119741602
1.2863799999999999	17569928.736350924
1.28639	25364131.72691438
1.2864	25977060.151493184
1.28641	25940598.984950338
1.2864200000000001	22520602.233622484
1.28643	6210978.129753456
1.28644	10705082.041872464
1.28645	1658326.34419536
1.28646	14948582.065638268
1.28647	23837461.24622639
1.2864799999999998	25579379.191796985
1.28649	24430367.49957931
1.2865	16184153.91417647
1.28651	1448505.0044853757
1.28652	11759530.964334074
1.28653	20306262.685653992
1.28654	16259605.339733947
1.28655	2336361.2791356407
1.28656	15617805.142599292
1.28657	24066891.496908326
1.2865799999999998	25065132.22673867
1.28659	24680843.602583505
1.2866	24064674.956361525
1.28661	25926267.640445635
1.28662	26442346.992115866
1.28663	26894284.82640065
1.28664	26655694.357540127
1.28665	26973046.43263594
1.2866600000000001	26478293.998909287
1.28667	24047503.687363405
1.2866799999999998	11833684.87352429
1.28669	3372329.4874884915
1.2867	12917545.501378635
1.28671	355039.7671013954
1.28672	2982496.8935583984
1.28673	19539794.862990238
1.28674	17442149.315611765
1.28675	21974550.493212227
1.2867600000000001	22414548.74652093
1.28677	8665028.590123318
1.28678	15031073.553656565
1.2867899999999999	23571108.121871613
1.2868	26517953.211369555
1.28681	27057645.344007146
1.28682	26122816.51645039
1.28683	25044940.25429843
1.28684	26747919.03894813
1.28685	26944491.999649104
1.2868600000000001	27232655.99175688
1.2868700000000002	26792917.079209376
1.28688	24995970.301688876
1.2868899999999999	10859004.172436249
1.2869	1947466.519074663
1.28691	20252563.38176325
1.28692	26018963.9869479
1.28693	26854681.131878346
1.28694	27309264.26301672
1.28695	25524662.010095876
1.28696	22803420.720004205
1.2869700000000002	25669653.120671924
1.28698	25677929.373061046
1.2869899999999999	21698514.366511837
1.287	9271072.98495987
1.28701	14324847.26134244
1.28702	17785660.57915639
1.28703	25417919.504111674
1.28704	27065122.680690337
1.28705	27284123.08081916
1.28706	27625490.639421742
1.2870700000000002	27301090.838754997
1.28708	26276045.183733493
1.28709	21159236.85240945
1.2871	21498096.103893574
1.28711	26124621.079013918
1.28712	27032113.360127863
1.2871299999999999	27463760.301865224
1.28714	27002874.62588991
1.28715	27560684.5284282
1.28716	27150635.54150899
1.2871700000000001	26981742.917116303
1.28718	27475778.083073143
1.28719	27293548.310667165
1.2872	26170378.26799188
1.28721	22847043.048832066
1.28722	19105130.124415852
1.2872299999999999	3861979.8188377153
1.28724	509639.4049962371
1.28725	18098809.13035018
1.28726	24162952.491514783
1.2872700000000001	25983640.567877352
1.28728	24100164.114883646
1.28729	6548170.817189282
1.2873	15528517.649279699
1.28731	25378736.69806243
1.28732	26498421.25808725
1.2873299999999999	26279675.604304835
1.28734	19009469.626236487
1.28735	23054197.00416061
1.28736	24682548.55374664
1.2873700000000001	27348908.61069646
1.28738	27758756.03534345
1.28739	27617222.571367633
1.2874	27459334.02343584
1.28741	26794767.932278816
1.28742	26076542.044590987
1.2874299999999999	26683942.73714439
1.28744	24948244.981894046
1.28745	21758552.484904353
1.28746	3857092.0190609084
1.2874700000000001	8115588.162388224
1.28748	20645243.047426045
1.28749	26247019.868297566
1.2875	26276650.218998604
1.28751	27601329.39497974
1.28752	27661772.16795778
1.2875299999999998	27166269.20297252
1.28754	24873104.816097185
1.28755	27601964.946392864
1.28756	27586080.55047246
1.28757	25573490.00011976
1.28758	23941976.48955391
1.28759	26728217.7029927
1.2876	27129388.199096993
1.2876100000000001	23474697.253405944
1.28762	12344116.164232844
1.2876299999999998	24715534.10258058
1.28764	26928365.910990342
1.28765	26682099.539343927
1.28766	27556242.628918324
1.28767	26968699.241563518
1.28768	22308481.006319206
1.28769	14934476.368284872
1.2877	24229251.61487003
1.2877100000000001	25664925.031308945
1.28772	15367385.997357259
1.2877299999999998	15599834.826476455
1.2877399999999999	25817845.645370297
1.28775	27207585.335901104
1.28776	26422262.324957766
1.28777	27329393.887667343
1.28778	27482105.343201164
1.28779	27850307.842714984
1.2878	27429001.61130476
1.2878100000000001	27718517.582281563
1.28782	27636306.463452477
1.28783	26719602.932213966
1.2878399999999999	24492888.192933075
1.28785	22560046.995297104
1.28786	25233064.626248196
1.28787	19254843.805762153
1.28788	23745427.893971246
1.28789	27275957.181093667
1.2879	27342612.016718805
1.28791	25061669.58994553
1.2879200000000002	25188366.27841735
1.28793	26086751.430326995
1.2879399999999999	26068737.56332205
1.28795	23310414.7090165
1.28796	26611539.525727008
1.28797	26829958.44346431
1.28798	26820075.74205969
1.28799	27156887.926180057
1.288	26522838.448803663
1.28801	22756213.516312983
1.2880200000000002	13774631.836206587
1.28803	18573767.2905297
1.28804	4774413.176160306
1.28805	120968.13916174379
1.28806	1901647.4263881177
1.28807	14137089.256941797
1.28808	11039769.351860339
1.28809	21411150.294711374
1.2881	26068737.56332205
1.28811	26888712.0297138
1.2881200000000002	26706071.0448502
1.28813	25743049.987545587
1.28814	14454730.536097975
1.28815	16161810.117351137
1.28816	23631429.851494536
1.28817	25219124.171662785
1.2881799999999999	26489270.60797291
1.28819	26497200.988789603
1.2882	24904051.169192836
1.28821	13728718.495608127
1.2882200000000001	811327.1325948056
1.28823	12832757.86930236
1.28824	5706239.556002288
1.28825	2586187.450741438
1.28826	20190171.130064927
1.28827	24976409.14117367
1.2882799999999999	25236550.943776444
1.28829	22985819.922890134
1.2883	16112020.285529207
1.28831	8294113.994066361
1.2883200000000001	2064429.2320739895
1.28833	17122217.1253464
1.28834	9599309.624204397
1.28835	17531133.624336515
1.28836	24364079.054857954
1.28837	26546055.619755358
1.2883799999999999	26958765.43557444
1.28839	26892427.09918513
1.2884	26248833.010821134
1.28841	25425529.14290539
1.2884200000000001	23811677.942309283
1.28843	17692532.416568562
1.28844	1340262.9123689847
1.28845	393761.2726357433
1.28846	14038153.923790522
1.28847	21763062.034824856
1.2884799999999998	23298609.372423634
1.28849	18502482.409780767
1.2885	11670783.158379257
1.28851	1042677.4952571604
1.28852	559748.579341257
1.28853	13254702.973129733
1.28854	20060880.9206817
1.28855	21256903.452171095
1.28856	19020853.473053038
1.28857	1728701.4648317476
1.2885799999999998	7663726.545534369
1.28859	23228437.648025755
1.2886	25292397.57878024
1.28861	25851753.13015483
1.28862	22280759.96906462
1.28863	22029264.63053456
1.28864	26046537.591362454
1.28865	27276585.240448553
1.2886600000000001	27571474.979823865
1.28867	27135010.876914553
1.2886799999999998	26005786.931477185
1.28869	19824854.107606355
1.2887	5479235.916246343
1.28871	20464446.367246736
1.28872	26053135.607524417
1.28873	21879127.543884248
1.28874	18311334.66342466
1.28875	25907768.038162265
1.2887600000000001	27233910.130788807
1.28877	26986713.595640603
1.28878	27217610.827417288
1.2887899999999999	26924645.876731522
1.2888	26978636.707976315
1.28881	26730679.57619013
1.28882	26288753.8503664
1.28883	24397200.76359136
1.28884	16292210.025122333
1.28885	941044.1516196423
1.2888600000000001	9477417.224520953
1.2888700000000002	22525788.390976828
1.28888	12941064.446561174
1.2888899999999999	7697859.85160768
1.2889	25164598.17318916
1.28891	26969320.22596143
1.28892	27046433.212139815
1.28893	24646769.300160386
1.28894	19679769.163062897
1.28895	11810274.722744666
1.28896	24876541.39990445
1.2889700000000002	26706071.0448502
1.28898	23478481.23250756
1.2889899999999999	24758823.280295454
1.289	27053907.450368434
1.28901	25519373.01457876
1.28902	25925073.719189122
1.28903	27104412.61260554
1.28904	26783664.731405575
1.28905	26083748.25495858
1.28906	23940322.693529774
1.2890700000000002	17985395.8137842
1.28908	1564119.7505126144
1.28909	79378.7032705202
1.2891	11235437.805149158
1.28911	21248095.028468043
1.28912	23243418.4039253
1.2891299999999999	19560502.166100617
1.28914	3589136.702571903
1.28915	3458278.781190919
1.28916	21020352.75952458
1.2891700000000001	25470648.35122764
1.28918	26464884.320146963
1.28919	26951317.482424542
1.2892	27049547.22709012
1.28921	25759059.365579292
1.28922	25211576.308074113
1.2892299999999999	27480839.77462048
1.28924	27727454.417005625
1.28925	26950696.912550338
1.28926	27382304.774708293
1.2892700000000001	27264026.800645556
1.28928	27523901.819155715
1.28929	27651583.07149564
1.2893	27067615.585411973
1.28931	23510940.369857736
1.28932	6784064.994314916
1.2893299999999999	12549025.447967457
1.28934	25518197.83108089
1.28935	26032147.71919362
1.28936	21833833.79417747
1.2893700000000001	14248527.994447706
1.28938	24389898.894499656
1.28939	19163728.084740423
1.2894	11032145.982679976
1.28941	25229578.790339246
1.28942	25844611.01355387
1.2894299999999999	23426639.798031002
1.28944	21410657.290432323
1.28945	22246413.228122417
1.28946	5965405.90808087
1.2894700000000001	5875028.801277722
1.28948	23503903.750760857
1.28949	26469150.29930361
1.2895	27085696.012903508
1.28951	26789832.608195998
1.28952	26905433.884969153
1.2895299999999998	26106581.061615583
1.28954	25183146.967138033
1.28955	23793591.43788175
1.28956	21623201.729429647
1.28957	11981191.231900338
1.28958	15481391.735203596
1.28959	6077150.615609143
1.2896	5847496.896717647
1.2896100000000001	20579745.51209639
1.28962	19161080.700742617
1.2896299999999998	2490003.7433882006
1.28964	2172701.178863743
1.28965	19907650.14993198
1.28966	24725210.63181108
1.28967	26570516.703550726
1.28968	26438694.09921414
1.28969	27678974.782563787
1.2897	27315553.177506227
1.2897100000000001	27601964.946392864
1.28972	28048523.20717081
1.2897299999999998	27863777.916903272
1.2897399999999999	27478941.531023968
1.28975	27551801.445300255
1.28976	27386718.636489052
1.28977	27974993.867685076
1.28978	27807375.406390432
1.28979	27930582.94204383
1.2898	28025927.87424106
1.2898100000000001	28236443.851764664
1.28982	28003995.552065965
1.28983	25499989.405656524
1.2898399999999999	25842230.746528827
1.28985	27350797.87162681
1.28986	27633761.182777245
1.28987	27557511.67000873
1.28988	26478903.691179078
1.28989	26495980.775686257
1.2899	26324492.055206213
1.2899100000000001	21458531.5988437
1.2899200000000002	3545275.5861788006
1.28993	13494288.78335305
1.2899399999999999	24839908.972132802
1.28995	27169397.015345365
1.28996	27209464.834228292
1.28997	26369992.119051743
1.28998	26602349.81269357
1.28999	23756912.60276409
1.29	11260560.285385247
1.29001	17593003.9417525
1.2900200000000002	14919353.353255644
1.29003	1231941.2577468923
1.2900399999999999	16693599.883192085
1.29005	21417067.231587812
1.29006	26119809.189174395
1.29007	27433423.000332918
1.29008	27415110.455764525
1.29009	27629307.5056514
1.2901	26653853.111001205
1.29011	27475778.083073143
1.2901200000000002	28137143.143961076
1.29013	27897802.795575697
1.29014	27429633.19467834
1.29015	27539750.411817145
1.29016	28162421.877398513
1.29017	28107356.36513534
1.2901799999999999	27589256.69819519
1.29019	27779856.62729262
1.2902	27558780.769542094
1.29021	26719602.932213966
1.2902200000000001	26849116.541520055
1.29023	26162545.702361
1.29024	22002397.172126126
1.29025	16974226.773571968
1.29026	1076192.5963531965
1.29027	217525.41205199918
1.2902799999999999	11410377.163197268
1.29029	23075971.823554803
1.2903	25667879.98509598
1.29031	26232519.23613512
1.2903200000000001	26939529.09791391
1.29033	27035225.726349376
1.29034	27470717.32383797
1.29035	25588804.71949111
1.29036	26761472.130566973
1.29037	27662409.111133315
1.2903799999999999	27921580.63697299
1.29039	27617222.571367633
1.2904	26470978.786583737
1.29041	27422686.57735524
1.2904200000000001	25810118.58967407
1.29043	26594387.961752295
1.29044	26320855.443440948
1.29045	25711653.10088384
1.29046	27951814.146814395
1.29047	28220194.325529855
1.2904799999999998	27976282.19342672
1.29049	27771542.358846646
1.2905	27242690.72134551
1.29051	27663046.06897507
1.2905200000000001	27170648.24112681
1.29053	25732975.11379037
1.29054	22277681.98094351
1.29055	21505027.38841094
1.29056	10512354.55229481
1.29057	469067.1292270013
1.2905799999999998	5707027.956590156
1.29059	20253496.068249706
1.2906	24811898.734599132
1.29061	26244602.539754093
1.29062	27006605.46859632
1.29063	27292291.42525879
1.29064	27594339.29520134
1.29065	27015934.83070208
1.2906600000000001	26428346.97618749
1.29067	22415580.99840547
1.2906799999999998	17204418.56784284
1.29069	8566038.06610201
1.2907	1689468.1156466329
1.29071	18538304.014928143
1.29072	25453059.926193036
1.29073	25484141.040836334
1.29074	19647169.866047386
1.29075	24369128.61092762
1.2907600000000001	26931466.332157765
1.29077	26825016.63764678
1.2907799999999998	23924341.886967685
1.2907899999999999	11354813.357899338
1.2908	21360922.28607219
1.29081	24999423.861162987
1.29082	16013637.75156265
1.29083	10509208.29639729
1.29084	25260968.657405425
1.29085	26750998.684205737
1.2908600000000001	26880664.4730622
1.29087	27705117.730713226
1.29088	27777298.125767536
1.2908899999999999	27393025.387560565
1.2909	25417334.24162435
1.29091	10181224.173776956
1.29092	16637573.995160788
1.29093	26239768.55054822
1.29094	27059514.484488886
1.29095	27007849.19737737
1.29096	26173994.089130957
1.2909700000000002	23011238.834338482
1.29098	8300609.823560999
1.2909899999999999	2682069.3304235665
1.291	6829831.668954986
1.29101	2469164.3615953214
1.29102	18673683.771654308
1.29103	23910023.336876657
1.29104	25219124.171662785
1.29105	26650170.999467686
1.29106	26863958.012114268
1.2910700000000002	23643403.82724178
1.29108	24875395.819214813
1.29109	25166916.02507345
1.2911	18815250.294344258
1.29111	15918788.03590622
1.29112	22400617.99776016
1.2911299999999999	25630082.256525524
1.29114	21706010.06225617
1.29115	26810814.015605785
1.29116	27163141.750681657
1.2911700000000002	24450063.985266544
1.29118	27291663.00425991
1.29119	24057472.609339483
1.2912	26238560.192373686
1.29121	27849666.573061187
1.29122	27754282.213051263
1.2912299999999999	27943448.412984785
1.29124	27045810.45217032
1.29125	20397643.63485274
1.29126	19887949.109512802
1.2912700000000001	26980500.390546322
1.29128	27548629.609524656
1.29129	28316527.886492282
1.2913	28460989.822568547
1.29131	28364164.798359584
1.29132	27427106.948438037
1.2913299999999999	28002061.17139688
1.29134	27659861.42642609
1.29135	28052398.52154689
1.29136	27425212.416445576
1.2913700000000001	24990790.857008304
1.29138	21169470.724572703
1.29139	11184845.772488065
1.2914	24263866.063253503
1.29141	23552119.705561765
1.29142	22964658.94685381
1.2914299999999999	25727050.55941655
1.29144	27946022.218221597
1.29145	27921580.63697299
1.29146	26302679.91895381
1.2914700000000001	26324492.055206213
1.29148	28040128.529164143
1.29149	27539116.29293013
1.2915	26324492.055206213
1.29151	25448957.708256677
1.29152	26242789.68945102
1.2915299999999998	25073790.911927413
1.29154	17403636.34571736
1.29155	23049419.916630227
1.29156	25186626.38781051
1.29157	27621038.295242675
1.29158	27562588.41882596
1.29159	25919104.93756883
1.2916	19578075.546512034
1.2916100000000001	17121428.636263896
1.29162	16610014.057247302
1.2916299999999998	17984567.574769363
1.29164	23449306.325765003
1.29165	20475758.563628197
1.29166	11186133.549574206
1.29167	226423.2396696692
1.29168	6297236.44142157
1.29169	18008187.33994172
1.2917	22458978.531444035
1.2917100000000001	23745427.893971246
1.29172	16346696.522767717
1.2917299999999998	1057133.900156459
1.2917399999999999	6784533.637108835
1.29175	23251447.782779127
1.29176	25352453.801740102
1.29177	25061669.58994553
1.29178	13064115.158630677
1.29179	10794685.653805645
1.2918	24775931.97797162
1.2918100000000001	26580919.48831279
1.29182	26336011.307575587
1.29183	24560658.12852698
1.2918399999999999	10265024.730257979
1.29185	5972277.7904541185
1.29186	22713287.59693131
1.29187	22119229.76960474
1.29188	5956758.5931464
1.29189	1030955.6902180951
1.2919	16999259.358713888
1.2919100000000001	25109611.887956493
1.2919200000000002	26711605.988438163
1.29193	27204453.12718846
1.2919399999999999	26868288.31953452
1.29195	25764991.291101705
1.29196	26025555.018262465
1.29197	24131260.058903717
1.29198	14034275.574354036
1.29199	716625.0746125685
1.292	12339001.01631589
1.29201	23444987.201728366
1.2920200000000002	24140151.981505666
1.29203	21989228.89240833
1.2920399999999999	19475113.61664688
1.29205	6991816.150144685
1.29206	25536.830860109454
1.29207	2137814.409413877
1.29208	2866025.1690884754
1.29209	15786650.709136255
1.2921	20227862.83394872
1.29211	24773650.135390453
1.2921200000000002	25255152.77402294
1.29213	23414775.60035336
1.29214	14229511.79540374
1.29215	959413.8862170473
1.29216	2472065.6499161287
1.29217	9102904.78288929
1.2921799999999999	22891803.008212168
1.29219	24820469.940932073
1.2922	20291773.21926593
1.29221	18071325.14767966
1.2922200000000001	1881308.4233292716
1.29223	3881950.560254928
1.29224	21984672.478184674
1.29225	25938209.87751343
1.29226	26402800.8533565
1.29227	21715508.327495813
1.2922799999999999	22518009.60271977
1.29229	25364131.72691438
1.2923	24249902.67855039
1.29231	18589598.074624803
1.2923200000000001	1371860.6527834965
1.29233	266659.4628825677
1.29234	13770509.209212244
1.29235	22723749.86125849
1.29236	21611753.23097659
1.29237	17040408.43527694
1.2923799999999999	20643341.63783532
1.29239	18591738.40440029
1.2924	6622927.485831731
1.29241	19368232.954009727
1.2924200000000001	25328530.86116143
1.29243	23872615.3234149
1.29244	24423618.07208757
1.29245	16971100.29341761
1.29246	1381751.675895081
1.29247	8471103.734328166
1.2924799999999999	7232192.878327804
1.29249	21559565.29829053
1.2925	26051335.982831664
1.29251	27203200.344670434
1.2925200000000001	27440372.33736846
1.29253	27209464.834228292
1.29254	24407314.65291679
1.29255	27126889.605169386
1.29256	27816981.39240284
1.29257	27781135.966425326
1.2925799999999998	27641397.728143975
1.29259	26013572.56653135
1.2926	14818696.384329882
1.29261	20894885.710011322
1.29262	14494391.912877826
1.29263	22591236.391953345
1.29264	21301981.344018523
1.29265	16273838.433130357
1.2926600000000001	458459.5248901783
1.29267	181356.86507820425
1.2926799999999998	9803925.446044216
1.29269	18763765.6418237
1.2927	15655249.73709416
1.29271	18466730.02279889
1.29272	20772558.94437317
1.29273	9888945.877702253
1.29274	3317874.846632728
1.29275	328582.93156434555
1.2927600000000001	12990623.61847432
1.29277	22121267.119776193
1.2927799999999998	25476513.86001361
1.2927899999999999	26778114.856439933
1.2928	27246454.69815868
1.29281	27047678.77509846
1.29282	25904188.99497089
1.29283	23779898.68711196
1.29284	15642638.178999092
1.29285	17304537.64520266
1.2928600000000001	19361990.37962104
1.29287	24361835.14358611
1.29288	20510677.214914173
1.2928899999999999	8306345.662554256
1.2929	23984463.03993422
1.29291	25525837.491287142
1.29292	18740880.870070204
1.29293	22036367.17115605
1.29294	23883611.600841876
1.29295	26355423.548685897
1.29296	24535222.456181258
1.2929700000000002	19058556.325714353
1.29298	1022986.7296260949
1.2929899999999999	492460.04450352426
1.293	16857377.018370606
1.29301	24641662.213833902
1.29302	26642194.83606291
1.29303	27339464.26337987
1.29304	27441636.042311873
1.29305	27071978.721200272
1.29306	27863136.33709301
1.2930700000000002	27806094.85891468
1.29308	27531508.00506437
1.29309	23780993.817132622
1.2931	20577376.317719113
1.29311	24247669.28282706
1.29312	25147221.087125555
1.29313	15211778.745650368
1.29314	3610189.5103074564
1.29315	13541288.783008035
1.29316	1424098.4049164117
1.2931700000000002	8763548.61067806
1.29318	21792647.79508452
1.29319	26101171.485960968
1.2932	27374109.490059502
1.29321	27124391.241360072
1.29322	23204915.965511058
1.2932299999999999	12315725.484888136
1.29324	25502925.369434785
1.29325	27309893.089304227
1.29326	27335687.437707987
1.2932700000000001	25930446.797853842
1.29328	21277960.58137993
1.29329	27353317.089217734
1.2933	27758756.03534345
1.29331	27131887.023164313
1.29332	27884316.272877153
1.2933299999999999	28241645.676030975
1.29334	28459023.874943797
1.29335	28569984.186460167
1.29336	28684679.382345
1.2933700000000001	28517404.773001544
1.29338	28795856.456673123
1.29339	28764710.005677074
1.2934	28388340.129187036
1.29341	28535139.4980544
1.29342	28634526.10286888
1.2934299999999999	27937658.217865627
1.29344	28022056.216667447
1.29345	27930582.94204383
1.29346	28347189.045531284
1.2934700000000001	27516931.328087926
1.29348	27606414.216063663
1.29349	28428896.34403495
1.2935	28587093.360462643
1.29351	28256606.259440303
1.29352	28752128.451469135
1.2935299999999998	28591043.086195145
1.29354	27561953.774080455
1.29355	24189673.137189843
1.29356	23337804.636961497
1.29357	27785614.117380008
1.29358	28235793.691102933
1.29359	27765787.784585044
1.2936	26437476.580390476
1.29361	25956133.54803803
1.29362	22980527.851555284
1.2936299999999998	26876951.02854547
1.29364	28117713.40561879
1.29365	28549598.169004112
1.29366	28336095.008457705
1.29367	28636504.174176782
1.29368	28417770.32975907
1.29369	28308052.997025974
1.2937	27564492.44074436
1.2937100000000001	27947309.209738757
1.29372	27740865.071931195
1.2937299999999998	24544828.390501294
1.29374	10487210.85545147
1.29375	18409839.40377417
1.29376	26478903.691179078
1.29377	27033358.26361777
1.29378	26228895.330006793
1.29379	23864371.437939283
1.2938	14032983.029329699
1.2938100000000001	19393669.935592704
1.29382	11809730.852017453
1.29383	84180.7905630027
1.2938399999999999	366248.6225526848
1.29385	15242282.269557348
1.29386	22950386.301984392
1.29387	23597717.626629394
1.29388	26098166.650517866
1.29389	27179408.435172386
1.2939	27377891.62430078
1.2939100000000001	26483171.930173475
1.2939200000000002	26898000.665835485
1.29393	26086150.767592747
1.2939399999999999	21627683.22734683
1.29395	8479690.475727448
1.29396	493593.00906491576
1.29397	8585982.520506263
1.29398	23831973.09980482
1.29399	26576023.55294127
1.294	27538482.188644074
1.29401	27722985.639531758
1.2940200000000002	27163141.750681657
1.29403	24225346.635631885
1.2940399999999999	21723510.09030641
1.29405	27282866.629448663
1.29406	27737671.470654126
1.29407	27489067.012274463
1.29408	26503913.165398784
1.29409	23236996.897282783
1.2941	12665723.415499179
1.29411	143120.88069478996
1.2941200000000002	2979065.142968398
1.29413	17856239.403427098
1.29414	25168654.55408974
1.29415	26748534.93963548
1.29416	27522000.601041287
1.29417	28043356.95410149
1.2941799999999999	28275480.900208548
1.29419	28104767.70115874
1.2942	28329571.132579498
1.29421	27262771.274721652
1.2942200000000001	22937706.95356994
1.29423	27581634.557937216
1.29424	28301535.577316195
1.29425	28296974.276348397
1.29426	26861483.864084538
1.29427	17804918.906654004
1.2942799999999999	22103446.66656704
1.29429	28019475.40876307
1.2943	28124836.084663335
1.29431	28280038.736574218
1.2943200000000001	28339357.509756774
1.29433	27990457.693029888
1.29434	22600601.616546396
1.29435	24474847.813114826
1.29436	28230592.944712806
1.29437	27886242.51973587
1.2943799999999999	26749150.854504533
1.29439	27395548.494628545
1.2944	28516748.143050116
1.29441	28818408.952796083
1.2944200000000001	28680716.721173685
1.29443	28748156.47250822
1.29444	28323700.92851322
1.29445	28259208.908908986
1.29446	28566695.1348121
1.29447	28359593.40356763
1.2944799999999999	28106709.17678872
1.29449	27781775.658085424
1.2945	28137143.143961076
1.29451	27692361.989839293
1.2945200000000001	27890095.41265766
1.29453	27470717.32383797
1.29454	26216819.25816003
1.29455	24403942.890702475
1.29456	12061741.03629461
1.29457	2762294.6354874843
1.2945799999999998	12207591.833051834
1.29459	539895.8634177579
1.2946	188118.2803214264
1.29461	10502918.60926107
1.29462	10895822.006052367
1.29463	801700.214877209
1.29464	14317922.257995024
1.29465	20595389.03776143
1.2946600000000001	9492923.91384078
1.29467	16005896.343014987
1.2946799999999998	24200258.22080762
1.29469	17097397.15397461
1.2947	21004386.44651739
1.29471	25346616.8555497
1.29472	16982827.564171277
1.29473	14584783.945478871
1.29474	21758051.48148635
1.29475	21015029.307126198
1.2947600000000001	26759007.421400975
1.29477	27119395.2040119
1.2947799999999998	25883321.095071368
1.2947899999999999	16443717.232149288
1.2948	910290.478288929
1.29481	11284179.864824273
1.29482	23525019.92856948
1.29483	25536419.258344147
1.29484	20435722.655523706
1.29485	21718508.643091265
1.2948600000000001	11760614.107041843
1.29487	15035919.780359542
1.29488	17762741.680417676
1.2948899999999999	24419681.767202552
1.2949	15382254.765729984
1.29491	20236714.281353235
1.29492	26542388.399966918
1.29493	26509406.21093081
1.29494	20104348.317018908
1.29495	22112100.521542456
1.29496	4113391.061524551
1.2949700000000002	7857239.657956176
1.29498	25070327.078975335
1.2949899999999999	26838608.794391297
1.295	26323279.795459945
1.29501	21575456.827000543
1.29502	6402063.832325326
1.29503	16639489.576921662
1.29504	24762244.07443439
1.29505	26860246.87552098
1.29506	26637287.614394635
1.2950700000000002	18788408.755224407
1.29508	3552221.184823191
1.29509	20911250.280715227
1.2951	26978015.50906105
1.29511	27957607.275808327
1.29512	27984013.393922724
1.29513	28060150.756667495
1.29514	26954420.54614139
1.29515	15081342.3970195
1.29516	6850464.182980248
1.2951700000000002	24746284.411033876
1.29518	25955535.89285704
1.29519	16081997.860394279
1.2952	20876130.354084514
1.29521	26982364.201859295
1.29522	27411323.179906834
1.2952299999999999	28025282.560833152
1.29524	26513068.873746663
1.29525	15329923.936782522
1.29526	15961731.461169701
1.2952700000000001	26716526.90131782
1.29528	27187545.430050444
1.29529	25740679.074205864
1.2953	23720290.30963375
1.29531	8155676.671153304
1.29532	18330318.02946275
1.2953299999999999	26850971.276844904
1.29534	26818223.140849177
1.29535	26223460.40946742
1.29536	27747253.377621964
1.2953700000000001	26746071.421973933
1.29538	28028509.27646684
1.29539	28457713.318638038
1.2954	27724262.359598387
1.29541	27841331.411108196
1.29542	27090062.063147165
1.2954299999999999	27192554.022290494
1.29544	27670690.707172792
1.29545	27738310.1614957
1.29546	27198816.06015978
1.2954700000000001	25016122.793103367
1.29548	22628199.55140721
1.29549	9189883.375637745
1.2955	51417.38672899516
1.29551	7754789.25721941
1.29552	21465944.393160775
1.2955299999999998	21114947.211364064
1.29554	24508684.43307858
1.29555	25172131.972422943
1.29556	23198505.09601589
1.29557	20130752.06479964
1.29558	9811829.661043439
1.29559	172777.02828767654
1.2956	427837.6498790668
1.29561	12417094.891109379
1.29562	20438075.540481605
1.2956299999999998	23749255.513213355
1.29564	24535787.40706026
1.29565	23578707.774231188
1.29566	16502129.845537718
1.29567	558386.6158570872
1.29568	5439262.2687027315
1.29569	17369607.306780543
1.2957	10121386.282163652
1.2957100000000001	36429.06293281214
1.29572	467969.98621617217
1.2957299999999998	15542110.77392153
1.29574	23016008.008681774
1.29575	25006332.411656436
1.29576	25880341.33913767
1.29577	26000996.929680567
1.29578	27335687.437707987
1.29579	27468187.293783784
1.2958	27561953.774080455
1.2958100000000001	27648399.748597056
1.29582	27228893.921173654
1.29583	27965333.315520823
1.2958399999999999	27625490.639421742
1.29585	25852348.39562188
1.29586	17122217.1253464
1.29587	20921364.21174391
1.29588	5084871.706963217
1.29589	6299121.713530884
1.2959	18131344.095791414
1.2959100000000001	22883897.824813716
1.2959200000000002	19132424.13873634
1.29593	16261477.403740205
1.2959399999999999	9355995.408391207
1.29595	13497707.108540151
1.29596	22558488.656283643
1.29597	26355423.548685897
1.29598	26747303.15244236
1.29599	28179935.84168783
1.296	28337399.963904455
1.29601	28351105.624968216
1.2960200000000002	28303490.645659003
1.29603	28608164.871348448
1.2960399999999999	28302838.941205557
1.29605	24881697.165912896
1.29606	18188630.483235896
1.29607	25735345.317536443
1.29608	27768345.2259197
1.29609	27758756.03534345
1.2961	26299046.320438482
1.29611	23396451.839426283
1.2961200000000002	25061669.58994553
1.29613	22566281.42792521
1.29614	13617582.027830034
1.29615	187078.55209377283
1.29616	703239.0846943816
1.29617	15538174.698831739
1.2961799999999999	16886125.006772187
1.29619	1105452.2806118852
1.2962	4425679.908841601
1.29621	22274604.418032795
1.2962200000000001	24795336.127687283
1.29623	19226047.01532749
1.29624	19762414.31729419
1.29625	27099420.25511785
1.29626	27034603.224438816
1.29627	20804630.168325312
1.2962799999999999	18674543.746373527
1.29629	27484636.655214112
1.2963	28361552.48254152
1.29631	28491807.405107457
1.2963200000000001	28480656.76977857
1.29633	28488527.35337587
1.29634	28235143.545411646
1.29635	27386718.636489052
1.29636	27774739.85987831
1.29637	25391011.372657005
1.2963799999999999	25948962.59404608
1.29639	27221998.141530547
1.2964	25245850.145607777
1.29641	24020386.990151253
1.2964200000000001	14570015.037526134
1.29643	324329.1620439187
1.29644	2781441.9471717994
1.29645	20947876.267670836
1.29646	24942501.0975094
1.29647	26591326.34593256
1.2964799999999999	26972425.362440042
1.29649	25851753.13015483
1.2965	22331094.01678619
1.29651	23911124.459496975
1.2965200000000001	11801575.795934651
1.29653	14854225.06918582
1.29654	26320249.390324652
1.29655	27438476.88906693
1.29656	25110190.064793296
1.29657	18687448.120688014
1.2965799999999998	19023481.48260509
1.29659	16558843.439571042
1.2966	16497190.902212458
1.29661	23005411.185489494
1.29662	24953990.189009227
1.29663	13233051.418466872
1.29664	460194.0508127983
1.29665	15841270.139139496
1.2966600000000001	25456576.639294777
1.29667	25928058.62542486
1.2966799999999998	27461230.91254693
1.29669	28089240.723220274
1.2967	27647763.127995413
1.29671	23268050.623126388
1.29672	22570438.673467565
1.29673	26563787.65944322
1.29674	27422055.153931595
1.29675	27143134.58001321
1.2967600000000001	26521617.05507883
1.29677	26077742.94138228
1.2967799999999998	24853067.537122983
1.2967899999999999	21168983.285107337
1.2968	10945358.730632879
1.29681	92365.12025468444
1.29682	173353.6538892493
1.29683	7970764.905902975
1.29684	19922324.05404513
1.29685	24172969.272933394
1.2968600000000001	24517715.429575447
1.29687	20559852.754249815
1.29688	8379536.557418019
1.2968899999999999	17977943.035577282
1.2969	23450386.231094338
1.29691	20853069.94813797
1.29692	19190663.92695767
1.29693	7947124.193556307
1.29694	52425.55055840734
1.29695	1854214.6155045528
1.2969600000000001	11990574.726682391
1.2969700000000002	23178215.691580337
1.29698	25947170.165121626
1.2969899999999999	26513068.873746663
1.297	26222252.80229335
1.29701	19836726.248531844
1.29702	11581638.36430555
1.29703	22869148.785692792
1.29704	23150479.996236067
1.29705	24911506.965638615
1.29706	19879707.952340707
1.2970700000000002	1859816.0872412783
1.29708	19687020.793677993
1.2970899999999999	25926864.62169245
1.2971	25312789.058642954
1.29711	26784898.19314974
1.29712	26435650.407280944
1.29713	27234537.221963324
1.29714	27530874.07596349
1.29715	26474636.140087977
1.29716	14450737.098190572
1.2971700000000002	10399441.111514581
1.29718	24756543.01341101
1.29719	27338205.26351231
1.2972	27503628.92855227
1.29721	27309893.089304227
1.29722	26844171.206975576
1.2972299999999999	24817612.543215916
1.29724	25036291.532053072
1.29725	23143018.36595449
1.29726	18042221.074365404
1.2972700000000001	4399567.649783024
1.29728	15451.903954285508
1.29729	1774720.6392762356
1.2973	656591.1126503004
1.29731	1694259.7751047055
1.29732	16692831.132208606
1.2973299999999999	23046235.741548207
1.29734	25653108.617589634
1.29735	26599287.28028463
1.29736	26470369.27678952
1.2973700000000001	27093181.10134373
1.29738	25905978.454758637
1.29739	25683251.230038594
1.2974	23782088.997587144
1.29741	18899051.13109476
1.29742	13761317.02551652
1.2974299999999999	105699.51632377761
1.29744	209942.8072144551
1.29745	15324630.082901303
1.29746	23199573.451255724
1.2974700000000001	24305244.822203
1.29748	17479137.54967918
1.29749	21794655.064559285
1.2975	21037299.99035432
1.29751	4501943.082824305
1.29752	14409536.12054663
1.2975299999999999	24156276.943313114
1.29754	26161943.29441913
1.29755	20337613.984257348
1.29756	18215873.430259883
1.2975700000000001	26279675.604304835
1.29758	27587350.96568157
1.29759	27313666.35110901
1.2976	28360899.441180266
1.29761	28533825.43657537
1.29762	28121598.279634386
1.2976299999999998	27587986.195225872
1.29764	25503512.602753345
1.29765	27483370.970064774
1.29766	26427129.93385559
1.29767	25683251.230038594
1.29768	21033909.451471943
1.29769	8897336.171603395
1.2977	18482895.156432144
1.2977100000000001	26909151.264809757
1.29772	28016249.733131967
1.2977299999999998	28260510.323538467
1.29774	26562564.37998097
1.29775	19407518.105766717
1.29776	26682099.539343927
1.29777	27823387.226542052
1.29778	27064499.490384776
1.29779	27996903.476162605
1.2978	28695909.89580906
1.2978100000000001	27140009.791040923
1.29782	20609146.194795817
1.2978299999999998	24643364.458349105
1.2978399999999999	24786773.600766927
1.29785	27355836.538847744
1.29786	26625023.514249086
1.29787	27362766.221957225
1.29788	27257122.123520393
1.29789	26715296.588115394
1.2979	28177989.30791374
1.2979100000000001	28541053.52363799
1.29792	27417004.289914276
1.29793	15195325.235334499
1.2979399999999999	22439335.91668296
1.29795	27108157.484272286
1.29796	28364817.914909326
1.29797	27393656.14254144
1.29798	24280632.73848001
1.29799	25952547.823366076
1.298	23086601.14860492
1.29801	7966544.749663544
1.2980200000000002	13252261.59147794
1.29803	25966295.791910473
1.2980399999999999	27136885.36180256
1.29805	28431514.862737525
1.29806	28631888.88700103
1.29807	28407302.764580287
1.29808	22693422.563550588
1.29809	22986349.197046727
1.2981	22864410.04222344
1.29811	12003005.359032657
1.2981200000000002	26288753.8503664
1.29813	28280038.736574218
1.29814	28521344.870234907
1.29815	28302838.941205557
1.29816	27325618.45317318
1.29817	24277837.48824104
1.29818	8490631.645218402
1.29819	10189432.578182735
1.2982	21704510.715986475
1.29821	27611499.973892514
1.2982200000000002	28290459.407314654
1.29823	28468854.971236676
1.29824	28649035.132717866
1.29825	28155289.679666027
1.29826	21035846.83534442
1.29827	24048057.407973547
1.2982799999999999	21819259.125371106
1.29829	22102428.7886688
1.2983	12409949.093633873
1.29831	24729196.186099663
1.2983200000000001	27417004.289914276
1.29833	28202655.340401277
1.29834	27619766.328710314
1.29835	25723496.48154295
1.29836	28894155.120439753
1.29837	28870213.794352114
1.2983799999999999	28462955.90600084
1.29839	28274829.840696026
1.2984	24997697.02178507
1.29841	27242690.72134551
1.2984200000000001	27899729.974082693
1.29843	26977394.324449148
1.29844	24056918.671938915
1.29845	27194432.48225546
1.29846	27342612.016718805
1.29847	25509973.061758675
1.2984799999999999	27089438.298597824
1.29849	27672602.19679064
1.2985	27424580.934863005
1.29851	26808962.05415057
1.2985200000000001	18747786.53773042
1.29853	18782353.063950036
1.29854	25511147.866483193
1.29855	19292566.23770979
1.29856	25048400.579688776
1.29857	28057566.44028789
1.2985799999999998	27666868.12403748
1.29859	27432159.67360524
1.2986	28131312.813126765
1.29861	25459507.604705878
1.29862	27757477.72682081
1.29863	26848498.324882504
1.29864	25669653.120671924
1.29865	26658149.550783083
1.29866	26397329.897647176
1.29867	27573379.615625348
1.2986799999999998	28466888.480325468
1.29869	25851157.878394116
1.2987	27534677.869528938
1.29871	28048523.20717081
1.29872	26300257.464166183
1.29873	24484430.10979078
1.29874	15528875.210728867
1.29875	22832843.502803326
1.2987600000000001	27111278.60590113
1.29877	26940149.41063672
1.2987799999999998	27437845.102062106
1.29879	25518785.41606493
1.2988	13830567.481639093
1.29881	20470101.684018668
1.29882	27091933.44297388
1.29883	28298929.02959681
1.29884	28370696.640640948
1.29885	28104767.70115874
1.2988600000000001	26095763.03123095
1.29887	16120184.198646137
1.29888	4575620.530756571
1.2988899999999999	9351041.835821332
1.2989	24456820.721043773
1.29891	27456172.832752805
1.29892	27808015.70224292
1.29893	27909367.863741968
1.29894	27856721.3514365
1.29895	24547654.380973358
1.2989600000000001	26588877.307050798
1.2989700000000002	26722064.01192514
1.29898	17985395.8137842
1.2989899999999999	24941926.781809308
1.299	28455747.59733834
1.29901	28900809.011553366
1.29902	28838322.881689224
1.29903	28835002.938185494
1.29904	28139734.78996348
1.29905	25621231.468290098
1.29906	22835998.194621485
1.2990700000000002	26728217.7029927
1.29908	28298277.43017737
1.2990899999999999	27608321.265465334
1.2991	28562748.772641044
1.29911	28197460.69775863
1.29912	28044648.42815222
1.29913	27748531.215284966
1.29914	26477684.320677914
1.29915	27439740.506719828
1.29916	26822546.07608491
1.2991700000000002	25204611.05443039
1.29918	21277470.643872146
1.29919	11029606.02962576
1.2992	224811.7467364787
1.29921	511029.5338815966
1.29922	13428577.192590682
1.2992299999999999	21935624.341517273
1.29924	25167495.52140196
1.29925	26192080.689886432
1.29926	24834761.865105703
1.2992700000000001	26119207.765265882
1.29928	24726918.64784578
1.29929	28003350.743662626
1.2993	28465577.56184947
1.29931	27455540.638288513
1.29932	26980500.390546322
1.2993299999999999	25069749.82000724
1.29934	23896813.81994318
1.29935	28054336.379517157
1.29936	27974993.867685076
1.2993700000000001	27343241.610875558
1.29938	24330442.076667845
1.29939	19888865.004504863
1.2994	10880027.673561323
1.29941	23142485.484398503
1.29942	25118285.93852942
1.2994299999999999	22238218.856158677
1.29944	20487077.013088025
1.29945	13818471.272161452
1.29946	558941.0417143737
1.2994700000000001	9747.696528711267
1.29948	1116888.9648032896
1.29949	14465718.181595815
1.2995	13573754.808982052
1.29951	22687675.40239894
1.29952	23260015.51084484
1.2995299999999999	12326506.242932897
1.29954	12553360.47639645
1.29955	10091599.347312942
1.29956	1130524.5558784837
1.2995700000000001	15193226.06858089
1.29958	25538183.31262114
1.29959	26847261.93431147
1.2996	27854797.143757414
1.29961	28070490.40275801
1.29962	27632488.630347863
1.2996299999999998	27766427.12283613
1.29964	27120644.127071705
1.29965	26794150.967049718
1.29966	18361155.13449093
1.29967	23692451.485351786
1.29968	26218630.314427197
1.29969	24883415.992027875
1.2997	21023257.029194593
1.2997100000000001	9755061.23688692
1.29972	13882574.09192318
1.2997299999999998	8677407.642916264
1.29974	25606.899677233254
1.29975	102701.07748321425
1.29976	11428520.193465728
1.29977	17734951.29014751
1.29978	7342433.130889144
1.29979	18403058.217507407
1.2998	25951352.69189039
1.2998100000000001	27270933.22683905
1.29982	26600512.250937875
1.2998299999999998	21832325.618462056
1.2998399999999999	24559527.09446453
1.29985	26852826.14029475
1.29986	27129388.199096993
1.29987	21933604.088890187
1.29988	5181434.351056795
1.29989	19858662.728919588
1.2999	27444163.626792807
1.2999100000000001	28289156.61351077
1.29992	28514121.774433706
1.29993	27309893.089304227
1.2999399999999999	25133328.05832755
1.29995	27083201.44298954
1.29996	27373479.18515164
1.29997	29059624.622348092
1.29998	29115885.310827516
1.29999	28908795.703545414
1.3	29046245.251605738
1.30001	28464266.70374223
1.3000200000000002	25298804.558879294
1.30003	28723674.724359524
1.3000399999999999	29041563.927293427
1.30005	28457713.318638038
1.30006	28079540.718403786
1.30007	25722311.89802848
1.30008	25718166.28529896
1.30009	27563223.078184873
1.3001	25474754.065564357
1.30011	25409727.05549301
1.3001200000000002	26462446.926469862
1.30013	26871381.823615447
1.30014	18400939.6090908
1.30015	19532147.712922838
1.30016	27525803.16860618
1.30017	28424314.516591232
1.30018	25950157.61545116
1.30019	26724525.31832068
1.3002	28265065.74673768
1.30021	27320585.351816572
1.3002200000000002	23729577.184907492
1.30023	14876816.288205473
1.30024	24590083.303789794
1.30025	21808208.970262434
1.30026	26556448.827609688
1.30027	25209254.343015067
1.3002799999999999	27253984.212002598
1.30029	26421653.936888617
1.3003	20377457.68630132
1.30031	12052301.848711325
1.3003200000000001	671490.696656628
1.30033	10720622.409065101
1.30034	22952500.20802698
1.30035	21605285.022001963
1.30036	22166646.73104828
1.30037	16839143.580236387
1.3003799999999999	3412321.951688341
1.30039	11020720.798183044
1.3004	21787630.430157203
1.30041	20994232.380383372
1.3004200000000001	12379411.516551062
1.30043	50167.446938895984
1.30044	120620.46545199805
1.30045	11090215.87683523
1.30046	16103860.506947933
1.30047	23485510.240588777
1.3004799999999999	25534655.325919602
1.30049	26768251.25140072
1.3005	26910390.50555541
1.30051	26323279.795459945
1.3005200000000001	23061629.997202553
1.30053	11277945.719298583
1.30054	18662077.988285534
1.30055	10316680.952068856
1.30056	438083.60470966937
1.30057	10175833.680238476
1.3005799999999998	22280246.941513456
1.30059	24875395.819214813
1.3006	22066832.577398643
1.30061	21468415.89360738
1.30062	17809429.185315598
1.30063	918138.0795042058
1.30064	1340262.9123689847
1.30065	17168802.310892027
1.30066	5450796.896821548
1.30067	500373.15296693577
1.3006799999999998	18370458.67759659
1.30069	26026753.566960253
1.3007	27564492.44074436
1.30071	27357096.350684237
1.30072	28308052.997025974
1.30073	28666191.64648722
1.30074	28969433.325413484
1.30075	28866225.50242507
1.3007600000000001	28860908.636898853
1.30077	28863566.94723661
1.3007799999999998	28838322.881689224
1.30079	28002705.95010638
1.3008	19935172.592467196
1.30081	21189465.40934151
1.30082	26827487.426766265
1.30083	27289149.464958567
1.30084	26658763.384427786
1.30085	24696761.06113184
1.3008600000000001	20972973.108615994
1.30087	22747307.579431593
1.30088	26431998.439482592
1.3008899999999999	18187374.10054791
1.3009	12929746.196126668
1.30091	26629928.476578426
1.30092	26964973.635434162
1.30093	25836875.947216827
1.30094	28090534.31034531
1.30095	27858004.23040219
1.3009600000000001	24505298.667078957
1.3009700000000002	20057647.749276266
1.30098	26246415.515288644
1.3009899999999999	27248964.304945584
1.301	25748385.341039702
1.30101	23840205.793358203
1.30102	14058856.562445011
1.30103	14830302.171893783
1.30104	16273838.433130357
1.30105	6464873.033517718
1.30106	16385.549111052467
1.3010700000000002	5943742.687833306
1.30108	19793381.7103009
1.3010899999999999	17638026.87497824
1.3011	1141931.3604699597
1.30111	7944013.984276326
1.30112	15698205.138916073
1.30113	15591216.420739394
1.30114	15987479.477489509
1.30115	3921841.158556937
1.30116	19280.131869388388
1.3011700000000002	1484499.3097584927
1.30118	9137134.124680642
1.30119	9687015.619482037
1.3012	21821268.84595284
1.30121	25104986.95250001
1.30122	26322067.59153911
1.3012299999999999	27005983.62568396
1.30124	26733141.676145006
1.30125	26093359.633315355
1.30126	22138082.42051585
1.3012700000000001	3997514.060778913
1.30128	2693394.6926107956
1.30129	20469630.347935185
1.3013	23720836.49579059
1.30131	21413122.425349575
1.30132	17287810.763093226
1.3013299999999999	6547718.501196618
1.30134	40824.13580081362
1.30135	615463.0716769773
1.30136	12754986.403532863
1.3013700000000001	20107126.02725624
1.30138	13821335.207438001
1.30139	5069907.082747043
1.3014	23465510.128672007
1.30141	27019667.47786711
1.30142	27047678.77509846
1.3014299999999999	26981121.646678753
1.30144	25166336.542088278
1.30145	24319800.051219642
1.30146	24172412.676154386
1.3014700000000001	14685204.543830534
1.30148	24220326.872796014
1.30149	28233193.19815632
1.3015	28843635.586382363
1.30151	28631888.88700103
1.30152	27935728.419458978
1.3015299999999999	24769087.08067613
1.30154	28265065.74673768
1.30155	28539739.189814296
1.30156	28056920.39838347
1.3015700000000001	27507428.957801476
1.30158	18354391.880868364
1.30159	17578021.85091503
1.3016	27437845.102062106
1.30161	27670053.57330877
1.30162	24570839.77930236
1.3016299999999998	13731247.65194921
1.30164	9582525.861278437
1.30165	10730501.015771987
1.30166	24195243.65657197
1.30167	18100059.394975454
1.30168	19523604.439752374
1.30169	22096322.50555607
1.3017	6991011.233898266
1.3017100000000001	11672395.64804296
1.30172	19207905.040435936
1.3017299999999998	27535945.917502604
1.30174	28009799.49587178
1.30175	27266538.025957443
1.30176	19272586.341773752
1.30177	4949370.893784774
1.30178	22569918.97589444
1.30179	18832154.13189159
1.3018	19816182.8059812
1.3018100000000001	27206332.40914286
1.30182	25974667.686013382
1.3018299999999998	20331527.114030402
1.3018399999999999	27781135.966425326
1.30185	28762060.799980827
1.30186	28994124.538410746
1.30187	27699376.92037768
1.30188	28480656.76977857
1.30189	27331911.133787703
1.3019	21320628.358116522
1.3019100000000001	25346033.234847635
1.30192	23589025.507421456
1.30193	8785368.852337321
1.3019399999999999	520440.397619463
1.30195	7552313.336057527
1.30196	22468806.28580752
1.30197	16402120.569318516
1.30198	20394825.790896982
1.30199	27482738.149347436
1.302	28085360.319257516
1.3020100000000001	26647716.541042633
1.3020200000000002	18617441.5912662
1.30203	23780446.245818213
1.3020399999999999	15345816.473442307
1.30205	10326662.893010402
1.30206	21448157.987143673
1.30207	26136654.682252098
1.30208	15838717.033827618
1.30209	22697080.605901275
1.3021	27822746.576751214
1.30211	27123142.14574314
1.3021200000000002	17595029.527783226
1.30213	23983910.78362176
1.3021399999999999	27651583.07149564
1.30215	21556586.94001287
1.30216	17634778.129587814
1.30217	27682799.03841133
1.30218	28854263.932128374
1.30219	28468199.459172763
1.3022	28502962.406089462
1.30221	27782415.36447525
1.3022200000000002	28231893.04149798
1.30223	26791683.248190366
1.30224	26639741.112235814
1.30225	26745455.578010622
1.30226	23901766.533361915
1.30227	14856619.480352268
1.3022799999999999	328856.1741605454
1.30229	2867081.246306016
1.3023	8388030.481671656
1.30231	64028.74654987372
1.3023200000000001	7276792.6498627635
1.30233	18779325.95028082
1.30234	18970553.395351693
1.30235	4762225.980441285
1.30236	15171202.318192396
1.30237	23358233.74001317
1.3023799999999999	25111924.675183624
1.30239	26370599.31754988
1.3024	25439583.69261593
1.30241	16532555.906920344
1.3024200000000001	5655486.890203859
1.30243	10291057.38688004
1.30244	24547089.15685033
1.30245	26217422.929682102
1.30246	27605142.922979526
1.30247	28076308.127896417
1.3024799999999999	27806735.125281133
1.30249	28424314.516591232
1.3025	28327614.2627227
1.30251	28785912.43757069
1.3025200000000001	29042232.641713995
1.30253	29286670.428892273
1.30254	28993456.93170744
1.30255	28715739.176118102
1.30256	28351105.624968216
1.30257	26323279.795459945
1.3025799999999998	24039752.937411822
1.30259	9969192.911276354
1.3026	12368014.906322433
1.30261	26003990.577402133
1.3026200000000001	27955032.403597414
1.30263	28126131.31105297
1.30264	27744697.87882887
1.30265	26242185.433844443
1.30266	16820155.249317978
1.30267	25305213.161971726
1.3026799999999998	28438717.032849986
1.30269	27987879.79532307
1.3027	28050460.797434483
1.30271	26569904.901837654
1.30272	24612175.317817677
1.30273	25125805.872766215
1.30274	21683530.739552964
1.30275	4860713.235201248
1.3027600000000001	93520.32340475595
1.30277	8303668.444616007
1.3027799999999998	11497674.246490182
1.30279	16008845.009654392
1.3028	4655539.330858007
1.30281	15526.90872464007
1.30282	55796.37699832828
1.30283	938341.6636038785
1.30284	14854909.147281459
1.30285	22083606.500164974
1.3028600000000001	24019280.8359213
1.30287	23976180.530296434
1.30288	26406448.787080493
1.3028899999999999	24778214.030727837
1.3029	19098972.350689646
1.30291	14283347.424800396
1.30292	21507998.622981142
1.30293	20838190.3092414
1.30294	8107370.119872087
1.30295	11399872.655699782
1.3029600000000001	14098730.208116828
1.3029700000000002	18037236.51312483
1.30298	23783184.228477653
1.3029899999999999	26192080.689886432
1.303	26739297.91823259
1.30301	28121598.279634386
1.30302	28545654.168702893
1.30303	28334790.113105107
1.30304	28253353.284682605
1.30305	28431514.862737525
1.30306	28994792.16048644
1.3030700000000002	29204515.114457358
1.30308	29245563.9233152
1.3030899999999999	29171583.21417011
1.3031	28553542.714226626
1.30311	26834901.15967985
1.30312	28975437.360187534
1.30313	29281950.355742674
1.30314	29374467.333212566
1.30315	29089080.93519905
1.30316	28885507.352187596
1.3031700000000002	27815059.92976794
1.30318	27553070.281862002
1.30319	25902996.09045016
1.3032	17046687.510324985
1.30321	3392969.8459956627
1.30322	18440810.287658103
1.3032299999999999	22465702.319922183
1.30324	8814547.04447221
1.30325	823150.0331261539
1.30326	11210629.504858274
1.3032700000000002	24438244.189086378
1.30328	26400369.177514683
1.30329	20500761.820649948
1.3033	26744223.932624076
1.30331	28737567.210994832
1.30332	28459023.874943797
1.3033299999999999	28457058.063117314
1.30334	26029150.829947907
1.30335	14474380.996661598
1.30336	23848441.330874313
1.3033700000000001	26291175.245583244
1.30338	26717142.07916606
1.30339	27351427.654272005
1.3034	24788485.86956775
1.30341	20856911.579394907
1.30342	16694753.076048704
1.3034299999999999	13254397.775828693
1.30344	19762869.368939213
1.30345	22438302.57086919
1.30346	18516973.285002332
1.3034700000000001	6554355.601542469
1.30348	7195.185582528089
1.30349	98596.38681927403
1.3035	7897506.645094512
1.30351	18337916.88515306
1.30352	22504532.732594434
1.3035299999999999	25703365.97900135
1.30354	26273020.216370817
1.30355	23432034.602264736
1.30356	24701310.79167384
1.3035700000000001	26618893.581786286
1.30358	26619506.511518385
1.30359	26460009.757274672
1.3036	22857566.924006607
1.30361	15232458.374204947
1.30362	2061579.086952635
1.3036299999999998	12072299.46518054
1.30364	24970083.808451295
1.30365	26555225.886105243
1.30366	28363511.696848344
1.30367	28670152.3008068
1.30368	28775309.268807817
1.30369	29265773.02234489
1.3037	29437437.33711738
1.3037100000000001	29304883.553540222
1.30372	29123931.438808244
1.3037299999999998	29038889.223582912
1.30374	28422351.102319367
1.30375	26561952.76137481
1.30376	16909859.53258219
1.30377	25289485.85151431
1.30378	27929939.82400884
1.30379	29342695.03955964
1.3038	28530540.547617603
1.3038100000000001	28701857.24172198
1.30382	27854797.143757414
1.3038299999999998	28549598.169004112
1.3038399999999999	29420496.662406255
1.30385	28870878.563244637
1.30386	28368083.72324557
1.30387	28115123.787767444
1.30388	28887502.761264816
1.30389	27912581.23343474
1.3039	27247709.472659275
1.3039100000000001	23895713.35633709
1.30392	24395515.522874475
1.30393	28886172.473231357
1.3039399999999999	29081044.435437966
1.30395	28182531.42922486
1.30396	26530167.992463287
1.30397	24834190.030164555
1.30398	21907862.17164844
1.30399	17564265.773322698
1.304	17202437.949972168
1.3040100000000001	617005.44976287
1.3040200000000002	5799759.701061258
1.30403	21077058.455065258
1.3040399999999999	20377457.68630132
1.30405	2320919.0862718495
1.30406	3678070.0817105873
1.30407	4047156.5139427963
1.30408	14645021.041548839
1.30409	19645812.734507967
1.3041	26464884.320146963
1.30411	27374739.80948073
1.3041200000000002	22482779.44026939
1.30413	24664936.403092455
1.3041399999999999	27970485.19478094
1.30415	27875970.740571655
1.30416	28457713.318638038
1.30417	28387032.827913113
1.30418	27985946.527852453
1.30419	26973046.43263594
1.3042	24452879.0649552
1.30421	12449731.923667578
1.3042200000000002	1837722.7851536316
1.30423	373773.9240537034
1.30424	16687066.628141707
1.30425	20303457.46557095
1.30426	13131066.47741012
1.30427	105457.62830107135
1.3042799999999999	24654.375145478058
1.30429	9142184.887048079
1.3043	6537474.381465483
1.30431	2886689.017948272
1.3043200000000001	19762869.368939213
1.30433	18096308.860180452
1.30434	2919980.828211281
1.30435	9869610.187296465
1.30436	24122926.856126595
1.30437	26690087.649453286
1.3043799999999999	27362766.221957225
1.30439	27471982.426251948
1.3044	27499196.224577468
1.30441	25996207.810153734
1.3044200000000001	21709009.065527044
1.30443	2363796.0359048154
1.30444	14325177.106937535
1.30445	23301828.41661989
1.30446	22311563.249776863
1.30447	20513983.411927134
1.3044799999999999	11460933.69471481
1.30449	136997.61292984552
1.3045	20383.37056861746
1.30451	7908789.19894598
1.3045200000000001	14745856.390317988
1.30453	918203.6186659854
1.30454	5340968.29595385
1.30455	21825288.84246525
1.30456	24654148.071336996
1.30457	25551711.777851325
1.3045799999999999	27635033.793811176
1.30459	28240995.395594303
1.3046	27561953.774080455
1.30461	28363511.696848344
1.3046200000000001	28385071.988880116
1.30463	28360899.441180266
1.30464	26133044.019386496
1.30465	27030868.51396667
1.30466	28363511.696848344
1.30467	29002137.017998252
1.3046799999999998	29356210.961914267
1.30469	28905467.64702526
1.3047	29033540.5551531
1.30471	29450996.89996011
1.30472	29000801.450983852
1.30473	24814184.10016871
1.30474	27092557.264976703
1.30475	28122245.81081921
1.3047600000000001	29082383.697863568
1.30477	25951352.69189039
1.3047799999999998	26956282.55586031
1.30479	27636306.463452477
1.3048	22256660.439343207
1.30481	22405260.618411656
1.30482	27784974.337337025
1.30483	28938765.460564654
1.30484	27410692.018132072
1.30485	28259208.908908986
1.3048600000000001	27824668.570379212
1.30487	25902399.658790268
1.3048799999999998	18677123.908163596
1.3048899999999999	9876202.8171791
1.3049	4738272.1338596055
1.30491	16194964.486701116
1.30492	13863407.849649005
1.30493	26428955.51837134
1.30494	26410705.34678304
1.30495	24463579.32403394
1.3049600000000001	12624668.988776086
1.30497	13816562.311673269
1.30498	20280095.697018147
1.3049899999999999	25702774.143941615
1.305	25587037.16853209
1.30501	19146526.624722864
1.30502	5544341.851006767
1.30503	15722803.979939833
1.30504	15724252.170393024
1.30505	26813283.496555187
1.30506	27392394.64710319
1.3050700000000002	22401649.608095154
1.30508	24985037.17720166
1.3050899999999999	28049814.91914165
1.3051	28255955.63452744
1.30511	28938099.12853655
1.30512	28353716.978550944
1.30513	28781273.070568908
1.30514	28232543.112342786
1.30515	27260888.094243187
1.30516	18785380.66557173
1.3051700000000002	8330479.500162883
1.30518	21409178.345704664
1.30519	15301006.51260014
1.3052	23908922.264963835
1.30521	17084803.96626512
1.30522	4705220.711121033
1.30523	20526268.238876555
1.30524	27629307.5056514
1.30525	27982724.712154217
1.30526	27744059.04090636
1.3052700000000002	27730646.841933202
1.30528	23529895.58616778
1.30529	24182990.206820857
1.3053	19727406.787205637
1.30531	19066896.099931132
1.30532	12284005.437188985
1.3053299999999999	3728636.0998144867
1.30534	11686110.808400948
1.30535	22847043.048832066
1.30536	11955286.826561915
1.3053700000000001	18126752.291442625
1.30538	25103252.821333937
1.30539	18099642.63050414
1.3054	26237351.889844928
1.30541	27004739.982813798
1.30542	27907440.01949614
1.3054299999999999	28497712.449935712
1.30544	27286007.866369072
1.30545	28680056.330868974
1.30546	29028192.871893805
1.3054700000000001	25205191.418729026
1.30548	22987937.09264011
1.30549	28841643.20743758
1.3055	28687982.018213615
1.30551	28372003.189588323
1.30552	28379843.746943846
1.3055299999999999	25646021.38091359
1.30554	24229809.52042894
1.30555	6893662.223826966
1.30556	719228.6849356896
1.3055700000000001	20502178.012019828
1.30558	26390644.71349436
1.30559	28037546.05681492
1.3056	28460989.822568547
1.30561	28372656.486625656
1.30562	26305708.301212512
1.3056299999999998	26449045.27330581
1.30564	15704351.23878438
1.30565	4562049.571124451
1.30566	21017932.841283273
1.30567	16356862.39061788
1.30568	21628181.2288902
1.30569	27690449.135310438
1.3057	26406448.787080493
1.30571	17532344.673972633
1.30572	18826084.341046616
1.3057299999999998	26419828.856730714
1.30574	27723623.992215686
1.30575	22551737.097665463
1.30576	22891275.911036965
1.30577	28360899.441180266
1.30578	28457713.318638038
1.30579	28231242.985621434
1.3058	28252052.19963947
1.3058100000000001	27766427.12283613
1.30582	25849967.415990327
1.3058299999999998	23108938.670747668
1.30584	11483122.55739495
1.30585	323286.82049971947
1.30586	6282608.535438935
1.30587	5496421.123516799
1.30588	22935066.304475904
1.30589	26639127.71659018
1.3059	24467522.704939507
1.3059100000000001	27382304.774708293
1.30592	28114476.420571372
1.30593	28533168.42852843
1.3059399999999999	26862102.379728626
1.30595	10729512.74561703
1.30596	15793558.740379717
1.30597	26964973.635434162
1.30598	22378449.86253251
1.30599	23265907.655154992
1.306	25866043.285039324
1.3060100000000001	28539739.189814296
1.3060200000000002	28510182.67503909
1.30603	20497457.75453398
1.3060399999999999	22838627.43742129
1.30605	27801613.40712051
1.30606	29671534.02363875
1.30607	29257687.70750038
1.30608	28627274.343661852
1.30609	29224022.932435744
1.3061	28336095.008457705
1.30611	26830576.233200405
1.3061200000000002	28405340.525398027
1.30613	28719045.388083488
1.3061399999999999	28092474.802733414
1.30615	27360876.13431108
1.30616	25027645.79645485
1.30617	27571474.979823865
1.30618	28526599.18004221
1.30619	28464922.125249945
1.3062	24861652.96511253
1.30621	23534772.254266255
1.3062200000000002	26084949.483615663
1.30623	26731910.597821645
1.30624	21975562.481961735
1.30625	20654752.72271815
1.30626	26384568.742532052
1.30627	28863566.94723661
1.3062799999999999	28846292.305739995
1.30629	28856257.182912048
1.3063	28147511.160320986
1.30631	25700406.939973455
1.3063200000000001	20886227.29901676
1.30633	13213260.584931538
1.30634	1471160.3110658266
1.30635	15405294.320691448
1.30636	20117777.472271286
1.30637	13543471.556792483
1.3063799999999999	22214676.84611327
1.30639	27148760.10682502
1.3064	25099784.918349806
1.30641	22605806.1965603
1.3064200000000001	27037715.877333052
1.30643	27001631.12619118
1.30644	26334798.51736035
1.30645	21692519.673660908
1.30646	4042406.6530615613
1.30647	512021.26707240636
1.3064799999999999	17848840.144980896
1.30649	14082832.050740505
1.3065	11185875.982295986
