1.2776299999999998	3751457234.620094
1.27764	3778069997.745019
1.27765	3773114633.583894
1.27766	3806098294.6721673
1.27767	3829481713.266053
1.27768	3806624162.908765
1.27769	3795683570.175031
1.2777	3790705103.8306155
1.27771	3755086970.2622733
1.27772	3729666502.391375
1.27773	3771551132.4630656
1.27774	3725803960.328503
1.27775	3789396066.7467093
1.27776	3833893105.933972
1.27777	3824370856.444698
1.27778	3828776361.6327796
1.27779	3749212013.8912783
1.2778	3712017371.8160343
1.27781	3750161750.9292674
1.2778200000000002	3779984334.6602335
1.27783	3814081773.1799455
1.27784	3820058379.445429
1.27785	3782335073.9162397
1.27786	3764263356.011054
1.27787	3782247983.435334
1.27788	3783118978.4909616
1.27789	3734650797.1161046
1.2779	3768079004.7163982
1.27791	3704929940.7615047
1.2779200000000002	3662013997.546733
1.27793	3647203533.9263797
1.27794	3769988279.224953
1.27795	3755432842.481261
1.27796	3591699547.8714437
1.27797	3428151449.375161
1.27798	3728807813.8063226
1.27799	3785035873.709831
1.278	3809868622.921189
1.27801	3804083139.3319
1.2780200000000002	3726833580.2482095
1.27803	3722631089.250825
1.27804	3636302462.05085
1.27805	3661086584.128833
1.27806	3731900018.263983
1.27807	3575444161.852812
1.27808	3769293885.6779213
1.27809	3764350032.375842
1.2781	3578738784.620921
1.27811	3481208217.362947
1.27812	3425074323.158915
1.27813	3486743500.3036504
1.27814	3723402619.927996
1.27815	3783380316.118092
1.27816	3787215342.746069
1.27817	3786866543.3854313
1.27818	3799356097.163732
1.27819	3800406043.097911
1.2782	3787215342.746069
1.27821	3792713172.3595033
1.27822	3794110716.9509454
1.27823	3778417986.8765507
1.27824	3574785601.356099
1.27825	3488510222.9426045
1.27826	3777287139.375592
1.27827	3784251571.932976
1.27828	3773896627.184253
1.27829	3758460583.641231
1.2783	3724174310.508088
1.27831	3697430334.980971
1.27832	3820322268.844112
1.27833	3783031869.9601936
1.27834	3793411880.2959104
1.27835	3793761282.532119
1.27836	3707490099.8429728
1.27837	3765390304.44045
1.2783799999999998	3810044077.895115
1.27839	3837249162.7083173
1.2784	3836189038.050271
1.27841	3739211235.4254646
1.27842	3670033259.1384
1.27843	3777374115.6275268
1.27844	3483693995.658937
1.27845	3654685414.4942346
1.27846	3740158439.101862
1.27847	3756730147.05705
1.2784799999999998	3591699547.8714437
1.27849	3680950692.7242928
1.2785	3789570578.9028726
1.27851	3744122073.0612955
1.27852	3795333990.89774
1.27853	3793411880.2959104
1.27854	3787913037.8515687
1.27855	3720917148.959891
1.27856	3662435626.759249
1.27857	3757162681.4970064
1.2785799999999998	3799881033.8669744
1.27859	3818123747.413478
1.2786	3804608729.14528
1.27861	3803557622.1264343
1.27862	3794460183.555353
1.27863	3742570585.861399
1.27864	3372251837.626409
1.27865	3408788060.1025896
1.27866	3756643646.144585
1.27867	3795683570.175031
1.2786799999999998	3797606831.8354173
1.27869	3720831472.6626725
1.2787	3681798360.5312204
1.27871	3552711976.2179213
1.27872	3474961521.6713862
1.27873	3734736791.618675
1.27874	3772506528.367031
1.27875	3741019741.565911
1.27876	3770075087.4124885
1.27877	3721516938.2810545
1.27878	3725803960.328503
1.27879	3726661957.171094
1.2788	3427520018.699948
1.27881	3714582428.412776
1.27882	3787651387.125928
1.27883	3646028003.901262
1.27884	3668850370.865447
1.27885	3794023355.32896
1.27886	3783990174.123704
1.2788700000000002	3763223395.290788
1.27888	3628189816.2836685
1.27889	3583521380.8219156
1.2789	3796470241.2807655
1.27891	3806361219.7090507
1.27892	3779723231.6111045
1.27893	3788610861.489093
1.27894	3665726001.1041827
1.27895	3718775833.24935
1.27896	3614431512.51074
1.2789700000000002	3788785337.48437
1.27898	3747831007.546673
1.27899	3764436710.7364492
1.2790000000000001	3735252800.21822
1.27901	3785297343.755951
1.27902	3790443260.242551
1.27903	3819003004.120176
1.27904	3790443260.242551
1.27905	3721345560.0387135
1.27906	3764610073.445325
1.2790700000000002	3807237767.681796
1.27908	3816014357.155469
1.27909	3748694076.888306
1.2791	3710052028.030653
1.27911	3825075396.4791603
1.27912	3818739205.8499227
1.27913	3799793539.3800616
1.27914	3804170732.591654
1.27915	3818123747.413478
1.27916	3812852456.6361938
1.27917	3808289891.702936
1.27918	3710650065.960092
1.27919	3624098558.997447
1.2792	3799443581.578049
1.27921	3824723110.239287
1.27922	3795858371.8880796
1.27923	3760711342.888658
1.27924	3763743339.731958
1.27925	3744380716.7845893
1.27926	3787913037.8515687
1.27927	3806536513.157355
1.27928	3798481363.803768
1.27929	3789919627.325855
1.2793	3763310047.7093353
1.27931	3780767752.0345297
1.27932	3751198102.085164
1.27933	3500257541.584341
1.27934	3742312067.1732154
1.27935	3786169041.0335994
1.27936	3795858371.8880796
1.27937	3809517737.2124376
1.27938	3810307275.506446
1.27939	3807237767.681796
1.2794	3818211663.973903
1.27941	3810131808.412117
1.27942	3678832376.9347954
1.2794299999999998	3783903045.533147
1.27944	3637391101.436794
1.27945	3660917988.7430525
1.27946	3779201079.618797
1.27947	3791490743.128626
1.27948	3799181134.378175
1.27949	3782247983.435334
1.2795	3705697802.8025007
1.27951	3434472157.514288
1.27952	3633875132.7708244
1.2795299999999998	3783118978.4909616
1.27954	3691985613.0837617
1.27955	3439220335.319407
1.27956	3771203775.7630734
1.27957	3805747756.207474
1.27958	3800668574.914405
1.27959	3813554874.707567
1.2796	3809079175.5208883
1.27961	3749298343.6821156
1.27962	3782247983.435334
1.2796299999999998	3715266742.80864
1.27964	3699985311.728588
1.27965	3772593394.540062
1.27966	3788436393.528532
1.27967	3808465273.9719133
1.27968	3766864515.323109
1.27969	3719375277.403399
1.2797	3767558461.322365
1.27971	3803470042.9839225
1.27972	3772506528.367031
1.27973	3792713172.3595033
1.27974	3796819925.215404
1.27975	3754308874.2332563
1.27976	3635297853.347928
1.27977	3394610889.096583
1.27978	3661339491.7656274
1.27979	3763483358.532251
1.2798	3772159083.6758757
1.27981	3790792389.046157
1.2798200000000002	3793935995.7185283
1.27983	3762876805.5684133
1.27984	3756124682.494597
1.27985	3649891883.10546
1.27986	3530693353.3862844
1.27987	3689691026.447829
1.27988	3797869170.2825522
1.27989	3748521447.1212826
1.2799	3645104638.97279
1.27991	3713214177.729131
1.2799200000000002	3757768313.378632
1.27993	3666823449.334776
1.27994	3816190095.157433
1.27995	3808377581.827843
1.27996	3787913037.8515687
1.27997	3673415041.817133
1.27998	3712872193.813802
1.27999	3821290019.2786922
1.28	3701860083.363914
1.28001	3571659095.1206274
1.2800200000000002	3771637976.6370397
1.28003	3555248812.2159204
1.28004	3735510831.25269
1.28005	3775113383.827992
1.28006	3811096977.4355435
1.28007	3800318536.522353
1.28008	3802769482.436101
1.28009	3799093656.006858
1.2801	3765130209.4763813
1.28011	3758979870.030183
1.28012	3789745099.0957885
1.28013	3757162681.4970064
1.28014	3731212640.187735
1.28015	3779201079.618797
1.28016	3764610073.445325
1.28017	3729151265.5140867
1.28018	3776591401.4526577
1.28019	3779549172.9316006
1.2802	3788087481.7101393
1.28021	3769901473.036229
1.28022	3713470686.3368955
1.28023	3765130209.4763813
1.28024	3702115807.63155
1.28025	3692240655.223597
1.28026	3794023355.32896
1.28027	3789134313.580615
1.28028	3764176681.64204
1.28029	3780158413.3801365
1.2803	3775461100.632762
1.28031	3714496897.976225
1.28032	3406434165.8307505
1.28033	3622096361.399846
1.28034	3740847465.2069526
1.28035	3775461100.632762
1.28036	3650564279.964889
1.28037	3765823835.9752674
1.28038	3768339303.3830624
1.28039	3770422340.1516533
1.2804	3774765699.047632
1.28041	3776504443.223176
1.28042	3798218983.069247
1.28043	3796732501.212296
1.28044	3771811670.984086
1.28045	3736801253.8211546
1.28046	3691815594.7778897
1.28047	3746364245.672117
1.2804799999999998	3760278399.917478
1.28049	3578821189.0754023
1.2805	3253943441.755096
1.28051	3374737520.252839
1.28052	3732071882.568279
1.28053	3799093656.006858
1.28054	3808903764.981351
1.28055	3796295411.3907228
1.28056	3788523626.5044866
1.28057	3773635944.644519
1.2805799999999998	3782944763.4351525
1.28059	3793237191.245369
1.2806	3791228845.272396
1.28061	3805222009.0425744
1.28062	3760105236.6849623
1.28063	3631365807.547668
1.28064	3769293885.6779213
1.28065	3726318734.726544
1.28066	3764956822.814923
1.28067	3781115989.649858
1.2806799999999998	3792014593.1179852
1.28069	3743691039.8904467
1.2807	3790094163.593415
1.28071	3786256221.801232
1.28072	3726318734.726544
1.28073	3734306838.906087
1.28074	3332805735.565918
1.28075	3702968349.447405
1.28076	3739641752.8100734
1.28077	3570096867.5678844
1.28078	3653170988.0066533
1.28079	3796819925.215404
1.2808	3596002624.284724
1.28081	3662941645.893697
1.28082	3437478575.0726404
1.28083	3578079617.2881603
1.28084	3480727303.895227
1.28085	3542011769.966329
1.28086	3737919980.622572
1.2808700000000002	3750679890.712907
1.28088	3740502936.288994
1.28089	3754914046.0984244
1.2809	3761057733.155364
1.28091	3760971132.5976944
1.28092	3737145441.785857
1.28093	3685869884.053576
1.28094	3779114061.2999296
1.28095	3805309628.526059
1.28096	3698026338.3699055
1.2809700000000002	3413343535.594767
1.28098	3736973343.8409033
1.28099	3789570578.9028726
1.281	3790705103.8306155
1.28101	3793848638.119585
1.28102	3793237191.245369
1.28103	3792975172.752942
1.28104	3786866543.3854313
1.28105	3764523391.092939
1.28106	3702712566.2903
1.2810700000000002	3713385181.498857
1.28108	3769641066.4624352
1.28109	3742053566.34224
1.2811	3747744711.5421095
1.28111	3762097095.398389
1.28112	3781203054.065343
1.28113	3796645079.2221923
1.28114	3790181434.741375
1.28115	3749902707.8800893
1.28116	3699900117.3992
1.28117	3738952948.7849593
1.28118	3736887297.840392
1.28119	3711248200.28964
1.2812	3698537274.882547
1.28121	3746364245.672117
1.28122	3801631346.7452173
1.28123	3794023355.32896
1.28124	3739039042.349389
1.28125	3662941645.893697
1.28126	3696238616.3575993
1.28127	3775287238.22714
1.28128	3726661957.171094
1.28129	3702968349.447405
1.2813	3784251571.932976
1.28131	3791578046.43439
1.28132	3799006179.649782
1.28133	3784512987.799592
1.28134	3783903045.533147
1.28135	3797869170.2825522
1.28136	3704076947.324557
1.28137	3729408875.054913
1.28138	3781377188.910641
1.28139	3774504956.476615
1.2814	3790879676.271537
1.28141	3750334456.2368116
1.28142	3688247018.4027367
1.2814299999999998	3661170884.7333007
1.28144	3428625098.718373
1.28145	3535004736.190755
1.28146	3502192389.9543147
1.28147	3618345221.842792
1.28148	3616679295.912035
1.28149	3393985636.2518826
1.2815	3196097357.1483355
1.28151	3492528831.613873
1.28152	3657968825.9592295
1.2815299999999998	3710735507.819043
1.28154	3739900087.0331187
1.28155	3760797937.464379
1.28156	3753790233.1216455
1.28157	3667752315.9949436
1.28158	3384542718.6630955
1.28159	3675530238.2401037
1.2816	3730353595.6322827
1.28161	3766344139.7053967
1.28162	3774678782.8560014
1.2816299999999998	3767905482.2610283
1.28164	3726147135.358395
1.28165	3733533048.752757
1.28166	3690965620.6830697
1.28167	3731470392.1281962
1.28168	3775721909.25416
1.28169	3729752382.1250134
1.2817	3531099862.880574
1.28171	3577832460.8411
1.28172	3604292266.4624476
1.28173	3731212640.187735
1.28174	3437478575.0726404
1.28175	3623848223.7842884
1.28176	3725718171.5096045
1.28177	3695217448.971011
1.28178	3615180618.3784924
1.28179	3709881177.754768
1.2818	3753530939.434439
1.28181	3756470650.294813
1.2818200000000002	3753444512.1856046
1.28183	3719375277.403399
1.28184	3598570372.238189
1.28185	3693090922.9397726
1.28186	3697004677.0856953
1.28187	3675614871.425828
1.28188	3539484379.2159085
1.28189	3202801328.665645
1.2819	3383607664.138324
1.28191	3251022685.5345297
1.2819200000000002	3402514620.270239
1.28193	3296628432.678861
1.28194	3088232577.5488157
1.28195	2773000832.754405
1.28196	2767578830.625945
1.28197	3066479036.161271
1.28198	3266179134.0856285
1.28199	3406669482.094113
1.2819999999999998	3510023305.01303
1.28201	3574044865.78778
1.2820200000000002	3617428867.642186
1.28203	3647539469.256072
1.28204	3654853722.852756
1.28205	3663532089.914716
1.28206	3696579068.1932735
1.28207	3702968349.447405
1.28208	3676969267.461172
1.28209	3679001797.3276377
1.2821	3712786702.7563896
1.28211	3585749941.4821787
1.28212	3674684013.555521
1.28213	3687822417.7149954
1.28214	3710479188.144192
1.28215	3761144335.707108
1.28216	3769814668.846267
1.28217	3764956822.814923
1.28218	3757422226.064731
1.28219	3548705830.041838
1.2822	3508407251.683973
1.28221	3649891883.10546
1.28222	3738780767.6031494
1.28223	3729237133.383805
1.28224	3588062505.3060617
1.28225	3719375277.403399
1.28226	3752407540.4094186
1.28227	3759412663.493979
1.28228	3714325843.011228
1.28229	3697260065.9421625
1.2823	3682646223.5433455
1.28231	3736371063.442253
1.28232	3757595265.737197
1.28233	3762270350.3614993
1.28234	3723659832.3527374
1.28235	3730010033.190922
1.28236	3741105882.7205358
1.28237	3739297334.937217
1.28238	3745242991.5759273
1.28239	3731814089.0797796
1.2824	3711931900.441399
1.28241	3689860946.911461
1.28242	3634042482.758375
1.28243	3659063951.8399982
1.28244	3639904590.2233796
1.28245	3575608820.9327493
1.28246	3524601323.7689533
1.28247	3448577576.632273
1.2824799999999998	3336568151.3852673
1.28249	3164171394.458844
1.2825	2851018267.5039096
1.28251	2131719215.5777047
1.28252	1741285565.808182
1.28253	2465585117.837448
1.28254	2996332466.0354238
1.28255	3239067511.10551
1.28256	3390939177.443659
1.28257	3466889502.952505
1.2825799999999998	3534679165.2157116
1.28259	3574291760.5880203
1.2826	3553775590.211678
1.28261	3620928923.6664853
1.28262	3617345574.223273
1.28263	3524925966.4977508
1.28264	3540707084.9528213
1.28265	3592774833.998229
1.28266	3570672345.572625
1.28267	3602632810.666887
1.2826799999999998	3466650026.981159
1.28269	3515766308.576845
1.2827	3449927750.235053
1.28271	3287910597.4591713
1.28272	3279819925.8090377
1.28273	3053444284.977904
1.28274	2955493441.8517857
1.28275	3154714050.091664
1.28276	3254617834.980453
1.28277	3479525310.863613
1.28278	3560491882.771044
1.28279	3588062505.3060617
1.2828	3574291760.5880203
1.28281	3605703404.871471
1.28282	3672569304.1184564
1.28283	3549196135.738793
1.28284	3347649647.0206203
1.28285	3682900620.5187225
1.28286	3720745798.3382173
1.2828700000000002	3594346985.131567
1.28288	3704588719.8174615
1.28289	3744639378.3749757
1.2829	3725803960.328503
1.28291	3736285031.309617
1.28292	3749989053.5749273
1.28293	3746795586.6248713
1.28294	3560737841.3320336
1.28295	3715181196.6153345
1.28296	3753530939.434439
1.2829700000000002	3739125137.896204
1.28298	3734134871.6806173
1.28299	3741192025.858658
1.2830000000000001	3741881242.3750024
1.28301	3685615281.9758244
1.28302	3631533041.973876
1.28303	3610854593.0459094
1.28304	3556476963.735495
1.28305	3411536325.974472
1.28306	3384386858.2997212
1.2830700000000002	3502111749.9228244
1.28308	3600891204.36434
1.28309	3670117765.750044
1.2831	3704929940.7615047
1.28311	3672738436.0794787
1.28312	3705527153.041481
1.28313	3717748439.459853
1.28314	3717320442.491003
1.28315	3712188320.4695406
1.28316	3673076723.3688827
1.28317	3267683611.5548143
1.28318	3486743500.3036504
1.28319	3622346575.594444
1.2832	3743173865.585536
1.28321	3760451571.124654
1.28322	3779723231.6111045
1.28323	3772767132.886757
1.28324	3718262100.8696775
1.28325	3620011915.1374702
1.28326	3704759326.361025
1.28327	3702030564.246247
1.28328	3725203480.076693
1.28329	3754222429.072016
1.2833	3737833912.825209
1.28331	3747485835.450331
1.28332	3669948754.4725704
1.28333	3651489027.9101634
1.28334	3431942476.9919786
1.28335	3709283263.745478
1.28336	3745760451.760906
1.28337	3702456800.801474
1.28338	3603794349.479517
1.28339	3601886304.8452663
1.2834	3689606069.150376
1.28341	3638815198.572197
1.28342	3397738881.5411205
1.2834299999999998	3343027891.4471087
1.28344	3547562046.807704
1.28345	3542174889.3922725
1.28346	3441042210.1237245
1.28347	3228271112.9420466
1.28348	2885758609.326364
1.28349	2090836148.42805
1.2835	2071953478.5780523
1.28351	2876073628.863028
1.28352	3245039592.760292
1.2835299999999998	3429493625.820499
1.28354	3516980820.967516
1.28355	3628273359.4033437
1.28356	3653002757.13915
1.28357	3607032039.82561
1.28358	3577585321.466397
1.28359	3580552120.998873
1.2836	3709966601.9092093
1.28361	3651320874.4980173
1.28362	3716036747.194577
1.2836299999999998	3673668801.1030273
1.28364	3535574557.5563493
1.28365	3737231493.730405
1.28366	3711590034.6227345
1.28367	3703650524.2538033
1.28368	3544132908.5464287
1.28369	3671892854.157096
1.2837	3557705539.516856
1.28371	3765303604.1227727
1.28372	3794547555.235796
1.28373	3775721909.25416
1.28374	3779462146.5976977
1.28375	3747485835.450331
1.28376	3712444758.211164
1.28377	3736112972.9871025
1.28378	3760451571.124654
1.28379	3730353595.6322827
1.2838	3737059391.822705
1.28381	3752666756.4922743
1.2838200000000002	3788610861.489093
1.28383	3788610861.489093
1.28384	3774765699.047632
1.28385	3773722836.8236203
1.28386	3720060474.755994
1.28387	3785384504.451797
1.28388	3745932954.3764663
1.28389	3730267702.055367
1.2839	3753617368.6733727
1.28391	3791752659.076729
1.2839200000000002	3773635944.644519
1.28393	3788349162.561168
1.28394	3795683570.175031
1.28395	3661508106.5627885
1.28396	3392891720.877234
1.28397	3622429984.166979
1.28398	3335262342.519684
1.28399	3603628392.437894
1.284	3745329229.975597
1.28401	3800143529.4158616
1.2840200000000002	3779984334.6602335
1.28403	3761404155.327262
1.28404	3753271663.6580033
1.28405	3756211171.4573436
1.28406	3736887297.840392
1.28407	3694281626.7031064
1.28408	3377847200.216309
1.28409	3573468844.240795
1.2841	3626018370.236405
1.28411	3708087724.805111
1.2841200000000002	3644265419.234832
1.28413	3681883138.047455
1.28414	3775895791.6775827
1.28415	3775026459.630715
1.28416	3771898521.1572657
1.28417	3775200310.0267787
1.28418	3742656762.7259593
1.28419	3681035450.7220297
1.2842	3603047602.974061
1.28421	3681374502.2299156
1.28422	3489956389.109263
1.28423	3412007679.694997
1.28424	3720831472.6626725
1.28425	3767992242.4898376
1.28426	3743777242.5546975
1.28427	3742053566.34224
1.28428	3769554268.2684884
1.28429	3794198080.584529
1.2843	3754654674.7836494
1.28431	3766951251.582494
1.28432	3767471711.081621
1.28433	3785384504.451797
1.28434	3705783130.6300654
1.28435	3701263462.0981045
1.28436	3736371063.442253
1.28437	3689945910.0777435
1.28438	3675530238.2401037
1.28439	3737403603.56389
1.2844	3714069275.3333735
1.28441	3679425382.4454703
1.28442	3539239888.7413483
1.28443	3647287514.858138
1.28444	3675699506.5603385
1.28445	3601720435.6703224
1.28446	3610438901.977525
1.28447	3589467289.5024843
1.2844799999999998	3767905482.2610283
1.28449	3757595265.737197
1.2845	3735510831.25269
1.28451	3713299678.629617
1.28452	3745587957.089217
1.28453	3766517590.2566295
1.28454	3715694503.3229647
1.28455	3396800181.2854967
1.28456	3603130567.166214
1.28457	3773722836.8236203
1.2845799999999998	3663110334.474481
1.28459	3733103234.6182103
1.2846	3776243580.5481133
1.28461	3739211235.4254646
1.28462	3743260056.3412704
1.28463	3780506594.8707156
1.28464	3800318536.522353
1.28465	3805484873.5457
1.28466	3796732501.212296
1.28467	3768859954.6618648
1.2846799999999998	3777113192.879698
1.28469	3792625842.9167852
1.2847	3781986724.0242724
1.28471	3762183721.882608
1.28472	3706039125.901567
1.28473	3632369329.636071
1.28474	3447148556.9946685
1.28475	3621512595.490976
1.28476	3741795083.367251
1.28477	3645104638.97279
1.28478	3712615726.5469937
1.28479	3489313574.5919404
1.2848	3566810200.6351533
1.28481	3768165768.9407563
1.28482	3764523391.092939
1.28483	3791403441.833058
1.28484	3740072319.7626815
1.28485	3656284656.8854
1.28486	3662857304.516417
1.2848700000000002	3743346249.081643
1.28488	3701433915.504365
1.28489	3565660582.182057
1.2849	3655611206.390648
1.28491	3645020708.303043
1.28492	3691645584.3014703
1.28493	3559590180.060822
1.28494	3702456800.801474
1.28495	3730095920.834725
1.28496	3632536610.2772274
1.2849700000000002	3671892854.157096
1.28498	3644936779.5658493
1.28499	3583768930.2592344
1.285	3506711196.464776
1.28501	3437478575.0726404
1.28502	3367673658.9974804
1.28503	3184490810.662241
1.28504	2796919713.59948
1.28505	1987879247.903669
1.28506	2000000019.9681077
1.2850700000000002	2797306149.0312057
1.28508	3171757679.06771
1.28509	3332498786.949457
1.2851	3487546445.103227
1.28511	3572481594.7097244
1.28512	3613183347.655532
1.28513	3652498111.018081
1.28514	3666570162.892698
1.28515	3693516130.221512
1.28516	3728979535.706079
1.28517	3721431248.1733522
1.28518	3703309421.1429477
1.28519	3730954906.051546
1.2852	3693941386.459868
1.28521	3586823446.4106555
1.28522	3708343879.27782
1.28523	3580634567.2074494
1.28524	3431152334.0052905
1.28525	3619761862.2099338
1.28526	3639317954.198464
1.28527	3655358694.4361076
1.28528	3775808849.4649243
1.28529	3779897298.3064756
1.2853	3775721909.25416
1.28531	3783728794.3705454
1.28532	3787040939.050057
1.28533	3767818724.0299244
1.28534	3755951710.543417
1.28535	3578162006.5645924
1.28536	3742742941.5748243
1.28537	3791228845.272396
1.28538	3771985373.330252
1.28539	3786256221.801232
1.2854	3796033181.651245
1.28541	3777809026.929017
1.28542	3774157327.7319045
1.28543	3554757670.368569
1.28544	3481208217.362947
1.28545	3708173107.663296
1.28546	3752580349.141758
1.28547	3776504443.223176
1.28548	3667498965.3912454
1.28549	3749902707.8800893
1.2855	3780071373.0181155
1.28551	3749643682.724338
1.28552	3593271228.4736805
1.2855299999999998	3635716406.573611
1.28554	3703565245.5307345
1.28555	3713812725.37796
1.28556	3659400979.604842
1.28557	3721688324.415853
1.28558	3740416809.0175643
1.28559	3758893317.316529
1.2856	3775287238.22714
1.28561	3754827587.0027494
1.28562	3770335523.968422
1.2856299999999998	3795246601.1091547
1.28564	3789570578.9028726
1.28565	3718518958.1876783
1.28566	3552057602.758899
1.28567	3760538159.7188406
1.28568	3721345560.0387135
1.28569	3758027899.7833705
1.2857	3784425847.170928
1.28571	3793499227.8380156
1.28572	3774852617.2405896
1.2857299999999998	3760278399.917478
1.28574	3779201079.618797
1.28575	3741536618.2470326
1.28576	3766691048.795755
1.28577	3748348825.3039865
1.28578	3740158439.101862
1.28579	3619428485.174583
1.2858	3358535939.346414
1.28581	3626435855.0606117
1.28582	3695983298.0579314
1.28583	3783641671.7983937
1.28584	3773288395.935071
1.28585	3785471667.154599
1.28586	3771724822.8106976
1.28587	3770335523.968422
1.28588	3777722040.6629953
1.28589	3770682800.695786
1.2859	3719632211.61955
1.28591	3731728161.874147
1.2859200000000002	3769293885.6779213
1.28593	3608361164.3571343
1.28594	3085176395.911309
1.28595	3501547321.689925
1.28596	3493735316.6781588
1.28597	3302174352.6707697
1.28598	3710479188.144192
1.28599	3738952948.7849593
1.286	3702712566.2903
1.28601	3471442690.8786287
1.2860200000000002	3689096366.444175
1.28603	3687652591.1269407
1.28604	3655611206.390648
1.28605	3760884534.0340533
1.28606	3703906372.2049694
1.28607	3690540707.02269
1.28608	3695727997.3944335
1.28609	3598156095.3615813
1.2861	3626268855.363132
1.28611	3675022480.0474854
1.2861200000000002	3737059391.822705
1.28613	3693431084.848819
1.28614	3353667483.044568
1.28615	3546092010.0409913
1.28616	3673330459.283775
1.28617	3409808586.029487
1.28618	3574867914.7841244
1.28619	3686548908.91614
1.2862	3731384472.836388
1.28621	3761144335.707108
1.28622	3692325673.1853204
1.28623	3474481471.1569424
1.28624	3531018557.237585
1.28625	3757335709.216742
1.28626	3728292695.553053
1.28627	3765997262.5650773
1.28628	3734392825.4886365
1.28629	3494137570.976285
1.2863	3505500230.4642744
1.28631	3561147810.02495
1.28632	3702030564.246247
1.28633	3766604318.527693
1.28634	3763310047.7093353
1.28635	3703479968.7712727
1.28636	3522735208.2275205
1.28637	3503321545.381475
1.28638	3647203533.9263797
1.28639	3765997262.5650773
1.2864	3718518958.1876783
1.28641	3729237133.383805
1.28642	3690795649.348487
1.28643	3707916964.986649
1.28644	3549768244.672093
1.28645	3729151265.5140867
1.28646	3774504956.476615
1.28647	3742484410.981126
1.2864799999999998	3752666756.4922743
1.28649	3496954648.1511216
1.2865	3713556193.1437774
1.28651	3592940291.2035065
1.28652	3735854900.359607
1.28653	3773114633.583894
1.28654	3777983005.4699907
1.28655	3473201660.642614
1.28656	3494700804.802208
1.28657	3709881177.754768
1.2865799999999998	3605869457.4731336
1.28659	3432653761.2529764
1.2866	3616096403.0606
1.28661	3590541907.3338366
1.28662	3623347605.232631
1.28663	3727091029.683479
1.28664	3783903045.533147
1.28665	3792887837.2775273
1.28666	3761750609.4072905
1.28667	3798393901.5450635
1.2866799999999998	3767992242.4898376
1.28669	3662772965.0811453
1.2867	3658305752.854623
1.28671	3724688859.746133
1.28672	3749298343.6821156
1.28673	3782160894.9597383
1.28674	3767384962.838353
1.28675	3728721955.82194
1.28676	3309939075.5461435
1.28677	3587153820.2726593
1.28678	3727605981.9090056
1.28679	3762010470.9087796
1.2868	3780071373.0181155
1.28681	3770161897.5988774
1.28682	3761663992.8957243
1.28683	3403768383.918784
1.28684	3451437393.358564
1.28685	3739727862.2349696
1.28686	3803645203.285553
1.2868700000000002	3806711814.6784225
1.28688	3796382825.32935
1.28689	3772940879.234568
1.2869	3764176681.64204
1.28691	3790705103.8306155
1.28692	3722802526.6953382
1.28693	3500579942.064681
1.28694	3712786702.7563896
1.28695	3654012258.5637007
1.28696	3758633671.13293
1.2869700000000002	3765910548.2718477
1.28698	3635130445.549757
1.28699	3554021084.8116045
1.287	3591203370.5166936
1.28701	3675614871.425828
1.28702	3731900018.263983
1.28703	3764783444.138017
1.28704	3761490765.8557634
1.28705	3767818724.0299244
1.28706	3791578046.43439
1.2870700000000002	3782596357.3912897
1.28708	3790355983.0659046
1.28709	3785035873.709831
1.2871	3712273797.748519
1.28711	3546255317.3732758
1.28712	3750334456.2368116
1.28713	3767384962.838353
1.28714	3767211472.34404
1.28715	3746191723.195315
1.28716	3451278452.4525065
1.28717	3721002827.229885
1.28718	3798393901.5450635
1.28719	3751802772.512677
1.2872	3752148342.231943
1.28721	3760884534.0340533
1.28722	3782073808.4894047
1.28723	3729924147.5247326
1.28724	3667076753.2738814
1.28725	3780854808.431471
1.28726	3759239540.1291814
1.28727	3739986202.4064493
1.28728	3788000258.7766743
1.28729	3729323003.230742
1.2873	3696408838.355848
1.28731	3783815918.948776
1.28732	3489233231.1027193
1.28733	3733361117.1608205
1.28734	3741278170.980321
1.28735	3730611288.23
1.28736	3729237133.383805
1.28737	3743604839.211064
1.28738	3772506528.367031
1.28739	3789221562.626958
1.2874	3782335073.9162397
1.28741	3759932081.42671
1.28742	3745070520.7336116
1.28743	3791228845.272396
1.28744	3781812561.109506
1.28745	3714154795.9234366
1.28746	3723917062.5456815
1.28747	3718518958.1876783
1.28748	3743518640.516501
1.28749	3781725482.659765
1.2875	3721859718.4434414
1.28751	3651236800.6958055
1.28752	3749039360.2729225
1.2875299999999998	3632369329.636071
1.28754	3747054415.034303
1.28755	3768252535.1629725
1.28756	3647707448.5240774
1.28757	3616096403.0606
1.28758	3415151702.5569463
1.28759	3717834044.7667756
1.2876	3781377188.910641
1.28761	3766517590.2566295
1.28762	3758633671.13293
1.2876299999999998	3793149849.736824
1.28764	3602798721.859205
1.28765	3531343791.042647
1.28766	3628273359.4033437
1.28767	3789745099.0957885
1.28768	3708429268.034264
1.28769	3565660582.182057
1.2877	3689266259.5220866
1.28771	3775287238.22714
1.28772	3477362769.3170104
1.2877299999999998	3670878412.8239055
1.28774	3764003338.891136
1.28775	3732501577.9571977
1.28776	3435975037.4731874
1.28777	3536470176.7145724
1.28778	3741450467.1744704
1.28779	3506468969.8032875
1.2878	3711077294.9292564
1.28781	3693856331.2954
1.28782	3399460505.8024697
1.28783	3662013997.546733
1.28784	3568042346.006497
1.28785	3437953513.094919
1.28786	3753185242.379145
1.28787	3739383436.431523
1.28788	3718775833.24935
1.28789	3773809731.003511
1.2879	3773809731.003511
1.28791	3712786702.7563896
1.2879200000000002	3771290611.9387717
1.28793	3778940030.673125
1.28794	3772159083.6758757
1.28795	3778504989.167512
1.28796	3764523391.092939
1.28797	3766430863.9825525
1.28798	3720574455.6073647
1.28799	3730353595.6322827
1.288	3779549172.9316006
1.28801	3778940030.673125
1.2880200000000002	3754222429.072016
1.28803	3724345819.0222025
1.28804	3747313261.323601
1.28805	3713641701.9195647
1.28806	3714069275.3333735
1.28807	3777026222.6356616
1.28808	3724603096.60308
1.28809	3760971132.5976944
1.2881	3803732786.4613256
1.28811	3802944610.474997
1.2881200000000002	3671808306.673001
1.28813	3633373129.046169
1.28814	3675107101.5415077
1.28815	3777896015.197996
1.28816	3760278399.917478
1.28817	3748953036.4453297
1.28818	3778504989.167512
1.28819	3768165768.9407563
1.2882	3769467472.0731187
1.28821	3714924569.853787
1.28822	3767298216.592497
1.28823	3773201513.759226
1.28824	3702201052.979679
1.28825	3702883086.4318256
1.28826	3764263356.011054
1.28827	3768252535.1629725
1.28828	3763916670.509168
1.28829	3740244560.424051
1.2883	3537121678.5991344
1.28831	3494539871.5883145
1.28832	3197643180.941628
1.28833	2733505801.749039
1.28834	3353744704.981145
1.28835	3621429208.0418525
1.28836	3695302535.4767327
1.28837	3741795083.367251
1.28838	3741364318.0855713
1.28839	3538262095.713674
1.2884	3716036747.194577
1.28841	3575361835.1563454
1.28842	3645272506.1101346
1.28843	3755778746.557724
1.28844	3524520167.7586346
1.28845	3618761823.212289
1.28846	3772332802.021357
1.28847	3758114432.5698204
1.2884799999999998	3599316190.8190727
1.28849	3673330459.283775
1.2885	3649891883.10546
1.28851	3614681197.218061
1.28852	3550013462.444835
1.28853	3621762769.359074
1.28854	3400948065.121902
1.28855	3634795653.080754
1.28856	3419479464.935191
1.28857	3631198580.822729
1.2885799999999998	3300729996.52694
1.28859	3640910471.9906135
1.2886	3648127430.539449
1.28861	3711931900.441399
1.28862	3685530418.524789
1.28863	3667161191.808679
1.28864	3785471667.154599
1.28865	3761144335.707108
1.28866	3709966601.9092093
1.28867	3559590180.060822
1.2886799999999998	3515037802.4662485
1.28869	3372407139.138548
1.2887	3655863735.788683
1.28871	3745415470.3610015
1.28872	3730868998.62909
1.28873	3641748919.1344743
1.28874	3721859718.4434414
1.28875	3754654674.7836494
1.28876	3775982735.8922
1.28877	3769033521.0733404
1.28878	3624849668.4005327
1.28879	3550830977.368961
1.2888	3779288099.9413424
1.28881	3780419546.4916115
1.28882	3769901473.036229
1.28883	3778069997.745019
1.28884	3684597049.519508
1.28885	3423812711.5579967
1.28886	3697430334.980971
1.2888700000000002	3325676487.602545
1.28888	3155949171.3960443
1.28889	3673922577.9186134
1.2889	3468486432.248549
1.28891	3431231340.11705
1.28892	3717748439.459853
1.28893	3717063667.960675
1.28894	3673753391.427098
1.28895	3682391844.1404815
1.28896	3751370855.1195273
1.2889700000000002	3761750609.4072905
1.28898	3756038195.523308
1.28899	3725718171.5096045
1.2890000000000001	3731040815.4521
1.28901	3739039042.349389
1.28902	3750679890.712907
1.28903	3767992242.4898376
1.28904	3785558831.8644204
1.28905	3787302547.605967
1.28906	3729580624.6351843
1.2890700000000002	3753444512.1856046
1.28908	3709795755.567268
1.28909	3700155706.272507
1.2891	3765563711.064935
1.28911	3793062510.239353
1.28912	3807325433.580373
1.28913	3783815918.948776
1.28914	3689266259.5220866
1.28915	3607862685.2740154
1.28916	3651152728.829442
1.28917	3736629171.7262783
1.28918	3600808291.7348266
1.28919	3767298216.592497
1.2892	3774591868.665683
1.28921	3732415634.9217315
1.28922	3367983847.488582
1.28923	3464495487.484789
1.28924	3764263356.011054
1.28925	3780419546.4916115
1.28926	3796382825.32935
1.28927	3785123028.3850217
1.28928	3785558831.8644204
1.28929	3778069997.745019
1.2893	3556231299.4953365
1.28931	3636386191.973247
1.28932	3625684416.9819045
1.28933	3746536776.09404
1.28934	3587401620.638658
1.28935	3637977426.864693
1.28936	3761837227.9132843
1.28937	3739555645.3678975
1.28938	3769901473.036229
1.28939	3772593394.540062
1.2894	3779549172.9316006
1.28941	3780767752.0345297
1.28942	3753617368.6733727
1.28943	3764263356.011054
1.28944	3620595439.1457524
1.28945	3435816808.6185517
1.28946	3672315620.780484
1.28947	3740761330.002542
1.28948	3771030109.409992
1.28949	3655527033.801032
1.2895	3614098626.396131
1.28951	3515847263.0197873
1.28952	3755259902.3897743
1.2895299999999998	3732931322.81949
1.28954	3627605068.305074
1.28955	3695813095.6561017
1.28956	3722973972.0350327
1.28957	3733876935.690785
1.28958	3729752382.1250134
1.28959	3668005684.1001
1.2896	3297919115.74719
1.28961	3461146642.8767467
1.28962	3688162094.3544297
1.2896299999999998	3689096366.444175
1.28964	3725460816.904743
1.28965	3780941866.8329678
1.28966	3714240318.482706
1.28967	3737833912.825209
1.28968	3704418121.1304398
1.28969	3741881242.3750024
1.2897	3771116941.5868287
1.28971	3783380316.118092
1.28972	3786692155.751853
1.2897299999999998	3797519389.7133226
1.28974	3784077304.720495
1.28975	3758374042.884434
1.28976	3637307348.375753
1.28977	3719717860.3024454
1.28978	3636386191.973247
1.28979	3703906372.2049694
1.2898	3486342097.230369
1.28981	3622346575.594444
1.28982	3724431576.2411523
1.28983	3707234004.34522
1.28984	3496471559.383861
1.28985	3604375259.3143673
1.28986	3756557147.2238564
1.28987	3750593529.1111393
1.28988	3748348825.3039865
1.28989	3732587522.971615
1.2899	3687737503.443367
1.28991	3464256176.880448
1.2899200000000002	3576596934.667762
1.28993	3754827587.0027494
1.28994	3739211235.4254646
1.28995	3725546599.7977633
1.28996	3643929785.4424047
1.28997	3553530112.569347
1.28998	3413422131.639055
1.28999	3558770648.487926
1.29	3691985613.0837617
1.29001	3653339226.621637
1.2900200000000002	3705612476.93966
1.29003	3722202530.1785016
1.29004	3738436429.0263095
1.29005	3736112972.9871025
1.29006	3728636099.8144865
1.29007	3713385181.498857
1.29008	3666907882.0369678
1.29009	3678239466.9976287
1.2901	3710991845.200456
1.29011	3711590034.6227345
1.2901200000000002	3657295065.257641
1.29013	3459393778.261216
1.29014	3638396288.605436
1.29015	3662098319.505929
1.29016	3616346202.7784576
1.29017	3537040234.30031
1.29018	3594015948.785121
1.29019	3625016602.740518
1.2902	3553202835.422657
1.29021	3528905267.504349
1.29022	3585254586.039165
1.29023	3557869381.6842365
1.29024	3516980820.967516
1.29025	3466011505.259005
1.29026	3370854445.8056283
1.29027	3134801168.647394
1.29028	3122051049.1345525
1.29029	3088374799.189493
1.2903	2898010802.529749
1.29031	2612041062.6931467
1.29032	1961914152.359624
1.29033	1371292181.9373858
1.29034	1979110304.4190688
1.29035	2624762423.52225
1.29036	2914405648.806781
1.29037	3090295432.5135913
1.29038	3230278746.5622816
1.29039	3288819206.2537827
1.2904	3395783548.6605177
1.29041	3455413295.778491
1.29042	3433444249.995869
1.29043	3269866334.906177
1.29044	3504612454.515736
1.29045	3549196135.738793
1.29046	3467528186.422709
1.29047	3412636252.628552
1.2904799999999998	3492046354.253528
1.29049	3614265065.6209493
1.2905	3655947916.1312532
1.29051	3691645584.3014703
1.29052	3701604376.76049
1.29053	3687652591.1269407
1.29054	3715095652.3917937
1.29055	3706892571.1988506
1.29056	3667836770.0853405
1.29057	3466809675.7906704
1.2905799999999998	3501950475.43014
1.29059	3705185877.0946865
1.2906	3679849016.3331475
1.29061	3594098705.013357
1.29062	3704759326.361025
1.29063	3746105464.9362345
1.29064	3755865227.554909
1.29065	3688416872.3658104
1.29066	3675191724.984037
1.29067	3706721866.417979
1.2906799999999998	3728721955.82194
1.29069	3664797647.612896
1.2907	3523221925.702617
1.29071	3367518575.465139
1.29072	3698963109.2348228
1.29073	3703821087.590868
1.29074	3677307944.442493
1.29075	3721259873.877095
1.29076	3758200967.348783
1.29077	3769988279.224953
1.2907799999999998	3747831007.546673
1.29079	3693771278.0893774
1.2908	3744035862.4571204
1.29081	3751198102.085164
1.29082	3721088507.4727187
1.29083	3743346249.081643
1.29084	3727605981.9090056
1.29085	3709881177.754768
1.29086	3756557147.2238564
1.29087	3449133466.4629035
1.29088	3612601018.2389717
1.29089	3753444512.1856046
1.2909	3740933602.394722
1.29091	3746623044.284543
1.29092	3591864955.5568104
1.29093	3697345199.4814186
1.29094	3755259902.3897743
1.29095	3763743339.731958
1.29096	3751802772.512677
1.2909700000000002	3748262517.37635
1.29098	3684766735.391432
1.29099	3616096403.0606
1.291	3690370755.255653
1.29101	3739900087.0331187
1.29102	3695813095.6561017
1.29103	3401261318.440203
1.29104	3543643302.311844
1.29105	3721945418.417151
1.29106	3704674022.107153
1.2910700000000002	3417905098.9858084
1.29108	3505419514.267805
1.29109	3697941189.147013
1.2911	3719889163.5847173
1.29111	3700155706.272507
1.29112	3694281626.7031064
1.29113	3663616446.8296843
1.29114	3674176372.265085
1.29115	3710479188.144192
1.29116	3672484741.058689
1.2911700000000002	3366045638.05346
1.29118	3562460027.0672393
1.29119	3657042436.9902687
1.2912	3646447792.552296
1.29121	3650228066.0526648
1.29122	3630696946.851864
1.29123	3589301992.2311635
1.29124	3379325301.836764
1.29125	3309405619.392607
1.29126	3275895202.376623
1.29127	3343258827.6089225
1.29128	3270242813.851573
1.29129	3531669054.8042283
1.2913	3535411742.079908
1.29131	3637809895.670442
1.29132	3629443165.0847054
1.29133	3618178594.7241774
1.29134	3539728886.5798554
1.29135	3299590161.627873
1.29136	2929678743.3549433
1.29137	3139207331.649068
1.29138	3432969934.908293
1.29139	3544214516.161992
1.2914	3485860474.539926
1.29141	3689181312.00514
1.29142	3694962201.2086525
1.29143	3714839031.539229
1.29144	3724345819.0222025
1.29145	3463857362.6069245
1.29146	3630446155.853962
1.29147	3707063283.8411326
1.29148	3476322025.013107
1.29149	3529555375.7527814
1.2915	3723659832.3527374
1.29151	3728464393.730174
1.29152	3735682861.8448977
1.2915299999999998	3729924147.5247326
1.29154	3728550245.783919
1.29155	3725803960.328503
1.29156	3498887670.770305
1.29157	3667752315.9949436
1.29158	3724860391.9566607
1.29159	3718775833.24935
1.2916	3720831472.6626725
1.29161	3409573052.931996
1.29162	3573551127.349033
1.2916299999999998	3634377205.854633
1.29164	3743604839.211064
1.29165	3744122073.0612955
1.29166	3751629999.5882406
1.29167	3668934850.239768
1.29168	3735940922.5879993
1.29169	3649303637.448865
1.2917	3409416039.90567
1.29171	3266856063.208785
1.29172	3419951916.116712
1.2917299999999998	3539321383.6896853
1.29174	3749643682.724338
1.29175	3755951710.543417
1.29176	3751716385.0558987
1.29177	3756816649.9613104
1.29178	3777896015.197996
1.29179	3771898521.1572657
1.2918	3703479968.7712727
1.29181	3739900087.0331187
1.29182	3721002827.229885
1.29183	3742398238.085081
1.29184	3751716385.0558987
1.29185	3747744711.5421095
1.29186	3763396702.123136
1.29187	3751025357.006174
1.29188	3632034791.4635296
1.29189	3434234920.776492
1.2919	3482009887.469776
1.29191	3274236156.581425
1.2919200000000002	3555740021.9217124
1.29193	3755605790.5371323
1.29194	3765390304.44045
1.29195	3739900087.0331187
1.29196	3595919824.217617
1.29197	3507276457.083018
1.29198	3734048891.03759
1.29199	3707660840.0031147
1.2919999999999998	3727520151.5975056
1.29201	3741622771.3033204
1.2920200000000002	3765650417.371849
1.29203	3770075087.4124885
1.29204	3743863447.203874
1.29205	3707575468.9401774
1.29206	3655442863.149524
1.29207	3655190362.823336
1.29208	3635381560.138088
1.29209	3360934122.7422514
1.2921	3632452968.993704
1.29211	3733790960.9869
1.2921200000000002	3756989661.7453227
1.29213	3755605790.5371323
1.29214	3746019208.6633
1.29215	3680442185.7199244
1.29216	3705612476.93966
1.29217	3745415470.3610015
1.29218	3763743339.731958
1.29219	3760797937.464379
1.2922	3723059697.6656756
1.29221	3730010033.190922
1.29222	3725546599.7977633
1.29223	3750075401.2579713
1.29224	3755346371.439994
1.29225	3771637976.6370397
1.29226	3776069682.108789
1.29227	3736026946.797149
1.29228	3708685446.10076
1.29229	3743863447.203874
1.2923	3755778746.557724
1.29231	3726919394.7506523
1.29232	3630529750.928373
1.29233	3506468969.8032875
1.29234	3305978310.70432
1.29235	3416567457.8595285
1.29236	3634377205.854633
1.29237	3664544501.1033945
1.29238	3603877330.866343
1.29239	3640658975.491757
1.2924	3424206915.2553053
1.29241	3721002827.229885
1.29242	3764003338.891136
1.29243	3750334456.2368116
1.29244	3755346371.439994
1.29245	3725375035.986924
1.29246	3605122280.9820867
1.29247	3690285782.3070607
1.29248	3689775985.7015038
1.29249	3597410517.165454
1.2925	3523789847.7504845
1.29251	3602301011.2028346
1.29252	3689691026.447829
1.29253	3685106130.5791626
1.29254	3626435855.0606117
1.29255	3625016602.740518
1.29256	3750679890.712907
1.29257	3753444512.1856046
1.2925799999999998	3606450701.802831
1.29259	3396800181.2854967
1.2926	3682137482.308933
1.29261	3756903154.8573813
1.29262	3774939537.434935
1.29263	3681544039.6946354
1.29264	3633289468.501311
1.29265	3767905482.2610283
1.29266	3744208285.6505647
1.29267	3729924147.5247326
1.2926799999999998	3726919394.7506523
1.29269	3601388720.2352424
1.2927	3617678759.4066014
1.29271	3466969331.952449
1.29272	3682307054.910992
1.29273	3655779557.3844295
1.29274	3654180535.9215174
1.29275	3623514470.3984585
1.29276	3458278781.190919
1.29277	3604624249.3363338
1.2927799999999998	3575526490.4449267
1.29279	3642671434.0039306
1.2928	3755346371.439994
1.29281	3752753165.8324313
1.29282	3779897298.3064756
1.29283	3760278399.917478
1.29284	3632536610.2772274
1.29285	3447148556.9946685
1.29286	3598238946.9213123
1.29287	3682985423.415723
1.29288	3405257828.3091645
1.29289	3672569304.1184564
1.2929	3734048891.03759
1.29291	3735166793.834249
1.29292	3759412663.493979
1.29293	3763830004.122791
1.29294	3774157327.7319045
1.29295	3750938987.449842
1.29296	3393047972.913009
1.2929700000000002	3664628881.330274
1.29298	3748176211.436019
1.29299	3721002827.229885
1.2930000000000001	3553202835.422657
1.29301	3713470686.3368955
1.29302	3755778746.557724
1.29303	3757422226.064731
1.29304	3767124730.0929213
1.29305	3753012405.7910695
1.29306	3689521113.8091283
1.2930700000000002	3300805999.5188107
1.29308	3557787459.6573954
1.29309	3733704988.2626185
1.2931	3677053933.7821493
1.29311	3391251508.8668838
1.29312	3645104638.97279
1.29313	3752148342.231943
1.29314	3724946161.0242424
1.29315	3744035862.4571204
1.29316	3690115842.2794857
1.2931700000000002	3705612476.93966
1.29318	3740847465.2069526
1.29319	3482490978.1452203
1.2932	3420424432.574285
1.29321	3624432366.1823006
1.29322	3758720217.8679404
1.29323	3685700147.380949
1.29324	3597079198.6702585
1.29325	3669019331.5593367
1.29326	3749643682.724338
1.29327	3539239888.7413483
1.29328	3433286137.68562
1.29329	3685530418.524789
1.2933	3637474856.426328
1.29331	3426099724.8813753
1.29332	3735338808.5825844
1.29333	3759499228.1661577
1.29334	3706977926.5372906
1.29335	3482170243.643304
1.29336	3723917062.5456815
1.29337	3748866714.605394
1.29338	3772593394.540062
1.29339	3764956822.814923
1.2934	3746795586.6248713
1.29341	3746536776.09404
1.29342	3786779348.564785
1.29343	3782422166.4025006
1.29344	3757595265.737197
1.29345	3747744711.5421095
1.29346	3564511334.2624383
1.29347	3540544033.120214
1.29348	3776678361.6844506
1.29349	3776591401.4526577
1.2935	3777548074.139618
1.29351	3765130209.4763813
1.29352	3772767132.886757
1.2935299999999998	3791054256.752017
1.29354	3781812561.109506
1.29355	3762270350.3614993
1.29356	3741967403.3666453
1.29357	3770682800.695786
1.29358	3779984334.6602335
1.29359	3760018658.0590672
1.2936	3749557344.9818673
1.29361	3744898057.8336725
1.29362	3724002809.892036
1.2936299999999998	3599896378.801869
1.29364	3386179685.901337
1.29365	3583356357.3635187
1.29366	3567467291.8734407
1.29367	3741450467.1744704
1.29368	3615846620.5977135
1.29369	3718005261.29414
1.2937	3788349162.561168
1.29371	3798568828.0763736
1.29372	3792451190.063769
1.2937299999999998	3761317546.793019
1.29374	3708429268.034264
1.29375	3711333655.921301
1.29376	3654769567.7046404
1.29377	3612767388.4947977
1.29378	3644265419.234832
1.29379	3488269253.5164013
1.2938	3668934850.239768
1.29381	3701007796.706379
1.29382	3724688859.746133
1.29383	3691135599.845287
1.29384	3407061711.9905586
1.29385	3644517164.866601
1.29386	3695132364.424441
1.29387	3747744711.5421095
1.29388	3761490765.8557634
1.29389	3759758934.1423845
1.2939	3674937860.50192
1.29391	3439141145.256367
1.2939200000000002	3513985782.3539944
1.29393	3745501712.732204
1.29394	3718433337.110223
1.29395	3606616788.819597
1.29396	3370776829.907244
1.29397	3631783908.053789
1.29398	3738780767.6031494
1.29399	3716721329.510521
1.294	3542501150.7808194
1.29401	3472561932.1760874
1.2940200000000002	3651657189.066254
1.29403	3604126286.4914412
1.29404	3434234920.776492
1.29405	3228940185.4711657
1.29406	3500982984.42479
1.29407	3650564279.964889
1.29408	3708685446.10076
1.29409	3730697189.7183704
1.2941	3729065399.621527
1.29411	3684512209.5138726
1.2941200000000002	3680865936.678159
1.29413	3738178195.9057007
1.29414	3760624750.3068266
1.29415	3760971132.5976944
1.29416	3769814668.846267
1.29417	3775026459.630715
1.29418	3755605790.5371323
1.29419	3730954906.051546
1.2942	3769814668.846267
1.29421	3774591868.665683
1.29422	3766083978.8549976
1.29423	3753358086.926808
1.29424	3731814089.0797796
1.29425	3741795083.367251
1.29426	3728979535.706079
1.29427	3740072319.7626815
1.29428	3764783444.138017
1.29429	3768165768.9407563
1.2943	3666992316.683331
1.29431	3408631083.225688
1.29432	3709881177.754768
1.29433	3754568221.660149
1.29434	3714582428.412776
1.29435	3743949653.837996
1.29436	3763310047.7093353
1.29437	3769641066.4624352
1.29438	3755000507.184918
1.29439	3730954906.051546
1.2944	3753185242.379145
1.29441	3783815918.948776
1.29442	3778417986.8765507
1.29443	3781638406.2150545
1.29444	3781551331.775315
1.29445	3775026459.630715
1.29446	3749125686.0882344
1.29447	3734908786.564221
1.29448	3712786702.7563896
1.29449	3719632211.61955
1.2945	3675191724.984037
1.29451	3755692267.551813
1.29452	3731985949.4268007
1.29453	3627020414.5691094
1.29454	3761923848.413765
1.29455	3770682800.695786
1.29456	3695217448.971011
1.29457	3450563308.947149
1.2945799999999998	3484897428.751947
1.29459	3396252725.904088
1.2946	3584924387.0950437
1.29461	3532482345.2860584
1.29462	3553284651.88341
1.29463	3719375277.403399
1.29464	3709624917.0929093
1.29465	3690795649.348487
1.29466	3738608594.3503923
1.29467	3634209840.452853
1.2946799999999998	3658137285.5279045
1.29469	3649723803.242857
1.2947	3648799502.3447657
1.29471	3703565245.5307345
1.29472	3722202530.1785016
1.29473	3729838263.8361115
1.29474	3664966421.6676702
1.29475	3155295223.421617
1.29476	3504693152.128754
1.29477	3737059391.822705
1.2947799999999998	3767037989.8390923
1.29479	3768339303.3830624
1.2948	3727005211.2290564
1.29481	3714667960.818761
1.29482	3766170697.1416736
1.29483	3760364984.5242047
1.29484	3717919652.044856
1.29485	3502353675.587817
1.29486	3288440588.745285
1.29487	3672738436.0794787
1.29488	3748607761.0110507
1.29489	3651993534.611633
1.2949	3328357746.4636693
1.29491	3572481594.7097244
1.29492	3737919980.622572
1.29493	3632202056.69828
1.29494	3344952846.98778
1.29495	3406983262.39866
1.29496	3684172869.025775
1.2949700000000002	3750852619.882221
1.29498	3590459233.002935
1.29499	3385945784.974082
1.295	3508326468.551652
1.29501	3294807151.767032
1.29502	3498082114.8576407
1.29503	3507518739.5256786
1.29504	3675022480.0474854
1.29505	3755519315.5136204
1.29506	3775461100.632762
1.2950700000000002	3777287139.375592
1.29508	3753012405.7910695
1.29509	3737661783.175708
1.2951	3584841842.110853
1.29511	3580634567.2074494
1.29512	3769207095.478015
1.29513	3768252535.1629725
1.29514	3775374168.429117
1.29515	3751543616.10966
1.29516	3754222429.072016
1.2951700000000002	3779114061.2999296
1.29518	3741795083.367251
1.29519	3708514658.756864
1.2952	3699729734.625327
1.29521	3399695340.325825
1.29522	3485057917.9047275
1.29523	3744380716.7845893
1.29524	3765216905.801437
1.29525	3716550172.109039
1.29526	3719203997.7859
1.29527	3747485835.450331
1.29528	3714069275.3333735
1.29529	3511640102.733523
1.2953	3688586734.151142
1.29531	3752925990.481775
1.29532	3749039360.2729225
1.29533	3762790163.125536
1.29534	3760624750.3068266
1.29535	3641497364.7197423
1.29536	3664544501.1033945
1.29537	3742398238.085081
1.29538	3707234004.34522
1.29539	3662772965.0811453
1.2954	3713128678.7973385
1.29541	3709283263.745478
1.29542	3695983298.0579314
1.29543	3672146508.290375
1.29544	3655695380.918432
1.29545	3675953423.6569185
1.29546	3662519958.426929
1.29547	3403611638.2012053
1.29548	3689521113.8091283
1.29549	3728807813.8063226
1.2955	3708856241.3098993
1.29551	3621512595.490976
1.29552	3662772965.0811453
1.2955299999999998	3742656762.7259593
1.29554	3765997262.5650773
1.29555	3763223395.290788
1.29556	3744725602.8757772
1.29557	3760018658.0590672
1.29558	3738694679.9856615
1.29559	3571576855.5775547
1.2956	3606782883.485113
1.29561	3720317456.3055367
1.29562	3603545416.783022
1.2956299999999998	3688501802.2806797
1.29564	3593188491.2985616
1.29565	3744294500.224991
1.29566	3739125137.896204
1.29567	3709710335.3466635
1.29568	3715266742.80864
1.29569	3499451670.283576
1.2957	3742915305.22569
1.29571	3669526260.329051
1.29572	3687822417.7149954
1.2957299999999998	3633122153.190551
1.29574	3747313261.323601
1.29575	3757422226.064731
1.29576	3778940030.673125
1.29577	3775374168.429117
1.29578	3749989053.5749273
1.29579	3763570016.9367256
1.2958	3775287238.22714
1.29581	3727262672.520568
1.29582	3739727862.2349696
1.29583	3767471711.081621
1.29584	3759066424.73681
1.29585	3756989661.7453227
1.29586	3735854900.359607
1.29587	3467049162.7905602
1.29588	3539076904.474068
1.29589	3714325843.011228
1.2959	3729237133.383805
1.29591	3525737704.1473494
1.2959200000000002	3422393953.9712744
1.29593	3702968349.447405
1.29594	3696919551.3871655
1.29595	3601803369.302982
1.29596	3687992252.1240335
1.29597	3740847465.2069526
1.29598	3762183721.882608
1.29599	3778766008.0605273
1.296	3779984334.6602335
1.29601	3747485835.450331
1.2960200000000002	3737575721.323493
1.29603	3758374042.884434
1.29604	3754568221.660149
1.29605	3659653770.800193
1.29606	3697174934.3631406
1.29607	3744466935.3294187
1.29608	3751111728.551261
1.29609	3726147135.358395
1.2961	3729151265.5140867
1.29611	3703394693.9753604
1.2961200000000002	3577667699.3611026
1.29613	3724174310.508088
1.29614	3771464290.2887297
1.29615	3689521113.8091283
1.29616	3664797647.612896
1.29617	3644349332.5132046
1.29618	3196465342.637405
1.29619	3574209460.4262686
1.2962	3750334456.2368116
1.29621	3773809731.003511
1.29622	3753876668.3310905
1.29623	3738608594.3503923
1.29624	3748953036.4453297
1.29625	3768079004.7163982
1.29626	3757768313.378632
1.29627	3745501712.732204
1.29628	3677307944.442493
1.29629	3732759418.9374022
1.2963	3559672143.597327
1.29631	3742312067.1732154
1.29632	3773809731.003511
1.29633	3764696757.7936687
1.29634	3742225898.2454867
1.29635	3760797937.464379
1.29636	3769554268.2684884
1.29637	3748176211.436019
1.29638	3756470650.294813
1.29639	3732501577.9571977
1.2964	3611436640.949285
1.29641	3634377205.854633
1.29642	3763656677.336608
1.29643	3716635749.8245187
1.29644	3684681891.4786797
1.29645	3658389989.427346
1.29646	3758547126.3907094
1.29647	3724603096.60308
1.29648	3419321995.712237
1.29649	3707575468.9401774
1.2965	3771030109.409992
1.29651	3519897362.7457843
1.29652	3533783999.6352453
1.29653	3715010110.13796
1.29654	3740933602.394722
1.29655	3761577378.3785686
1.29656	3650900524.844985
1.29657	3691645584.3014703
1.2965799999999998	3730868998.62909
1.29659	3768512845.817093
1.2966	3750248102.58886
1.29661	3761057733.155364
1.29662	3771724822.8106976
1.29663	3772680262.7132993
1.29664	3756816649.9613104
1.29665	3761577378.3785686
1.29666	3747917305.5383134
1.29667	3712444758.211164
1.2966799999999998	3727262672.520568
1.29669	3749471009.227357
1.2967	3770682800.695786
1.29671	3745674203.432102
1.29672	3746881860.774775
1.29673	3753790233.1216455
1.29674	3759412663.493979
1.29675	3740933602.394722
1.29676	3669779750.9781733
1.29677	3635800123.0014405
1.2967799999999998	3420739479.8149323
1.29679	3698366954.868431
1.2968	3742053566.34224
1.29681	3670286784.8109703
1.29682	3666401314.9845967
1.29683	3644601083.9416976
1.29684	3720060474.755994
1.29685	3631951161.7346787
1.29686	3665303993.095127
1.29687	3696408838.355848
1.29688	3571823579.8877873
1.29689	3451040054.817081
1.2969	3676630621.671717
1.29691	3738522510.6972795
1.29692	3620095269.9518437
1.29693	3547562046.807704
1.29694	3713128678.7973385
1.29695	3708770842.722145
1.29696	3727777648.461083
1.2969700000000002	3731126726.830815
1.29698	3744035862.4571204
1.29699	3737747847.009593
1.297	3747831007.546673
1.29701	3732931322.81949
1.29702	3597493351.5574155
1.29703	3705015250.9081893
1.29704	3686039628.5430603
1.29705	3457880655.050893
1.29706	3470403718.402507
1.2970700000000002	3645776153.9080353
1.29708	3744294500.224991
1.29709	3755086970.2622733
1.2971	3771116941.5868287
1.29711	3755605790.5371323
1.29712	3753012405.7910695
1.29713	3742053566.34224
1.29714	3715694503.3229647
1.29715	3736371063.442253
1.29716	3718262100.8696775
1.2971700000000002	3620512072.8146896
1.29718	3700752148.974783
1.29719	3729838263.8361115
1.2972	3729494748.856378
1.29721	3736973343.8409033
1.29722	3511640102.733523
1.29723	3616512745.5103617
1.29724	3441834630.60074
1.29725	3650984590.9040704
1.29726	3741536618.2470326
1.29727	3730611288.23
1.29728	3649387666.737835
1.29729	3663532089.914716
1.2973	3551566901.762973
1.29731	3671385598.452946
1.29732	3714496897.976225
1.29733	3558279020.114522
1.29734	3728550245.783919
1.29735	3773722836.8236203
1.29736	3765563711.064935
1.29737	3762443613.303481
1.29738	3722202530.1785016
1.29739	3607862685.2740154
1.2974	3654685414.4942346
1.29741	3763223395.290788
1.29742	3724174310.508088
1.29743	3677223272.272757
1.29744	3623180747.7510366
1.29745	3418141207.66053
1.29746	3695387623.9416656
1.29747	3742398238.085081
1.29748	3743173865.585536
1.29749	3764696757.7936687
1.2975	3755692267.551813
1.29751	3647875435.5279775
1.29752	3622346575.594444
1.29753	3741364318.0855713
1.29754	3759932081.42671
1.29755	3724260063.7778635
1.29756	3725718171.5096045
1.29757	3745070520.7336116
1.29758	3727691814.1968603
1.29759	3741536618.2470326
1.2976	3654264677.5065174
1.29761	3364960728.0184994
1.29762	3620678807.396417
1.2976299999999998	3694962201.2086525
1.29764	3731298555.522905
1.29765	3744639378.3749757
1.29766	3736801253.8211546
1.29767	3736801253.8211546
1.29768	3727176850.113968
1.29769	3667414519.0790133
1.2977	3715181196.6153345
1.29771	3742312067.1732154
1.29772	3471122973.9147143
1.2977299999999998	3561803858.116267
1.29774	3721688324.415853
1.29775	3690710666.6164594
1.29776	3722545373.489143
1.29777	3493815763.832925
1.29778	3420739479.8149323
1.29779	3613848981.929987
1.2978	3756297662.4115963
1.29781	3747917305.5383134
1.29782	3717748439.459853
1.2978299999999998	3699900117.3992
1.29784	3686209380.849733
1.29785	3638731412.7205
1.29786	3649723803.242857
1.29787	3637558613.3444133
1.29788	3640658975.491757
1.29789	3621179057.214556
1.2979	3611935613.826752
1.29791	3584676757.844352
1.29792	3450086628.937529
1.29793	3345029868.260137
1.29794	2933526393.4950194
1.29795	2647951339.748771
1.29796	3095565515.584911
1.29797	3415151702.5569463
1.29798	3504854552.9292626
1.29799	3589632594.386186
1.298	3672146508.290375
1.29801	3640156034.609348
1.2980200000000002	3629861044.22569
1.29803	3677731334.537078
1.29804	3692495714.9817257
1.29805	3732157817.68848
1.29806	3752321139.0274897
1.29807	3747572125.493984
1.29808	3718861462.213176
1.29809	3631783908.053789
1.2981	3468326706.223328
1.29811	3731298555.522905
1.2981200000000002	3767645213.5606313
1.29813	3759326100.8150024
1.29814	3764870132.478415
1.29815	3756903154.8573813
1.29816	3738866857.2029
1.29817	3735682861.8448977
1.29818	3644349332.5132046
1.29819	3537528928.224319
1.2982	3695132364.424441
1.29821	3747744711.5421095
1.2982200000000002	3733962912.374333
1.29823	3749816364.173397
1.29824	3728378543.6532393
1.29825	3597990397.9651914
1.29826	3378625067.829165
1.29827	3656368846.9201336
1.29828	3720660125.986463
1.29829	3714325843.011228
1.2983	3634042482.758375
1.29831	3613349744.729221
1.29832	3685106130.5791626
1.29833	3726404537.3740788
1.29834	3708429268.034264
1.29835	3613016958.2445188
1.29836	3702456800.801474
1.29837	3534679165.2157116
1.29838	3730010033.190922
1.29839	3653928122.790794
1.2984	3698792769.6107616
1.29841	3757335709.216742
1.29842	3719632211.61955
1.29843	3747399547.3935423
1.29844	3697004677.0856953
1.29845	3698111489.5534406
1.29846	3538995415.1550226
1.29847	3304456201.9345217
1.29848	3519735269.2142186
1.29849	3665219597.323418
1.2985	3723145425.270245
1.29851	3708429268.034264
1.29852	3659990852.891888
1.29853	3647371497.723635
1.29854	3732071882.568279
1.29855	3694792045.828972
1.29856	3716978080.39213
1.29857	3747744711.5421095
1.2985799999999998	3757595265.737197
1.29859	3758806766.5957885
1.2986	3755951710.543417
1.29861	3738006050.4017415
1.29862	3746450509.889914
1.29863	3711419113.520674
1.29864	3690115842.2794857
1.29865	3690030875.200414
1.29866	3503402213.2698555
1.29867	3661592416.8732796
1.2986799999999998	3750507169.4978976
1.29869	3718690206.257196
1.2987	3730525388.719561
1.29871	3750420811.8731375
1.29872	3740072319.7626815
1.29873	3721174189.688435
1.29874	3715523393.207473
1.29875	3747054415.034303
1.29876	3751370855.1195273
1.29877	3542011769.966329
1.2987799999999998	3579892619.667972
1.29879	3733017277.729245
1.2988	3684427371.4617133
1.29881	3694026443.58284
1.29882	3557623621.262561
1.29883	3695557806.7493477
1.29884	3770422340.1516533
1.29885	3756816649.9613104
1.29886	3738178195.9057007
1.29887	3725889751.122784
1.29888	3643006951.8925695
1.29889	3662013997.546733
1.2989	3731126726.830815
1.29891	3756384155.357399
1.29892	3739211235.4254646
1.29893	3747917305.5383134
1.29894	3762443613.303481
1.29895	3736371063.442253
1.29896	3752839577.1622453
1.2989700000000002	3743173865.585536
1.29898	3678154773.3790565
1.29899	3478724212.785829
1.2990000000000002	3708941641.864035
1.29901	3675784143.643654
1.29902	3727691814.1968603
1.29903	3758979870.030183
1.29904	3626101863.356109
1.29905	3502595617.9650326
1.29906	3675191724.984037
1.2990700000000002	3631449423.798085
1.29908	3501466696.511509
1.29909	3697600611.861153
1.2991	3418613473.9422045
1.29911	3485218414.4484625
1.29912	3524033270.9371595
1.29913	3356371309.075047
1.29914	3449292308.586417
1.29915	3439933127.9466195
1.29916	3717748439.459853
1.2991700000000002	3730697189.7183704
1.29918	3392657356.315028
1.29919	3379014068.8072314
1.2992	3509295988.9170194
1.29921	3450404408.293239
1.29922	3660327966.03142
1.29923	3748521447.1212826
1.29924	3749471009.227357
1.29925	3734478814.0511227
1.29926	3719717860.3024454
1.29927	3715951183.2714686
1.29928	3751543616.10966
1.29929	3765997262.5650773
1.2993	3756470650.294813
1.29931	3634209840.452853
1.29932	3364573344.89795
1.29933	3578491582.6417522
1.29934	3707490099.8429728
1.29935	3764610073.445325
1.29936	3755865227.554909
1.29937	3760884534.0340533
1.29938	3754308874.2332563
1.29939	3728292695.553053
1.2994	3712701213.6674733
1.29941	3739039042.349389
1.29942	3740158439.101862
1.29943	3678662964.343885
1.29944	3334110582.630356
1.29945	3550503948.810362
1.29946	3628022735.815165
1.29947	3470723369.1174736
1.29948	3583438868.142765
1.29949	3743346249.081643
1.2995	3748089907.4829345
1.29951	3759326100.8150024
1.29952	3741881242.3750024
1.29953	3700837362.9231634
1.29954	3680187958.561356
1.29955	3668765893.4363117
1.29956	3702883086.4318256
1.29957	3746881860.774775
1.29958	3765910548.2718477
1.29959	3752148342.231943
1.2996	3745156755.1619477
1.29961	3709112448.871682
1.29962	3751543616.10966
1.2996299999999998	3703394693.9753604
1.29964	3738006050.4017415
1.29965	3744466935.3294187
1.29966	3738436429.0263095
1.29967	3746105464.9362345
1.29968	3738436429.0263095
1.29969	3708770842.722145
1.2997	3604873256.5585
1.29971	3335799966.620474
1.29972	3646615721.545558
1.2997299999999998	3532645025.855673
1.29974	3472082213.1542983
1.29975	3609275221.5594454
1.29976	3715010110.13796
1.29977	3751457234.620094
1.29978	3644936779.5658493
1.29979	3479845801.7469983
1.2998	3740761330.002542
1.29981	3760797937.464379
1.29982	3747658417.524562
1.2998299999999998	3735768880.1119275
1.29984	3739555645.3678975
1.29985	3712530241.394906
1.29986	3722288238.0458326
1.29987	3673922577.9186134
1.29988	3473041717.4781003
1.29989	3736887297.840392
1.2999	3760278399.917478
1.29991	3743087676.8143935
1.29992	3737661783.175708
1.29993	3667076753.2738814
1.29994	3744725602.8757772
1.29995	3734134871.6806173
1.29996	3714411369.509047
1.29997	3758287504.120306
1.29998	3711504573.087803
1.29999	3734650797.1161046
1.3	3748435135.2189436
1.30001	3542827442.2205358
1.3000200000000002	3662941645.893697
1.30003	3768252535.1629725
1.30004	3752148342.231943
1.30005	3746623044.284543
1.30006	3747485835.450331
1.30007	3758547126.3907094
1.30008	3696153508.298067
1.30009	3577008729.311382
1.3001	3723574092.9036283
1.30011	3667583413.647947
1.3001200000000002	3342027352.3988185
1.30013	3486823786.464041
1.30014	3650648338.28156
1.30015	3696579068.1932735
1.30016	3679594830.147839
1.30017	3457004938.8687224
1.30018	3336107219.300822
1.30019	3570179073.0325813
1.3002	3722031120.3641977
1.30021	3725289257.044261
1.3002200000000002	3720231793.8166094
1.30023	3697941189.147013
1.30024	3675530238.2401037
1.30025	3712188320.4695406
1.30026	3739986202.4064493
1.30027	3734220854.303429
1.30028	3737575721.323493
1.30029	3745242991.5759273
1.3003	3637223597.243191
1.30031	3662351297.033356
1.30032	3681967917.515785
1.30033	3742915305.22569
1.30034	3739641752.8100734
1.30035	3724002809.892036
1.30036	3673753391.427098
1.30037	3539158395.669495
1.30038	3633624122.239199
1.30039	3699388992.6159115
1.3004	3723574092.9036283
1.30041	3663785166.4869
1.30042	3734822788.1013656
1.30043	3695132364.424441
1.30044	3678832376.9347954
1.30045	3650732398.533768
1.30046	3642252080.0972147
1.30047	3699814925.031461
1.30048	3626686369.0271654
1.30049	3683579098.372336
1.3005	3693260999.9780455
1.30051	3706295138.8571897
1.30052	3714325843.011228
1.30053	3685785014.7401795
1.30054	3702883086.4318256
1.30055	3693601177.552471
1.30056	3647119554.9283476
1.30057	3703991658.782847
1.3005799999999998	3719889163.5847173
1.30059	3724517335.4347725
1.3006	3637056100.7632775
1.30061	3711760963.5961976
1.30062	3731642236.6470227
1.30063	3717406037.942817
1.30064	3726232934.054664
1.30065	3743604839.211064
1.30066	3749902707.8800893
1.30067	3754481770.527284
1.3006799999999998	3762876805.5684133
1.30069	3753963105.530818
1.3007	3740502936.288994
1.30071	3687143158.285045
1.30072	3449292308.586417
1.30073	3628106275.087625
1.30074	3764956822.814923
1.30075	3751198102.085164
1.30076	3740761330.002542
1.30077	3746536776.09404
1.3007799999999998	3768773174.453474
1.30079	3671385598.452946
1.3008	3631198580.822729
1.30081	3697260065.9421625
1.30082	3760278399.917478
1.30083	3763223395.290788
1.30084	3748607761.0110507
1.30085	3535411742.079908
1.30086	3592940291.2035065
1.30087	3584181550.656895
1.30088	3682307054.910992
1.30089	3626769877.528289
1.3009	3638228738.1223345
1.30091	3664966421.6676702
1.30092	3416882149.843316
1.30093	3675868782.675832
1.30094	3748866714.605394
1.30095	3651741272.5483775
1.30096	3682561428.456621
1.3009700000000002	3691050609.2856994
1.30098	3715780061.335716
1.30099	3754568221.660149
1.301	3730181810.4562006
1.30101	3717834044.7667756
1.30102	3599150439.9995437
1.30103	3344182731.797748
1.30104	3552548371.5523553
1.30105	3705612476.93966
1.30106	3678070081.7105865
1.3010700000000002	3722888248.3782735
1.30108	3758027899.7833705
1.30109	3730954906.051546
1.3011	3479765676.2587943
1.30111	3523303051.8194776
1.30112	3710308318.19731
1.30113	3727605981.9090056
1.30114	3669948754.4725704
1.30115	3697430334.980971
1.30116	3583356357.3635187
1.3011700000000002	3607530404.142893
1.30118	3581706540.690737
1.30119	3649303637.448865
1.3012	3702712566.2903
1.30121	3711760963.5961976
1.30122	3564265115.046794
1.30123	3728035163.1125116
1.30124	3627438014.764575
1.30125	3543398524.5589757
1.30126	3728206849.429568
1.30127	3701178238.3385406
1.30128	3697089804.7443385
1.30129	3709197855.3252845
1.3013	3629944625.827268
1.30131	3692750792.359353
1.30132	3702542054.0013523
1.30133	3675953423.6569185
1.30134	3519816315.0469093
1.30135	3485940740.367663
1.30136	3365270666.6279163
1.30137	3525250639.1286244
1.30138	3528417764.900802
1.30139	3379325301.836764
1.3014	3594429748.9822993
1.30141	3727176850.113968
1.30142	3736543133.6505313
1.30143	3745242991.5759273
1.30144	3736801253.8211546
1.30145	3688247018.4027367
1.30146	3593519451.4298625
1.30147	3645440380.9782095
1.30148	3627605068.305074
1.30149	3660075128.265921
1.3015	3682985423.415723
1.30151	3635381560.138088
1.30152	3586575685.9821243
1.30153	3386023750.1545844
1.30154	2864441782.595299
1.30155	2863518544.478928
1.30156	3407767839.610189
1.30157	3392266784.685857
1.30158	3309100825.907244
1.30159	3650480223.583711
1.3016	3716036747.194577
1.30161	3703309421.1429477
1.30162	3590211221.4318523
1.3016299999999998	3669948754.4725704
1.30164	3590541907.3338366
1.30165	3611270331.975252
1.30166	3738608594.3503923
1.30167	3709027044.384615
1.30168	3683494281.8056226
1.30169	3682476635.3223534
1.3017	3628858215.106433
1.30171	3717748439.459853
1.30172	3725117705.0842047
1.3017299999999998	3739469539.9083962
1.30174	3756124682.494597
1.30175	3748003605.517048
1.30176	3713898240.0606728
1.30177	3657210853.8961883
1.30178	3744380716.7845893
1.30179	3737403603.56389
1.3018	3705953792.179546
1.30181	3737747847.009593
1.30182	3740847465.2069526
1.3018299999999998	3752580349.141758
1.30184	3755778746.557724
1.30185	3762356980.835108
1.30186	3748866714.605394
1.30187	3722973972.0350327
1.30188	3620095269.9518437
1.30189	3382361326.605407
1.3019	3547562046.807704
1.30191	3724260063.7778635
1.30192	3756124682.494597
1.30193	3596582278.140637
1.30194	3498082114.8576407
1.30195	3710820951.645403
1.30196	3720574455.6073647
1.30197	3727176850.113968
1.30198	3571412382.172193
1.30199	3648127430.539449
1.3019999999999998	3740761330.002542
1.30201	3713043181.834224
1.3020200000000002	3728121005.282742
1.30203	3754308874.2332563
1.30204	3725546599.7977633
1.30205	3739469539.9083962
1.30206	3754222429.072016
1.30207	3755259902.3897743
1.30208	3740330683.7292647
1.30209	3737747847.009593
1.3021	3702968349.447405
1.30211	3718090872.5146866
1.3021200000000002	3725975543.892493
1.30213	3708002343.9129148
1.30214	3684427371.4617133
1.30215	3735080789.430625
1.30216	3746364245.672117
1.30217	3757249194.3608537
1.30218	3755086970.2622733
1.30219	3736543133.6505313
1.3022	3599067567.45215
1.30221	3659822307.965232
1.3022200000000002	3728121005.282742
1.30223	3682900620.5187225
1.30224	3593602196.2256927
1.30225	3357994650.935109
1.30226	3610438901.977525
1.30227	3571905825.1119623
1.30228	3696153508.298067
1.30229	3725203480.076693
1.3023	3688586734.151142
1.30231	3646531756.082249
1.30232	3711675498.1255283
1.30233	3736715211.783132
1.30234	3723659832.3527374
1.30235	3629610310.967917
1.30236	3648295436.88468
1.30237	3735166793.834249
1.30238	3731470392.1281962
1.30239	3736371063.442253
1.3024	3728550245.783919
1.30241	3730267702.055367
1.30242	3691135599.845287
1.30243	3678408860.0853157
1.30244	3592278508.0974865
1.30245	3392423007.941594
1.30246	3666739018.576697
1.30247	3668934850.239768
1.30248	3680696430.440504
1.30249	3751716385.0558987
1.3025	3745501712.732204
1.30251	3726490341.997332
1.30252	3744208285.6505647
1.30253	3741881242.3750024
1.30254	3723402619.927996
1.30255	3730353595.6322827
1.30256	3736629171.7262783
1.30257	3728035163.1125116
1.3025799999999998	3595588643.014007
1.30259	3451357921.990605
1.3026	3711504573.087803
1.30261	3752407540.4094186
1.30262	3702883086.4318256
1.30263	3737575721.323493
1.30264	3742484410.981126
1.30265	3717577234.759285
1.30266	3676630621.671717
1.30267	3732243754.7874174
1.3026799999999998	3764956822.814923
1.30269	3719289636.608692
1.3027	3713470686.3368955
1.30271	3596002624.284724
1.30272	3523708710.4248757
1.30273	3687652591.1269407
1.30274	3693346041.434344
1.30275	3713214177.729131
1.30276	3669103814.8241673
1.30277	3704418121.1304398
1.3027799999999998	3707490099.8429728
1.30279	3713043181.834224
1.3028	3586740857.699511
1.30281	3566399580.072951
1.30282	3617512162.979009
1.30283	3635214148.4851656
1.30284	3643006951.8925695
1.30285	3744035862.4571204
1.30286	3712530241.394906
1.30287	3719032726.0559506
1.30288	3745932954.3764663
1.30289	3707916964.986649
1.3029	3726318734.726544
1.30291	3736371063.442253
1.30292	3757335709.216742
1.30293	3749471009.227357
1.30294	3710308318.19731
1.30295	3606616788.819597
1.30296	3651993534.611633
1.3029700000000002	3686124503.7192245
1.30298	3689521113.8091283
1.30299	3714582428.412776
1.3030000000000002	3730353595.6322827
1.30301	3684766735.391432
1.30302	3716721329.510521
1.30303	3744208285.6505647
1.30304	3723659832.3527374
1.30305	3698026338.3699055
1.30306	3598736096.344011
1.3030700000000002	3246459579.5140424
1.30308	3358922627.344948
1.30309	3663110334.474481
1.3031	3700581726.964309
1.30311	3690965620.6830697
1.30312	3712273797.748519
1.30313	3698963109.2348228
1.30314	3734220854.303429
1.30315	3702883086.4318256
1.30316	3700581726.964309
1.3031700000000002	3710137456.1191134
1.30318	3696919551.3871655
1.30319	3652918644.610606
1.3032	3698792769.6107616
1.30321	3651825357.9666147
1.30322	3641748919.1344743
1.30323	3618178594.7241774
1.30324	3590211221.4318523
1.30325	3448101170.942775
1.30326	3714325843.011228
1.3032700000000002	3711675498.1255283
1.30328	3459234470.9585447
1.30329	3643678080.3839827
1.3033	3665050811.609742
1.30331	3715010110.13796
1.30332	3678493559.5545344
1.30333	3655863735.788683
1.30334	3674937860.50192
1.30335	3667330074.711192
1.30336	3717919652.044856
1.30337	3740158439.101862
1.30338	3731126726.830815
1.30339	3734822788.1013656
1.3034	3701093016.541319
1.30341	3696919551.3871655
1.30342	3694962201.2086525
1.30343	3713214177.729131
1.30344	3600476660.307439
1.30345	3462262564.5854487
1.30346	3738952948.7849593
1.30347	3727348496.90334
1.30348	3611104030.659838
1.30349	3607862685.2740154
1.3035	3608942810.3349133
1.30351	3657463493.7977743
1.30352	3687822417.7149954
1.30353	3595423063.8504305
1.30354	3669103814.8241673
1.30355	3638647628.7980213
1.30356	3662941645.893697
1.30357	3689351208.995029
1.30358	3682137482.308933
1.30359	3458915878.361459
1.3036	3575279510.355515
1.30361	3664966421.6676702
1.30362	3601471646.2297845
1.3036299999999998	3630111794.804116
1.30364	3649303637.448865
1.30365	3594926372.108485
1.30366	3617512162.979009
1.30367	3506630452.3851194
1.30368	3463458594.2459483
1.30369	3491483548.240005
1.3037	3356603166.999334
1.30371	3325906225.1304464
1.30372	3225224869.820532
1.3037299999999998	3419007079.020689
1.30374	3519168000.6345477
1.30375	3547398679.2997065
1.30376	3559754109.0211205
1.30377	3603130567.166214
1.30378	3640407496.365064
1.30379	3660243684.83565
1.3038	3673245878.6979656
1.30381	3670624846.284548
1.30382	3658474227.9397116
1.3038299999999998	3670371297.260325
1.30384	3707916964.986649
1.30385	3679594830.147839
1.30386	3675360977.7148
1.30387	3649639766.214147
1.30388	3684342535.363014
1.30389	3680781182.583568
1.3039	3698026338.3699055
1.30391	3715095652.3917937
1.30392	3715437841.104657
1.30393	3728292695.553053
1.30394	3722459659.701117
1.30395	3731384472.836388
1.30396	3699814925.031461
1.30397	3676207358.29409
1.30398	3691900602.9521217
1.30399	3681374502.2299156
1.304	3660075128.265921
1.30401	3623514470.3984585
1.3040200000000002	3617345574.223273
1.30403	3620512072.8146896
1.30404	3692155639.219461
1.30405	3739383436.431523
1.30406	3742139731.3018336
1.30407	3706209799.240336
1.30408	3690115842.2794857
1.30409	3450881132.2087193
1.3041	3644013690.992436
1.30411	3726833580.2482095
1.3041200000000002	3658979699.74888
1.30413	3661761043.318325
1.30414	3681967917.515785
1.30415	3404709009.825975
1.30416	3603462443.0387135
1.30417	3749643682.724338
1.30418	3522491874.704744
1.30419	3666063642.4947133
1.3042	3737575721.323493
1.30421	3718176485.7065134
1.3042200000000002	3693260999.9780455
1.30423	3731470392.1281962
1.30424	3755951710.543417
1.30425	3764263356.011054
1.30426	3749471009.227357
1.30427	3701519145.1511655
1.30428	3675784143.643654
1.30429	3733962912.374333
1.3043	3737747847.009593
1.30431	3719546564.908783
1.30432	3737317547.656396
1.30433	3705697802.8025007
1.30434	3524763641.395757
1.30435	3625350494.484221
1.30436	3633373129.046169
1.30437	3715951183.2714686
1.30438	3703650524.2538033
1.30439	3725031932.0667367
1.3044	3736629171.7262783
1.30441	3680442185.7199244
1.30442	3420345675.2979174
1.30443	3643761980.138224
1.30444	3636553657.6020103
1.30445	3626686369.0271654
1.30446	3740589065.5436006
1.30447	3743777242.5546975
1.30448	3714325843.011228
1.30449	3646363830.955636
1.3045	3608859712.312456
1.30451	3683409467.19186
1.30452	3696408838.355848
1.30453	3407453987.0467386
1.30454	3384542718.6630955
1.30455	3641245827.681173
1.30456	3715352290.9717283
1.30457	3711846431.034807
1.30458	3714325843.011228
1.30459	3709795755.567268
1.3046	3660243684.83565
1.30461	3708941641.864035
1.30462	3717320442.491003
1.30463	3707063283.8411326
1.30464	3735252800.21822
1.30465	3714582428.412776
1.30466	3704162237.830115
1.30467	3715095652.3917937
1.3046799999999998	3731040815.4521
1.30469	3706124461.588477
1.3047	3696579068.1932735
1.30471	3713385181.498857
1.30472	3719632211.61955
1.30473	3706721866.417979
1.30474	3690540707.02269
1.30475	3687143158.285045
1.30476	3689691026.447829
1.30477	3699388992.6159115
1.3047799999999998	3704247530.299582
1.30479	3722802526.6953382
1.3048	3612018782.6752734
1.30481	3658895449.5977306
1.30482	3739039042.349389
1.30483	3730697189.7183704
1.30484	3729151265.5140867
1.30485	3723745573.776078
1.30486	3687907333.941869
1.30487	3714154795.9234366
1.3048799999999998	3656200468.7891774
1.30489	3570343489.640635
1.3049	3433444249.995869
1.30491	3662013997.546733
1.30492	3728893673.767698
1.30493	3727605981.9090056
1.30494	3690540707.02269
1.30495	3451119518.865793
1.30496	3528011564.1766796
1.30497	3646615721.545558
1.30498	3700326108.663551
1.30499	3729323003.230742
1.305	3671216528.790947
1.30501	3710393752.1871367
1.30502	3681204972.5724907
1.30503	3637139848.039047
1.30504	3706124461.588477
1.30505	3708856241.3098993
1.30506	3678747669.6641226
1.3050700000000002	3712102845.158728
1.30508	3728121005.282742
1.30509	3730954906.051546
1.3051	3714240318.482706
1.30511	3722031120.3641977
1.30512	3730697189.7183704
1.30513	3714667960.818761
1.30514	3647119554.9283476
1.30515	3726833580.2482095
1.30516	3673837983.69894
1.3051700000000002	3671977403.5879908
1.30518	3725117705.0842047
1.30519	3727434323.262299
1.3052	3655863735.788683
1.30521	3696153508.298067
1.30522	3623681343.2489033
1.30523	3674430184.1436415
1.30524	3677392618.5618854
1.30525	3725031932.0667367
1.30526	3557295967.10715
1.3052700000000002	3537366022.7478533
1.30528	3726747767.7217093
1.30529	3749643682.724338
1.3053	3720488787.200877
1.30531	3718005261.29414
1.30532	3676630621.671717
1.30533	3637726132.9664187
1.30534	3689266259.5220866
1.30535	3651657189.066254
1.30536	3608776616.203365
1.30537	3628691103.857719
1.30538	3675614871.425828
1.30539	3735510831.25269
1.3054	3635465268.855706
1.30541	3398912621.661966
1.30542	3654769567.7046404
1.30543	3719203997.7859
1.30544	3703650524.2538033
1.30545	3691645584.3014703
1.30546	3612351477.220376
1.30547	3277630558.169185
1.30548	3432653761.2529764
1.30549	3657210853.8961883
1.3055	3575361835.1563454
1.30551	3717406037.942817
1.30552	3730095920.834725
1.30553	3494459407.760543
1.30554	3659232461.842245
1.30555	3727605981.9090056
1.30556	3656284656.8854
1.30557	3717577234.759285
1.30558	3718262100.8696775
1.30559	3717919652.044856
1.3056	3672738436.0794787
1.30561	3714496897.976225
1.30562	3725117705.0842047
1.3056299999999998	3729323003.230742
1.30564	3713470686.3368955
1.30565	3679425382.4454703
1.30566	3614597967.065869
1.30567	3528742759.153006
1.30568	3620678807.396417
1.30569	3604541250.7512727
1.3057	3726147135.358395
1.30571	3690795649.348487
1.30572	3597244854.103418
1.3057299999999998	3402044577.9737487
1.30574	3639904590.2233796
1.30575	3686803575.4887686
1.30576	3627270968.9170117
1.30577	3717149257.4999695
1.30578	3741364318.0855713
1.30579	3715780061.335716
1.3058	3711333655.921301
1.30581	3660665110.22165
1.30582	3681459269.98634
1.3058299999999998	3709027044.384615
1.30584	3711675498.1255283
1.30585	3703565245.5307345
1.30586	3723831317.173712
1.30587	3722116824.284642
1.30588	3709454086.485757
1.30589	3692070625.17287
1.3059	3632452968.993704
1.30591	3412007679.694997
1.30592	3690965620.6830697
1.30593	3739900087.0331187
1.30594	3741278170.980321
1.30595	3729580624.6351843
1.30596	3717491635.3655634
1.30597	3724860391.9566607
1.30598	3737489661.4529023
1.30599	3707063283.8411326
1.306	3686803575.4887686
1.30601	3721345560.0387135
1.3060200000000002	3575032547.326308
1.30603	3671301062.648696
1.30604	3717491635.3655634
1.30605	3750766254.303263
1.30606	3739297334.937217
1.30607	3686209380.849733
1.30608	3563116316.900132
1.30609	3409573052.931996
1.3061	3662182643.406733
1.30611	3716978080.39213
1.3061200000000002	3717577234.759285
1.30613	3683748737.3648133
1.30614	3651320874.4980173
1.30615	3653928122.790794
1.30616	3661929677.529099
1.30617	3671723761.1356616
1.30618	3718861462.213176
1.30619	3728636099.8144865
1.3062	3718861462.213176
1.30621	3691050609.2856994
1.3062200000000002	3389612089.777647
1.30623	3521194379.761884
1.30624	3673753391.427098
1.30625	3704076947.324557
1.30626	3724860391.9566607
1.30627	3530774651.5410914
1.30628	3600891204.36434
1.30629	3741881242.3750024
1.3063	3690200811.31502
1.30631	3355366776.458409
1.30632	3476081897.4887238
1.30633	3685869884.053576
1.30634	3648379442.958707
1.30635	3616096403.0606
1.30636	3655863735.788683
1.30637	3658053054.773836
1.30638	3707831588.0262985
1.30639	3732415634.9217315
1.3064	3701348687.820026
1.30641	3668090144.0245657
1.30642	3506872690.2018013
1.30643	3609524550.070489
1.30644	3648379442.958707
1.30645	3668934850.239768
1.30646	3604458254.077289
1.30647	3641413517.109599
1.30648	3639904590.2233796
1.30649	3579645337.987455
1.3065	3690710666.6164594
