1.2776299999999998	69731659.36677904
1.27764	70346095.9381338
1.27765	69773418.26611203
1.27766	72075887.70919959
1.27767	72732748.59233698
1.27768	71883629.98063271
1.27769	71103339.7204838
1.2777	71416736.41097341
1.27771	71152473.13564137
1.27772	66105866.16028084
1.27773	70848392.35968384
1.27774	68047159.32517184
1.27775	70605738.51873994
1.27776	72522037.99118584
1.27777	71690234.33936119
1.27778	71397005.96344315
1.27779	70051913.05870277
1.2778	69350564.42085369
1.27781	69927821.71971981
1.2778200000000002	70661035.90663348
1.27783	71288585.89776404
1.27784	71574776.40702485
1.27785	69154429.03901158
1.27786	68460489.48958282
1.27787	69312250.4701663
1.27788	69205402.68246402
1.27789	65900695.79481795
1.2779	67510294.10908575
1.27791	66060217.61395142
1.2779200000000002	64848509.71441374
1.27793	66317783.10029748
1.27794	66676070.94246868
1.27795	64041279.46547616
1.27796	62892665.31604165
1.27797	61871408.09710179
1.27798	64311701.51484413
1.27799	67186187.86809343
1.278	69321826.9729543
1.27801	69850577.32966939
1.2780200000000002	65969015.06555558
1.27803	66226224.95772435
1.27804	65947752.59494854
1.27805	65996362.60119075
1.27806	65765783.73554198
1.27807	64776876.08626146
1.27808	65738531.74704754
1.27809	64611526.24371497
1.2781	62400777.36635783
1.27811	61609828.51806451
1.27812	60536875.23733013
1.27813	60764509.98062372
1.27814	63576995.45271865
1.27815	64757488.93304111
1.27816	66817465.79433526
1.27817	68477831.65702127
1.27818	69866662.87132435
1.27819	68844618.87270007
1.2782	69041465.29296972
1.27821	68664142.37076536
1.27822	67581838.1622851
1.27823	65717343.56350966
1.27824	62525906.95416208
1.27825	62014036.42298068
1.27826	65783958.00388546
1.27827	67437272.97598068
1.27828	68578818.710756
1.27829	68391164.72814305
1.2783	68321910.1666473
1.27831	68120840.84370354
1.27832	70490404.0589524
1.27833	68660980.34296149
1.27834	69861836.81991932
1.27835	69898845.06826515
1.27836	69452838.52922179
1.27837	70105162.44894302
1.2783799999999998	71324707.61379868
1.27839	71708394.65426521
1.2784	71718302.21947414
1.27841	70652901.22251584
1.27842	69457636.32704996
1.27843	67784438.05131443
1.27844	64703831.70884845
1.27845	65434983.91621481
1.27846	66243001.14922686
1.27847	68376993.31370811
1.2784799999999998	67479211.62727296
1.27849	67684620.77804323
1.2785	68950909.63811192
1.27851	67510294.10908575
1.27852	70388222.79364571
1.27853	69784665.31878798
1.27854	69815202.17281856
1.27855	64814175.38814519
1.27856	63936668.0482428
1.27857	67316263.22986738
1.2785799999999998	70008375.46122202
1.27859	70630129.08874889
1.2786	70469306.89671479
1.27861	69420861.67859626
1.27862	67463675.75329724
1.27863	65177845.43191386
1.27864	61860012.01219504
1.27865	61336642.57099999
1.27866	64773893.06956366
1.27867	66725217.79125711
1.2786799999999998	66909841.33081614
1.27869	65218378.96494304
1.2787	64543126.64706933
1.27871	61945533.83988471
1.27872	61281586.48795963
1.27873	64754506.80913416
1.27874	66357497.59517112
1.27875	65827899.89004957
1.27876	66398764.743581496
1.27877	62278766.17050763
1.27878	62481291.800639
1.27879	63484835.70521139
1.2788	60861128.37702367
1.27881	63559430.90642362
1.27882	65364207.50006479
1.27883	61737636.58780988
1.27884	62121223.39588208
1.27885	67300764.87182738
1.27886	68045592.49946389
1.2788700000000002	68219730.59308067
1.27888	64412476.9415592
1.27889	65882489.27508698
1.2789	69828063.79288426
1.27891	70024497.34142298
1.27892	69242063.19478275
1.27893	68197742.69444197
1.27894	67288368.75455168
1.27895	68172622.34515291
1.27896	68257440.62811951
1.2789700000000002	69956810.38348065
1.27898	66220125.57788132
1.27899	69628974.67544356
1.2790000000000001	68533040.51260461
1.27901	70856549.55184603
1.27902	70586232.12725261
1.27903	72517028.5193013
1.27904	71434827.44435632
1.27905	69911722.09734076
1.27906	69839319.65408833
1.2790700000000002	71485835.92547856
1.27908	71827375.82416284
1.27909	70832080.79248352
1.2791	70511507.53727703
1.27911	72296953.9872539
1.27912	72774628.98099582
1.27913	73001200.14302005
1.27914	73272329.66814858
1.27915	73289203.18811205
1.27916	72325259.40787005
1.27917	71072239.4409092
1.27918	67413984.98898484
1.27919	68111430.2518203
1.2792	70540738.16870527
1.27921	71797612.03654622
1.27922	70861444.3179456
1.27923	70337997.51073284
1.27924	69741293.81704995
1.27925	69339387.33133718
1.27926	70789688.29108624
1.27927	71342775.33477436
1.27928	71604447.81785925
1.27929	71592907.47453655
1.2793	70431996.61486615
1.27931	70698467.51857272
1.27932	69564873.54398556
1.27933	65362702.45089412
1.27934	69577689.04756637
1.27935	71114801.14844826
1.27936	71364133.99675076
1.27937	72222081.33426593
1.27938	71969750.97949378
1.27939	72107427.17208943
1.2794	72167224.00766414
1.27941	71277096.46126473
1.27942	65047408.66849632
1.2794299999999998	68186751.40286008
1.27944	61137827.18436442
1.27945	61492195.60631725
1.27946	67684620.77804323
1.27947	68863643.9721714
1.27948	68873158.49339987
1.27949	67648784.86040422
1.2795	65361197.43637835
1.27951	62369175.08944994
1.27952	63610674.40168274
1.2795299999999998	65773355.73707597
1.27954	65066882.61813833
1.27955	64078155.20200657
1.27956	67765711.10626525
1.27957	69805557.51243627
1.27958	69826455.96080762
1.27959	70970848.90581428
1.2796	71739773.30701537
1.27961	69734870.70230973
1.27962	69353758.20590942
1.2796299999999998	66363609.6280272
1.27964	66511998.90312172
1.27965	66759027.26214325
1.27966	67989210.79485735
1.27967	70921840.90890732
1.27968	69566475.3528351
1.27969	69245251.98305702
1.2797	69281933.6049383
1.27971	70983923.42348318
1.27972	68287309.18866129
1.27973	70456327.16618286
1.27974	69500831.42467117
1.27975	66348330.60133302
1.27976	63871924.2187326
1.27977	61636788.1707577
1.27978	63518465.83394693
1.27979	67574057.96350248
1.2798	68998555.6935861
1.27981	69184690.10991429
1.2798200000000002	69377716.28255266
1.27983	66256730.28496692
1.27984	64122434.11512695
1.27985	66619290.02234565
1.27986	66264358.81206504
1.27987	64215519.45230954
1.27988	68716336.85843837
1.27989	67648784.86040422
1.2799	66817465.79433526
1.27991	67776634.52870023
1.2799200000000002	68509374.12626077
1.27993	68596190.85293144
1.27994	70064818.28654106
1.27995	69432051.90128435
1.27996	66760564.46325077
1.27997	61442658.7154786
1.27998	64811190.65379062
1.27999	68150649.62997171
1.28	67249645.60233366
1.28001	66839008.67254698
1.2800200000000002	67898471.85215245
1.28003	67153708.31927909
1.28004	68928686.07318448
1.28005	71134453.60913302
1.28006	72507010.61359803
1.28007	72371904.26074298
1.28008	72979351.52144499
1.28009	72870206.46095939
1.2801	71571480.34265617
1.28011	70836973.86828268
1.28012	70018048.14387509
1.28013	66070866.12115878
1.28014	65380765.32837421
1.28015	69976142.8352838
1.28016	70977385.86359683
1.28017	68106725.44340158
1.28018	69012855.92939292
1.28019	69227715.46466635
1.2802	70352575.35139157
1.28021	70194001.39695787
1.28022	66458418.15849788
1.28023	68268443.31437692
1.28024	67027033.70061165
1.28025	67033207.40286189
1.28026	71001904.81822087
1.28027	70132609.74790987
1.28028	69587302.2245821
1.28029	68812922.05309264
1.2803	67016231.08981888
1.28031	65026443.24081024
1.28032	61855739.02153517
1.28033	63252835.66745544
1.28034	67116608.06075163
1.28035	68577239.64327924
1.28036	68471524.90608734
1.28037	69014445.02742083
1.28038	68227585.13195117
1.28039	68740074.73952377
1.2804	69203809.18752421
1.28041	69563271.77201858
1.28042	70477420.44253777
1.28043	68909643.00439887
1.28044	68270015.27147359
1.28045	64870911.46460188
1.28046	60709967.44671297
1.28047	64442146.81461722
1.2804799999999998	64187431.87420356
1.28049	60507610.13900071
1.2805	58569295.47924252
1.28051	60369836.54828461
1.28052	63963173.07194379
1.28053	67159893.68922989
1.28054	69181504.11055312
1.28055	70221483.47780241
1.28056	70809250.90735655
1.28057	70586232.12725261
1.2805799999999998	71213117.77614017
1.28059	71569832.36739211
1.2806	71413447.62444822
1.28061	70854918.03828228
1.28062	68836693.29928407
1.28063	67036294.46722554
1.28064	69144875.66150562
1.28065	68062829.56667407
1.28066	68563029.67204021
1.28067	70833711.78019421
1.2806799999999998	71526998.32687385
1.28069	68463642.28422908
1.2807	71072239.4409092
1.28071	70724518.5950485
1.28072	66293355.22615158
1.28073	66939120.19958473
1.28074	64826115.70017996
1.28075	66031323.17320322
1.28076	66734436.85758196
1.28077	65964458.24482363
1.28078	66206404.02704608
1.28079	66577885.8164246
1.2808	63833697.32201554
1.28081	62947719.36936512
1.28082	60772905.48784325
1.28083	61339467.29281777
1.28084	61563031.88160021
1.28085	62340459.63537048
1.28086	63886632.96613139
1.2808700000000002	65964458.24482363
1.28088	67784438.05131443
1.28089	68928686.07318448
1.2809	68221301.42851284
1.28091	68602509.08655219
1.28092	68446303.71028174
1.28093	67060996.10072813
1.28094	68529884.52212512
1.28095	67522731.11028768
1.28096	64412476.9415592
1.2809700000000002	61537521.42705644
1.28098	65114843.33621854
1.28099	68053426.98879135
1.281	69689925.45985344
1.28101	71234437.62112448
1.28102	71650627.79648438
1.28103	72503671.61924641
1.28104	72858462.11788847
1.28105	71976379.94379401
1.28106	72679176.86165763
1.2810700000000002	73541079.40988079
1.28108	72213766.93849696
1.28109	69361743.31204964
1.2811	70739176.54379927
1.28111	71944897.80036983
1.28112	72393571.0242304
1.28113	73043235.10930033
1.28114	73206560.05152635
1.28115	70682190.4688684
1.28116	70160067.79293612
1.28117	70630129.08874889
1.28118	69675484.92766541
1.28119	67073350.33055504
1.2812	66996173.71720556
1.28121	70518002.18620771
1.28122	72781332.08071357
1.28123	72488648.04737629
1.28124	70500143.340918
1.28125	68800247.41182429
1.28126	69563271.77201858
1.28127	69897235.60640818
1.28128	68235440.57516092
1.28129	67918799.35556397
1.2813	71497359.00951599
1.28131	72754523.38571347
1.28132	73033144.51049164
1.28133	72615611.67901823
1.28134	71999586.12751883
1.28135	71910117.76753573
1.28136	70540738.16870527
1.28137	70427131.51293841
1.28138	69285124.22935538
1.28139	68697352.45580402
1.2814	69444842.93596081
1.28141	66808235.25793151
1.28142	63350493.15220374
1.2814299999999998	63791086.61947387
1.28144	62217133.75882967
1.28145	64474799.46017898
1.28146	65209369.33528897
1.28147	67592731.94551454
1.28148	69807164.8633028
1.28149	70599235.78936681
1.2815	71263967.94410019
1.28151	71475960.47445661
1.28152	71677029.726396
1.2815299999999998	71257404.59234837
1.28154	71126264.42392525
1.28155	70372017.17220576
1.28156	68023660.72726719
1.28157	64763453.59286675
1.28158	61776030.68499416
1.28159	65008478.25261645
1.2816	67675270.44802639
1.28161	69733265.01605831
1.28162	70809250.90735655
1.2816299999999998	71262327.04948927
1.28164	69009677.84310599
1.28165	69903673.67619771
1.28166	68749572.18785226
1.28167	70587857.4540234
1.28168	70219866.58700705
1.28169	69105084.12554044
1.2817	65224386.07626428
1.28171	66782088.99568372
1.28172	66719072.4545921
1.28173	66845165.05625462
1.28174	64951621.86029512
1.28175	65967496.09033666
1.28176	65427450.86893366
1.28177	65367217.70237272
1.28178	61105457.49514346
1.28179	66351386.12522816
1.2818	70605738.51873994
1.28181	70828818.92972462
1.2818200000000002	71507237.41705903
1.28183	70307231.98838325
1.28184	69488030.0774841
1.28185	69270767.57651089
1.28186	68435272.35862583
1.28187	66823620.1937791
1.28188	63569676.3019516
1.28189	60641509.03928652
1.2819	61858587.64917838
1.28191	61592807.44499352
1.2819200000000002	65093856.17366741
1.28193	67722035.0187469
1.28194	69350564.42085369
1.28195	70337997.51073284
1.28196	71642379.18794818
1.28197	70501766.68539841
1.28198	71237718.16374454
1.28199	71734817.87019423
1.2819999999999998	73461535.20082131
1.28201	73532613.16758765
1.2820200000000002	73678368.41900119
1.28203	73169485.28932233
1.28204	72047679.8834055
1.28205	72089165.8012879
1.28206	72858462.11788847
1.28207	72009533.92509586
1.28208	70189152.73458982
1.28209	69775024.87693655
1.2821	70184304.40714364
1.28211	68105157.24614885
1.28212	67726713.25277439
1.28213	68665723.43927471
1.28214	69911722.09734076
1.28215	71731514.4358138
1.28216	71774470.95108259
1.28217	72203790.92703569
1.28218	70643140.83772674
1.28219	67962602.34264185
1.2822	67355024.74131401
1.28221	66899057.60767914
1.28222	70415780.91529173
1.28223	69326615.72051191
1.28224	69757354.19234921
1.28225	70589482.81821918
1.28226	71354275.35831022
1.28227	72187167.30370961
1.28228	68995378.26583418
1.28229	71196722.23747711
1.2823	70923473.96344487
1.28231	72838333.36185458
1.28232	72855106.93896961
1.28233	73669886.37163658
1.28234	71776123.6383787
1.28235	73044917.01130688
1.28236	72833302.04181418
1.28237	73039871.42146641
1.28238	73600370.40573062
1.28239	73407426.67811021
1.2824	72721026.40307166
1.28241	72762900.04195309
1.28242	69749323.54244496
1.28243	71181969.48013997
1.28244	71862115.83804585
1.28245	70548859.93883075
1.28246	69787879.09538916
1.28247	69451239.33692667
1.2824799999999998	69638594.93832009
1.28249	69345774.01903561
1.2825	68912816.48380543
1.28251	67364330.82469533
1.28252	65823352.81687193
1.28253	67575613.9316015
1.28254	68694188.89865415
1.28255	69156021.39691836
1.28256	69486430.07488295
1.28257	68630948.34034492
1.2825799999999998	69889188.85298802
1.28259	70336377.93713361
1.2826	67567834.44936866
1.28261	69672276.32688776
1.28262	69697949.27090703
1.28263	67365881.96359293
1.28264	68399039.00523394
1.28265	68332923.24500407
1.28266	68219730.59308067
1.28267	68114566.97132446
1.2826799999999998	67589619.25684778
1.28269	67771952.84635201
1.2827	68350233.09781565
1.28271	69243657.57056375
1.28272	69160798.69063722
1.28273	70018048.14387509
1.28274	70313707.82197413
1.28275	68370695.84990112
1.28276	67156800.9330428
1.28277	69654631.66360563
1.28278	70383360.71540195
1.28279	69178318.25790897
1.2828	64166743.62560365
1.28281	62469783.38134876
1.28282	65867321.01769451
1.28283	64194822.15080346
1.28284	62372047.36224257
1.28285	66040446.36782116
1.28286	68281019.98468739
1.2828700000000002	68400613.96944214
1.28288	69749323.54244496
1.28289	71634131.52901348
1.2829	70323422.6907658
1.28291	71688583.6297165
1.28292	72034409.43260188
1.28293	71691885.08701502
1.28294	70179456.4145965
1.28295	71426603.6793234
1.28296	72430252.63296707
1.2829700000000002	72617283.73451805
1.28298	73437857.81634915
1.28299	72940712.28552364
1.2830000000000001	72860139.76529068
1.28301	69366534.8170258
1.28302	68755904.54906662
1.28303	71236077.87355019
1.28304	72001243.99834312
1.28305	71195082.89123768
1.28306	72834979.10987756
1.2830700000000002	71362490.79575779
1.28308	71581368.99114722
1.28309	72283637.62269238
1.2831	71375637.46317394
1.28311	65955345.547627695
1.28312	67689296.42749754
1.28313	68724248.57450938
1.28314	66401822.5901082
1.28315	65120840.91111682
1.28316	64047178.15693415
1.28317	61160355.34186831
1.28318	62131236.96106478
1.28319	63546260.68128993
1.2832	67740749.8939794
1.28321	68884260.42964986
1.28322	69932652.32935765
1.28323	69508833.46421649
1.28324	66883655.30372472
1.28325	62066892.19564741
1.28326	66822081.54077645
1.28327	66817465.79433526
1.28328	69055774.42196833
1.28329	71082059.11195637
1.2833	69476830.83290681
1.28331	70299138.03510231
1.28332	65797592.00103662
1.28333	64645753.21967316
1.28334	61794525.2466575
1.28335	66290302.37461657
1.28336	66507404.57569052
1.28337	66046529.19783522
1.28338	63175690.88028171
1.28339	61441243.96226634
1.2834	65285990.87762194
1.28341	64587726.86204608
1.28342	61589971.05669921
1.2834299999999998	59783315.94841293
1.28344	63232448.64852154
1.28345	67053275.86265215
1.28346	68498332.6096741
1.28347	67665921.40971614
1.28348	69049414.44298989
1.28349	69815202.17281856
1.2835	69750929.59846158
1.28351	69987422.56593317
1.28352	69861836.81991932
1.2835299999999998	70417402.31723315
1.28354	69866662.87132435
1.28355	71507237.41705903
1.28356	70388222.79364571
1.28357	65902213.23188552
1.28358	66602418.53482538
1.28359	68229156.14824288
1.2836	68892191.47974938
1.28361	69406476.89943376
1.28362	69022391.06643917
1.2836299999999998	66865177.219764
1.28364	66897517.21768583
1.28365	67892218.45977125
1.28366	65920425.20230043
1.28367	67644112.00929318
1.28368	67005430.22006066
1.28369	67892218.45977125
1.2837	67598957.7528981
1.28371	70079339.50967664
1.28372	72042703.17788616
1.28373	71951524.47550254
1.28374	72148947.4931773
1.28375	70240889.07158859
1.28376	67600514.29434255
1.28377	68188321.47890931
1.28378	70706607.44900607
1.28379	69834495.4914209
1.2838	70755466.71654274
1.28381	69197435.57466786
1.2838200000000002	71781081.9285995
1.28383	72732748.59233698
1.28384	73228476.69498858
1.28385	73355047.05227962
1.28386	67854710.19820412
1.28387	71662177.44397388
1.28388	71039517.00029549
1.28389	69181504.11055312
1.2839	68540931.1246891
1.28391	70449838.19746986
1.2839200000000002	69989034.10444553
1.28393	69606532.56340104
1.28394	68070666.04060645
1.28395	64805221.59742165
1.28396	62198512.71412989
1.28397	63274686.19616542
1.28398	61377613.77199377
1.28399	63891046.25082047
1.284	66154592.71183499
1.28401	69451239.33692667
1.2840200000000002	69337790.75132234
1.28403	70048687.12316819
1.28404	69352161.2949968
1.28405	68909643.00439887
1.28406	66951451.97697338
1.28407	64933677.54315686
1.28408	61832954.7224018
1.28409	61985484.47864844
1.2841	61325344.98447096
1.28411	65219880.69090411
1.2841200000000002	67183093.90104252
1.28413	67155254.60835843
1.28414	69285124.22935538
1.28415	70198850.3942715
1.28416	70578106.05474259
1.28417	71245920.18127668
1.28418	68732161.20150307
1.28419	67829716.20347993
1.2842	66996173.71720556
1.28421	67169172.81239782
1.28422	64577317.38937847
1.28423	62797159.53379931
1.28424	66676070.94246868
1.28425	69337790.75132234
1.28426	70082566.85683829
1.28427	69291505.91900726
1.28428	72881952.69714704
1.28429	73737770.10131516
1.2843	71564888.66926974
1.28431	73432785.08405724
1.28432	72180518.92607011
1.28433	73014648.69965754
1.28434	70334758.40082602
1.28435	69850577.32966939
1.28436	70732661.52489552
1.28437	67975122.66977409
1.28438	68306180.27649991
1.28439	71354275.35831022
1.2844	69673880.60880654
1.28441	70423888.29835358
1.28442	69027159.12898271
1.28443	71103339.7204838
1.28444	69593711.74713759
1.28445	69428854.510754
1.28446	68841448.53383723
1.28447	67367433.13820721
1.2844799999999998	70530993.27874464
1.28449	69921381.42591572
1.2845	67658131.53104915
1.28451	63188784.30329275
1.28452	67084162.14862394
1.28453	69659443.40129115
1.28454	68325056.57933323
1.28455	65999401.91598726
1.28456	66323891.47514467
1.28457	70003539.62099619
1.2845799999999998	69523239.45719974
1.28459	71234437.62112448
1.2846	72331921.11721481
1.28461	69866662.87132435
1.28462	70378498.97300737
1.28463	73415878.50694644
1.28464	74619098.86603172
1.28465	74553837.02828643
1.28466	74313890.80841291
1.28467	73018011.22591518
1.2846799999999998	72490317.17939681
1.28469	73036507.88853274
1.2847	72102446.33951645
1.28471	69396888.7026343
1.28472	68318763.89885597
1.28473	66049570.82294206
1.28474	63332991.18216158
1.28475	64744070.45688144
1.28476	65972053.12092254
1.28477	62781256.00956441
1.28478	65855188.92621667
1.28479	67602070.87162812
1.2848	68738491.95903221
1.28481	70638261.15097682
1.28482	70292663.54337661
1.28483	72826594.15570626
1.28484	71324707.61379868
1.28485	68963612.03494456
1.28486	68952497.30975735
1.2848700000000002	69028748.55635776
1.28488	65981168.12651447
1.28489	61196981.30409384
1.2849	65730963.75454278
1.28491	67403120.01403938
1.28492	70410916.93346612
1.28493	69550458.92395347
1.28494	70956142.95195834
1.28495	72870206.46095939
1.28496	66743657.1976556
1.2849700000000002	71786040.56133898
1.28498	71083695.85569686
1.28499	68388015.27113447
1.285	64800745.16591785
1.28501	63403028.08752405
1.28502	67976687.87283556
1.28503	69977754.11406778
1.28504	70700095.42968866
1.28505	70628502.78864865
1.28506	69229309.51007485
1.2850700000000002	68691025.4871884
1.28508	67317813.26195495
1.28509	62466906.60775001
1.2851	67829716.20347993
1.28511	70571605.87029597
1.28512	71204919.53490709
1.28513	71540175.30048832
1.28514	70925107.05558532
1.28515	71500651.66039224
1.28516	72248693.8342269
1.28517	71872044.64208823
1.28518	71075512.51385532
1.28519	71293510.50890759
1.2852	69430453.18761352
1.28521	67697089.89436239
1.28522	68391164.72814305
1.28523	66593217.70624627
1.28524	66011560.57492671
1.28525	66966869.89348611
1.28526	67998604.50033216
1.28527	68067531.34276831
1.28528	71049332.15025786
1.28529	72680850.38081703
1.2853	72037726.81613359
1.28531	71815799.55198646
1.28532	73265581.34796402
1.28533	72493655.55873989
1.28534	72094145.71644242
1.28535	69329808.40266386
1.28536	71467731.97408149
1.28537	73070150.18922581
1.28538	73086977.15028375
1.28539	73002881.07712488
1.2854	72346912.20678096
1.28541	70024497.34142298
1.28542	68725831.02703114
1.28543	64630869.69849875
1.28544	63719153.84827302
1.28545	65923461.01996996
1.28546	68454184.33584799
1.28547	70142299.59534991
1.28548	65696162.20913437
1.28549	69840927.78236616
1.2855	71507237.41705903
1.28551	69606532.56340104
1.28552	68679954.69422136
1.2855299999999998	65421425.05551536
1.28554	68106725.44340158
1.28555	68668885.68551125
1.28556	69262792.94373639
1.28557	71908461.99494658
1.28558	70985557.9075399
1.28559	73356736.13410413
1.2856	73203188.84247436
1.28561	73014648.69965754
1.28562	72861817.45132287
1.2856299999999998	73130745.3862484
1.28564	71369063.82675266
1.28565	68977905.02853373
1.28566	68069098.6736426
1.28567	70263535.70897244
1.28568	69918161.50144686
1.28569	71520410.75024411
1.2857	73078563.1854359
1.28571	73690244.92600454
1.28572	72749497.85486117
1.2857299999999998	72305277.96083713
1.28574	72163900.6607037
1.28575	71285303.0126519
1.28576	70505013.48649807
1.28577	69289910.44148971
1.28578	67223326.58846956
1.28579	64724693.12209968
1.2858	62188488.30625081
1.28581	65322079.22013157
1.28582	67835963.8389255
1.28583	70092249.79011954
1.28584	70000315.91308974
1.28585	71850533.96689172
1.28586	71188525.88374151
1.28587	70805990.09592849
1.28588	71159026.82240407
1.28589	70365535.96837257
1.2859	68785991.23088081
1.28591	66912922.713831395
1.2859200000000002	65821837.19561161
1.28593	62146975.8247885
1.28594	58836929.4608037
1.28595	61126566.21761014
1.28596	62482730.50211346
1.28597	61897056.96477174
1.28598	64730654.76118012
1.28599	65676499.92160719
1.286	65897661.02550165
1.28601	65144836.73544351
1.2860200000000002	66962244.14576529
1.28603	67693972.39994542
1.28604	68405339.07966194
1.28605	69329808.40266386
1.28606	67384498.41650264
1.28607	67330214.80360895
1.28608	66668395.01798834
1.28609	66351386.12522816
1.2861	66275040.22559809
1.28611	64809698.33815706
1.2861200000000002	66742120.38584777
1.28613	65002491.0262249
1.28614	61507772.59036061
1.28615	62058317.92990613
1.28616	61260424.23263349
1.28617	58363321.50719494
1.28618	63261574.97332118
1.28619	65258937.70542251
1.2862	67675270.44802639
1.28621	68545665.92800938
1.28622	66038925.74785465
1.28623	64770910.19023544
1.28624	67700207.53234886
1.28625	68933447.6625931
1.28626	67964167.25740911
1.28627	68626207.64612749
1.28628	66654580.58071023
1.28629	63612139.10845201
1.2863	63457067.72487517
1.28631	62641190.07826779
1.28632	64677019.77143786
1.28633	67175359.60674669
1.28634	67187734.90505064
1.28635	64177086.91626582
1.28636	63678085.83179893
1.28637	63685417.46439285
1.28638	66407938.70563518
1.28639	69073267.3848663
1.2864	68656237.57427846
1.28641	69664255.47137092
1.28642	66900598.03314192
1.28643	66743657.1976556
1.28644	65759726.76194982
1.28645	65652308.26140043
1.28646	68717919.12878405
1.28647	67845336.37108836
1.2864799999999998	68432120.87043284
1.28649	65614526.63029055
1.2865	66461478.75222938
1.28651	63946974.25211456
1.28652	66794391.84419127
1.28653	68022094.44262794
1.28654	66868256.54587358
1.28655	62088333.0432484
1.28656	64391716.15869264
1.28657	65548083.76025644
1.2865799999999998	64560963.03609664
1.28659	63134973.13440563
1.2866	65542046.83664964
1.28661	66427819.97194038
1.28662	68029926.22648616
1.28663	69746111.54135172
1.28664	71401938.0642382
1.28665	72647387.31803656
1.28666	70503390.06725815
1.28667	72992796.05304666
1.2866799999999998	70943073.55117041
1.28669	66325418.65676535
1.2867	65753670.34620013
1.28671	65249922.47275816
1.28672	67215587.66248132
1.28673	69486430.07488295
1.28674	67715797.87605025
1.28675	66169827.12359526
1.28676	63274686.19616542
1.28677	62652730.07474646
1.28678	65483215.96130277
1.28679	68397464.07728992
1.2868	70019660.3875756
1.28681	69903673.67619771
1.28682	68109861.94623633
1.28683	65152337.2436968
1.28684	65818806.05778439
1.28685	67500967.8615244
1.28686	71812492.38834733
1.2868700000000002	72933994.50702223
1.28688	72994476.79363763
1.28689	71062421.1264063
1.2869	69320230.79727674
1.28691	71518763.95088705
1.28692	68876330.29259366
1.28693	68304607.4866828
1.28694	69534446.18256631
1.28695	69178318.25790897
1.28696	69202215.72927558
1.2869700000000002	68760654.20273787
1.28698	67427956.81596483
1.28699	66052612.58812416
1.287	65332608.7438979
1.28701	66485968.57678199
1.28702	68717919.12878405
1.28703	71814145.95112947
1.28704	72618955.82851912
1.28705	73287515.66127317
1.28706	73929879.78401239
1.2870700000000002	73619014.58950178
1.28708	73014648.69965754
1.28709	71204919.53490709
1.2871	68270015.27147359
1.28711	67427956.81596483
1.28712	69723631.67493063
1.28713	71021526.08018671
1.28714	70687073.19025321
1.28715	69165576.31437123
1.28716	66969953.90282422
1.28717	68611987.52817047
1.28718	72278644.6183528
1.28719	70352575.35139157
1.2872	72425249.50117117
1.28721	72687544.84280872
1.28722	72687544.84280872
1.28723	70110005.3092673
1.28724	67056363.85122381
1.28725	72280308.91480999
1.28726	72618955.82851912
1.28727	73669886.37163658
1.28728	74956620.89930442
1.28729	71162303.89214855
1.2873	67843774.19247216
1.28731	71373993.99730693
1.28732	68593031.95433855
1.28733	70153606.10946323
1.28734	68805000.1286978
1.28735	70142299.59534991
1.28736	71581368.99114722
1.28737	71075512.51385532
1.28738	74725701.37225747
1.28739	75477933.29726051
1.2874	75490099.88322952
1.28741	74476627.08705258
1.28742	71564888.66926974
1.28743	75150175.64840075
1.28744	74462909.24884662
1.28745	70731032.86392616
1.28746	67890655.20166749
1.28747	68277875.5999149
1.28748	70461194.28494455
1.28749	72455273.47666408
1.2875	71804225.14553402
1.28751	71331277.16467361
1.28752	71420025.34895658
1.2875299999999998	70232802.75587827
1.28754	70328280.62849447
1.28755	70742434.27827868
1.28756	68260584.0718051
1.28757	66276566.28236395
1.28758	65152337.2436968
1.28759	68259012.33186734
1.2876	70542362.44792691
1.28761	70076112.31113668
1.28762	69230903.59218805
1.2876299999999998	69688320.80849256
1.28764	67426404.24775739
1.28765	66899057.60767914
1.28766	68120840.84370354
1.28767	69176725.38660389
1.28768	66699104.01896306
1.28769	64194822.15080346
1.2877	66648441.74967343
1.28771	67375189.54705828
1.28772	64945639.87032969
1.2877299999999998	65743072.96079087
1.28774	67337966.92729422
1.28775	66556427.100710206
1.28776	63497993.19976469
1.28777	63858689.24148868
1.28778	66444647.2307741
1.28779	65753670.34620013
1.2878	66400293.64924246
1.28781	65566197.86756233
1.28782	62989766.72563177
1.28783	65266451.35079165
1.28784	66288776.00156914
1.28785	66429349.54663042
1.28786	69187876.25599982
1.28787	70113234.06867371
1.28788	69518437.12782468
1.28789	73053327.10227278
1.2879	73468301.56985384
1.28791	68570923.73695303
1.2879200000000002	72664116.92313792
1.28793	74240348.17754002
1.28794	73890737.28675722
1.28795	74672381.09589158
1.28796	72685871.16950573
1.28797	74951443.25819863
1.28798	72603908.36847116
1.28799	71741425.19535923
1.288	75245407.75848421
1.28801	73998003.08678405
1.2880200000000002	72969269.74787048
1.28803	71390430.35900089
1.28804	68962024.10737579
1.28805	63810184.45033113
1.28806	65847607.50383092
1.28807	71047696.19776183
1.28808	69039875.57278435
1.28809	72006217.83986458
1.2881	74560704.00666833
1.28811	74291649.30998707
1.2881200000000002	72200465.89614484
1.28813	70967580.65269473
1.28814	71812492.38834733
1.28815	72873562.33525296
1.28816	72717677.55315535
1.28817	72072568.5683343
1.28818	74858306.85190317
1.28819	73739467.995765
1.2882	74651751.20475909
1.28821	69001733.2676676
1.28822	71116438.64611068
1.28823	72870206.46095939
1.28824	69507232.98260489
1.28825	69505632.53784561
1.28826	72562126.22621638
1.28827	72677503.3810323
1.28828	72545420.10263735
1.28829	70401189.97773306
1.2883	67142885.29259522
1.28831	66003961.15062588
1.28832	65308543.75454824
1.28833	68295171.50825329
1.28834	67441931.53866372
1.28835	69226121.45596167
1.28836	70683818.0051874
1.28837	71245920.18127668
1.28838	69861836.81991932
1.28839	67502522.14664225
1.2884	67518066.96636075
1.28841	67223326.58846956
1.28842	67056363.85122381
1.28843	67446590.42316023
1.28844	62742237.16005532
1.28845	61381853.73379072
1.28846	68343938.09860213
1.28847	69560068.33872873
1.2884799999999998	68618307.21678577
1.28849	67745429.42082961
1.2885	66490561.4234157
1.28851	63033293.54689441
1.28852	62726347.54503714
1.28853	63904287.93418802
1.28854	64144585.04437465
1.28855	64888838.43643551
1.28856	64196300.30822682
1.28857	63169872.45207188
1.2885799999999998	62419458.96522466
1.28859	65270959.95324988
1.2886	67128972.53562401
1.28861	68078503.41679817
1.28862	67291467.56980039
1.28863	67062540.25500516
1.28864	69989034.10444553
1.28865	69524840.30737826
1.28866	67732951.40086068
1.28867	65623592.23836025
1.2886799999999998	63747036.51405823
1.28869	62537425.71274849
1.2887	64370962.06723318
1.28871	68058128.1153558
1.28872	68789159.01578137
1.28873	69006499.90317167
1.28874	69195842.26317538
1.28875	71227876.98909038
1.28876	71906806.26048228
1.28877	70825557.21717629
1.28878	68034625.7296194
1.28879	67692413.70657305
1.2888	70607364.29466747
1.28881	71706743.52646892
1.28882	71259045.37361424
1.28883	70247358.79448932
1.28884	66990003.42572675
1.28885	62716238.06709115
1.28886	65152337.2436968
1.2888700000000002	64986028.99674741
1.28888	64592188.57825851
1.28889	65453066.76856108
1.2889	63748504.36071732
1.28891	63651698.94238825
1.28892	67088796.31843294
1.28893	68703680.00718182
1.28894	67901598.76433407
1.28895	67608297.53919818
1.28896	72517028.5193013
1.2889700000000002	71987982.10055785
1.28898	72709306.10304746
1.28899	71262327.04948927
1.2890000000000001	71832337.65488179
1.28901	72702609.63686162
1.28902	73875426.29936348
1.28903	73404046.21902092
1.28904	74953169.09882772
1.28905	74163462.89371765
1.28906	72170547.5076739
1.2890700000000002	71122989.01382141
1.28908	66892896.26051266
1.28909	63907230.90316754
1.2891	70804359.74652554
1.28911	73534306.33807044
1.28912	73998003.08678405
1.28913	71708394.65426521
1.28914	66507404.57569052
1.28915	64672552.195496604
1.28916	66189637.10384844
1.28917	70035784.86652604
1.28918	69224527.48395999
1.28919	70480666.12242568
1.2892	70194001.39695787
1.28921	68378567.77028964
1.28922	64654684.97750446
1.28923	66241475.86531785
1.28924	69828063.79288426
1.28925	72172209.31507477
1.28926	73137481.28701001
1.28927	72913844.88350074
1.28928	72291960.06308421
1.28929	71047696.19776183
1.2893	68164774.13374285
1.28931	68466795.22407052
1.28932	68705261.98608908
1.28933	70219866.58700705
1.28934	69847360.66577458
1.28935	68773321.54999608
1.28936	70941440.04534057
1.28937	69960032.08783731
1.28938	71938271.73554865
1.28939	72380236.86379206
1.2894	72320263.52849899
1.28941	72816533.48488428
1.28942	70560231.98801076
1.28943	69052594.35925728
1.28944	65753670.34620013
1.28945	64107671.07875758
1.28946	64927697.20584826
1.28947	66440057.55567118
1.28948	69547256.08070377
1.28949	67516512.32331404
1.2895	67249645.60233366
1.28951	67180000.0764705
1.28952	69802342.92173292
1.2895299999999998	70704979.38794677
1.28954	67133609.80093178
1.28955	70412538.22340892
1.28956	70014823.76784188
1.28957	67474550.48946159
1.28958	66542635.86443716
1.28959	63954336.84341399
1.2896	62418021.72061441
1.28961	65534501.46400404
1.28962	67459015.68862894
1.2896299999999998	64938163.15762112
1.28964	65840026.95423845
1.28965	71777776.36372949
1.28966	71959808.67775415
1.28967	73911156.87291995
1.28968	71077149.10685308
1.28969	74346409.59209833
1.2897	74823841.26421842
1.28971	75127683.85722682
1.28972	75333821.72805174
1.2897299999999998	75556181.29293734
1.28974	74471482.60159986
1.28975	72747822.75505377
1.28976	71341132.6255768
1.28977	71068966.51869047
1.28978	67879713.40275237
1.28979	69694739.63563195
1.2898	66485968.57678199
1.28981	67198565.16122055
1.28982	69754141.82143937
1.28983	68608827.90213056
1.28984	67266681.0431099
1.28985	67810976.74934353
1.28986	70758725.2012299
1.28987	71405226.32071665
1.28988	71265608.87649484
1.28989	70084180.58615413
1.2899	68599349.8970006
1.28991	66178969.45456294
1.2899200000000002	65367217.70237272
1.28993	68747989.18867666
1.28994	70449838.19746986
1.28995	69794307.09260765
1.28996	67932875.8074076
1.28997	66433938.48202501
1.28998	64295414.42938984
1.28999	65382270.79346253
1.29	66831313.99024703
1.29001	68125546.62721322
1.2900200000000002	69496030.64313471
1.29003	69632181.28206028
1.29004	72014508.33928496
1.29005	72420246.71496743
1.29006	72466952.82816629
1.29007	73051645.00661898
1.29008	69226121.45596167
1.29009	71901839.28583226
1.2901	72232059.87281492
1.29011	71003539.71631928
1.2901200000000002	69492830.30634198
1.29013	67569390.2741646
1.29014	68771738.00397749
1.29015	70051913.05870277
1.29016	70137454.50429215
1.29017	68828768.6382809
1.29018	69398486.64344543
1.29019	69783058.48598662
1.2902	69068496.13738728
1.29021	68768571.02132541
1.29022	69181504.11055312
1.29023	68923924.81268342
1.29024	67784438.05131443
1.29025	66485968.57678199
1.29026	63283428.52100179
1.29027	60763110.84218336
1.29028	63123344.3136538
1.29029	64852989.44548962
1.2903	64930687.30565137
1.29031	64459955.29803085
1.29032	63722088.29131621
1.29033	62817406.20948202
1.29034	63833697.32201554
1.29035	64847016.53948695
1.29036	65764269.43984349
1.29037	66209453.01483043
1.29038	67184640.86675768
1.29039	66090646.4743812
1.2904	67567834.44936866
1.29041	67176906.39437136
1.29042	65687086.57584523
1.29043	63846927.11958087
1.29044	66172874.42691217
1.29045	68248011.16558221
1.29046	66610086.86304513
1.29047	70370396.81528391
1.2904799999999998	71489128.04568526
1.29049	71589610.57522087
1.2905	72173871.16074033
1.29051	72729399.20260662
1.29052	72694239.92141186
1.29053	70732661.52489552
1.29054	71807531.92844377
1.29055	69927821.71971981
1.29056	66304041.31373107
1.29057	59156163.41754742
1.2905799999999998	62716238.06709115
1.29059	69384106.50064053
1.2906	70423888.29835358
1.29061	70805990.09592849
1.29062	71181969.48013997
1.29063	73063420.48960191
1.29064	73041553.24602027
1.29065	72062612.06280129
1.29066	71334562.16702245
1.29067	70181072.37490283
1.2906799999999998	69616149.72557102
1.29069	65662891.01608955
1.2907	62600816.82673001
1.29071	63328616.44521982
1.29072	67971992.37176946
1.29073	69371326.65299852
1.29074	69133731.72242813
1.29075	71444697.2122476
1.29076	73127377.66851006
1.29077	72779656.24790448
1.2907799999999998	72318598.31206313
1.29079	68681536.12682682
1.2908	71365777.23558056
1.29081	72228733.54012129
1.29082	70524497.43334521
1.29083	69998704.11480713
1.29084	71262327.04948927
1.29085	70444971.8631318
1.29086	69852185.71716747
1.29087	67502522.14664225
1.29088	68482562.10143447
1.29089	70633381.80129178
1.2909	70114848.50413634
1.29091	69783058.48598662
1.29092	68881088.26526818
1.29093	70399568.94908997
1.29094	72350243.98192862
1.29095	73329715.49146129
1.29096	72772953.30252923
1.2909700000000002	71825721.95675541
1.29098	68384865.95916067
1.29099	63717686.67742641
1.291	66267410.46882759
1.29101	67539835.72811271
1.29102	68698934.28901234
1.29103	66815927.28304126
1.29104	66378892.17325236
1.29105	68844618.87270007
1.29106	67759469.94103779
1.2910700000000002	64267291.90558183
1.29108	65935605.68879088
1.29109	68439999.8630453
1.2911	69779844.93137787
1.29111	69568077.19856812
1.29112	70735918.95934062
1.29113	69368132.05890481
1.29114	69360146.21727526
1.29115	70195617.69217865
1.29116	67776634.52870023
1.2911700000000002	63826348.61905482
1.29118	66043487.71279688
1.29119	68246439.71514297
1.2912	69868271.62920997
1.29121	71172136.00691877
1.29122	70807620.48287177
1.29123	69393692.93139154
1.29124	66412526.16197019
1.29125	65009975.14537937
1.29126	65347653.86506298
1.29127	65507345.31412727
1.29128	64194822.15080346
1.29129	68092612.96796848
1.2913	69323423.18538532
1.29131	71762903.20547706
1.29132	71403582.17354855
1.29133	71147558.26667762
1.29134	69636991.46887481
1.29135	66954535.27627384
1.29136	63616533.43112222
1.29137	63212068.20052691
1.29138	64687445.31552569
1.29139	66447707.19031635
1.2914	68550401.05840987
1.29141	69844144.15000892
1.29142	69897235.60640818
1.29143	70169761.43410705
1.29144	69733265.01605831
1.29145	67452802.76979229
1.29146	67690855.04909079
1.29147	67771952.84635201
1.29148	65507345.31412727
1.29149	65655331.73154449
1.2915	68982670.0179845
1.29151	70355815.28181848
1.29152	71615990.02141574
1.2915299999999998	71219677.04873793
1.29154	70887555.44835484
1.29155	70308850.89086448
1.29156	68028359.79758012
1.29157	69795914.184421
1.29158	69963253.94056262
1.29159	70709863.68358871
1.2916	69537648.43588483
1.29161	67628538.1699724
1.29162	68237011.77233298
1.2916299999999998	66594751.08940373
1.29164	70943073.55117041
1.29165	70325041.9660563
1.29166	68906469.67113334
1.29167	62774028.46641288
1.29168	66397235.87312448
1.29169	66043487.71279688
1.2917	64028009.39593051
1.29171	62593610.05621132
1.29172	64581778.38650516
1.2917299999999998	63359245.95088163
1.29174	67929747.45489809
1.29175	70858181.10297751
1.29176	72413576.8709091
1.29177	71885285.1814373
1.29178	73086977.15028375
1.29179	73085294.27981788
1.2918	69897235.60640818
1.29181	74216419.7738885
1.29182	72275316.14040174
1.29183	73370250.18892391
1.29184	71860461.17072925
1.29185	70436862.05287457
1.29186	70846761.0339442
1.29187	69892407.44318639
1.29188	65756698.48434792
1.29189	63483373.92967731
1.2919	64657662.50434034
1.29191	63017330.22118104
1.2919200000000002	65846091.32409224
1.29193	69200622.30771697
1.29194	71078785.73753521
1.29195	70573230.86028089
1.29196	70734290.22336662
1.29197	70543986.76454937
1.29198	70604112.78024715
1.29199	67398464.13226862
1.2919999999999998	71203279.9999201
1.29201	73312832.64426914
1.2920200000000002	74595048.38726094
1.29203	74598483.69528995
1.29204	72515358.77223624
1.29205	69536047.29079193
1.29206	63322783.93269356
1.29207	66246051.82241006
1.29208	67136701.4891032
1.29209	64894815.19455462
1.2921	68765404.1845152
1.29211	71888595.69738533
1.2921200000000002	73532613.16758765
1.29213	73697032.36095135
1.29214	71383855.36016631
1.29215	65162839.40608426
1.29216	67736070.69036831
1.29217	71410158.98937348
1.29218	74813504.68257067
1.29219	75143254.38017443
1.2922	74016747.99745017
1.29221	73807415.84201029
1.29222	71592907.47453655
1.29223	72826594.15570626
1.29224	75141524.16272071
1.29225	76343136.73910375
1.29226	76760889.73548208
1.29227	75358110.39759971
1.29228	73161061.82592072
1.29229	75450131.32063879
1.2923	76164044.83236854
1.29231	74366955.10256824
1.29232	68610407.69696224
1.29233	66322364.32868852
1.29234	72483640.8819074
1.29235	73924773.0652209
1.29236	74151510.11913623
1.29237	72508680.1684374
1.29238	68533040.51260461
1.29239	68615147.29972015
1.2924	65917389.52443225
1.29241	69518437.12782468
1.29242	72677503.3810323
1.29243	72620627.96102172
1.29244	73361803.61293954
1.29245	71680330.65160507
1.29246	64611526.24371497
1.29247	69468832.47758879
1.29248	68755904.54906662
1.29249	66319310.14126573
1.2925	68237011.77233298
1.29251	69186283.16461627
1.29252	69976142.8352838
1.29253	71891906.36579204
1.29254	70375257.99798192
1.29255	70119692.03357299
1.29256	71222956.91159286
1.29257	71439762.15785696
1.2925799999999998	68569344.85126267
1.29259	66971495.96075303
1.2926	68770154.49442098
1.29261	71862115.83804585
1.29262	72483640.8819074
1.29263	72202128.3924497
1.29264	71723256.51539515
1.29265	71794305.71045414
1.29266	67868773.36730504
1.29267	66464539.48690941
1.2926799999999998	69646612.83938879
1.29269	66207928.50338687
1.2927	66534975.3013536
1.29271	66153069.46358205
1.29272	67617638.61592655
1.29273	65183848.80978682
1.29274	64168221.13648766
1.29275	61984057.22655498
1.29276	65276971.90768216
1.29277	67296116.06025517
1.2927799999999998	67245000.32183352
1.29279	71147558.26667762
1.2928	72803121.41905695
1.29281	73225104.47666107
1.29282	73556321.10249998
1.29283	72315267.99421886
1.29284	67223326.58846956
1.29285	66469130.85322291
1.29286	67555389.14058983
1.29287	67223326.58846956
1.29288	64662129.05170265
1.29289	67025490.36389384
1.2929	70069658.35989334
1.29291	71505590.92102598
1.29292	72749497.85486117
1.29293	73510605.49873595
1.29294	73756449.09068827
1.29295	73130745.3862484
1.29296	71479252.13987122
1.2929700000000002	71556649.93124716
1.29298	68811337.59524927
1.29299	68204024.22794105
1.2930000000000001	68838278.34097083
1.29301	73476760.40757445
1.29302	73924773.0652209
1.29303	73824412.58430445
1.29304	72726049.96711752
1.29305	70106776.6985476
1.29306	68134959.16948052
1.2930700000000002	64654684.97750446
1.29308	66404880.57745745
1.29309	68031492.69146068
1.2931	67044012.75013357
1.29311	66169827.12359526
1.29312	67729832.25499834
1.29313	68892191.47974938
1.29314	66854400.69505101
1.29315	69195842.26317538
1.29316	65594888.77557882
1.2931700000000002	67946955.17665404
1.29318	69489630.11692707
1.29319	65385281.82763528
1.2932	66392649.47296873
1.29321	68630948.34034492
1.29322	70375257.99798192
1.29323	68728996.04138814
1.29324	69937483.27269344
1.29325	71350989.44815658
1.29326	71042788.56628285
1.29327	67700207.53234886
1.29328	65776384.78179064
1.29329	68047159.32517184
1.2933	68778072.40683296
1.29331	67715797.87605025
1.29332	70158452.31627288
1.29333	71525351.37583427
1.29334	70116462.97677314
1.29335	69810379.67607017
1.29336	71160665.33841199
1.29337	73530920.0360914
1.29338	75049879.62491818
1.29339	76332590.27352785
1.2934	75557921.05833428
1.29341	74784225.45515904
1.29342	76677862.88423504
1.29343	75718150.97147068
1.29344	74442337.22892888
1.29345	72488648.04737629
1.29346	70153606.10946323
1.29347	69911722.09734076
1.29348	73182964.84808438
1.29349	75172674.17318664
1.2935	76499747.20132338
1.29351	76626678.35719112
1.29352	76952015.64102761
1.2935299999999998	78074641.72815542
1.29354	76725548.1777152
1.29355	76013372.25720972
1.29356	73473376.75562271
1.29357	76736148.93618184
1.29358	76713182.47705553
1.29359	75351169.97875746
1.2936	73987780.59101625
1.29361	72552102.09046529
1.29362	70453082.6071192
1.2936299999999998	68589873.2012147
1.29364	66013080.56477954
1.29365	67552278.1715832
1.29366	68083206.27564102
1.29367	71047696.19776183
1.29368	71275455.26436199
1.29369	73018011.22591518
1.2937	75228083.85762618
1.29371	76178076.06019305
1.29372	75692003.36440775
1.2937299999999998	73661405.30074756
1.29374	69783058.48598662
1.29375	70814142.40606865
1.29376	69795914.184421
1.29377	70270007.51780161
1.29378	69181504.11055312
1.29379	69156021.39691836
1.2938	68544087.62389486
1.29381	69654631.66360563
1.29382	69783058.48598662
1.29383	63796962.26625792
1.29384	63969064.56920578
1.29385	68646753.01971267
1.29386	68981081.65159479
1.29387	72122371.73435771
1.29388	73732676.65253207
1.29389	73695335.44360684
1.2939	68439999.8630453
1.29391	70189152.73458982
1.2939200000000002	70820664.9299845
1.29393	72200465.89614484
1.29394	71639080.01042837
1.29395	68410064.51629235
1.29396	66247577.21168558
1.29397	68850959.98844077
1.29398	73181279.76744552
1.29399	73024736.74299873
1.294	68849374.65475136
1.29401	67976687.87283556
1.2940200000000002	71332919.64693789
1.29403	72525377.83135994
1.29404	72923918.999318
1.29405	70965946.58257483
1.29406	76969736.53755197
1.29407	76944928.4248473
1.29408	76928984.57488202
1.29409	76113203.29263519
1.2941	73363492.85034141
1.29411	67625423.83240604
1.2941200000000002	68760654.20273787
1.29413	73368560.79593036
1.29414	75835053.93867587
1.29415	76861702.51190442
1.29416	77852040.5178131
1.29417	78279852.74139136
1.29418	76854623.61348765
1.29419	75389350.19415343
1.2942	78258226.20670483
1.29421	77676562.84888653
1.29422	76596689.52093808
1.29423	75901437.30917461
1.29424	75521394.39618516
1.29425	76155276.62740403
1.29426	75189985.31402403
1.29427	73431094.25116111
1.29428	73844813.84174255
1.29429	71926677.59050329
1.2943	68474678.20894529
1.29431	65382270.79346253
1.29432	69189469.38406609
1.29433	72095805.76460649
1.29434	71311570.32714374
1.29435	73911156.87291995
1.29436	75425812.99183083
1.29437	76348410.51830956
1.29438	76072904.82522705
1.29439	75901437.30917461
1.2944	76780334.53075658
1.29441	77957876.35115276
1.29442	78184380.61724101
1.29443	78624880.7932045
1.29444	77974033.44319062
1.29445	77647951.01639375
1.29446	74165170.59021942
1.29447	74980787.9540707
1.29448	72089165.8012879
1.29449	73651229.30446997
1.2945	72793063.99088939
1.29451	73586813.96510439
1.29452	73208245.71427226
1.29453	72875240.33035451
1.29454	72288630.9719481
1.29455	71383855.36016631
1.29456	68075368.35804383
1.29457	64650218.94434282
1.2945799999999998	65893109.13356192
1.29459	61949813.03356514
1.2946	61703528.5342773
1.29461	65786987.53686354
1.29462	65531483.55817131
1.29463	67280622.34073836
1.29464	70781538.79616778
1.29465	71731514.4358138
1.29466	72110747.91829003
1.29467	67739190.12352811
1.2946799999999998	70384981.37083209
1.29469	68260584.0718051
1.2947	68529884.52212512
1.29471	70542362.44792691
1.29472	68963612.03494456
1.29473	67510294.10908575
1.29474	66163732.93794552
1.29475	62784147.25982168
1.29476	65077371.00575743
1.29477	68596190.85293144
1.2947799999999998	70752208.38191119
1.29479	71090243.20754626
1.2948	68623047.36524203
1.29481	69203809.18752421
1.29482	71423314.43840417
1.29483	70970848.90581428
1.29484	68466795.22407052
1.29485	64793285.13386837
1.29486	62937574.21337188
1.29487	65996362.60119075
1.29488	67561611.50841556
1.29489	67122790.01348527
1.2949	65179346.22454511
1.29491	65885523.34570227
1.29492	68588293.87920181
1.29493	67011601.93246517
1.29494	65465124.77957749
1.29495	65030935.26352295
1.29496	67164533.09056911
1.2949700000000002	67700207.53234886
1.29498	66528847.48586255
1.29499	65419918.68887696
1.295	65230393.74088641
1.29501	63914588.91858141
1.29502	64476284.064392105
1.29503	66527315.62017418
1.29504	68805000.1286978
1.29505	71573128.35586669
1.29506	73157692.71209091
1.2950700000000002	72962549.33925071
1.29508	71054240.23376751
1.29509	71254123.14315535
1.2951	70323422.6907658
1.29511	70630129.08874889
1.29512	73385456.4764811
1.29513	74432053.35037102
1.29514	75143254.38017443
1.29515	73817613.41774578
1.29516	72848397.04464893
1.2951700000000002	74230092.20287332
1.29518	71337847.32065442
1.29519	68847789.35756549
1.2952	67745429.42082961
1.29521	64944144.45892416
1.29522	65730963.75454278
1.29523	69528042.11831969
1.29524	71520410.75024411
1.29525	69689925.45985344
1.29526	70168145.73424204
1.29527	72222081.33426593
1.29528	70825557.21717629
1.29529	69060544.79063231
1.2953	70706607.44900607
1.29531	72642369.18762632
1.29532	74557270.43841852
1.29533	75976625.41811775
1.29534	76801552.65246063
1.29535	70469306.89671479
1.29536	71981352.06770842
1.29537	76258805.79775675
1.29538	75987122.70193388
1.29539	71662177.44397388
1.2954	76139496.40212515
1.29541	76670800.91729398
1.29542	75384142.66219965
1.29543	75491838.12702826
1.29544	76230716.19006123
1.29545	74789391.54486893
1.29546	72252021.08614752
1.29547	69379313.78189741
1.29548	71556649.93124716
1.29549	72403573.25659229
1.2955	68827183.81556034
1.29551	68531462.49919738
1.29552	72129014.75619659
1.2955299999999998	74646594.6225787
1.29554	75779197.18687859
1.29555	75969628.03455992
1.29556	74830733.11205442
1.29557	73176224.75832489
1.29558	69144875.66150562
1.29559	60243472.89871883
1.2956	61719159.05242524
1.29561	69057364.50824244
1.29562	67336416.43115671
1.2956299999999998	70871234.86455822
1.29564	69661047.38771722
1.29565	72391904.1198468
1.29566	71787693.51503798
1.29567	67821907.4683259
1.29568	68711590.26599509
1.29569	68034625.7296194
1.2957	69392095.10095845
1.29571	64285052.06812289
1.29572	67166079.62890086
1.2957299999999998	71997928.29486828
1.29574	74365242.75986016
1.29575	74982514.47039385
1.29576	76905960.40173368
1.29577	76607272.47569391
1.29578	75643218.65442044
1.29579	76727314.8690897
1.2958	77385572.52493472
1.29581	73897543.18858328
1.29582	75561400.70930919
1.29583	76158783.78825295
1.29584	74610508.51930626
1.29585	72779656.24790448
1.29586	69918161.50144686
1.29587	66128702.26100566
1.29588	66154592.71183499
1.29589	67466782.64191777
1.2959	68331349.83941418
1.29591	66124134.40985429
1.2959200000000002	65419918.68887696
1.29593	68469948.30911328
1.29594	68147511.24883771
1.29595	66839008.67254698
1.29596	71401938.0642382
1.29597	74421770.89248537
1.29598	75773962.72617838
1.29599	77362411.69900067
1.296	78067451.11905289
1.29601	76674331.81946076
1.2960200000000002	76996325.5342391
1.29603	78362809.83738533
1.29604	77732028.27984603
1.29605	71413447.62444822
1.29606	73537692.79599774
1.29607	76109698.23079704
1.29608	76429320.76786354
1.29609	74794557.99145229
1.2961	73466609.91916981
1.29611	72080866.70710434
1.2961200000000002	69924601.49867131
1.29613	72140641.51676828
1.29614	71454568.34379189
1.29615	64556503.47679376
1.29616	64972563.16452982
1.29617	66903678.99047779
1.29618	64211083.75458015
1.29619	65246917.6719708
1.2962	68938209.58093175
1.29621	72764575.48893183
1.29622	73843113.52164257
1.29623	74083245.49625312
1.29624	74773894.34625952
1.29625	76300959.61768028
1.29626	76251782.42562264
1.29627	74748072.81756629
1.29628	69641801.98797648
1.29629	73768338.18382327
1.2963	71244279.70222607
1.29631	74276255.24913736
1.29632	76272854.48280397
1.29633	77138288.72013506
1.29634	75819340.06712046
1.29635	76913044.02866079
1.29636	76996325.5342391
1.29637	74918659.83552098
1.29638	75049879.62491818
1.29639	71832337.65488179
1.2964	70773390.23944086
1.29641	71013349.89549309
1.29642	72182180.96307372
1.29643	67867210.64903799
1.29644	69713999.6646063
1.29645	69829671.66198303
1.29646	74533239.88756578
1.29647	73012967.49459662
1.29648	72021141.42608051
1.29649	72185505.15189259
1.2965	71492420.3175029
1.29651	68843033.68501857
1.29652	67776634.52870023
1.29653	70299138.03510231
1.29654	73476760.40757445
1.29655	75165750.83286504
1.29656	69141691.49562533
1.29657	73797219.67502464
1.2965799999999998	74062778.36681549
1.29659	75697232.16336027
1.2966	74023565.5058261
1.29661	76485656.72494207
1.29662	76953787.5470682
1.29663	76844006.48827004
1.29664	73658013.14577974
1.29665	76805089.57610568
1.29666	76637265.45534368
1.29667	74074716.83837555
1.2966799999999998	75763494.88946703
1.29669	76661974.37323748
1.2967	75542264.61181201
1.29671	74486917.12412547
1.29672	74517795.76644537
1.29673	75022235.32005127
1.29674	75580541.65429476
1.29675	73994595.43127227
1.29676	69214964.42266463
1.29677	69111449.23212199
1.2967799999999998	66395707.03787033
1.29679	69318634.65835233
1.2968	69664255.47137092
1.29681	63932251.61222071
1.29682	64403578.6436933
1.29683	68460489.48958282
1.29684	71895217.18666391
1.29685	68328203.13691987
1.29686	70815772.98072797
1.29687	70184304.40714364
1.29688	67039381.67375731
1.29689	67781316.5344588
1.2969	69028748.55635776
1.29691	71181969.48013997
1.29692	70386602.0635799
1.29693	69157613.79149123
1.29694	65823352.81687193
1.29695	68736909.21498533
1.29696	72401906.12190142
1.2969700000000002	74090069.12955707
1.29698	75162289.40182044
1.29699	74600201.40863091
1.297	74057662.46803191
1.29701	71424959.03992939
1.29702	68249582.65220585
1.29703	69900454.56718206
1.29704	68782823.59185848
1.29705	66919085.90558733
1.29706	66734436.85758196
1.2970700000000002	69232497.71100703
1.29708	72920560.80606776
1.29709	74794557.99145229
1.2971	76114955.88408531
1.29711	75693746.25725977
1.29712	75796648.00088081
1.29713	76616092.72159919
1.29714	76285149.20525633
1.29715	75766984.00768471
1.29716	73649533.44176771
1.2971700000000002	68207165.21165386
1.29718	73977559.50744058
1.29719	74589895.72183712
1.2972	74049136.75533977
1.29721	73405736.42910594
1.29722	70863075.98178424
1.29723	69892407.44318639
1.29724	69280338.34782918
1.29725	69140099.46767266
1.29726	72119050.45287322
1.29727	69078038.96194308
1.29728	61267477.50562615
1.29729	66249102.6360849
1.2973	66045008.43780772
1.29731	67254291.20372923
1.29732	71398649.95918638
1.29733	73311144.57334821
1.29734	75484885.39197384
1.29735	76552609.6105076
1.29736	76927213.23994441
1.29737	77111650.6995672
1.29738	76320287.90509526
1.29739	70383360.71540195
1.2974	73507220.28819576
1.29741	75267934.79394154
1.29742	71127902.18554267
1.29743	66584018.1487208
1.29744	65487739.53784728
1.29745	66394178.23781876
1.29746	69931042.0890687
1.29747	72306942.87055674
1.29748	73417568.98948309
1.29749	75042967.5938719
1.2975	74546970.68234748
1.29751	69368132.05890481
1.29752	68714754.62452571
1.29753	75186522.76696603
1.29754	75889204.42878868
1.29755	74723980.76920635
1.29756	74437195.11205381
1.29757	75934650.78238156
1.29758	75264468.65726028
1.29759	74365242.75986016
1.2976	70983923.42348318
1.29761	68779656.09870826
1.29762	70289426.52112806
1.2976299999999998	73525840.87551111
1.29764	74238638.75003055
1.29765	75326883.54617561
1.29766	74901411.16249166
1.29767	74044021.79885308
1.29768	72841687.76830387
1.29769	69171946.99274614
1.2977	71005174.65206334
1.29771	72207116.1110531
1.29772	69820025.00270501
1.2977299999999998	70232802.75587827
1.29774	71736469.64443392
1.29775	69651424.02313444
1.29776	70560231.98801076
1.29777	67115062.66153169
1.29778	66352913.93994356
1.29779	68973140.36822511
1.2978	72528717.82534258
1.29781	73727583.55557953
1.29782	73866921.56617792
1.2978299999999998	74416630.19623311
1.29784	74767007.73322624
1.29785	73375318.60130939
1.29786	73297641.40518245
1.29787	72885309.11238751
1.29788	72340249.11676939
1.29789	72335252.20198141
1.2979	74168586.10118815
1.29791	74744630.62086254
1.29792	73132429.30327673
1.29793	74296781.37256734
1.29794	74756679.00287859
1.29795	71878664.60688809
1.29796	74095187.26699084
1.29797	74226673.85950886
1.29798	72866850.7412057
1.29799	74288228.13187863
1.298	75144984.63746837
1.29801	71286944.43631002
1.2980200000000002	71512177.13263643
1.29803	74361818.19272584
1.29804	75207300.44135784
1.29805	76387096.03254344
1.29806	77617562.49194884
1.29807	76431080.63827133
1.29808	73785325.92711811
1.29809	71568184.43007366
1.2981	70659408.89488593
1.29811	72754523.38571347
1.2981200000000002	76155276.62740403
1.29813	77269837.69285055
1.29814	77947106.81646504
1.29815	77719500.36683424
1.29816	76431080.63827133
1.29817	75003235.76742171
1.29818	69528042.11831969
1.29819	66223175.19758101
1.2982	72635678.88627432
1.29821	75013598.56319796
1.2982200000000002	74440623.15050316
1.29823	75058520.55902383
1.29824	73051645.00661898
1.29825	69701159.0539944
1.29826	66314729.12384293
1.29827	69818417.35572623
1.29828	72731073.87819117
1.29829	73110541.40595992
1.2983	68798663.24582197
1.29831	73685154.76003088
1.29832	74891063.86490698
1.29833	75700718.22999638
1.29834	75753028.49884088
1.29835	69569679.08118567
1.29836	76111450.74153921
1.29837	70415780.91529173
1.29838	76255294.03083013
1.29839	71472668.96062501
1.2984	75212495.75706185
1.29841	76891795.10500701
1.29842	72640696.55451895
1.29843	74204458.46435432
1.29844	71523704.4627167
1.29845	69773418.26611203
1.29846	66649976.4044261
1.29847	64638311.03070379
1.29848	66679141.5597121
1.29849	68952497.30975735
1.2985	72361906.40331234
1.29851	72865172.93927936
1.29852	70509883.9685078
1.29853	70542362.44792691
1.29854	74247186.28120203
1.29855	73795520.45080824
1.29856	75775707.50623617
1.29857	76727314.8690897
1.2985799999999998	77537179.67494585
1.29859	77762461.61948878
1.2986	77757090.1644667
1.29861	75831561.68579389
1.29862	76598453.2451982
1.29863	74653470.14464389
1.29864	72933994.50702223
1.29865	71459504.42099293
1.29866	70097091.75843841
1.29867	71822414.33618347
1.2986799999999998	74519511.62185669
1.29869	73868622.43448469
1.2987	75772217.98629548
1.29871	76271098.25564611
1.29872	75966129.5844548
1.29873	74139559.27095917
1.29874	72754523.38571347
1.29875	74129317.21983238
1.29876	73642750.38143155
1.29877	71052604.16825998
1.2987799999999998	69097128.56668015
1.29879	72687544.84280872
1.2988	69795914.184421
1.29881	70885923.22086215
1.29882	70336377.93713361
1.29883	72532057.97314148
1.29884	75957384.16401368
1.29885	75589243.68664104
1.29886	75408447.55591509
1.29887	72396904.94814551
1.29888	66759027.26214325
1.29889	68695770.65901834
1.2989	73448004.33222988
1.29891	76741449.86464646
1.29892	76580817.8299695
1.29893	76895336.18456626
1.29894	76930755.95060693
1.29895	75058520.55902383
1.29896	75292202.22062759
1.2989700000000002	73965636.69453008
1.29898	70129380.09624127
1.29899	70498520.03381576
1.2990000000000002	72135658.38990858
1.29901	72675829.93893984
1.29902	73181279.76744552
1.29903	73245340.1162692
1.29904	70003539.62099619
1.29905	69175132.55197565
1.29906	69039875.57278435
1.2990700000000002	69585699.93618162
1.29908	69496030.64313471
1.29909	69401682.6354516
1.2991	66825158.88221097
1.29911	67661247.37489511
1.29912	68189891.59111129
1.29913	66903678.99047779
1.29914	66697568.233018
1.29915	68354954.7277282
1.29916	69648216.53037685
1.2991700000000002	69427255.87070495
1.29918	65987245.49654929
1.29919	65273965.86125097
1.2992	60269834.65211837
1.29921	61650982.19980515
1.29922	68989023.84929112
1.29923	72421914.27197123
1.29924	74139559.27095917
1.29925	74889339.4542876
1.29926	74631127.01308908
1.29927	74300202.94457644
1.29928	75925908.98586284
1.29929	76573764.80079697
1.2993	75596206.03389226
1.29931	70279716.34875637
1.29932	67268229.93351229
1.29933	69111449.23212199
1.29934	73727583.55557953
1.29935	76831621.69592555
1.29936	77173820.3957192
1.29937	77464014.47537519
1.29938	76125472.28028177
1.29939	73856717.17874053
1.2994	72247030.26572548
1.29941	73680064.94566101
1.29942	72346912.20678096
1.29943	69347370.78287408
1.29944	65526956.96000156
1.29945	66971495.96075303
1.29946	65302528.89237532
1.29947	62215701.17287581
1.29948	67415537.27122526
1.29949	71680330.65160507
1.2995	73307768.54811157
1.29951	74915209.78317562
1.29952	74380655.26373951
1.29953	71080422.4059026
1.29954	70365535.96837257
1.29955	70406053.28762087
1.29956	70841867.28209493
1.29957	75226351.68692403
1.29958	77236040.21492085
1.29959	77447963.06497344
1.2996	76994552.64873643
1.29961	75231548.31868722
1.29962	76424041.39976841
1.2996299999999998	75885709.6822422
1.29964	76113203.29263519
1.29965	75422339.58475699
1.29966	74941089.04890195
1.29967	74765286.17907165
1.29968	73471684.98807956
1.29969	70682190.4688684
1.2997	67390705.04398616
1.29971	63876336.48734205
1.29972	66739046.86838901
1.2997299999999998	66808235.25793151
1.29974	62227162.78418231
1.29975	63945501.8355697
1.29976	70505013.48649807
1.29977	71992955.02594852
1.29978	69262792.94373639
1.29979	69807164.8633028
1.2998	73063420.48960191
1.29981	75451868.64411677
1.29982	75448394.03716344
1.2998299999999998	75129413.75599208
1.29984	75871732.30533476
1.29985	74248895.90552795
1.29986	74202749.86322622
1.29987	72578836.19696574
1.29988	69686716.19408001
1.29989	73263894.36503185
1.2999	76730848.37387975
1.29991	76996325.5342391
1.29992	78101612.41148686
1.29993	71898528.16000819
1.29994	78234804.203146
1.29995	77737398.00359465
1.29996	75326883.54617561
1.29997	78673776.9201235
1.29998	73834612.50838888
1.29999	76490940.34941977
1.3	75368522.22450514
1.30001	72848397.04464893
1.3000200000000002	73503835.23354699
1.30003	76036129.20654495
1.30004	76556135.06963791
1.30005	76213165.43967088
1.30006	75158828.13017726
1.30007	74509217.08199891
1.30008	72335252.20198141
1.30009	70925107.05558532
1.3001	70791318.30266228
1.30011	69030338.02033143
1.3001200000000002	65924978.981232494
1.30013	66874415.62353395
1.30014	68240154.27521305
1.30015	69159206.22273047
1.30016	69725237.13936333
1.30017	67885965.64332223
1.30018	65412387.37594462
1.30019	68054993.99489714
1.3002	71589610.57522087
1.30021	73301016.96403585
1.3002200000000002	72949110.37878649
1.30023	71523704.4627167
1.30024	73688548.16494471
1.30025	74274544.99484621
1.30026	75777452.32646915
1.30027	76390613.8693163
1.30028	76540271.78200532
1.30029	77348162.32858181
1.3003	70959410.67834046
1.30031	72125693.16879669
1.30032	68627787.84114718
1.30033	73468301.56985384
1.30034	74994601.19784681
1.30035	73972449.49516423
1.30036	72405240.4296708
1.30037	69656235.53923607
1.30038	66148499.92926181
1.30039	70579731.19440152
1.3004	74789391.54486893
1.30041	71568184.43007366
1.30042	75413656.76684944
1.30043	69063725.21948269
1.30044	69328212.04320921
1.30045	72016166.55370983
1.30046	72233723.09660634
1.30047	76609036.44363837
1.30048	72846719.66762975
1.30049	78168179.9389155
1.3005	77909425.15984607
1.30051	77983011.05232576
1.30052	76709649.78579135
1.30053	73405736.42910594
1.30054	74254025.01470569
1.30055	71978037.28027003
1.30056	67033207.40286189
1.30057	73554627.42511463
1.3005799999999998	76274610.75040093
1.30059	76499747.20132338
1.3006	70534241.42580964
1.30061	76164044.83236854
1.30062	75836800.12542671
1.30063	72912165.99950673
1.30064	73564790.07442711
1.30065	77081472.06314991
1.30066	76691988.7695605
1.30067	75259269.75151922
1.3006799999999998	78022524.81382498
1.30069	77378445.37852858
1.3007	76959103.50999472
1.30071	74044021.79885308
1.30072	71480898.02942444
1.30073	72119050.45287322
1.30074	77104548.78113173
1.30075	78231201.44022521
1.30076	77599692.44515815
1.30077	77780369.14958216
1.3007799999999998	78802500.78944534
1.30079	74149802.73717509
1.3008	72119050.45287322
1.30081	74170293.9156572
1.30082	77063725.44153182
1.30083	76556135.06963791
1.30084	75319946.00329994
1.30085	71956494.8824027
1.30086	72137319.39394827
1.30087	72886987.37797172
1.30088	74522943.45120871
1.30089	74730863.41912758
1.3009	72697587.6919605
1.30091	73252086.57208157
1.30092	70532617.3335793
1.30093	72243703.24363564
1.30094	75700718.22999638
1.30095	73671582.70298779
1.30096	74509217.08199891
1.3009700000000002	73866921.56617792
1.30098	75557921.05833428
1.30099	76529698.08309834
1.301	74641438.39658974
1.30101	72512019.39344656
1.30102	68315617.77595203
1.30103	65445531.63953472
1.30104	67687737.84179245
1.30105	69964864.92256542
1.30106	67153708.31927909
1.3010700000000002	71920053.20374788
1.30108	73258833.6492941
1.30109	71050968.14042382
1.3011	66209453.01483043
1.30111	67485426.9785673
1.30112	70604112.78024715
1.30113	72426917.17336941
1.30114	71049332.15025786
1.30115	68375418.89337905
1.30116	60280937.78854988
1.3011700000000002	65780928.61041904
1.30118	69273957.68670125
1.30119	70711491.85711406
1.3012	71996270.50039029
1.30121	72654078.69782463
1.30122	71779429.12713614
1.30123	73107174.61862816
1.30124	72465284.23412368
1.30125	72240376.37475702
1.30126	73343224.5684363
1.30127	71114801.14844826
1.30128	70519625.94190797
1.30129	74156632.50090979
1.3013	70524497.43334521
1.30131	73831212.37711835
1.30132	71469377.59837003
1.30133	67729832.25499834
1.30134	59702153.9496598
1.30135	62517269.27756848
1.30136	65299521.66902833
1.30137	67675270.44802639
1.30138	67625423.83240604
1.30139	65776384.78179064
1.3014	68566187.18894511
1.30141	71683631.72883114
1.30142	73911156.87291995
1.30143	75276600.83402117
1.30144	75644960.42395006
1.30145	74636282.52676797
1.30146	70176224.60560885
1.30147	74044021.79885308
1.30148	76200882.31869571
1.30149	76134237.05369647
1.3015	77305429.96292673
1.30151	76135990.12947242
1.30152	75077534.11619997
1.30153	71620937.24961638
1.30154	70389843.56103061
1.30155	69601724.4805405
1.30156	71021526.08018671
1.30157	67581838.1622851
1.30158	65985726.10156402
1.30159	69638594.93832009
1.3016	72813180.23680557
1.30161	73420950.07133304
1.30162	69918161.50144686
1.3016299999999998	71047696.19776183
1.30164	70063205.0030535
1.30165	69667463.70276605
1.30166	75191716.64734988
1.30167	73409116.96603408
1.30168	72710980.31596597
1.30169	73736072.24596031
1.3017	71039517.00029549
1.30171	74610508.51930626
1.30172	77172043.42329338
1.3017299999999998	77902249.76705109
1.30174	79680123.766075
1.30175	79230062.77065094
1.30176	77244932.85455452
1.30177	71543469.92317334
1.30178	78996891.08327818
1.30179	78695518.29157996
1.3018	76505031.79917033
1.30181	79102461.85944347
1.30182	79005986.46003014
1.3018299999999998	78771660.41709502
1.30184	79067862.79998243
1.30185	78287062.9143072
1.30186	76923670.6924263
1.30187	74389219.1461076
1.30188	72460278.68251407
1.30189	69865054.15048131
1.3019	70943073.55117041
1.30191	73019692.54711396
1.30192	73317897.09025384
1.30193	69238874.5533542
1.30194	66577885.8164246
1.30195	71373993.99730693
1.30196	73213302.93539828
1.30197	73311144.57334821
1.30198	73897543.18858328
1.30199	75231548.31868722
1.3019999999999998	76706117.25720955
1.30201	75361580.84674206
1.3020200000000002	76697286.6474432
1.30203	78184380.61724101
1.30204	75158828.13017726
1.30205	76346652.55142972
1.30206	78398905.55564927
1.30207	78630312.19515002
1.30208	76192109.872903
1.30209	77913013.10408032
1.3021	77567536.728225
1.30211	76679628.47760244
1.3021200000000002	77323232.24547558
1.30213	77216480.01113988
1.30214	74571005.66019902
1.30215	78438630.04966532
1.30216	78020728.29948272
1.30217	79474901.80577429
1.30218	79160768.18548888
1.30219	78233002.80094644
1.3022	76402927.57386895
1.30221	75831561.68579389
1.3022200000000002	74665503.83214329
1.30223	72238712.99776995
1.30224	69861836.81991932
1.30225	67331765.15694708
1.30226	69779844.93137787
1.30227	70148760.23740612
1.30228	68950909.63811192
1.30229	71346060.86664541
1.3023	72833302.04181418
1.30231	68865229.63442747
1.30232	74291649.30998707
1.30233	75683289.50209734
1.30234	74801447.14207532
1.30235	69309058.5965687
1.30236	71337847.32065442
1.30237	76206146.2709752
1.30238	76146509.43185833
1.30239	76695520.64748609
1.3024	75655411.88338853
1.30241	72982712.42217007
1.30242	70030947.13299125
1.30243	70026109.73362343
1.30244	69590506.91206734
1.30245	67079528.29892101
1.30246	71614341.02129026
1.30247	72856784.50911509
1.30248	73793821.26571777
1.30249	78425988.25508241
1.3025	78982340.65835878
1.30251	78485603.13026895
1.30252	79793956.56516965
1.30253	79626935.14948627
1.30254	78995072.13358174
1.30255	78905994.88547501
1.30256	78476567.66141322
1.30257	77546106.98653693
1.3025799999999998	73994595.43127227
1.30259	72200465.89614484
1.3026	73642750.38143155
1.30261	77159605.76190247
1.30262	77209368.43801263
1.30263	77780369.14958216
1.30264	78585061.97428034
1.30265	76663739.60075417
1.30266	75464031.02862117
1.30267	77569322.80732554
1.3026799999999998	79060580.71605116
1.30269	76943156.7227932
1.3027	75719894.46640024
1.30271	73686851.4429538
1.30272	73080245.90091084
1.30273	73568177.93621498
1.30274	73989484.24223664
1.30275	73448004.33222988
1.30276	69286719.59666477
1.30277	73144217.80819929
1.3027799999999998	73213302.93539828
1.30279	73476760.40757445
1.3028	70151990.78158404
1.30281	65468139.6294049
1.30282	64806713.80997325
1.30283	67965732.20820998
1.30284	74132731.07965465
1.30285	76637265.45534368
1.30286	76237737.62183431
1.30287	76660209.18636617
1.30288	78000969.37164988
1.30289	76185092.64340739
1.3029	76713182.47705553
1.30291	76265829.81679742
1.30292	77861004.08118515
1.30293	76821007.74832048
1.30294	73644446.08794631
1.30295	69060544.79063231
1.30296	72064271.38486779
1.3029700000000002	73708911.87646946
1.30298	75849024.55855583
1.30299	76086919.26289509
1.3030000000000002	77323232.24547558
1.30301	75337291.05863377
1.30302	76176322.01536357
1.30303	75744307.61115666
1.30304	73790423.01291014
1.30305	71303360.75179403
1.30306	68517262.01349501
1.3030700000000002	65341635.40088165
1.30308	66599351.45072674
1.30309	69931042.0890687
1.3031	72460278.68251407
1.30311	73541079.40988079
1.30312	75238477.71946032
1.30313	76213165.43967088
1.30314	76916586.086792
1.30315	76790942.85876079
1.30316	76388854.93067957
1.3031700000000002	76394131.86809558
1.30318	76469808.04121096
1.30319	71862115.83804585
1.3032	74701616.53443716
1.30321	69258008.60474747
1.30322	71663827.54558639
1.30323	71996270.50039029
1.30324	69763779.37799075
1.30325	66625426.16828549
1.30326	72148947.4931773
1.3032700000000002	74806614.42145827
1.30328	74325869.75777884
1.30329	75597946.72090352
1.3033	73051645.00661898
1.30331	77880727.55350864
1.30332	77156052.51255964
1.30333	74918659.83552098
1.30334	76186846.89019036
1.30335	75465768.67215574
1.30336	78324927.21912548
1.30337	79242834.17717889
1.30338	78204186.00615753
1.30339	77841285.60387579
1.3034	75793157.51661721
1.30341	74009931.11696106
1.30342	72381903.49952409
1.30343	72690892.30503051
1.30344	71535233.65093309
1.30345	71277096.46126473
1.30346	73612234.33992638
1.30347	72361906.40331234
1.30348	63948446.70256321
1.30349	65790017.20936025
1.3035	69071676.93241912
1.30351	72650732.93089339
1.30352	74526375.43860623
1.30353	73878828.46680757
1.30354	74146388.09119202
1.30355	73065102.85639934
1.30356	73223418.4257323
1.30357	75523133.36057527
1.30358	74798002.48744938
1.30359	72858462.11788847
1.3036	72376903.70745294
1.30361	72503671.61924641
1.30362	68336070.1648724
1.3036299999999998	72438591.95400746
1.30364	76334347.91660838
1.30365	76206146.2709752
1.30366	77887900.96394323
1.30367	76829852.60282494
1.30368	77028244.45487529
1.30369	76978598.51607682
1.3037	75415393.25046009
1.30371	75507484.12245317
1.30372	74107130.96266943
1.3037299999999998	75639735.23567666
1.30374	77005190.57411185
1.30375	76230716.19006123
1.30376	74708497.12444142
1.30377	76941385.06153359
1.30378	78621260.06700653
1.30379	79489542.97216712
1.3038	80545262.27109173
1.30381	79828873.35373662
1.30382	78572396.57956177
1.3038299999999998	79051479.054265
1.30384	80902138.21238205
1.30385	76875862.26486
1.30386	78886011.76185547
1.30387	77588972.39198731
1.30388	78579633.69800171
1.30389	78391685.08211984
1.3039	78827907.80925827
1.30391	79946600.25203145
1.30392	80485936.1878432
1.30393	81197003.06953396
1.30394	79896913.05935211
1.30395	80883511.95114805
1.30396	78281655.2223634
1.30397	76300959.61768028
1.30398	76402927.57386895
1.30399	74968703.45287016
1.304	75429286.55886436
1.30401	73068467.70621057
1.3040200000000002	72183843.03834759
1.30403	73058373.62163086
1.30404	76907731.24730098
1.30405	75939896.34340285
1.30406	74880717.99675556
1.30407	72024458.19858415
1.30408	72764575.48893183
1.30409	71787693.51503798
1.3041	73591897.33770226
1.30411	74796280.21962272
1.3041200000000002	73253773.28312613
1.30413	73513990.86517413
1.30414	73070150.18922581
1.30415	71149196.51860924
1.30416	72366905.15937093
1.30417	75603169.02242856
1.30418	74247186.28120203
1.30419	75323414.69486621
1.3042	76237737.62183431
1.30421	74835902.41451071
1.3042200000000002	72288630.9719481
1.30423	74136145.0966943
1.30424	78058463.7889554
1.30425	79399908.14369044
1.30426	77576467.5350022
1.30427	70965946.58257483
1.30428	68332923.24500407
1.30429	75547483.06682068
1.3043	76174568.01092233
1.30431	74310468.6060692
1.30432	76415243.26331593
1.30433	73459843.70593688
1.30434	66942202.93097277
1.30435	70532617.3335793
1.30436	71277096.46126473
1.30437	76891795.10500701
1.30438	76475090.57086287
1.30439	76420522.02363633
1.3044	75297403.40134163
1.30441	72640696.55451895
1.30442	68931860.42957668
1.30443	70389843.56103061
1.30444	71479252.13987122
1.30445	72617283.73451805
1.30446	74660346.29999754
1.30447	75465768.67215574
1.30448	73615624.38665372
1.30449	66871336.0137949
1.3045	63963173.07194379
1.30451	70980654.56827343
1.30452	71152473.13564137
1.30453	67003887.38077564
1.30454	67105791.0134413
1.30455	71392074.2033335
1.30456	74581308.73705404
1.30457	75500529.94641568
1.30458	76473329.68710029
1.30459	77168489.60118796
1.3046	75032600.74089406
1.30461	78017135.39489432
1.30462	78880562.69741967
1.30463	77952491.39782578
1.30464	79451115.66183569
1.30465	79429165.53995124
1.30466	79385283.48712221
1.30467	79277509.80181913
1.3046799999999998	79599437.72931452
1.30469	79599437.72931452
1.3047	78722703.45511694
1.30471	79685628.06414008
1.30472	80044224.2491064
1.30473	79239184.99383084
1.30474	78474760.69246808
1.30475	78121396.83385621
1.30476	78902361.21379276
1.30477	78585061.97428034
1.3047799999999998	78162780.45883307
1.30479	77241375.67584436
1.3048	74361818.19272584
1.30481	75120764.66047563
1.30482	77735608.05446425
1.30483	78720890.81875096
1.30484	78700954.57315955
1.30485	78308697.41797175
1.30486	76120213.90057197
1.30487	75510961.45066786
1.3048799999999998	72049338.86164191
1.30489	68248011.16558221
1.3049	69047824.53977068
1.30491	72062612.06280129
1.30492	73642750.38143155
1.30493	74033792.94580412
1.30494	72403573.25659229
1.30495	69070086.51659307
1.30496	69781451.69018354
1.30497	71290227.39701425
1.30498	73691941.72613421
1.30499	75559660.86379124
1.305	75775707.50623617
1.30501	75248873.01735842
1.30502	73088660.05949959
1.30503	73051645.00661898
1.30504	76656678.93455602
1.30505	77767833.44557065
1.30506	77712342.46595359
1.3050700000000002	77950696.49604364
1.30508	79304896.01281981
1.30509	79678289.08454546
1.3051	79215469.39787519
1.30511	79584776.32142335
1.30512	79663613.15303592
1.30513	77681928.74108627
1.30514	78835168.46223594
1.30515	78117799.29341723
1.30516	74009931.11696106
1.3051700000000002	73329715.49146129
1.30518	76635500.83740969
1.30519	76450441.88747995
1.3052	75257536.86274359
1.30521	74521227.5167775
1.30522	70438483.94023299
1.30523	75882215.09663104
1.30524	73795520.45080824
1.30525	75749540.02328303
1.30526	74030383.64214666
1.3052700000000002	72734423.34504496
1.30528	75973126.64577864
1.30529	76496224.33889024
1.3053	75074076.74759176
1.30531	75119034.96086086
1.30532	73144217.80819929
1.30533	70626876.52599521
1.30534	73552933.78672719
1.30535	72064271.38486779
1.30536	71401938.0642382
1.30537	73118959.05264841
1.30538	75094823.34770735
1.30539	76121966.65344918
1.3054	72570480.73063959
1.30541	71672078.62359814
1.30542	73361803.61293954
1.30543	74464623.84043463
1.30544	73304392.67834339
1.30545	71451277.81508192
1.30546	69672276.32688776
1.30547	66268936.34990979
1.30548	67459015.68862894
1.30549	71104976.95423433
1.3055	73068467.70621057
1.30551	74363530.45657945
1.30552	74667223.08869767
1.30553	72933994.50702223
1.30554	74581308.73705404
1.30555	75662380.32523653
1.30556	73617319.46856217
1.30557	77882520.84417747
1.30558	77410522.70741215
1.30559	79118856.17155798
1.3056	75112116.56066577
1.30561	79913472.0247609
1.30562	78817018.08358526
1.3056299999999998	78708203.53277358
1.30564	76406446.13972802
1.30565	72555443.3151742
1.30566	73914560.68585533
1.30567	73312832.64426914
1.30568	74190790.75684376
1.30569	75622320.54801449
1.3057	75280067.52942297
1.30571	72398571.96767905
1.30572	70074498.7675976
1.3057299999999998	68950909.63811192
1.30574	71815799.55198646
1.30575	74247186.28120203
1.30576	71934958.93198688
1.30577	77464014.47537519
1.30578	77880727.55350864
1.30579	78353788.50481613
1.3058	78583252.5071904
1.30581	77551463.86685403
1.30582	76778566.61857331
1.3058299999999998	77351724.42511229
1.30584	76174568.01092233
1.30585	72602236.62094697
1.30586	75549222.63193125
1.30587	76351926.57350795
1.30588	76881172.8447128
1.30589	75556181.29293734
1.3059	74459480.18410784
1.30591	71500651.66039224
1.30592	75319946.00329994
1.30593	78751711.31398673
1.30594	78947794.13936843
1.30595	77330354.30633003
1.30596	77680140.06916814
1.30597	78704578.96951
1.30598	78809759.10224226
1.30599	77513973.474316
1.306	76517363.94720069
1.30601	77988398.11394893
1.3060200000000002	76667270.17772783
1.30603	75020507.88913228
1.30604	77401611.00463954
1.30605	78938705.46186933
1.30606	77817988.38699794
1.30607	74546970.68234748
1.30608	71331277.16467361
1.30609	69699554.14397372
1.3061	73139165.35913998
1.30611	76785638.51155935
1.3061200000000002	78366418.66123666
1.30613	78008153.8572752
1.30614	78527179.68800682
1.30615	78098015.78213353
1.30616	77869968.67658496
1.30617	77294750.56081206
1.30618	79830711.5026367
1.30619	79637936.77706708
1.3062	77986602.38539393
1.30621	75833307.79213202
1.3062200000000002	73253773.28312613
1.30623	73525840.87551111
1.30624	74449193.93732679
1.30625	75424076.2682992
1.30626	76656678.93455602
1.30627	74710217.37096433
1.30628	74901411.16249166
1.30629	74643157.09901062
1.3063	71767860.58243145
1.30631	67578725.97528434
1.30632	68301462.01569071
1.30633	70537489.72246109
1.30634	68657818.46077104
1.30635	71545117.29141271
1.30636	72488648.04737629
1.30637	71242639.26094845
1.30638	74360105.96829809
1.30639	75849024.55855583
1.3064	74865201.87428363
1.30641	73238594.28179976
1.30642	73417568.98948309
1.30643	74353257.46482751
1.30644	73034826.18015118
1.30645	75055064.06600213
1.30646	70503390.06725815
1.30647	71037881.27379905
1.30648	72965909.46618918
1.30649	71703441.38492973
1.3065	71989639.70418617
