1.17794	5732842362.139451
1.17795	5728224098.252653
1.1779600000000001	5756122130.448481
1.1779700000000002	5662262510.468997
1.17798	5653143372.725499
1.1779899999999999	5673355527.601493
1.178	5725850439.97091
1.17801	5691018534.235337
1.17802	5634949133.00885
1.17803	5703087042.640862
1.17804	5697049592.730119
1.17805	5650800826.352593
1.17806	5743676880.392911
1.1780700000000002	5762222182.497712
1.17808	5698886400.577936
1.1780899999999999	5505667756.073448
1.1781	5672310553.140936
1.17811	5684077621.484271
1.17812	5717550379.122574
1.17813	5681068161.799674
1.17814	5731918411.58763
1.17815	5754399373.371565
1.17816	5756387215.77246
1.1781700000000002	5727960309.858279
1.17818	5732182382.263499
1.17819	5720052304.159287
1.1782	5641570244.32984
1.17821	5625485375.583424
1.17822	5586502532.776187
1.1782299999999999	5669568410.844329
1.17824	5735350978.747315
1.17825	5698230329.801501
1.17826	5488706396.569044
1.1782700000000002	5231424958.272156
1.17828	5565702646.759851
1.17829	5689839291.528677
1.1783	5679498641.503517
1.17831	5517343205.238236
1.17832	5615261681.64236
1.1783299999999999	5491993315.88177
1.17834	5318632707.726794
1.17835	5634040959.709784
1.17836	5582387761.714766
1.1783700000000001	3000958571.5533037
1.17838	2495399018.900923
1.17839	5096124154.846946
1.1784	5597576014.951092
1.17841	5670482310.953444
1.17842	5377618633.9638
1.1784299999999999	5483779705.728324
1.17844	5481633558.000578
1.17845	5134758233.940277
1.17846	5287495368.868734
1.1784700000000001	5474821952.672796
1.17848	5705714016.119114
1.17849	5722423558.81676
1.1785	5719130414.955094
1.17851	5703218362.584813
1.17852	5711629131.519904
1.1785299999999999	5716628893.148554
1.17854	5692066955.150762
1.17855	5675054021.701548
1.17856	5617977557.957441
1.1785700000000001	5598349402.078905
1.17858	5554180636.016068
1.17859	5538472453.264244
1.1786	5516199950.002679
1.17861	5394485126.346818
1.17862	5193259210.231854
1.1786299999999998	4708363669.969038
1.17864	2505359196.422245
1.17865	1826585475.7665982
1.17866	2903755196.410587
1.17867	4849533904.98342
1.17868	5148017327.396133
1.17869	5364385747.807896
1.1787	5504400175.164487
1.1787100000000001	5540768433.773116
1.17872	5636506342.120155
1.1787299999999998	5647028765.462569
1.17874	5608542303.871729
1.17875	5400201933.47908
1.17876	5406173756.768842
1.17877	5666827594.170531
1.17878	5712023690.51019
1.17879	5668524133.932212
1.1788	5682376426.699641
1.1788100000000001	5687219626.948177
1.17882	5711760648.154984
1.1788299999999998	5711760648.154984
1.1788399999999999	5645078687.610215
1.17885	5407916782.210602
1.17886	5642479631.3039875
1.17887	5697049592.730119
1.17888	5680152555.590494
1.17889	5677275896.652626
1.1789	5707159367.2780485
1.1789100000000001	5536814836.834653
1.17892	5303468576.942453
1.17893	5284939256.230266
1.1789399999999999	5434755365.797685
1.17895	5546767982.26392
1.17896	5673355527.601493
1.17897	5691280621.358878
1.17898	5715839166.233926
1.17899	5724532165.961863
1.179	5729015536.327071
1.1790100000000001	5758640933.977549
1.1790200000000002	5754796886.927536
1.17903	5746587184.513228
1.1790399999999999	5750690570.696207
1.17905	5706765144.291703
1.17906	5597833798.78853
1.17907	5620565328.043329
1.17908	5668002067.607817
1.17909	5676883737.872027
1.1791	5737200135.493501
1.17911	5633781508.509382
1.1791200000000002	5646638696.007586
1.17913	5734030517.410208
1.1791399999999999	5728355997.0053625
1.17915	5726641550.089664
1.17916	5746322550.486953
1.17917	5688922271.694323
1.17918	5657570832.425744
1.17919	5190390101.970815
1.1792	5391753140.946442
1.17921	5703349685.552574
1.1792200000000002	5708867981.600954
1.17923	5704400378.15924
1.17924	5675054021.701548
1.17925	5680806544.966448
1.17926	5743015653.218749
1.17927	5699805026.569551
1.1792799999999999	5681460609.640044
1.17929	5727169017.558716
1.1793	5725982284.067489
1.17931	5671526948.608322
1.1793200000000001	5654835815.693091
1.17933	5404555736.183575
1.17934	5272420014.787836
1.17935	5687088675.384487
1.17936	5697311957.600586
1.17937	5701774009.49435
1.1793799999999999	5595771860.449614
1.17939	5648459250.682738
1.1794	5471041385.560252
1.17941	5707816466.107092
1.1794200000000001	5723082415.101964
1.17943	5641310446.401027
1.17944	5672049339.601206
1.17945	5657049774.891242
1.17946	5717287082.259812
1.17947	5723741347.245167
1.1794799999999999	5746190238.043824
1.17949	5731654453.067758
1.1795	5700592538.132894
1.17951	5693377752.908061
1.1795200000000001	5695082241.2793
1.17953	5719130414.955094
1.17954	5699936270.94142
1.17955	5738124937.427266
1.17956	5712286744.9791975
1.17957	5712286744.9791975
1.1795799999999999	5710577107.450274
1.17959	5712681349.39738
1.1796	5682899817.0123825
1.17961	5690494396.195518
1.1796200000000001	5542427233.833988
1.17963	5467767005.830212
1.17964	5657310297.659608
1.17965	5664740242.259717
1.17966	5681591431.6112385
1.17967	5653013205.787525
1.1796799999999998	5718603687.834609
1.17969	5724927616.292976
1.1797	5703349685.552574
1.17971	5724532165.961863
1.17972	5718077009.225274
1.17973	5722950637.776544
1.17974	5737464349.407369
1.17975	5730994609.947021
1.1797600000000001	5707422197.731536
1.17977	5658873686.242703
1.1797799999999998	5576606492.122147
1.17979	5699017623.797439
1.1798	5727300892.0170145
1.17981	5432378228.352941
1.17982	5490602456.017342
1.17983	5740768050.168281
1.17984	5734030517.410208
1.17985	5712155216.23043
1.1798600000000001	5675576737.564805
1.17987	5724795796.480718
1.1798799999999998	5729015536.327071
1.1798899999999999	5712812890.260951
1.1799	5678060295.486654
1.17991	5690363369.228348
1.17992	5661610655.931022
1.17993	5691935891.974501
1.17994	5616684119.737965
1.17995	5431502702.994887
1.1799600000000001	5545618629.885384
1.17997	5720579164.708411
1.17998	5709656745.3443
1.1799899999999999	5727960309.858279
1.18	5703481011.544171
1.18001	5649109591.022068
1.18002	5624967273.092644
1.18003	4366766802.433512
1.18004	2454369808.540843
1.18005	3827542308.876812
1.18006	5668263094.759516
1.1800700000000002	5705582638.711279
1.18008	5700592538.132894
1.1800899999999999	5643779009.843383
1.1801	5685517491.788754
1.18011	5697311957.600586
1.18012	5713207531.025216
1.18013	5667349552.316943
1.18014	5708736531.571192
1.18015	5704663081.553679
1.18016	5712286744.9791975
1.1801700000000002	5644298845.038962
1.18018	5466382281.334197
1.18019	5638583290.361449
1.1802	5637285108.042951
1.18021	5289443713.027448
1.18022	5438385633.857863
1.18023	5713075981.074788
1.18024	5727696533.611554
1.18025	5705057159.329637
1.18026	5716497264.419281
1.1802700000000002	5717287082.259812
1.18028	5717682032.100988
1.18029	5682507269.758546
1.1803	5696524899.234887
1.18031	5703218362.584813
1.18032	5727960309.858279
1.1803299999999999	5728487898.795188
1.18034	5739446341.647974
1.18035	5678714043.968393
1.18036	5705714016.119114
1.1803700000000001	5666175214.088124
1.18038	5714917956.0526085
1.18039	5487063674.685542
1.1804	5679367867.720041
1.18041	5734162549.862222
1.18042	5734690710.072829
1.1804299999999999	5730994609.947021
1.18044	5735879248.421333
1.18045	5697049592.730119
1.18046	5715707555.688578
1.1804700000000001	5681068161.799674
1.18048	5725586760.885047
1.18049	5690101324.344832
1.1805	5727300892.0170145
1.18051	5709788216.562987
1.18052	5671657541.845885
1.1805299999999999	5649760006.238906
1.18054	5607638386.507667
1.18055	5667219058.273362
1.18056	5707290780.991817
1.1805700000000001	5660958876.436253
1.18058	5671396358.377745
1.18059	5686041171.417629
1.1806	5688922271.694323
1.18061	5697049592.730119
1.18062	5684601168.490082
1.1806299999999998	5729675151.5854225
1.18064	5725191265.023412
1.18065	5698886400.577936
1.18066	5707685040.289114
1.18067	5740371505.656575
1.18068	5707422197.731536
1.18069	5727696533.611554
1.1807	5686564899.281377
1.18071	5702430488.275475
1.18072	5722687092.228431
1.1807299999999998	5745793318.993564
1.18074	5697967922.639428
1.18075	5713733761.118381
1.18076	5723477765.284353
1.18077	5731258538.079294
1.18078	5699542546.89166
1.18079	5699148850.038478
1.1808	5688398326.718527
1.1808100000000001	5662523273.298212
1.18082	5683946742.267097
1.1808299999999998	5706108166.493588
1.18084	5747513499.582452
1.18085	5727169017.558716
1.18086	5651191183.327287
1.18087	5685386579.417702
1.18088	5641830054.223042
1.18089	5687481539.121566
1.1809	5693377752.908061
1.1809100000000001	5706896548.928048
1.18092	5708210761.718684
1.18093	5717023797.522065
1.1809399999999999	5741032428.394473
1.18095	5586245270.75084
1.18096	5594741176.112506
1.18097	5530444011.227402
1.18098	5707816466.107092
1.18099	5701248880.884271
1.181	5715707555.688578
1.1810100000000001	5730070957.1936655
1.1810200000000002	5598993972.9766035
1.18103	5631965684.616723
1.1810399999999999	5709130890.74085
1.18105	5736803837.436099
1.18106	5710051168.082268
1.18107	5657440563.542916
1.18108	5742618953.453465
1.18109	5683815866.063496
1.1811	5624190208.824065
1.18111	5651321308.311159
1.1811200000000002	5652102121.138563
1.18113	5567112530.737198
1.1811399999999999	5541406375.035228
1.18115	5711497617.913073
1.18116	5727432769.511894
1.18117	5734954808.420724
1.18118	5681198974.734343
1.18119	5679629418.298206
1.1812	5192780915.408839
1.18121	5432878591.920309
1.1812200000000002	5534265626.395914
1.18123	5673094265.939995
1.18124	5698623963.203383
1.18125	5623672225.617036
1.18126	5636895711.6327305
1.18127	5671396358.377745
1.1812799999999999	5594483534.692326
1.18129	5606476421.100403
1.1813	5707816466.107092
1.18131	5439763266.342847
1.1813200000000001	5397715621.123365
1.18133	5669046248.342906
1.18134	5721633031.39476
1.18135	5709262349.851148
1.18136	5701511439.143556
1.18137	5654054625.217891
1.1813799999999999	5705319892.970665
1.18139	5683946742.267097
1.1814	5688791280.92624
1.18141	5707685040.289114
1.1814200000000001	5673486162.944128
1.18143	5677798817.167578
1.18144	5679760198.1041765
1.18145	5691935891.974501
1.18146	5476713215.775811
1.18147	5135822433.803857
1.1814799999999999	4823363582.105595
1.18149	5296878363.563142
1.1815	5603895137.702206
1.18151	5488074522.266925
1.1815200000000001	5360434578.161435
1.18153	5680806544.966448
1.18154	5720842613.180639
1.18155	5714260039.681384
1.18156	5699542546.89166
1.18157	5682245586.653451
1.1815799999999999	5661219579.229519
1.18159	5660698185.648494
1.1816	5678321785.8475065
1.18161	5727300892.0170145
1.1816200000000001	5730730693.968829
1.18163	5674662016.397308
1.18164	5654184816.135732
1.18165	5683423255.533396
1.18166	5731258538.079294
1.18167	5720710887.427995
1.1816799999999998	5715839166.233926
1.18169	5711103095.261339
1.1817	5574424015.437455
1.18171	5639881771.631888
1.18172	5714128465.496349
1.18173	5719525492.133578
1.18174	5566984344.709762
1.18175	5533118864.645378
1.1817600000000001	5662132133.557536
1.18177	5686564899.281377
1.1817799999999998	5698099124.709927
1.18179	5635857452.699932
1.1818	5705976780.01021
1.18181	5593968287.445101
1.18182	5238898688.458645
1.18183	5710577107.450274
1.18184	5657570832.425744
1.18185	5713075981.074788
1.1818600000000001	5731786430.808238
1.18187	5686957726.836034
1.1818799999999998	5647808985.2122965
1.1818899999999999	5644038921.456361
1.1819	5658091937.953627
1.18191	5655877570.891532
1.18192	5679890980.921498
1.18193	5658613091.479313
1.18194	5696524899.234887
1.18195	5735879248.421333
1.1819600000000001	5738653462.604087
1.18197	5711103095.261339
1.18198	5712155216.23043
1.1819899999999999	5620824170.602138
1.182	5513152427.395888
1.18201	5624708239.741308
1.18202	5686172098.861369
1.18203	5668263094.759516
1.18204	5710971593.766801
1.18205	5669568410.844329
1.18206	5657049774.891242
1.1820700000000002	5717418729.175523
1.18208	5735615107.502406
1.1820899999999999	5701117606.28879
1.1821	5680152555.590494
1.18211	5720052304.159287
1.18212	5714260039.681384
1.18213	5680283347.442286
1.18214	5694688852.522473
1.18215	5686564899.281377
1.18216	5662784048.136298
1.1821700000000002	5687874429.997625
1.18218	5685255670.061005
1.18219	5713075981.074788
1.1822	5727169017.558716
1.18221	5720842613.180639
1.18222	5650930942.348062
1.18223	5649629917.204928
1.18224	5721237808.637672
1.18225	5714128465.496349
1.18226	5713207531.025216
1.1822700000000002	5665914283.084694
1.18228	5708867981.600954
1.18229	5669437865.710209
1.1823	5657310297.659608
1.18231	5644688752.857184
1.18232	5694819979.088723
1.1823299999999999	5673355527.601493
1.18234	5597962695.159075
1.18235	5552262621.234116
1.18236	5634949133.00885
1.1823700000000001	5698230329.801501
1.18238	5704663081.553679
1.18239	5651581567.267792
1.1824	5629891173.94244
1.18241	5443020875.995274
1.18242	5216509468.405662
1.1824299999999999	5449541948.940353
1.18244	5667871558.539691
1.18245	5702036591.937261
1.18246	5677406622.266134
1.1824700000000001	5576863310.255113
1.18248	5624967273.092644
1.18249	5687743463.356711
1.1825	5682638115.830257
1.18251	5524334915.25028
1.18252	5523063036.563891
1.1825299999999999	5571344325.911903
1.18254	5702167887.693411
1.18255	5696524899.234887
1.18256	5656528765.345704
1.1825700000000001	5670351744.776258
1.18258	5641959963.656468
1.18259	5672441164.421867
1.1826	5707422197.731536
1.18261	5719130414.955094
1.18262	5716892159.699887
1.1826299999999998	5669307323.581988
1.18264	5648199135.510787
1.18265	5683946742.267097
1.18266	5672833016.309789
1.18267	5677406622.266134
1.18268	5213627515.126668
1.18269	5445151906.236827
1.1827	5636636128.969171
1.18271	5658352508.716456
1.18272	5662001759.648055
1.1827299999999998	5654315010.05134
1.18274	5668524133.932212
1.18275	5677145174.049152
1.18276	5516453986.247522
1.18277	5594741176.112506
1.18278	5558402601.116498
1.18279	5631576655.646564
1.1828	5591650262.010792
1.1828100000000001	5577248559.630725
1.18282	5656007803.784708
1.1828299999999998	5496421123.516798
1.18284	4974735559.08695
1.18285	5315082377.952003
1.18286	5440389578.285892
1.18287	5605701911.260999
1.18288	5599380751.137019
1.18289	5501232499.534999
1.1829	5524462119.227028
1.1829100000000001	5562371612.931797
1.18292	5530316669.514087
1.18293	5359940886.62705
1.1829399999999999	5492878591.960486
1.18295	5489591142.81624
1.18296	5465375429.243253
1.18297	5483653438.488003
1.18298	5463865498.81855
1.18299	5452177673.283473
1.183	5413273874.916502
1.1830100000000001	5355129776.36447
1.1830200000000002	5311534418.117418
1.18303	5151337446.989062
1.1830399999999999	4787513371.934262
1.18305	5138779701.936463
1.18306	5062441293.912812
1.18307	4971529262.242813
1.18308	4863288124.307154
1.18309	4715090143.151756
1.1831	4516895051.541706
1.18311	4276416534.0033345
1.1831200000000002	3901395691.301072
1.18313	2692960603.6623535
1.1831399999999999	1941243434.9151325
1.18315	2176556774.4173365
1.18316	3498887670.770305
1.18317	4135233143.476059
1.18318	4411944087.543727
1.18319	4616576111.6961355
1.1832	4766723929.800343
1.18321	4881575380.453087
1.1832200000000002	5005183451.50043
1.18323	5087096780.113177
1.18324	5151100224.595073
1.18325	5255451106.109772
1.18326	5206789255.657326
1.18327	5162380361.758282
1.1832799999999999	5339738634.131292
1.18329	5402440593.775374
1.1833	5424503578.05964
1.18331	5411902950.930488
1.1833200000000001	5396969950.662124
1.18333	5415642652.546836
1.18334	5335437046.796199
1.18335	4993901821.388011
1.18336	5408041305.529911
1.18337	5561603195.97593
1.1833799999999999	5486558320.717441
1.18339	5566343458.844574
1.1834	5608800592.737063
1.18341	5581873628.478099
1.1834200000000001	5612159430.622985
1.18343	5600541245.937359
1.18344	5615649583.575091
1.18345	5561731258.096413
1.18346	5598349402.078905
1.18347	5538727515.219407
1.1834799999999999	5628854205.174335
1.18349	5640401247.862034
1.1835	5593195505.548857
1.18351	5636765918.806673
1.1835200000000001	5653143372.725499
1.18353	5539237674.369152
1.18354	5654315010.05134
1.18355	5643649058.525351
1.18356	5662653659.216103
1.18357	5559682617.975267
1.1835799999999999	5623154290.1158495
1.18359	5668524133.932212
1.1836	5684208503.715107
1.18361	5679629418.298206
1.1836200000000001	5612159430.622985
1.18363	5681591431.6112385
1.18364	5685648407.174189
1.18365	5698623963.203383
1.18366	5678452535.543779
1.18367	5662784048.136298
1.1836799999999998	5655226451.404577
1.18369	5653924437.297794
1.1837	5623542737.26949
1.18371	5648069082.416749
1.18372	5670221181.605438
1.18373	5592809154.635292
1.18374	5585216341.114765
1.18375	5650020193.293289
1.1837600000000001	5694033264.978798
1.18377	5718603687.834609
1.1837799999999998	5677145174.049152
1.18379	5672571778.710294
1.1838	5662784048.136298
1.18381	5440640123.253711
1.18382	5666827594.170531
1.18383	5701511439.143556
1.18384	5710445618.066913
1.18385	5712155216.23043
1.1838600000000001	5723082415.101964
1.18387	5717550379.122574
1.1838799999999998	5691018534.235337
1.1838899999999999	5689839291.528677
1.1839	5685910246.988544
1.18391	5682768964.914846
1.18392	5619271294.0363655
1.18393	5667088567.234483
1.18394	5540768433.773116
1.18395	5627817427.405344
1.1839600000000001	5696000254.063464
1.18397	5614615237.963294
1.18398	5654315010.05134
1.1839899999999999	5663566444.709133
1.184	5681591431.6112385
1.18401	5665262008.14506
1.18402	5699805026.569551
1.18403	5713075981.074788
1.18404	5728355997.0053625
1.18405	5715181143.810564
1.1840600000000001	5670090621.440911
1.1840700000000002	5484284803.764742
1.18408	5631706328.98407
1.1840899999999999	5564805633.776234
1.1841	5508711141.354932
1.18411	5654445206.964808
1.18412	5672702396.006236
1.18413	5697574334.553656
1.18414	5712681349.39738
1.18415	5689839291.528677
1.18416	5725982284.067489
1.1841700000000002	5716892159.699887
1.18418	5692722316.30162
1.1841899999999999	5664348949.381516
1.1842	5702299186.472793
1.18421	5564805633.776234
1.18422	5403560271.91424
1.18423	5377123359.79227
1.18424	5632225052.193419
1.18425	5711760648.154984
1.18426	5686433962.793175
1.1842700000000002	5646118645.313692
1.18428	5700330022.189612
1.18429	5724532165.961863
1.1843	5714128465.496349
1.18431	5671918737.342247
1.18432	5618624388.760185
1.1843299999999999	5678714043.968393
1.18434	5682114749.619954
1.18435	5476334910.895886
1.18436	5330770675.422921
1.1843700000000001	5631317317.928945
1.18438	5271084762.363954
1.18439	5558018653.528639
1.1844	5685910246.988544
1.18441	5647028765.462569
1.18442	5720184014.747318
1.1844299999999999	5696524899.234887
1.18444	5702824411.824049
1.18445	5676622313.734185
1.18446	5573653933.495664
1.1844700000000001	5622377476.302824
1.18448	5574167309.635581
1.18449	5111166162.854503
1.1845	5617977557.957441
1.18451	5673616801.294787
1.18452	5714917956.0526085
1.1845299999999999	5714917956.0526085
1.18454	5707816466.107092
1.18455	5718735365.066655
1.18456	5721764778.380799
1.1845700000000001	5717682032.100988
1.18458	5711103095.261339
1.18459	5724663979.703711
1.1846	5728224098.252653
1.18461	5708210761.718684
1.18462	5670612880.137059
1.1846299999999998	5428126998.205778
1.18464	5392746430.061522
1.18465	5684993860.390337
1.18466	5714391616.896084
1.1846700000000001	5704531728.344229
1.18468	5729675151.5854225
1.18469	5737728575.488993
1.1847	5733238386.538406
1.18471	5701248880.884271
1.18472	5704925797.046313
1.1847299999999998	5680283347.442286
1.18474	5582259223.9661875
1.18475	5650020193.293289
1.18476	5714391616.896084
1.18477	5640790886.434481
1.18478	5697311957.600586
1.18479	5695344515.547798
1.1848	5543831221.766607
1.1848100000000001	5710840095.30016
1.18482	5706108166.493588
1.1848299999999998	5704925797.046313
1.18484	5662132133.557536
1.18485	5679106329.186425
1.18486	5687088675.384487
1.18487	5664870679.225793
1.18488	5680414142.305704
1.18489	5607509267.34866
1.1849	5679629418.298206
1.1849100000000001	5687743463.356711
1.18492	5624708239.741308
1.1849299999999998	5708210761.718684
1.1849399999999999	5720447445.021799
1.18495	5721369546.523267
1.18496	5696262570.608963
1.18497	5666436157.108171
1.18498	5693639948.680162
1.18499	5702299186.472793
1.185	5708473640.591788
1.1850100000000001	5731258538.079294
1.18502	5690363369.228348
1.18503	5588689738.394738
1.1850399999999999	5340599367.676908
1.18505	5693639948.680162
1.18506	5706502344.095948
1.18507	5171779495.728947
1.18508	5531335485.325438
1.18509	5706896548.928048
1.1851	5678452535.543779
1.18511	5559426591.02418
1.1851200000000002	5104462292.984415
1.18513	5198164272.913049
1.1851399999999999	5667219058.273362
1.18515	5633392354.110885
1.18516	5532099720.353672
1.18517	5360928315.168585
1.18518	5578019138.222775
1.18519	5598220496.804182
1.1852	5626262618.798264
1.18521	5624190208.824065
1.1852200000000002	5709919690.808945
1.18523	5684601168.490082
1.18524	5675576737.564805
1.18525	5684732062.776148
1.18526	5652232267.097796
1.18527	5706896548.928048
1.18528	5665783822.089005
1.18529	5524334915.25028
1.1853	5596029561.200753
1.18531	5671004605.727212
1.1853200000000002	5687350581.527195
1.18533	5703481011.544171
1.18534	5701905299.204248
1.18535	5646378664.673346
1.18536	5702693100.951045
1.18537	5708867981.600954
1.1853799999999999	5713996894.340888
1.18539	5560066680.509688
1.1854	5562243536.066771
1.18541	5671657541.845885
1.1854200000000001	5625614908.662407
1.18543	5588303698.717792
1.18544	5698755180.379949
1.18545	5712944434.153397
1.18546	5719657190.591175
1.18547	5708867981.600954
1.1854799999999999	5673616801.294787
1.18549	5564549370.907005
1.1855	5593066718.945645
1.18551	5686564899.281377
1.1855200000000001	5715444343.689019
1.18553	5666697112.145343
1.18554	5668654658.026616
1.18555	5621212456.791266
1.18556	5661741020.834879
1.18557	5640401247.862034
1.1855799999999999	5455945205.303569
1.18559	5387409651.758264
1.1856	5604540347.11307
1.18561	5720184014.747318
1.1856200000000001	5708342199.641983
1.18563	5702430488.275475
1.18564	5690887495.199558
1.18565	5727828420.216498
1.18566	5712155216.23043
1.18567	5707816466.107092
1.1856799999999998	5710445618.066913
1.18569	5700855066.165782
1.1857	5405053537.0866785
1.18571	5545618629.885384
1.18572	5709393811.988439
1.18573	5689708279.645653
1.18574	5674923350.258022
1.18575	5656138039.676664
1.1857600000000001	5631446985.294887
1.18577	5706108166.493588
1.1857799999999998	5724268547.583364
1.18579	5709919690.808945
1.1858	5678975564.436169
1.18581	5724532165.961863
1.18582	5719130414.955094
1.18583	5679760198.1041765
1.18584	5652622722.956327
1.18585	5717023797.522065
1.1858600000000001	5698755180.379949
1.18587	5647028765.462569
1.1858799999999998	5638453458.677902
1.1858899999999999	5689839291.528677
1.1859	5694164376.449414
1.18591	5681722256.594755
1.18592	5700067518.335336
1.18593	5674008734.39563
1.18594	5686957726.836034
1.18595	5541916780.928466
1.1859600000000001	5384557264.223989
1.18597	5646248653.496738
1.18598	5718867045.330693
1.1859899999999999	5657310297.659608
1.186	5662132133.557536
1.18601	5687612499.731382
1.18602	5609963039.838504
1.18603	5683946742.267097
1.18604	5620435911.23392
1.18605	5664609808.2970295
1.1860600000000001	5647939032.317283
1.1860700000000002	5641440343.869928
1.18608	5713996894.340888
1.1860899999999999	5678191039.16182
1.1861	5693508849.284802
1.18611	5715312742.234691
1.18612	5711497617.913073
1.18613	5723609554.747448
1.18614	5702430488.275475
1.18615	5699542546.89166
1.18616	5686957726.836034
1.1861700000000002	5693115569.210268
1.18618	5702299186.472793
1.1861899999999999	5660698185.648494
1.1862	5572627323.056015
1.18621	5703612340.559695
1.18622	5699542546.89166
1.18623	5695737949.597787
1.18624	5698492749.048171
1.18625	5611900987.081033
1.18626	5199600777.232214
1.1862700000000002	5674662016.397308
1.18628	5691280621.358878
1.18629	5664348949.381516
1.1863	5611384135.701033
1.18631	5697574334.553656
1.18632	5578404467.442915
1.1863299999999999	5664088102.478747
1.18634	5725454925.895597
1.18635	5688398326.718527
1.18636	5686564899.281377
1.1863700000000001	5707947894.951295
1.18638	5464117124.917355
1.18639	5399580248.043299
1.1864	5690232345.278127
1.18641	5696656068.078162
1.18642	5718472013.634532
1.1864299999999999	5678583288.250711
1.18644	5635597917.848862
1.18645	5492878591.960486
1.18646	5679237096.947684
1.1864700000000001	5718735365.066655
1.18648	5726509690.8131
1.18649	5701117606.28879
1.1865	5720052304.159287
1.18651	5715312742.234691
1.18652	5687874429.997625
1.1865299999999999	5707159367.2780485
1.18654	5731390506.703368
1.18655	5731258538.079294
1.18656	5728487898.795188
1.1865700000000001	5706896548.928048
1.18658	5666436157.108171
1.18659	5405177994.476572
1.1866	5479866772.907762
1.18661	5646378664.673346
1.18662	5680806544.966448
1.1866299999999999	5698492749.048171
1.18664	5539365221.498561
1.18665	5421132223.260001
1.18666	5635338394.949539
1.1866700000000001	5676491606.17984
1.18668	5673747442.653542
1.18669	5684862960.076226
1.1867	5558402601.116498
1.18671	5313858675.896166
1.18672	5566599804.336508
1.1867299999999998	5544214189.287572
1.18674	5693771051.094231
1.18675	5707027956.590156
1.18676	5623801716.9462185
1.18677	5608542303.871729
1.18678	5697574334.553656
1.18679	5689184262.279206
1.1868	5714786366.718665
1.1868100000000001	5706239556.002288
1.18682	5679106329.186425
1.1868299999999998	5688398326.718527
1.18684	5694819979.088723
1.18685	5705319892.970665
1.18686	5687350581.527195
1.18687	5696656068.078162
1.18688	5704531728.344229
1.18689	5670874027.523885
1.1869	5678321785.8475065
1.1869100000000001	5710182648.382978
1.18692	5679890980.921498
1.1869299999999998	5650930942.348062
1.1869399999999999	5701248880.884271
1.18695	5718208674.329934
1.18696	5699280079.301148
1.18697	5692460162.787103
1.18698	5696262570.608963
1.18699	5687874429.997625
1.187	5533118864.645378
1.1870100000000001	5552262621.234116
1.18702	5468018811.604215
1.18703	5494649572.244332
1.1870399999999999	5636636128.969171
1.18705	5683423255.533396
1.18706	5688136372.326505
1.18707	5710445618.066913
1.18708	5701380158.502495
1.18709	5685386579.417702
1.1871	5714391616.896084
1.18711	5717945347.152256
1.1871200000000002	5697443144.566758
1.18713	5695737949.597787
1.1871399999999999	5681983915.599055
1.18715	5667610549.418487
1.18716	5718603687.834609
1.18717	5710840095.30016
1.18718	5690494396.195518
1.18719	5573268932.419452
1.1872	5643129283.174564
1.18721	5640920771.939911
1.1872200000000002	5665392457.125376
1.18723	5680414142.305704
1.18724	5684862960.076226
1.18725	5692853397.586202
1.18726	5609058893.497291
1.18727	5617718846.486993
1.18728	5626780840.600308
1.18729	5620565328.043329
1.1873	5604153212.552678
1.18731	5684208503.715107
1.1873200000000002	5719393796.708418
1.18733	5712549811.562614
1.18734	5710314131.711171
1.18735	5705451264.3284855
1.18736	5690625426.179729
1.18737	5651581567.267792
1.1873799999999999	5661089226.33216
1.18739	5659916185.312921
1.1874	5643519110.199525
1.18741	5483653438.488003
1.1874200000000001	5657570832.425744
1.18743	5701905299.204248
1.18744	5714128465.496349
1.18745	5714260039.681384
1.18746	5520393044.394475
1.18747	5364756319.246497
1.1874799999999999	5662653659.216103
1.18749	5719393796.708418
1.1875	5710314131.711171
1.18751	5678844802.696848
1.1875200000000001	5639362343.2450695
1.18753	5621083025.081338
1.18754	5653403715.59323
1.18755	5651971978.176019
1.18756	5660828529.541704
1.18757	5662523273.298212
1.1875799999999999	5662784048.136298
1.18759	5708605084.568168
1.1876	5705057159.329637
1.18761	5700067518.335336
1.1876200000000001	5645208671.847053
1.18763	5655486890.203858
1.18764	5681853084.590687
1.18765	5692460162.787103
1.18766	5671396358.377745
1.18767	5714786366.718665
1.1876799999999998	5638583290.361449
1.18769	5547662087.687275
1.1877	5719393796.708418
1.18771	5697967922.639428
1.18772	5687743463.356711
1.18773	5653273542.660711
1.18774	5167137280.090004
1.18775	5600283337.420266
1.18776	5688922271.694323
1.18777	5698099124.709927
1.1877799999999998	5560962929.602724
1.18779	5510106588.447074
1.1878	5616684119.737965
1.18781	5511121681.080984
1.18782	5365744634.905205
1.18783	5632614125.954772
1.18784	5708605084.568168
1.18785	5689446264.929456
1.1878600000000001	5695737949.597787
1.18787	5679760198.1041765
1.1878799999999998	5657701104.308156
1.18789	5613968868.704501
1.1879	5588689738.394738
1.18791	5655486890.203858
1.18792	5650150291.313808
1.18793	5623024813.69405
1.18794	5648329191.599419
1.18795	5624578727.538929
1.1879600000000001	5642479631.3039875
1.18797	5640531124.3956
1.18798	5668132579.681062
1.1879899999999999	5654705609.785604
1.188	5646118645.313692
1.18801	5683946742.267097
1.18802	5678844802.696848
1.18803	5657310297.659608
1.18804	5689708279.645653
1.18805	5645338659.076921
1.1880600000000001	5658743387.360904
1.1880700000000002	5630020808.469826
1.18808	5607509267.34866
1.1880899999999999	5701905299.204248
1.1881	5684470277.217932
1.18811	5694688852.522473
1.18812	5683423255.533396
1.18813	5664218524.4285755
1.18814	5664348949.381516
1.18815	5636116999.503322
1.18816	5645468649.299891
1.1881700000000002	5672441164.421867
1.18818	5679237096.947684
1.1881899999999999	5676099501.574214
1.1882	5635987224.607567
1.18821	5672310553.140936
1.18822	5682507269.758546
1.18823	5650670713.353124
1.18824	5648849445.901526
1.18825	5652752880.902997
1.18826	5652622722.956327
1.1882700000000002	5661610655.931022
1.18828	5589461897.7532425
1.18829	5558018653.528639
1.1883	5628724597.508675
1.18831	5602733947.937971
1.18832	5345274342.745779
1.1883299999999999	5464494585.793396
1.18834	5626003525.795426
1.18835	5594741176.112506
1.18836	5666697112.145343
1.1883700000000001	5663175232.911194
1.18838	5632743823.181165
1.18839	5649369748.123034
1.1884	5652362416.053807
1.18841	5638453458.677902
1.18842	5622377476.302824
1.1884299999999999	5619918273.794555
1.18844	5607767508.639787
1.18845	5598220496.804182
1.18846	5560578805.159725
1.1884700000000001	5578019138.222775
1.18848	5560450769.575149
1.18849	5486305661.187173
1.1885	5416141474.6397
1.18851	5426127570.647116
1.18852	5362780234.008691
1.1885299999999999	5331138924.7344055
1.18854	5257024487.621525
1.18855	5149558545.290028
1.18856	4973819263.328298
1.1885700000000001	4719652245.203926
1.18858	4449897423.629467
1.18859	3967436641.8694897
1.1886	1931034353.3370135
1.18861	1413123113.7842653
1.18862	1967705049.0279999
1.1886299999999999	3957673837.7388577
1.18864	4440174108.068939
1.18865	4732057356.491319
1.18866	4931965159.708808
1.1886700000000001	4966838055.62209
1.18868	5064423321.125128
1.18869	5075163056.912768
1.1887	4956441675.254079
1.18871	4654360304.877779
1.18872	3145284972.639049
1.1887299999999998	1627833568.2153518
1.18874	1800735805.1362486
1.18875	4011714331.9250607
1.18876	4816149948.400474
1.18877	5120707863.133819
1.18878	5248678844.197344
1.18879	5364756319.246497
1.1888	5437634345.014832
1.1888100000000001	5486053013.292017
1.18882	5402813794.040425
1.1888299999999998	5452428761.125628
1.18884	5541916780.928466
1.18885	5568650993.312772
1.18886	5579946050.5269985
1.18887	5624578727.538929
1.18888	5594354718.431489
1.18889	5577505407.332673
1.1889	5617072119.932654
1.1889100000000001	5618106918.160522
1.18892	5603766104.733696
1.1889299999999998	5650280392.329981
1.1889399999999999	5640920771.939911
1.18895	5669046248.342906
1.18896	5655747340.997045
1.18897	5672702396.006236
1.18898	5684993860.390337
1.18899	5675576737.564805
1.189	5682638115.830257
1.1890100000000001	5640401247.862034
1.18902	5597704905.3859005
1.18903	5664479377.337636
1.1890399999999999	5665262008.14506
1.18905	5546640264.681631
1.18906	5367351036.189321
1.18907	5251701096.40413
1.18908	5667480049.365294
1.18909	5681722256.594755
1.1891	5660958876.436253
1.1891100000000001	5628465391.130137
1.1891200000000002	5525988795.4301195
1.18913	5342567279.676115
1.1891399999999999	5479362081.768285
1.18915	5683292391.383382
1.18916	5668132579.681062
1.18917	5624060708.549653
1.18918	5574809096.306732
1.18919	5612159430.622985
1.1892	5627947014.1824
1.18921	5630020808.469826
1.1892200000000002	5677537350.889768
1.18923	5687743463.356711
1.1892399999999999	5699280079.301148
1.18925	5709262349.851148
1.18926	5688398326.718527
1.18927	5624708239.741308
1.18928	5500219228.387858
1.18929	5569292144.857976
1.1893	5666566633.124579
1.18931	5646378664.673346
1.1893200000000002	5645598642.51603
1.18933	5635597917.848862
1.18934	5646638696.007586
1.18935	5682245586.653451
1.18936	5614098136.603061
1.18937	5067456157.93936
1.1893799999999999	5176187504.255363
1.18939	5640271374.318951
1.1894	5649109591.022068
1.18941	5492625641.37765
1.1894200000000001	5520774392.807584
1.18943	5646118645.313692
1.18944	5566727981.509474
1.18945	5688267348.014585
1.18946	5654184816.135732
1.18947	5641830054.223042
1.1894799999999999	5633781508.509382
1.18949	5658222221.835075
1.1895	5697705527.56135
1.18951	5658873686.242703
1.1895200000000001	5613064076.752014
1.18953	5680283347.442286
1.18954	5688267348.014585
1.18955	5639232493.623373
1.18956	5551495600.790595
1.18957	5310556087.429997
1.1895799999999999	5364879848.747955
1.18959	5370070657.115251
1.1896	4358931056.431643
1.18961	2049132304.4462664
1.1896200000000001	2333350605.040325
1.18963	5137005136.779975
1.18964	5414520470.803537
1.18965	5594612353.919302
1.18966	5661741020.834879
1.18967	5657701104.308156
1.1896799999999998	5658222221.835075
1.18969	5676099501.574214
1.1897	5665262008.14506
1.18971	5606863716.147899
1.18972	5642609555.694675
1.18973	5692984481.889054
1.18974	5672833016.309789
1.18975	5607251037.949688
1.18976	5634170689.790642
1.18977	5665783822.089005
1.1897799999999998	5684077621.484271
1.18979	5678975564.436169
1.1898	5699805026.569551
1.18981	5604669397.909375
1.18982	5344043689.533449
1.18983	5672049339.601206
1.18984	5674662016.397308
1.18985	5492119775.157075
1.1898600000000001	5604282254.434779
1.18987	5674792681.823307
1.1898799999999998	5689315262.096123
1.18989	5678321785.8475065
1.1899	5683684992.873394
1.18991	5672441164.421867
1.18992	5606992820.442368
1.18993	5491740406.066488
1.18994	5650280392.329981
1.18995	5632354740.4609785
1.1899600000000001	5662523273.298212
1.18997	5694164376.449414
1.18998	5699148850.038478
1.1899899999999999	5675968806.057925
1.19	5699936270.94142
1.19001	5692853397.586202
1.19002	5700855066.165782
1.19003	5648199135.510787
1.19004	5245537546.881938
1.19005	5411279918.442832
1.1900600000000001	5644298845.038962
1.1900700000000002	5619788871.883949
1.19008	5633132932.779186
1.1900899999999999	5669698958.984375
1.1901	5706370948.5364
1.19011	5710971593.766801
1.19012	5332121047.269805
1.19013	5504907172.503789
1.19014	5658743387.360904
1.19015	5686172098.861369
1.19016	5673094265.939995
1.1901700000000002	5665653364.0972805
1.19018	5638842962.697169
1.1901899999999999	5664870679.225793
1.1902	5688267348.014585
1.19021	5684077621.484271
1.19022	5701511439.143556
1.19023	5686826781.302748
1.19024	5564549370.907005
1.19025	5205710350.674339
1.19026	5538855050.6018095
1.1902700000000002	5559298581.970008
1.19028	5648719377.8337345
1.19029	5670743452.327198
1.1903	5675838113.550978
1.19031	5694033264.978798
1.19032	5703218362.584813
1.1903299999999999	5681329790.681101
1.19034	5677929554.821914
1.19035	5712549811.562614
1.19036	5694688852.522473
1.1903700000000002	5690232345.278127
1.19038	5623672225.617036
1.19039	5662784048.136298
1.1904	5657831379.190225
1.19041	5666175214.088124
1.19042	5689577270.779276
1.1904299999999999	5685386579.417702
1.19044	5692329090.557004
1.19045	5688136372.326505
1.19046	5666566633.124579
1.1904700000000001	5624319712.080365
1.19048	5628465391.130137
1.19049	5686041171.417629
1.1905	5617330801.619558
1.19051	5536559862.959579
1.19052	5649629917.204928
1.1905299999999999	5642349709.904907
1.19054	5615778890.173964
1.19055	5596287273.819701
1.19056	5569933370.222753
1.1905700000000001	5640661003.919719
1.19058	5691149576.288413
1.19059	5692984481.889054
1.1906	5689053265.478614
1.19061	5653013205.787525
1.19062	5657180034.775723
1.1906299999999999	5621859660.046941
1.19064	5094481623.274441
1.19065	5089791592.468068
1.19066	5658613091.479313
1.1906700000000001	5679367867.720041
1.19068	5686564899.281377
1.19069	5694688852.522473
1.1907	5679237096.947684
1.19071	5681853084.590687
1.19072	5698492749.048171
1.1907299999999998	5679890980.921498
1.19074	5693771051.094231
1.19075	5669568410.844329
1.19076	5649109591.022068
1.19077	5675707424.053302
1.19078	5701774009.49435
1.19079	5705451264.3284855
1.1908	5672833016.309789
1.1908100000000001	5578404467.442915
1.19082	5616166827.835452
1.1908299999999998	5638842962.697169
1.19084	5653403715.59323
1.19085	5713207531.025216
1.19086	5707027956.590156
1.19087	5672833016.309789
1.19088	5663175232.911194
1.19089	5661349935.128399
1.1909	5675968806.057925
1.1909100000000001	5674531353.9799595
1.19092	5651711701.24069
1.1909299999999998	5661219579.229519
1.1909399999999999	5392125602.922885
1.19095	5148491499.150479
1.19096	5595127660.489974
1.19097	5660958876.436253
1.19098	5694951108.67431
1.19099	5693115569.210268
1.191	5663566444.709133
1.1910100000000001	5688660293.174297
1.19102	5690232345.278127
1.19103	5699411311.585519
1.1910399999999999	5653533891.523128
1.19105	5637025507.447413
1.19106	5564036880.571188
1.19107	5348968003.049861
1.19108	5553924862.434802
1.19109	5674008734.39563
1.1911	5682507269.758546
1.1911100000000001	5623154290.1158495
1.1911200000000002	5570446403.670324
1.19113	5653664070.450494
1.1911399999999999	5257387642.550876
1.19115	5000805919.805982
1.19116	5575836108.680862
1.19117	5621083025.081338
1.19118	5514675978.18387
1.19119	5600412290.194172
1.1912	5686041171.417629
1.19121	5640661003.919719
1.1912200000000002	5647028765.462569
1.19123	5420258510.397709
1.1912399999999999	5400823690.493162
1.19125	5663827267.588121
1.19126	5669960064.282585
1.19127	5672571778.710294
1.19128	5666305684.096027
1.19129	5580974009.250248
1.1913	5651581567.267792
1.19131	5404306852.924908
1.1913200000000002	5444901153.4984865
1.19133	5696000254.063464
1.19134	5681329790.681101
1.19135	5663696854.647209
1.19136	5679890980.921498
1.19137	5613193323.816708
1.1913799999999999	5630020808.469826
1.19139	5702036591.937261
1.1914	5680021766.750263
1.19141	5699805026.569551
1.1914200000000001	5688791280.92624
1.19143	5677537350.889768
1.19144	5700067518.335336
1.19145	5686695838.784559
1.19146	5643259222.524212
1.19147	5690101324.344832
1.1914799999999999	5694426608.447679
1.19149	5677798817.167578
1.1915	5415268566.126242
1.19151	4700997281.025476
1.1915200000000001	4931851598.321662
1.19153	5630409729.962156
1.19154	5631965684.616723
1.19155	5642999346.816871
1.19156	5638972803.349504
1.19157	5484411085.542953
1.1915799999999999	5059993978.261444
1.19159	5175353268.635598
1.1916	5578276021.411998
1.19161	5671135186.937248
1.1916200000000001	5697967922.639428
1.19163	5705451264.3284855
1.19164	5701248880.884271
1.19165	5697836723.589933
1.19166	5699148850.038478
1.19167	5665392457.125376
1.1916799999999999	5648329191.599419
1.19169	5444650412.307492
1.1917	5468018811.604215
1.19171	5619530077.001334
1.1917200000000001	5074929342.398286
1.19173	5538472453.264244
1.19174	5667349552.316943
1.19175	5692198021.344922
1.19176	5699542546.89166
1.19177	5706633742.6810255
1.1917799999999998	5695606801.894728
1.19179	5678844802.696848
1.1918	5659916185.312921
1.19181	5675838113.550978
1.19182	5656659013.233383
1.19183	5607767508.639787
1.19184	5600928130.983318
1.19185	5665653364.0972805
1.1918600000000001	5667610549.418487
1.19187	5592680376.928037
1.1918799999999998	5633262641.951686
1.19189	5632225052.193419
1.1919	5659655542.541758
1.19191	5661610655.931022
1.19192	5671657541.845885
1.19193	5660567844.756528
1.19194	5665001119.195324
1.19195	5698755180.379949
1.1919600000000001	5688136372.326505
1.19197	5609833867.152992
1.1919799999999998	5668132579.681062
1.1919899999999999	5659916185.312921
1.192	5695737949.597787
1.19201	5665262008.14506
1.19202	5679498641.503517
1.19203	5640531124.3956
1.19204	5434755365.797685
1.19205	5355376394.882901
1.1920600000000001	5650150291.313808
1.19207	5674139384.779081
1.19208	5650410496.341874
1.1920899999999999	5671526948.608322
1.1921	5665262008.14506
1.19211	5694819979.088723
1.19212	5692591238.035284
1.19213	5684601168.490082
1.19214	5668393612.843202
1.19215	5637285108.042951
1.19216	5674400694.571188
1.1921700000000002	5692460162.787103
1.19218	5686695838.784559
1.1921899999999999	5678583288.250711
1.1922	5596931607.292446
1.19221	5591264017.835181
1.19222	5669698958.984375
1.19223	5644428811.3190775
1.19224	5626003525.795426
1.19225	5682245586.653451
1.19226	5655486890.203858
1.1922700000000002	5413523171.131303
1.19228	5426877269.660724
1.19229	5643519110.199525
1.1923	5662914440.058822
1.19231	5615132386.952494
1.19232	5645078687.610215
1.19233	5664740242.259717
1.19234	5670612880.137059
1.19235	5663044834.983764
1.19236	5485042538.052053
1.1923700000000002	5377247174.058661
1.19238	5331752730.118042
1.19239	5571216042.444904
1.1924	5685124763.718574
1.19241	5671918737.342247
1.19242	5663175232.911194
1.1924299999999999	5649760006.238906
1.19244	5652752880.902997
1.19245	5660437506.865736
1.19246	5678321785.8475065
1.1924700000000001	5677275896.652626
1.19248	5683161530.246592
1.19249	5675707424.053302
1.1925	5662392890.382534
1.19251	5655356669.304999
1.19252	5654966024.598691
1.1925299999999999	5593195505.548857
1.19254	5620047678.684783
1.19255	5696524899.234887
1.19256	5683161530.246592
1.1925700000000001	5668002067.607817
1.19258	5698230329.801501
1.19259	5661349935.128399
1.1926	5638323629.983806
1.19261	5668393612.843202
1.19262	5666958079.200213
1.1926299999999999	5664609808.2970295
1.19264	5660958876.436253
1.19265	5651711701.24069
1.19266	5668393612.843202
1.1926700000000001	5654835815.693091
1.19268	5489085556.070441
1.19269	5544341851.006767
1.1927	5670874027.523885
1.19271	5657440563.542916
1.19272	5666044747.08437
1.1927299999999998	5695475657.211421
1.19274	5690625426.179729
1.19275	5700198768.751392
1.19276	5693639948.680162
1.19277	5598993972.9766035
1.19278	5547023426.251085
1.19279	5597962695.159075
1.1928	5672963639.621017
1.19281	5641570244.32984
1.19282	5417762963.773421
1.1928299999999998	5403933549.526587
1.19284	5627169538.275835
1.19285	5666566633.124579
1.19286	5670090621.440911
1.19287	5664740242.259717
1.19288	5688529308.438423
1.19289	5694819979.088723
1.1929	5641959963.656468
1.1929100000000001	5580717001.816934
1.19292	5661219579.229519
1.1929299999999998	5404555736.183575
1.19294	5497053958.812218
1.19295	5627558262.802595
1.19296	5616813450.158186
1.19297	5588818424.213088
1.19298	5674400694.571188
1.19299	5682899817.0123825
1.193	5657831379.190225
1.1930100000000001	5616037512.304088
1.19302	5670874027.523885
1.19303	5690494396.195518
1.1930399999999999	5681329790.681101
1.19305	5651451436.291305
1.19306	5456824670.645064
1.19307	5601315042.755271
1.19308	5675576737.564805
1.19309	5685124763.718574
1.1931	5680806544.966448
1.1931100000000001	5606863716.147899
1.1931200000000002	5657570832.425744
1.19313	5682899817.0123825
1.1931399999999999	5665262008.14506
1.19315	5656659013.233383
1.19316	5670874027.523885
1.19317	5668785185.126483
1.19318	5653403715.59323
1.19319	5664609808.2970295
1.1932	5704269030.998688
1.19321	5684601168.490082
1.1932200000000002	5675315373.615188
1.19323	5658743387.360904
1.1932399999999999	5433629223.686382
1.19325	5632095366.912031
1.19326	5670874027.523885
1.19327	5622506937.818958
1.19328	5597318242.984788
1.19329	5681722256.594755
1.1933	5658873686.242703
1.19331	5666436157.108171
1.1933200000000002	5683946742.267097
1.19333	5684339388.95963
1.19334	5598993972.9766035
1.19335	5257992956.515571
1.19336	5556227248.758739
1.19337	5586373900.282594
1.1933799999999999	5590620336.830229
1.19339	5647939032.317283
1.1934	5677145174.049152
1.19341	5660828529.541704
1.1934200000000001	5689446264.929456
1.19343	5678975564.436169
1.19344	5669698958.984375
1.19345	5465501275.612013
1.19346	5646248653.496738
1.19347	5635987224.607567
1.1934799999999999	5648069082.416749
1.19349	5678191039.16182
1.1935	5645468649.299891
1.19351	5639102646.991541
1.1935200000000001	5651191183.327287
1.19353	5647418861.863503
1.19354	5583930445.575825
1.19355	5546895702.78705
1.19356	5638453458.677902
1.19357	5684862960.076226
1.1935799999999999	5693639948.680162
1.19359	5700986334.715984
1.1936	5686433962.793175
1.19361	5593453087.651738
1.1936200000000001	5649239668.074953
1.19363	5671004605.727212
1.19364	5691411669.446802
1.19365	5684862960.076226
1.19366	5680675741.067728
1.19367	5683946742.267097
1.1936799999999999	5632743823.181165
1.19369	5063373915.956448
1.1937	5486558320.717441
1.19371	5670743452.327198
1.1937200000000001	5629372665.681299
1.19373	5664479377.337636
1.19374	5566856161.633861
1.19375	5538982588.9208555
1.19376	5670482310.953444
1.19377	5681068161.799674
1.1937799999999998	5679890980.921498
1.19379	5629502288.269453
1.1938	5364756319.246497
1.19381	5502499350.975714
1.19382	5547534349.517685
1.19383	5530061994.883786
1.19384	5665262008.14506
1.19385	5655877570.891532
1.1938600000000001	5662392890.382534
1.19387	5432002985.919654
1.1938799999999998	5146832089.061325
1.19389	5209067678.327144
1.1939	5439512761.754829
1.19391	5632873523.394006
1.19392	5637674531.352629
1.19393	5653794252.375353
1.19394	5652102121.138563
1.19395	5649239668.074953
1.1939600000000001	5669437865.710209
1.19397	5680414142.305704
1.1939799999999998	5630669025.882842
1.1939899999999999	5635078884.001389
1.194	5666175214.088124
1.19401	5552646171.195639
1.19402	5432253144.66175
1.19403	5659785862.42697
1.19404	5650020193.293289
1.19405	5627947014.1824
1.1940600000000001	5658352508.716456
1.19407	5629372665.681299
1.19408	5653013205.787525
1.1940899999999999	5593710681.616962
1.1941	5656398520.457083
1.19411	5685124763.718574
1.19412	5686172098.861369
1.19413	5685517491.788754
1.19414	5683946742.267097
1.19415	5671135186.937248
1.19416	5621471329.152141
1.1941700000000002	5673616801.294787
1.19418	5664870679.225793
1.1941899999999999	5318632707.726794
1.1942	5623024813.69405
1.19421	5598220496.804182
1.19422	5530953407.403121
1.19423	5687481539.121566
1.19424	5685648407.174189
1.19425	5642219791.497345
1.19426	5665262008.14506
1.1942700000000002	5668524133.932212
1.19428	5645338659.076921
1.19429	5650540603.349581
1.1943	5620694747.832727
1.19431	5588947112.994572
1.19432	5613839603.782433
1.19433	5669829510.130438
1.19434	5656007803.784708
1.19435	5440139044.855807
1.19436	5444148964.565328
1.1943700000000002	5161548351.407632
1.19438	5536432380.425218
1.19439	5362409799.068485
1.1944	5612805591.550529
1.19441	5688660293.174297
1.19442	5693115569.210268
1.1944299999999999	5675315373.615188
1.19444	5673224895.266811
1.19445	5672179944.867405
1.19446	5652232267.097796
1.1944700000000001	5588175024.751297
1.19448	5615390979.309358
1.19449	5652102121.138563
1.1945	5638842962.697169
1.19451	5640661003.919719
1.19452	5642089876.081229
1.1945299999999999	5643779009.843383
1.19454	5671657541.845885
1.19455	5675707424.053302
1.19456	5675838113.550978
1.1945700000000001	5659134293.007224
1.19458	5523826128.632166
1.19459	4977485459.308062
1.1946	5596931607.292446
1.19461	5646248653.496738
1.19462	5662653659.216103
1.1946299999999999	5679106329.186425
1.19464	5677929554.821914
1.19465	5581488059.625107
1.19466	5577633835.619318
1.1946700000000001	5524080516.0836
1.19468	5282019497.699964
1.19469	5615390979.309358
1.1947	5657180034.775723
1.19471	5628335792.41715
1.19472	5679367867.720041
1.1947299999999998	5653273542.660711
1.19474	5632873523.394006
1.19475	5677798817.167578
1.19476	5671918737.342247
1.19477	5652492568.00662
1.19478	5672049339.601206
1.19479	5644168881.751421
1.1948	5309577936.941153
1.19481	5598865052.860283
1.19482	5658352508.716456
1.1948299999999998	5650670713.353124
1.19484	5675576737.564805
1.19485	5689315262.096123
1.19486	5694951108.67431
1.19487	5676622313.734185
1.19488	5665131562.168383
1.19489	5681853084.590687
1.1949	5644038921.456361
1.1949100000000001	5564677500.866451
1.19492	5637155306.250813
1.1949299999999998	5680806544.966448
1.19494	5680152555.590494
1.19495	5652362416.053807
1.19496	5619012522.988542
1.19497	5649760006.238906
1.19498	5665001119.195324
1.19499	5660958876.436253
1.195	5298952176.659904
1.1950100000000001	5536432380.425218
1.19502	5628724597.508675
1.19503	5599380751.137019
1.1950399999999999	5579817569.000251
1.19505	5627428684.976767
1.19506	5672702396.006236
1.19507	5528788797.6403885
1.19508	5563780653.103515
1.19509	5586502532.776187
1.1951	5277521363.317577
1.1951100000000001	5531080763.778015
1.1951200000000002	5664479377.337636
1.19513	5673094265.939995
1.1951399999999999	5633522069.256873
1.19515	5624449218.318646
1.19516	5676230200.099936
1.19517	5518359631.029007
1.19518	5343551507.586199
1.19519	5550856498.030304
1.1952	5634949133.00885
1.19521	5616425467.831154
1.1952200000000002	5640271374.318951
1.19523	5582644846.091189
1.1952399999999999	5169755453.296737
1.19525	4674336784.879018
1.19526	5291270937.696399
1.19527	3197201440.725398
1.19528	1874951335.2204292
1.19529	2585175313.015483
1.1953	5120943685.875633
1.19531	5415767353.762909
1.1953200000000002	5579432142.169887
1.19533	5584187600.997079
1.19534	5308111049.007631
1.19535	5446531252.729815
1.19536	5201756278.074582
1.19537	5391008294.175356
1.1953799999999999	5637804345.100527
1.19539	5634300422.858654
1.1954	5641050660.436099
1.19541	5661349935.128399
1.1954200000000001	5673616801.294787
1.19543	5683554122.696702
1.19544	5661871388.740534
1.19545	5630280086.479603
1.19546	5577633835.619318
1.19547	5491108182.481224
1.1954799999999999	5661871388.740534
1.19549	5657180034.775723
1.1955	5680544940.180843
1.19551	5675707424.053302
1.1955200000000001	5666958079.200213
1.19553	5513533275.627597
1.19554	5036049613.698126
1.19555	5610092215.498362
1.19556	5642089876.081229
1.19557	5668393612.843202
1.1955799999999999	5670874027.523885
1.19559	5679760198.1041765
1.1956	5657831379.190225
1.19561	5608929741.630279
1.1956200000000001	5629891173.94244
1.19563	5655356669.304999
1.19564	5660046511.199701
1.19565	5670351744.776258
1.19566	5490223191.7358055
1.19567	5191107230.399703
1.1956799999999999	5418137222.506851
1.19569	5615649583.575091
1.1957	5671788138.090504
1.19571	5645338659.076921
1.1957200000000001	5504273433.125776
1.19573	5175114940.297615
1.19574	5638972803.349504
1.19575	5571472612.332773
1.19576	5656789264.120141
1.19577	5672702396.006236
1.1957799999999998	5647939032.317283
1.19579	5645468649.299891
1.1958	5649760006.238906
1.19581	5626780840.600308
1.19582	5627428684.976767
1.19583	5656268278.567426
1.19584	5628594992.827307
1.19585	5605185630.810688
1.1958600000000001	5611900987.081033
1.19587	5538217403.05487
1.1958799999999998	5546767982.26392
1.19589	5471041385.560252
1.1959	5306155828.814881
1.19591	4293880957.562439
1.19592	2650025176.7403307
1.19593	3090437749.1544394
1.19594	5024698411.585343
1.19595	5449792915.400144
1.1959600000000001	5560962929.602724
1.19597	5600799166.331876
1.1959799999999998	5614356681.329817
1.1959899999999999	5634300422.858654
1.196	5652362416.053807
1.19601	5639492195.856697
1.19602	5645598642.51603
1.19603	5651841838.210092
1.19604	5637285108.042951
1.19605	5559554603.025903
1.1960600000000001	5346012870.701498
1.19607	5649629917.204928
1.19608	5646378664.673346
1.1960899999999999	5643779009.843383
1.1961	5573397263.156534
1.19611	5632225052.193419
1.19612	5634949133.00885
1.19613	5306644566.334212
1.19614	5317163318.213267
1.19615	5080190523.142071
1.1961600000000001	5548045319.844224
1.1961700000000002	5336174215.585372
1.19618	5627169538.275835
1.1961899999999999	5619012522.988542
1.1962	5652102121.138563
1.19621	5664088102.478747
1.19622	5618624388.760185
1.19623	5636116999.503322
1.19624	5641310446.401027
1.19625	5670351744.776258
1.19626	5663436037.773822
1.1962700000000002	5651451436.291305
1.19628	5649369748.123034
1.1962899999999999	5634689639.986485
1.1963	5390139436.325511
1.19631	5603379023.654227
1.19632	5653273542.660711
1.19633	5655226451.404577
1.19634	5612934832.66331
1.19635	5572242392.89309
1.19636	5635987224.607567
1.1963700000000002	5661349935.128399
1.19638	5654184816.135732
1.19639	5648719377.8337345
1.1964	5656528765.345704
1.19641	5679498641.503517
1.19642	5627558262.802595
1.1964299999999999	5553796980.061154
1.19644	5451926597.004053
1.19645	5360804876.653481
1.19646	5402564990.999311
1.1964700000000001	5619141907.022847
1.19648	5673355527.601493
1.19649	5668002067.607817
1.1965	5660176840.08738
1.19651	5345151264.672583
1.19652	5539620324.568145
1.1965299999999999	5601444019.285344
1.19654	5299440250.667819
1.19655	5651971978.176019
1.19656	5624578727.538929
1.1965700000000001	5543958874.667548
1.19658	5292123858.54273
1.19659	5649499831.1663265
1.1966	5630150445.98219
1.19661	5625355845.487038
1.19662	5649369748.123034
1.1966299999999999	5560578805.159725
1.19664	5509472250.498636
1.19665	5649890098.26833
1.19666	5618883141.933378
1.1966700000000001	5563780653.103515
1.19668	5668393612.843202
1.19669	5644818728.115338
1.1967	5659525225.65726
1.19671	5669307323.581988
1.19672	5641310446.401027
1.1967299999999998	5629761542.399942
1.19674	5645598642.51603
1.19675	5619271294.0363655
1.19676	5639751910.05005
1.1967700000000001	5654966024.598691
1.19678	5574937462.507807
1.19679	5155846748.750562
1.1968	5490223191.7358055
1.19681	5542682477.917699
1.19682	5641050660.436099
1.1968299999999998	5670090621.440911
1.19684	5641180551.923116
1.19685	5566856161.633861
1.19686	5637285108.042951
1.19687	5628076603.94336
1.19688	5532481877.463239
1.19689	5544214189.287572
1.1969	5590620336.830229
1.1969100000000001	5649239668.074953
1.19692	5669568410.844329
1.1969299999999998	5652232267.097796
1.19694	5615132386.952494
1.19695	5592294061.59709
1.19696	5615390979.309358
1.19697	5654054625.217891
1.19698	5372296826.454188
1.19699	5504653667.997105
1.197	5635078884.001389
1.1970100000000001	5524462119.227028
1.19702	5612676353.413576
1.1970299999999998	5656268278.567426
1.1970399999999999	5631836005.307425
1.19705	5534138196.687693
1.19706	5564036880.571188
1.19707	5591779015.998502
1.19708	5548300822.656335
1.19709	5616813450.158186
1.1971	5628335792.41715
1.1971100000000001	5636895711.6327305
1.19712	5653273542.660711
1.19713	5641700147.780854
1.1971399999999999	5647678941.101722
1.19715	5651581567.267792
1.19716	5619012522.988542
1.19717	5622636402.316066
1.19718	5646638696.007586
1.19719	5534902818.951562
1.1972	5275455937.445312
1.19721	5484284803.764742
1.1972200000000002	5636506342.120155
1.19723	5617330801.619558
1.1972399999999999	5500092582.617897
1.19725	5399704579.404582
1.19726	5625744444.724011
1.19727	5592937935.307821
1.19728	5637544720.59379
1.19729	5597576014.951092
1.1973	5283357520.072088
1.19731	5400326279.155364
1.1973200000000002	5374771430.326593
1.19733	5573397263.156534
1.19734	5532736663.535838
1.19735	5523826128.632166
1.19736	5517089128.044267
1.19737	5405426917.853693
1.1973799999999999	5192302664.636356
1.19739	5549706298.465561
1.1974	5569420384.025109
1.19741	5577248559.630725
1.1974200000000002	5556355187.092034
1.19743	5501105830.433854
1.19744	5379476318.431448
1.19745	5093543271.507096
1.19746	5173089592.496268
1.19747	5438636086.5385275
1.1974799999999999	5450671389.029725
1.19749	5435381101.151682
1.1975	5421881232.093166
1.19751	5378980873.168735
1.1975200000000001	5291027271.275373
1.19753	5196847825.925579
1.19754	5187044812.31549
1.19755	5128850026.7475195
1.19756	5016606078.026087
1.19757	4840720416.530199
1.1975799999999999	4651788920.885571
1.19759	4285879929.925793
1.1976	4105915430.8073225
1.19761	3783554551.232307
1.1976200000000001	2133585248.4891
1.19763	1344992925.4751499
1.19764	1573982864.466216
1.19765	3427756791.5727344
1.19766	3947753252.325102
1.19767	4338703778.140279
1.1976799999999999	4563205213.278265
1.19769	4658756374.49651
1.1977	3409887100.677615
1.19771	1836030959.15184
1.1977200000000001	2249002820.0359054
1.19773	4763980772.554427
1.19774	5152405082.963061
1.19775	5257629759.7740555
1.19776	5341829227.713529
1.19777	5252184818.226303
1.1977799999999998	5235039947.038518
1.19779	5372420529.58424
1.1978	5333471761.188054
1.19781	5485168837.277966
1.19782	5491234621.375344
1.19783	5478226696.646412
1.19784	5429377014.544596
1.19785	5522045744.453596
1.1978600000000001	5524589326.132767
1.19787	5554052747.753084
1.1978799999999998	5554820121.503919
1.19789	5567368911.647017
1.1979	5492625641.37765
1.19791	5460595413.806175
1.19792	5597189361.453131
1.19793	5628206196.688245
1.19794	5623283769.518966
1.19795	5625226318.373158
1.1979600000000001	5333717382.295061
1.19797	5533373680.052999
1.1979799999999998	5320592525.4184675
1.1979899999999999	5552901885.889642
1.198	5627947014.1824
1.19801	5617201459.287015
1.19802	5619788871.883949
1.19803	5618624388.760185
1.19804	5619918273.794555
1.19805	5287495368.868734
1.1980600000000001	5599251822.114903
1.19807	5623024813.69405
1.19808	5621212456.791266
1.1980899999999999	5581359542.592695
1.1981	5541023601.464501
1.19811	5581359542.592695
1.19812	5639232493.623373
1.19813	5638583290.361449
1.19814	5652492568.00662
1.19815	5633132932.779186
1.1981600000000001	5618365647.502766
1.1981700000000002	5641050660.436099
1.19818	5651841838.210092
1.1981899999999999	5647288826.735747
1.1982	5634170689.790642
1.19821	5633522069.256873
1.19822	5629761542.399942
1.19823	5626910403.508798
1.19824	5651451436.291305
1.19825	5637544720.59379
1.19826	5627687843.612099
1.1982700000000002	5614485958.158173
1.19828	5645338659.076921
1.1982899999999999	5627299110.1345215
1.1983	5625096794.241717
1.19831	5540130565.952479
1.19832	5496800815.951059
1.19833	5581745102.5677395
1.19834	5549578513.22682
1.19835	5513660230.884537
1.19836	5610608947.882634
1.1983700000000002	5537324819.812119
1.19838	5286156298.576962
1.19839	5632095366.912031
1.1984	5417638216.607259
1.19841	5350076598.773319
1.19842	5610738138.415244
1.1984299999999999	5577376982.003165
1.19844	5636376558.259536
1.19845	5573653933.495664
1.19846	5301392996.294345
1.1984700000000001	5499332769.233688
1.19848	5484411085.542953
1.19849	5559682617.975267
1.1985	5603250002.569545
1.19851	5500345877.073979
1.19852	5289200130.751311
1.1985299999999999	5550089671.836464
1.19854	5642479631.3039875
1.19855	5657570832.425744
1.19856	5647678941.101722
1.1985700000000001	5591907772.950915
1.19858	5471419324.763771
1.19859	5484789948.32455
1.1986	5619271294.0363655
1.19861	5643649058.525351
1.19862	5596416134.579783
1.1986299999999999	5553157612.360035
1.19864	5580460006.218999
1.19865	5633522069.256873
1.19866	5628724597.508675
1.1986700000000001	5542299616.199975
1.19868	5559170575.863319
1.19869	5546512550.040114
1.1987	5520647273.742897
1.19871	5513660230.884537
1.19872	5428876973.469572
1.1987299999999999	5099880501.609811
1.19874	3992822461.7280564
1.19875	3677392618.561885
1.19876	4487247249.20057
1.1987700000000001	5232629677.077612
1.19878	5448789118.901897
1.19879	5510106588.447074
1.1988	5578147578.338648
1.19881	5601959955.104627
1.19882	5417887713.812026
1.1988299999999998	5609963039.838504
1.19884	5641440343.869928
1.19885	5600670204.649898
1.19886	5535412625.817561
1.19887	5547406614.289341
1.19888	5582516302.42307
1.19889	5631057992.153994
1.1989	5654705609.785604
1.1989100000000001	5638842962.697169
1.19892	5631317317.928945
1.1989299999999998	5632873523.394006
1.19894	5579046741.962969
1.19895	5583544734.647825
1.19896	5573012279.809892
1.19897	5479740595.764988
1.19898	5499839299.826163
1.19899	5632614125.954772
1.199	5617072119.932654
1.1990100000000001	5610608947.882634
1.19902	5577376982.003165
1.1990299999999998	5606218239.264687
1.1990399999999999	5447534633.275434
1.19905	5139844735.265904
1.19906	5544724853.80197
1.19907	5651061061.339595
1.19908	5324514327.537487
1.19909	5487695432.602835
1.1991	5581745102.5677395
1.1991100000000001	5608800592.737063
1.19912	5658873686.242703
1.19913	5671526948.608322
1.1991399999999999	5671788138.090504
1.19915	5662262510.468997
1.19916	5654575406.876207
1.19917	5673224895.266811
1.19918	5649369748.123034
1.19919	5632614125.954772
1.1992	5624190208.824065
1.19921	5632614125.954772
1.1992200000000002	5647288826.735747
1.19923	5557890676.893053
1.1992399999999999	5342936343.896276
1.19925	5615908199.750289
1.19926	5657180034.775723
1.19927	5656919518.00607
1.19928	5433879457.321219
1.19929	5450169386.760648
1.1993	5640011636.203935
1.19931	5605056568.127818
1.1993200000000002	5627428684.976767
1.19933	5661610655.931022
1.19934	5608025761.823661
1.19935	5470285585.470007
1.19936	5343674548.823204
1.19937	5451173437.537048
1.19938	5658873686.242703
1.19939	5652232267.097796
1.1994	5612934832.66331
1.19941	5636116999.503322
1.1994200000000002	5619659472.952898
1.19943	5576991723.756756
1.19944	5566215290.525445
1.19945	5545874020.941696
1.19946	5212547193.179819
1.19947	5027707459.083329
1.1994799999999999	4041848212.5201936
1.19949	3995949582.229708
1.1995	4924702499.896861
1.19951	5472553299.029691
1.1995200000000001	5474569833.609807
1.19953	5377370991.175991
1.19954	5325495229.664586
1.19955	5246383095.782523
1.19956	5604540347.11307
1.19957	5620694747.832727
1.1995799999999999	5537197319.664177
1.19959	5099175975.748695
1.1996	5610350575.7413845
1.19961	5664088102.478747
1.1996200000000001	5656528765.345704
1.19963	5644948706.366319
1.19964	5650280392.329981
1.19965	5647158794.602125
1.19966	5658352508.716456
1.19967	5662001759.648055
1.1996799999999999	5663305633.841183
1.19969	5648069082.416749
1.1997	5642219791.497345
1.19971	5654315010.05134
1.1997200000000001	5517597294.1331415
1.19973	5277035308.020847
1.19974	5605056568.127818
1.19975	5400450627.694868
1.19976	5520011722.3230715
1.19977	5627817427.405344
1.1997799999999998	5457578610.912709
1.19979	5354883169.202958
1.1998	5605830988.803615
1.19981	5625355845.487038
1.19982	5629243046.077783
1.19983	5611642555.440574
1.19984	5647548899.985488
1.19985	5627558262.802595
1.19986	5629502288.269453
1.19987	5645078687.610215
1.1998799999999998	5572114088.747573
1.19989	5281533028.128802
1.1999	5641700147.780854
1.19991	5655356669.304999
1.19992	5622506937.818958
1.19993	5615778890.173964
1.19994	5481254913.2471695
1.19995	5541533972.101368
1.1999600000000001	5653273542.660711
1.19997	5623672225.617036
1.1999799999999998	5632743823.181165
1.19999	5650930942.348062
1.2	5573653933.495664
1.20001	5520138826.753454
1.20002	5562371612.931797
1.20003	5629761542.399942
1.20004	5606347328.69633
1.20005	5371802042.416672
1.2000600000000001	5628206196.688245
1.20007	5663566444.709133
1.20008	5558658580.910023
1.2000899999999999	5580974009.250248
1.2001	5598349402.078905
1.20011	5625096794.241717
1.20012	5618495016.64204
1.20013	5614356681.329817
1.20014	5628983815.824357
1.20015	5629243046.077783
1.2001600000000001	5656268278.567426
1.2001700000000002	5651841838.210092
1.20018	5639751910.05005
1.2001899999999999	5638713125.034515
1.2002	5654184816.135732
1.20021	5644298845.038962
1.20022	5603895137.702206
1.20023	5648199135.510787
1.20024	5619530077.001334
1.20025	5518105507.027998
1.20026	5511248580.808269
1.2002700000000002	5569548626.14507
1.20028	5567881708.88837
1.2002899999999999	5581873628.478099
1.2003	5528916104.172727
1.20031	5647028765.462569
1.20032	5660567844.756528
1.20033	5653143372.725499
1.20034	5637674531.352629
1.20035	5619400684.029163
1.20036	5493764010.740323
1.2003700000000002	5466759898.687104
1.20038	5622118562.213314
1.20039	5633522069.256873
1.2004	5563140136.055723
1.20041	5569292144.857976
1.20042	4974162854.458095
1.2004299999999999	5080424479.948438
1.20044	5548684098.937033
1.20045	5612676353.413576
1.20046	5595643014.524321
1.2004700000000001	5616942783.556386
1.20048	5459212505.532238
1.20049	5483274654.211013
1.2005	5593839483.048133
1.20051	5526879551.374358
1.20052	5603766104.733696
1.2005299999999999	5620824170.602138
1.20054	5579817569.000251
1.20055	5399953250.715842
1.20056	5631057992.153994
1.2005700000000001	5588689738.394738
1.20058	5346628388.610027
1.20059	5467641107.291686
1.2006	5658482798.597861
1.20061	5658091937.953627
1.20062	5663305633.841183
1.2006299999999999	5662653659.216103
1.20064	5635338394.949539
1.20065	5556483128.371255
1.20066	5491234621.375344
1.2006700000000001	5355253084.204036
1.20068	5633651787.389675
1.20069	5636636128.969171
1.2007	5577505407.332673
1.20071	5509472250.498636
1.20072	5494776092.682905
1.2007299999999999	5573012279.809892
1.20074	5620953596.351652
1.20075	5441767718.402921
1.20076	5582901942.3070345
1.2007700000000001	5591392762.929189
1.20078	5356856344.5186
1.20079	5530953407.403121
1.2008	5643649058.525351
1.20081	5613451826.874358
1.20082	5644168881.751421
1.2008299999999998	5586631168.231686
1.20084	5577762266.863192
1.20085	5622506937.818958
1.20086	5372915370.589152
1.20087	4976339482.866621
1.20088	5265019693.769141
1.20089	5406422726.00359
1.2009	5616296146.344452
1.2009100000000001	5627039969.400617
1.20092	5644818728.115338
1.2009299999999998	5630020808.469826
1.20094	5621212456.791266
1.20095	5656789264.120141
1.20096	5656268278.567426
1.20097	5633781508.509382
1.20098	5639881771.631888
1.20099	5651321308.311159
1.201	5655747340.997045
1.2010100000000001	5650150291.313808
1.20102	5645208671.847053
1.2010299999999998	5614356681.329817
1.2010399999999999	5574937462.507807
1.20105	5541789175.04793
1.20106	5584573356.334247
1.20107	5607380151.162697
1.20108	5644558780.591787
1.20109	5662653659.216103
1.2011	5655747340.997045
1.2011100000000001	5629113429.458809
1.20112	5637414912.823921
1.20113	5464242942.312253
1.2011399999999999	5592937935.307821
1.20115	5633651787.389675
1.20116	5615390979.309358
1.20117	5318877645.454421
1.20118	5372049428.739029
1.20119	5495914907.735497
1.2012	5436257251.684064
1.20121	5622248017.76764
1.2012200000000002	5575194203.7773485
1.20123	5335068500.591237
1.2012399999999999	5373905189.339095
1.20125	5651971978.176019
1.20126	5635338394.949539
1.20127	5635987224.607567
1.20128	5646638696.007586
1.20129	5638453458.677902
1.2013	5576863310.255113
1.20131	5312635255.575705
1.2013200000000002	5635727683.780395
1.20133	5627428684.976767
1.20134	5622248017.76764
1.20135	5257145536.47735
1.20136	5500345877.073979
1.20137	5609446366.941821
1.20138	5548811863.580887
1.20139	5379104730.206423
1.2014	5635078884.001389
1.20141	5650800826.352593
1.2014200000000002	5654575406.876207
1.20143	5497180534.614473
1.20144	5574167309.635581
1.20145	5624708239.741308
1.20146	5655096236.502497
1.20147	5636116999.503322
1.2014799999999999	5619271294.0363655
1.20149	5638323629.983806
1.2015	5648459250.682738
1.20151	5609058893.497291
1.2015200000000001	5628335792.41715
1.20153	5663305633.841183
1.20154	5661349935.128399
1.20155	5546001720.880391
1.20156	5543065366.083509
1.20157	5651451436.291305
1.2015799999999999	5499586028.698288
1.20159	5565318194.920097
1.2016	5637285108.042951
1.20161	5543703571.804948
1.2016200000000001	5592937935.307821
1.20163	5650670713.353124
1.20164	5641310446.401027
1.20165	5626910403.508798
1.20166	5409286696.434573
1.20167	5571985787.556333
1.2016799999999999	5628724597.508675
1.20169	5627428684.976767
1.2017	5584959138.319347
1.20171	5351308641.27428
1.2017200000000001	5449667430.725581
1.20173	5512136960.719112
1.20174	5610479760.324711
1.20175	5657180034.775723
1.20176	5657961657.072041
1.20177	5650280392.329981
1.2017799999999998	5629891173.94244
1.20179	5533246270.882342
1.2018	5593453087.651738
1.20181	5631057992.153994
1.20182	5632225052.193419
1.20183	5624708239.741308
1.20184	5638193804.279068
1.20185	5659003988.124779
1.20186	5658352508.716456
1.20187	5631706328.98407
1.2018799999999998	5629113429.458809
1.20189	5608284026.9007845
1.2019	5530316669.514087
1.20191	5251217419.132333
1.20192	3954303507.7407284
1.20193	4719434902.190402
1.20194	5570189881.040022
1.20195	5506301655.988065
1.2019600000000001	5477343781.983885
1.20197	5429377014.544596
1.2019799999999998	5659655542.541758
1.20199	5655096236.502497
1.202	5632225052.193419
1.20201	5642349709.904907
1.20202	5640661003.919719
1.20203	5649239668.074953
1.20204	5638193804.279068
1.20205	5660958876.436253
1.2020600000000001	5672441164.421867
1.20207	5662914440.058822
1.20208	5601830966.694807
1.2020899999999999	5635727683.780395
1.2021	5608025761.823661
1.20211	5575194203.7773485
1.20212	5155015791.40902
1.20213	5573268932.419452
1.20214	5615649583.575091
1.20215	5433504111.1902895
1.2021600000000001	5420383317.899082
1.2021700000000002	5503639766.705505
1.20218	5621471329.152141
1.2021899999999999	5547917572.850489
1.2022	5589590601.351422
1.20221	5492752115.212956
1.20222	5622118562.213314
1.20223	5591779015.998502
1.20224	5595385331.573927
1.20225	5640401247.862034
1.20226	5655486890.203858
1.2022700000000002	5641050660.436099
1.20228	5565574493.195797
1.2022899999999999	5598607221.532933
1.2023	5623931211.25706
1.20231	5608284026.9007845
1.20232	5532736663.535838
1.20233	5552390468.277439
1.20234	5049518875.892324
1.20235	5559810635.872297
1.20236	5616296146.344452
1.2023700000000002	5638453458.677902
1.20238	5640790886.434481
1.20239	5647808985.2122965
1.2024	5426377458.810109
1.20241	5468648376.774392
1.20242	5573653933.495664
1.2024299999999999	5556099313.371297
1.20244	5628594992.827307
1.20245	5658613091.479313
1.20246	5608154892.875529
1.2024700000000001	5629502288.269453
1.20248	5594097094.807956
1.20249	5379104730.206423
1.2025	5410906133.378824
1.20251	5578789823.2815485
1.20252	5628854205.174335
1.2025299999999999	5645078687.610215
1.20254	5476334910.895886
1.20255	5119764680.759509
1.20256	5444148964.565328
1.2025700000000001	5632484431.714732
1.20258	5615003095.239737
1.20259	5444023609.846039
1.2026	5564293119.838822
1.20261	5571985787.556333
1.20262	5624449218.318646
1.2026299999999999	5633911232.616062
1.20264	5614356681.329817
1.20265	5618883141.933378
1.20266	5639751910.05005
1.2026700000000001	5571344325.911903
1.20268	5504400175.164487
1.20269	5644298845.038962
1.2027	5656789264.120141
1.20271	5635727683.780395
1.20272	5575322578.845975
1.2027299999999999	5581616579.616765
1.20274	5514929944.245625
1.20275	5564036880.571188
1.20276	5626910403.508798
1.2027700000000001	5609833867.152992
1.20278	5269385839.245037
1.20279	5273269896.979523
1.2028	5616296146.344452
1.20281	5647678941.101722
1.20282	5607896633.745088
1.2028299999999998	5610092215.498362
1.20284	5584573356.334247
1.20285	5628854205.174335
1.20286	5637804345.100527
1.20287	5622506937.818958
1.20288	5633392354.110885
1.20289	5589333197.118537
1.2029	5332121047.269805
1.2029100000000001	5334454313.4873905
1.20292	5459966775.714254
1.2029299999999998	5413149231.114241
1.20294	5580717001.816934
1.20295	5646248653.496738
1.20296	5611771769.773151
1.20297	5595127660.489974
1.20298	5319122594.462085
1.20299	5406796201.354068
1.203	5357226395.826485
1.2030100000000001	5610608947.882634
1.20302	5601186069.194936
1.2030299999999998	5610608947.882634
1.2030399999999999	5590362885.1773405
1.20305	5602991969.3124485
1.20306	5528279600.823415
1.20307	5593839483.048133
1.20308	5265383401.006843
1.20309	5520393044.394475
1.2031	5333840197.090378
1.2031100000000001	5204272158.45085
1.20312	5589333197.118537
1.20313	5598349402.078905
1.2031399999999999	5349460683.897777
1.20315	5294317714.941274
1.20316	5581616579.616765
1.20317	5646118645.313692
1.20318	5652752880.902997
1.20319	5645468649.299891
1.2032	5641440343.869928
1.2032100000000001	5646508678.843605
1.2032200000000002	5622765869.794238
1.20323	5505540984.847946
1.2032399999999999	5266353409.811463
1.20325	5545107883.054957
1.20326	5635597917.848862
1.20327	5627428684.976767
1.20328	5625485375.583424
1.20329	5535540084.870935
1.2033	5520138826.753454
1.20331	5608542303.871729
1.2033200000000002	5578404467.442915
1.20333	5612934832.66331
1.2033399999999999	5572499010.047254
1.20335	5604669397.909375
1.20336	5547406614.289341
1.20337	5218551815.786955
1.20338	5443396879.543732
1.20339	5501612524.338821
1.2034	5493384528.073867
1.20341	5519503333.867382
1.2034200000000002	5487569075.200608
1.20343	5459463917.34785
1.20344	5106695938.717807
1.20345	5071541691.146658
1.20346	5068856541.281609
1.20347	3967436641.8694897
1.2034799999999999	3473521569.0694675
1.20349	4070989666.5027385
1.2035	5108812925.746085
1.20351	5326108385.2564125
1.2035200000000001	5412276804.854589
1.20353	5503386320.563669
1.20354	5544724853.80197
1.20355	5529552680.806413
1.20356	5307377757.020416
1.20357	5542427233.833988
1.2035799999999999	5586245270.75084
1.20359	5577248559.630725
1.2036	5450545884.127791
1.20361	5443020875.995274
1.2036200000000001	5541661572.105571
1.20363	5566215290.525445
1.20364	5594741176.112506
1.20365	5198044582.135392
1.20366	5477217662.934479
1.20367	5556355187.092034
1.2036799999999999	5631965684.616723
1.20369	5640141503.766258
1.2037	5610608947.882634
1.20371	5588175024.751297
1.2037200000000001	5583930445.575825
1.20373	5604669397.909375
1.20374	5622118562.213314
1.20375	5597060482.889048
1.20376	5554308527.2238455
1.20377	5441266536.154449
1.2037799999999999	5630669025.882842
1.20379	5644688752.857184
1.2038	5641570244.32984
1.20381	5624190208.824065
1.2038200000000001	5607251037.949688
1.20383	5593581883.15152
1.20384	5638193804.279068
1.20385	5615003095.239737
1.20386	5623154290.1158495
1.20387	5647808985.2122965
1.2038799999999998	5638583290.361449
1.20389	5615132386.952494
1.2039	5635078884.001389
1.20391	5603637074.736222
1.20392	5538344926.69137
1.20393	5548556337.235035
1.20394	5617072119.932654
1.20395	5506682030.968927
1.2039600000000001	5623024813.69405
1.20397	5638193804.279068
1.2039799999999998	5644428811.3190775
1.20399	5586888448.028701
1.204	5612417886.0669985
1.20401	5641310446.401027
1.20402	5635597917.848862
1.20403	5458709716.633486
1.20404	5381334644.631375
1.20405	5588818424.213088
1.2040600000000001	5605185630.810688
1.20407	5589461897.7532425
1.2040799999999998	5651581567.267792
1.2040899999999999	5639751910.05005
1.2041	5588046353.747597
1.20411	5629631913.842311
1.20412	5615390979.309358
1.20413	5617201459.287015
1.20414	5588432375.647146
1.20415	5332489389.864871
1.2041600000000001	5584444768.261071
1.20417	5617330801.619558
1.20418	5609317206.153005
1.2041899999999999	5640401247.862034
1.2042	5624060708.549653
1.20421	5604540347.11307
1.20422	5612417886.0669985
1.20423	5575322578.845975
1.20424	5594097094.807956
1.20425	5605830988.803615
1.20426	5631317317.928945
1.2042700000000002	5619918273.794555
1.20428	5604153212.552678
1.2042899999999999	5261505152.117017
1.2043	5088268262.30112
1.20431	4912244782.062263
1.20432	4858251573.470227
1.20433	5342567279.676115
1.20434	5518613766.73315
1.20435	5579817569.000251
1.20436	5615908199.750289
1.2043700000000002	5563908765.362399
1.20438	5596673865.001528
1.20439	5519122073.252904
1.2044	5554180636.016068
1.20441	5585859399.925904
1.20442	5620953596.351652
1.20443	5643129283.174564
1.20444	5615132386.952494
1.20445	5323901355.457774
1.20446	5374028929.503497
1.2044700000000002	5299806335.675459
1.20448	5551623430.172416
1.20449	5637414912.823921
1.2045	5607896633.745088
1.20451	5607251037.949688
1.20452	5634430158.913917
1.2045299999999999	5633781508.509382
1.20454	5641440343.869928
1.20455	5588947112.994572
1.20456	5575322578.845975
1.2045700000000001	5629631913.842311
1.20458	5629891173.94244
1.20459	5605572836.690469
1.2046	5613839603.782433
1.20461	5613839603.782433
1.20462	5643129283.174564
1.2046299999999999	5646378664.673346
1.20464	5644428811.3190775
1.20465	5320592525.4184675
1.20466	5441893021.177791
1.2046700000000001	5591779015.998502
1.20468	5571087761.931684
1.20469	5637804345.100527
1.2047	5642869413.451036
1.20471	5623024813.69405
1.20472	5168446200.90779
1.2047299999999999	5124482330.517421
1.20474	5376256739.74908
1.20475	5401943033.52214
1.20476	5184656639.84243
1.2047700000000001	5436507606.3468275
1.20478	5601444019.285344
1.20479	5576863310.255113
1.2048	5623672225.617036
1.20481	5630798678.321136
1.20482	5592036532.868103
1.2048299999999998	5645598642.51603
1.20484	5648719377.8337345
1.20485	5607638386.507667
1.20486	5603120984.455648
1.20487	5618624388.760185
1.20488	5613064076.752014
1.20489	5531972340.516706
1.2049	5323288453.945017
1.20491	5596029561.200753
1.20492	5619271294.0363655
1.2049299999999998	5558530589.539733
1.20494	5095537475.644015
1.20495	5352171239.835011
1.20496	5549322951.576238
1.20497	5436507606.3468275
1.20498	5491487507.897843
1.20499	5618365647.502766
1.205	5642999346.816871
1.2050100000000001	5627039969.400617
1.20502	5569676871.217948
1.2050299999999998	5360064305.247799
1.20504	5271813039.9422865
1.20505	5512898543.189926
1.20506	5650020193.293289
1.20507	5638193804.279068
1.20508	5640531124.3956
1.20509	5634559897.956495
1.2051	5620435911.23392
