1.17794	1243827057.5767908
1.17795	1078921878.8494618
1.17796	1502484498.584704
1.1779700000000002	1087401680.908973
1.17798	919178801.6944913
1.17799	886094416.5639985
1.178	1179396949.108067
1.17801	904565458.768618
1.17802	578775314.9898171
1.17803	1220140941.4919145
1.17804	1308247760.5805087
1.17805	574711648.9127679
1.17806	1400554457.2422314
1.1780700000000002	1632863946.6631944
1.17808	1529360960.8508568
1.17809	1234667453.332044
1.1781	1472922851.3758733
1.17811	1388065627.5914896
1.17812	1351014468.3046758
1.17813	1305749896.245133
1.17814	1534864353.7676694
1.17815	1598048662.61917
1.17816	1634481464.8112562
1.1781700000000002	1194318061.1526432
1.17818	1289911753.4836414
1.17819	1347441750.9801016
1.1782	1164957280.8143175
1.17821	1097791844.2923746
1.17822	398244695.6473213
1.17823	971583207.4866393
1.17824	1503695846.0776274
1.17825	1525492230.2386155
1.17826	1618527191.453678
1.1782700000000002	1598637513.967482
1.17828	1076465213.6298347
1.17829	908991872.2591828
1.1783	1393253042.1318507
1.17831	489440608.9731246
1.17832	1095746267.5816329
1.17833	1387458493.956759
1.17834	1456397752.2885342
1.17835	1524122940.6364298
1.17836	1261130415.5644562
1.17837	1154064282.1880965
1.17838	1049228309.7706348
1.17839	1043686341.5350568
1.1784	702473587.9448932
1.17841	1157470683.5328164
1.17842	1129665849.598524
1.17843	887912152.4087094
1.17844	1280059036.9969168
1.17845	732908907.5380813
1.17846	791224998.1343138
1.17847	1445506337.2400427
1.17848	1292438837.5166311
1.17849	1632525598.9863267
1.1785	1504076756.955326
1.17851	1210040760.856956
1.17852	1534829012.6167386
1.17853	1702001741.0221698
1.17854	1649757076.8444345
1.17855	1580774785.5436065
1.17856	1282035349.1189535
1.17857	1443012190.4713745
1.17858	1438699193.0037882
1.17859	1377146047.5144286
1.1786	1423541065.6869369
1.17861	1589827482.0250525
1.17862	1472244701.4974985
1.1786299999999998	585612043.9096714
1.17864	477331395.3457134
1.17865	627032425.609467
1.17866	1252881510.070872
1.17867	1523631700.6323974
1.17868	1353411928.8609169
1.17869	1344497503.0352807
1.1787	1541629456.6547039
1.17871	1468520454.3830533
1.17872	1596761306.3721714
1.1787299999999998	1351543412.2044508
1.17874	734496955.5449952
1.17875	802804873.0423008
1.17876	1567581032.7220461
1.17877	1359878163.2845182
1.17878	1593749274.2052288
1.17879	1376670480.252732
1.1788	1186806728.9167886
1.17881	1423344409.8055258
1.17882	1728781076.3093224
1.1788299999999998	1594042880.7122192
1.17884	1473024600.7961564
1.17885	1640476449.186989
1.17886	1599889543.6263394
1.17887	1537552663.6986911
1.17888	1323335612.424421
1.17889	1274764615.6040099
1.1789	1452345689.190659
1.17891	1291962773.1521747
1.17892	1514153832.0154994
1.17893	1510601807.4531245
1.17894	743652427.5986015
1.17895	360570340.48714703
1.17896	1233275204.7259114
1.17897	1253920492.4973722
1.17898	1640740884.0605645
1.17899	1500271986.2427561
1.179	1226732863.6677618
1.17901	1764940219.772562
1.1790200000000002	1763843301.023161
1.17903	1625211923.86301
1.17904	1706200245.0699706
1.17905	1465075480.2899153
1.17906	942648975.8059076
1.17907	1096629690.6687698
1.17908	1485730366.871709
1.17909	1574744136.6961386
1.1791	1742890087.8790689
1.17911	1575941165.60516
1.1791200000000002	1350236985.6598508
1.17913	1675212866.6793823
1.17914	1534546312.7027874
1.17915	1343971316.642688
1.17916	1611350432.5779848
1.17917	1544329615.6414616
1.17918	1513491547.9697747
1.17919	1639419135.8083313
1.1792	1685271979.6415727
1.17921	1450173617.8473544
1.1792200000000002	1788216097.1886296
1.17923	1496339015.9618335
1.17924	961125279.0419573
1.17925	796416043.2403588
1.17926	1720719181.5975153
1.17927	1236573684.360593
1.17928	1427381290.7861052
1.17929	1681047557.5934515
1.1793	1543476423.3245301
1.17931	1154994722.9854672
1.17932	786574748.3340907
1.17933	1079692289.7016873
1.17934	1157923851.9270759
1.17935	778161965.8222643
1.17936	1423901672.0410647
1.17937	1259012378.284441
1.17938	1249597075.1218693
1.17939	837972950.5599034
1.1794	1024896476.3361061
1.17941	1262961174.979384
1.17942	1669629079.044449
1.17943	1297000071.4237695
1.17944	892215985.3622502
1.17945	820502672.5877771
1.17946	1375466444.732653
1.17947	1066768050.0687412
1.17948	1597754318.2878408
1.17949	1670090478.3495743
1.1795	1368926087.8730671
1.17951	1545539112.1439161
1.17952	1598269456.45242
1.17953	1699925935.8713892
1.17954	1437672613.9664552
1.17955	1483849996.4668345
1.17956	1058961082.9886867
1.17957	1296164134.0786667
1.17958	1616590416.9544706
1.17959	1512237488.298198
1.1796	1265435459.7596848
1.17961	1581976398.6011524
1.17962	1320991429.6476912
1.17963	1513317310.8460262
1.17964	1146621286.5210874
1.17965	1127638772.11422
1.17966	1514781526.332855
1.17967	1364300379.6972046
1.1796799999999998	1573221960.255075
1.17969	1498511223.2986698
1.1797	1133235054.1319046
1.17971	1338628293.2085865
1.17972	1638890734.6922448
1.17973	1502138578.5708568
1.17974	1440688203.0359404
1.17975	1492588186.6554346
1.17976	1559732063.2803216
1.17977	1248762935.6078072
1.1797799999999998	1267447560.983057
1.17979	1483986670.39609
1.1798	1599263406.2734573
1.17981	1618117295.7417502
1.17982	1790523395.4870515
1.17983	1718027060.1636634
1.17984	1614916232.8203282
1.17985	1283453090.2794652
1.17986	798546112.9030747
1.17987	1569675934.7372663
1.1798799999999998	1518762970.8194294
1.17989	1471228062.0618756
1.1799	1667784756.1891172
1.17991	1424426353.4472435
1.17992	1146832521.4224775
1.17993	834660766.8304548
1.17994	1067013710.7713656
1.17995	690478245.3977067
1.17996	1069374933.7999108
1.17997	1377748668.5578866
1.17998	1311716555.7515464
1.17999	1642101508.294608
1.18	1564479943.8619328
1.18001	1302776752.0179918
1.18002	1335857090.6210337
1.18003	1064069512.3676312
1.18004	1053270692.4781998
1.18005	1529044060.150554
1.18006	1574707877.2898493
1.1800700000000002	1439560759.9780474
1.18008	1311505149.0602474
1.18009	1279086749.6387458
1.1801	1475774493.6380296
1.18011	1422820126.9286988
1.18012	1375371434.1582909
1.18013	1023505073.9822037
1.18014	1412667650.1299858
1.18015	1219045736.7630565
1.18016	1354690234.078469
1.1801700000000002	1263979411.6762712
1.18018	504487023.8241519
1.18019	705634814.815991
1.1802	1119102845.4863396
1.18021	372331688.64013684
1.18022	1291992522.0368905
1.18023	1316648958.692264
1.18024	1494686114.5593007
1.18025	1045586578.8403332
1.18026	1197484773.795339
1.1802700000000002	1253689533.0794716
1.18028	1424655962.353167
1.18029	963939994.9289688
1.1803	1163777616.657925
1.18031	942800925.1148213
1.18032	1572823538.1965432
1.18033	1570073559.4560971
1.18034	1720956924.160023
1.18035	1188666436.4306273
1.18036	1466796955.9624865
1.18037	1315951853.1592615
1.18038	1395147097.7762024
1.18039	1148391581.0797305
1.1804	1762950019.4524226
1.18041	1467405018.429129
1.18042	1468858632.6464715
1.18043	1628395899.1170738
1.18044	1686553025.388742
1.18045	1535535990.2728193
1.18046	1565488926.5797489
1.18047	1042677495.2571603
1.18048	1193905629.5365705
1.18049	777373980.0359466
1.1805	1370471473.2261796
1.18051	1237656137.985592
1.18052	1096781206.1255407
1.18053	854023851.5032332
1.18054	1398620855.7452743
1.18055	1315224832.1922376
1.18056	1446605127.0901065
1.18057	1072531361.2786252
1.18058	1440721376.489667
1.18059	1392932270.6948814
1.1806	1402910610.8466778
1.18061	1577393329.7029245
1.18062	1521353016.721724
1.1806299999999998	1631360715.7598884
1.18064	1630196663.7320068
1.18065	1322330453.7173693
1.18066	1192504427.0809536
1.18067	1626147740.3740206
1.18068	1536950922.685631
1.18069	1455861294.3531795
1.1807	876334682.4837296
1.18071	1381528981.7858055
1.18072	1591035976.4159784
1.1807299999999998	1732766328.274781
1.18074	1498097226.5445325
1.18075	1479517137.3874626
1.18076	1522474404.1341758
1.18077	1520757615.6488907
1.18078	1243082635.8446221
1.18079	1388385278.3134446
1.1808	920364799.1186445
1.18081	743635304.5657946
1.18082	1189980925.406461
1.1808299999999998	1437871249.4991653
1.18084	1796676965.83883
1.18085	1416119816.0571811
1.18086	1256319208.5812206
1.18087	1317467771.184474
1.18088	1531122716.6795702
1.18089	1416804736.2774358
1.1809	983490116.7899787
1.18091	1287300683.9634454
1.18092	1157017692.4918327
1.18093	1315103701.0869145
1.18094	1672591941.3634546
1.18095	1491832279.6431355
1.18096	1268440207.4857974
1.18097	1000598851.3641033
1.18098	1472176903.684557
1.18099	1503868975.425541
1.181	1605277061.810164
1.18101	1742649315.3473265
1.1810200000000002	1178392582.1288135
1.18103	1026667939.0108863
1.18104	1269901394.2076485
1.18105	1553996370.0284655
1.18106	1598085459.4730904
1.18107	1585878823.7003546
1.18108	1664562092.079234
1.18109	1328036465.0613518
1.1811	1077407513.8642776
1.18111	1381210909.602725
1.1811200000000002	1389696616.057257
1.18113	411538054.340305
1.18114	269761519.98134637
1.18115	1420953938.1421175
1.18116	1614730319.4203632
1.18117	1742609189.8259268
1.18118	1731250851.4506853
1.18119	1468216160.5163233
1.1812	841821474.0797185
1.18121	1372555770.526615
1.1812200000000002	1181217846.7540677
1.18123	1372555770.526615
1.18124	1210765395.4172108
1.18125	1197291777.6081686
1.18126	1384267427.971804
1.18127	1432847598.0645914
1.18128	1428630770.7580698
1.18129	1420332419.3089294
1.1813	1378732458.5307324
1.18131	1294732351.9141452
1.18132	1664025587.1379175
1.18133	1433969783.4716752
1.18134	1559947563.1140625
1.18135	1534440313.65998
1.18136	1359471163.6280744
1.18137	1378986453.828341
1.18138	1455425567.7839756
1.18139	1353972987.4263177
1.1814	1205257936.6412075
1.18141	1404494361.44427
1.18142	1103926096.3399687
1.18143	1250518151.5684774
1.18144	1457404143.7699838
1.18145	1810214336.1283147
1.18146	1518308418.3278663
1.18147	1655884343.9571042
1.18148	1621100724.949092
1.18149	1448004794.9688985
1.1815	1394761657.6399958
1.18151	1251468722.7398827
1.18152	749773350.4068563
1.18153	1547462024.4397938
1.18154	1689312517.048395
1.18155	1585878823.7003546
1.18156	1499753900.1315591
1.18157	1282803097.736597
1.18158	870823218.5244718
1.18159	1051961873.8232232
1.1816	1012884674.3377168
1.18161	1589095507.9691367
1.18162	1579064972.7284255
1.18163	1358344723.2701776
1.18164	1406079899.9433413
1.18165	1242996769.703966
1.18166	1716643051.7037597
1.18167	1653027200.7683346
1.1816799999999998	1618750814.6956856
1.18169	1593859370.3073945
1.1817	1092571832.966968
1.18171	1298225095.3230796
1.18172	1419743862.7594485
1.18173	1469535222.8234081
1.18174	481360001.68073684
1.18175	342673089.3904686
1.18176	865306567.6317003
1.18177	1414913857.3822918
1.1817799999999998	1434663337.0035145
1.18179	1084750852.2224095
1.1818	1313318312.5842097
1.18181	1171763592.3566086
1.18182	986847397.1838957
1.18183	1428795257.4223082
1.18184	748117820.5779691
1.18185	1389312681.7367535
1.18186	1422721845.3908312
1.18187	1121605163.5628943
1.1818799999999998	1012838030.3487033
1.18189	1213947765.365826
1.1819	1008323757.7615523
1.18191	1387298766.0893445
1.18192	1697579022.9632044
1.18193	1591439011.9845192
1.18194	1689973910.0768769
1.18195	1835227887.5048301
1.18196	1775660770.614782
1.18197	1360003418.4601276
1.18198	1369367448.6406643
1.18199	1419318945.822048
1.182	1129327750.4767866
1.18201	1306261118.3367245
1.18202	1234866474.2519062
1.18203	1322634966.6134405
1.18204	1614655960.0533128
1.18205	1232168210.6154213
1.18206	1112448718.3200977
1.1820700000000002	1483679171.7563796
1.18208	1772188850.821619
1.18209	1516596327.5350034
1.1821	1428268966.748873
1.18211	1723494889.5886788
1.18212	1524754767.6599135
1.18213	1466999615.449699
1.18214	1579028613.8323553
1.18215	1394408431.0611367
1.18216	1474653547.7736564
1.1821700000000002	1324402524.7805276
1.18218	1345705415.0756981
1.18219	1668437720.7528794
1.1822	1469636738.2265186
1.18221	1595511724.7859626
1.18222	1403362928.6960864
1.18223	1280737128.8550026
1.18224	1697539935.2116973
1.18225	1421117540.9274595
1.18226	1461470320.0210054
1.1822700000000002	1185386563.0893679
1.18228	1559767977.8517802
1.18229	1319775311.707115
1.1823	1075697105.4470367
1.18231	1237456667.4613008
1.18232	1342610378.507381
1.18233	1005472043.9088883
1.18234	865884568.7712742
1.18235	366825906.97079104
1.18236	980460270.0613012
1.18237	1359439861.0081046
1.18238	1651087159.8508415
1.18239	1446705058.4836097
1.1824	1363232715.6539164
1.18241	457656884.70204884
1.18242	1040710652.6596252
1.18243	1690285243.4494867
1.18244	1659166613.258681
1.18245	1704786509.4453173
1.18246	1529642705.499724
1.18247	1257505809.17561
1.18248	1329505076.6409562
1.18249	1532674740.5044422
1.1825	1488469705.5972915
1.18251	1223967820.8778765
1.18252	1102427403.1505175
1.18253	1478665703.9468694
1.18254	1531651639.0674171
1.18255	1371639552.7903185
1.18256	1352726506.3333225
1.18257	1239224525.6115847
1.18258	1209985037.7036786
1.18259	1139514878.2877095
1.1826	1596651009.818294
1.18261	1705179096.2421458
1.18262	1793659491.3993702
1.1826299999999998	1541522968.342552
1.18264	1352197099.4144413
1.18265	1349770710.8540149
1.18266	1396915061.7343926
1.18267	1393092647.1808248
1.18268	1032309680.5881578
1.18269	1218989598.9248672
1.1827	1708991882.9699314
1.18271	1526019207.589464
1.18272	1594593538.708219
1.1827299999999998	1430013047.4851725
1.18274	1465514095.8583035
1.18275	1794485692.3459263
1.18276	1409580879.3492875
1.18277	1324616010.4507284
1.18278	1535323862.7895422
1.18279	1569278410.7178051
1.1828	1213305035.4275088
1.18281	967898908.2668784
1.18282	1701727432.8607945
1.1828299999999998	999493559.5638117
1.18284	795591253.5535088
1.18285	1538650562.704352
1.18286	1628620885.865616
1.18287	1459620653.6221385
1.18288	1650212984.553772
1.18289	1037671765.5678623
1.1829	642140408.5235437
1.18291	1062747274.8479424
1.18292	1131878993.655418
1.18293	287799476.7448085
1.18294	1105503189.7429473
1.18295	1208509308.7939508
1.18296	1091339815.7080343
1.18297	1759381414.8180363
1.18298	1709149294.1882267
1.18299	1786693263.6751595
1.183	1809255910.2538214
1.18301	1645129158.7709725
1.1830200000000002	1281710670.7354712
1.18303	1512063395.5450938
1.18304	1561996297.117182
1.18305	1715931710.120997
1.18306	1585732765.589132
1.18307	1535394568.6943846
1.18308	1554318442.1981068
1.18309	1541274524.2187984
1.1831	1025793635.0902424
1.18311	1337057240.0154374
1.1831200000000002	1177985650.0285482
1.18313	1267360011.8311286
1.18314	984441696.1116623
1.18315	1104943318.225331
1.18316	1262234365.2984586
1.18317	1181081861.8518627
1.18318	1380447835.1112432
1.18319	1302266893.5779796
1.1832	1216186000.6463704
1.18321	1300439043.5513382
1.1832200000000002	1083502705.2804396
1.18323	1249827280.611723
1.18324	1398975149.4005556
1.18325	1697500848.360209
1.18326	1665367173.839836
1.18327	1641421055.1946998
1.18328	1372081788.4166605
1.18329	1467472596.4835732
1.1833	1479994154.244118
1.18331	1694571898.0355544
1.18332	991813464.9121256
1.18333	905107159.0275185
1.18334	1273913676.082645
1.18335	1034641752.0614069
1.18336	1531052207.49626
1.18337	1603799227.6693444
1.18338	1406792356.4779825
1.18339	1450607772.0832353
1.1834	1694767004.066116
1.18341	1407958973.2125847
1.18342	1600036905.6850471
1.18343	1490218669.6759467
1.18344	1554998591.5571332
1.18345	1015406642.24694
1.18346	1340818519.9935653
1.18347	552153716.8666173
1.18348	1275792368.5842412
1.18349	1358876537.082702
1.1835	1143615413.262968
1.18351	1323396555.6847625
1.18352	1588985740.9315574
1.18353	1555607398.5229115
1.18354	1626222628.9693046
1.18355	1607274298.228312
1.18356	1507127519.7064486
1.18357	447465957.0119728
1.18358	992933126.5324812
1.18359	1447271466.7889378
1.1836	1548032235.5484278
1.18361	1563903674.3097038
1.18362	1152364842.712915
1.18363	1357125466.1222894
1.18364	1509384896.6549547
1.18365	1490836441.6425686
1.18366	1562356001.4669912
1.18367	1092219686.1831868
1.1836799999999998	1527636406.8745832
1.18369	1071075289.6702538
1.1837	729608693.3380808
1.18371	1312471857.8709948
1.18372	1301997049.30896
1.18373	428913780.6591064
1.18374	926467096.605808
1.18375	1266543177.9797494
1.18376	1705925260.2442307
1.18377	1682674061.0704706
1.1837799999999998	1458948628.2218919
1.18379	1391393595.515457
1.1838	1221349615.4418054
1.18381	568604117.1417629
1.18382	1294762164.571503
1.18383	1374674890.449255
1.18384	1614990604.173665
1.18385	1391746058.3869095
1.18386	1633051947.894331
1.18387	1813844280.8706176
1.1838799999999998	1270252329.4112878
1.18389	1479074330.831054
1.1839	1390817030.6195116
1.18391	1509072135.218629
1.18392	1237171765.3355575
1.18393	1041309906.3308848
1.18394	397164113.396833
1.18395	760501368.6927005
1.18396	1571882214.388247
1.18397	1296641746.5668464
1.18398	1391681967.5881178
1.18399	1145328321.4529526
1.1840000000000002	1374643237.7545679
1.18401	1499892038.9319336
1.18402	1303196785.3217413
1.18403	1603282307.2044258
1.18404	1768927363.1810946
1.18405	1684728799.6972244
1.18406	1218652826.1804016
1.1840700000000002	918755601.6660633
1.18408	995474179.896738
1.18409	1196795644.5144145
1.1841	1188283317.3990474
1.18411	1307765873.0662837
1.18412	1302446820.8268065
1.18413	1482654636.395991
1.18414	1687679596.7185946
1.18415	1465041746.0686874
1.18416	1777419743.5697176
1.1841700000000002	1721828927.9533305
1.18418	1298344671.779769
1.18419	1093326815.5833917
1.1842	1620615543.661592
1.18421	1442513877.7780645
1.18422	1119566770.9355166
1.18423	426550052.7500968
1.18424	1066448775.7090186
1.18425	1739882820.7583125
1.18426	1585769278.8557851
1.1842700000000002	1103900677.7948804
1.18428	1567039702.9040756
1.18429	1727189543.135796
1.1843	1735601432.8691945
1.18431	1606497300.0731282
1.18432	1336564740.6516454
1.18433	1171682652.5907912
1.18434	1512341953.57119
1.18435	1352788803.1255186
1.18436	1481903760.135224
1.18437	1642214944.566134
1.18438	1205840871.4480374
1.18439	1355283028.7525675
1.1844	1246751788.791896
1.18441	1040135693.5809381
1.18442	1519042763.0665705
1.18443	1174924608.266949
1.18444	1348528098.4189258
1.18445	1614618781.653902
1.18446	1522719817.7923653
1.18447	1217783260.498277
1.18448	1213221226.1795745
1.18449	1083203363.776616
1.1845	1359032992.5317035
1.18451	1281681158.596405
1.18452	1607163275.4877665
1.18453	1676409062.805884
1.18454	1572171792.46294
1.18455	1622519780.1808274
1.18456	1643084883.0228398
1.18457	1559301152.919776
1.18458	1485764577.4715266
1.18459	1665827395.3743205
1.1846	1608199786.0394278
1.18461	1504804218.411599
1.18462	1488092747.2410345
1.1846299999999998	1211295210.4700773
1.18464	1457706196.8015618
1.18465	1725837891.9902036
1.18466	1710684813.5972695
1.18467	1656151262.4900436
1.18468	1758895346.9236562
1.18469	1803931324.6264672
1.1847	1723653636.644765
1.18471	1693206784.5881655
1.18472	1625324193.4030855
1.1847299999999998	1332876773.2561095
1.18474	1263863000.2312508
1.18475	1523280911.8558836
1.18476	1686475358.540001
1.18477	1368201303.9860427
1.18478	1504249930.1597495
1.18479	1539182085.5671716
1.1848	1503141966.0900207
1.18481	1513317310.8460262
1.18482	1276644563.0208607
1.1848299999999998	1330454417.9780927
1.18484	1236032812.6174462
1.18485	1081135181.3329966
1.18486	1370124398.1920676
1.18487	1074904794.4627755
1.18488	1341127290.4143634
1.18489	924059635.6376804
1.1849	1178094151.513051
1.18491	1466054110.6723096
1.18492	1267214110.0165384
1.1849299999999998	1461571278.301125
1.18494	1455056977.9311671
1.18495	1620055899.5354269
1.18496	1396432667.6760926
1.18497	1287448898.4634485
1.18498	1400070806.3983064
1.18499	1302296879.7265732
1.185	1630084057.6252365
1.18501	1805094737.1315718
1.18502	1724606426.0865815
1.18503	1414067041.4056187
1.18504	1226506911.9349306
1.18505	1629896398.0654256
1.18506	1591732192.886277
1.18507	1173032378.9114213
1.18508	1217334695.19899
1.18509	1577102789.874117
1.1851	1600737060.8439095
1.18511	1797380393.7763183
1.1851200000000002	1195721394.6431284
1.18513	823474205.7244005
1.18514	1186151056.4667234
1.18515	1517120231.8192394
1.18516	1529466609.012283
1.18517	1063114398.1491427
1.18518	1059131781.1052252
1.18519	667252177.9125711
1.1852	854063181.6606295
1.18521	924378849.6521225
1.1852200000000002	1448838573.4904974
1.18523	1251612811.695417
1.18524	1321660772.105604
1.18525	1597165792.260912
1.18526	1499857503.0390458
1.18527	1468148548.220273
1.18528	871324648.9743109
1.18529	228149751.45968655
1.1853	491122690.9989323
1.18531	950626682.3925543
1.1853200000000002	1657868194.991588
1.18533	1631022679.5692804
1.18534	1407505174.0122461
1.18535	769236706.924263
1.18536	1304878273.219099
1.18537	1354004164.1654222
1.18538	1547640192.845267
1.18539	991516623.8050512
1.1854	356040990.0359577
1.18541	1137627285.8234286
1.18542	1587705685.5941837
1.18543	1324555011.0337124
1.18544	1389376663.4233875
1.18545	1460225741.1438954
1.18546	1669090940.9627664
1.18547	1542801313.709835
1.18548	1451844153.3777418
1.18549	1381974405.9012933
1.1855	1402426146.3566418
1.18551	1541026120.1362855
1.18552	1594336541.3085024
1.18553	939355537.7590334
1.18554	1489978494.1617422
1.18555	1524263324.0117385
1.18556	1474246142.2282355
1.18557	1388321342.2807367
1.18558	1163268585.5859244
1.18559	1085575416.733518
1.1856	1234582168.4715257
1.18561	1618638999.2128415
1.18562	1646531334.4369905
1.18563	1489944186.5340312
1.18564	1571303218.2410636
1.18565	1745942754.2078054
1.18566	1674325917.921622
1.18567	1628658386.6791034
1.1856799999999998	1341806835.6534867
1.18569	1219831938.0086825
1.1857	1249568302.4171555
1.18571	1345829364.832841
1.18572	1497269576.1318488
1.18573	1133548221.812724
1.18574	1505497365.954711
1.18575	1719055903.012209
1.18576	1474619593.0118134
1.18577	1435291126.8582768
1.1857799999999998	1687057947.096736
1.18579	1731250851.4506853
1.1858	1378002482.6179984
1.18581	1713128736.0147688
1.18582	1518133626.6733458
1.18583	1301367630.1074634
1.18584	973150477.3247064
1.18585	1568266985.6166925
1.18586	1525948933.4260206
1.18587	949948365.8763473
1.1858799999999998	1075895274.4280818
1.18589	1613020920.0459595
1.1859	1658288160.2597706
1.18591	1690479855.93229
1.18592	1522334185.5168831
1.18593	1398395442.864574
1.18594	1272242794.871181
1.18595	1380034679.1316874
1.18596	1557829773.8920321
1.18597	1008091609.3642973
1.18598	1646569247.6585374
1.18599	1208564963.9858305
1.186	860260535.3531591
1.18601	1387937787.9099267
1.18602	635974935.5832356
1.18603	1364457459.6251113
1.18604	1207368942.0030568
1.18605	1229136173.0601695
1.18606	1168342029.1715775
1.1860700000000002	1358469837.2042375
1.18608	1573185735.8977895
1.18609	1533204199.0349169
1.1861	1519777462.978294
1.18611	1508863663.5994966
1.18612	1632149739.3496122
1.18613	1611090734.5037408
1.18614	1432352795.4909134
1.18615	1557865644.6611547
1.18616	1290089973.6888685
1.1861700000000002	1539182085.5671716
1.18618	1532745324.409886
1.18619	1026975303.7492
1.1862	560596006.9318385
1.18621	1537021703.5210762
1.18622	1304457697.955052
1.18623	1244915860.5526054
1.18624	1226026902.6779227
1.18625	1339059885.546735
1.18626	984827120.873616
1.1862700000000002	1471499097.2486966
1.18628	1637419658.0144033
1.18629	1142930967.494013
1.1863	441377306.43449503
1.18631	1514188697.097317
1.18632	1336749406.6504846
1.18633	1704982791.5441751
1.18634	1793287825.0867863
1.18635	1369020653.2032971
1.18636	1075028554.5746489
1.18637	1644674655.5805533
1.18638	1716682579.3258436
1.18639	1684147015.4606
1.1864	1634029903.2809794
1.18641	1567544938.2504222
1.18642	1747390619.6481724
1.18643	949926492.7587088
1.18644	742677043.7146959
1.18645	668036204.6792463
1.18646	1273884343.4739485
1.18647	1707890410.295467
1.18648	1760151297.043637
1.18649	1580374450.7148015
1.1865	1693089826.0467744
1.18651	1528410455.732459
1.18652	1160299219.2149718
1.18653	1355345443.2796776
1.18654	1798042695.1774347
1.18655	1709031234.415316
1.18656	1690869148.1211164
1.18657	1385830132.2163427
1.18658	1199720279.4385796
1.18659	1611239128.2777715
1.1866	1344745191.4401715
1.18661	1177985650.0285482
1.18662	1430177693.2990613
1.18663	1521633286.1168911
1.18664	1409515967.2455552
1.18665	1276762151.7455287
1.18666	1240852042.7686687
1.18667	1082629857.031883
1.18668	1522754880.115565
1.18669	1665137110.754668
1.1867	1274940743.0102367
1.18671	1472210802.200752
1.18672	1394890125.8521266
1.1867299999999998	1153161143.1462312
1.18674	1638324779.6286368
1.18675	1667823158.7944198
1.18676	1143562749.0395641
1.18677	713050025.9125204
1.18678	1422951179.5403738
1.18679	1065957770.9650396
1.1868	1485012126.210839
1.18681	1716168791.2241795
1.18682	1489189618.5503066
1.1868299999999998	1223488805.3268151
1.18684	1485969857.6135151
1.18685	1658937406.753443
1.18686	1709228005.2343285
1.18687	1418436832.3398905
1.18688	1529114476.8531382
1.18689	1574454084.821767
1.1869	1489978494.1617422
1.18691	1415141932.93143
1.18692	1110708255.9188647
1.1869299999999998	985031230.3642553
1.18694	1704001606.988983
1.18695	1749564669.3903122
1.18696	1767705853.3910894
1.18697	1670475075.1701596
1.18698	1383279688.5398715
1.18699	1421084818.8635375
1.187	496078037.20307887
1.18701	621741705.2609622
1.18702	336271452.6612951
1.18703	946411480.7472832
1.18704	1538863149.819957
1.18705	1475434723.1220903
1.18706	1247843151.9757645
1.18707	1542339566.7522075
1.18708	1453014673.1248386
1.18709	1200521659.798592
1.1871	1563615619.1383908
1.18711	1605350989.2530437
1.1871200000000002	1602359649.3070884
1.18713	1539784700.1163886
1.18714	1481801397.385527
1.18715	1651011126.2279663
1.18716	1742689441.7926545
1.18717	1650859069.4862401
1.18718	1493241323.664482
1.18719	1198781411.265982
1.1872	1120650011.7025347
1.18721	961722994.4617453
1.1872200000000002	907235425.2884123
1.18723	1216886295.1268337
1.18724	1264619866.312979
1.18725	1416380698.994919
1.18726	1118561842.0948405
1.18727	907820530.1781859
1.18728	1547141372.9966161
1.18729	1690635562.0513635
1.1873	1743171031.2112706
1.18731	1578119913.4655347
1.1873200000000002	1776110574.6788187
1.18733	1716089760.5504305
1.18734	1583689363.9105961
1.18735	1658173613.7281866
1.18736	1493825951.6663148
1.18737	1289911753.4836414
1.18738	1420953938.1421175
1.18739	1319957658.0003893
1.1874	890368936.9621558
1.18741	1243139883.2337132
1.18742	1393156802.9453032
1.18743	1405400164.3876238
1.18744	1716405905.0835893
1.18745	1740644170.6549568
1.18746	1763599633.8979926
1.18747	1865262675.736897
1.18748	1768153642.343813
1.18749	1770638895.073105
1.1875	1646948427.892023
1.18751	1312139471.3720796
1.18752	1251122976.9215958
1.18753	890984194.5125767
1.18754	1558942151.8938634
1.18755	1276615167.5318873
1.18756	1299600889.733556
1.18757	1091792231.9593687
1.18758	1449706212.446592
1.18759	1642177131.6049664
1.1876	1643538946.882175
1.18761	1720481471.8780947
1.18762	1693596704.7478142
1.18763	1744134609.3446734
1.18764	1641496647.1683135
1.18765	1596981922.3383038
1.18766	1443477437.626557
1.18767	1601105686.611307
1.1876799999999998	1536278667.295436
1.18769	1467878130.170544
1.1877	1832905185.9683847
1.18771	1485080515.1212316
1.18772	1295030509.3807676
1.18773	1295597197.742021
1.18774	1757478415.7840455
1.18775	1555285059.2671
1.18776	1634519100.5711074
1.18777	1588693065.8983526
1.1877799999999998	1107617987.5294485
1.18779	1260375637.8944256
1.1878	1090812233.6864603
1.18781	749859676.2230628
1.18782	1570941453.9556258
1.18783	1782214611.8566465
1.18784	1603503824.1423454
1.18785	1703726976.5132735
1.18786	1672360880.2087119
1.18787	1219382618.0877285
1.1878799999999998	1022916066.6469195
1.18789	776783514.384352
1.1879	644317608.0479022
1.18791	1356094641.8430765
1.18792	1140328555.9465926
1.18793	1092596990.6527653
1.18794	1411464631.2977571
1.18795	1331312470.2144597
1.18796	1287330325.4983542
1.18797	1298823087.755725
1.18798	1253949365.416125
1.18799	1341436131.9403644
1.188	1081608271.9048133
1.18801	1647213906.0093832
1.18802	1458579146.1459782
1.18803	1090360223.5262597
1.18804	1523526455.518242
1.18805	1322330453.7173693
1.18806	1328067044.583083
1.1880700000000002	1051889209.3811195
1.18808	1454755473.8473766
1.18809	1601658784.4353626
1.1881	1215989990.4204721
1.18811	1486175166.1179626
1.18812	1445339926.7523866
1.18813	1519882449.112275
1.18814	1264212266.734452
1.18815	1393028494.3707547
1.18816	1040351266.0018356
1.1881700000000002	1222306158.7038016
1.18818	1527284696.086541
1.18819	1356406930.1259131
1.1882	1425016851.128949
1.18821	1487715884.350342
1.18822	1535500633.6570644
1.18823	1338042783.2405744
1.18824	1405270728.2097425
1.18825	1617521269.0984368
1.18826	1194345561.6588912
1.1882700000000002	1447671417.9262743
1.18828	1033237119.4936316
1.18829	1003205720.6466793
1.1883	1215570074.8777168
1.18831	1565344746.360977
1.18832	1470110569.505372
1.18833	987370164.6234144
1.18834	1067628110.0588431
1.18835	592229450.1320965
1.18836	1658173613.7281866
1.18837	1605683704.879744
1.18838	1593308965.840385
1.18839	1586390133.0406804
1.1884	1694220763.7808251
1.18841	1547176997.6533792
1.18842	1519602502.2034936
1.18843	1557973261.9243913
1.18844	1412407451.0981328
1.18845	1619123588.7607567
1.18846	1508933150.9390767
1.18847	1688029375.2894185
1.18848	1583069566.706441
1.18849	979354673.2136011
1.1885	583848273.1071982
1.18851	1271334990.2446375
1.18852	1465750327.8595881
1.18853	1309151778.3186607
1.18854	1239053332.2423046
1.18855	1294941054.9320722
1.18856	1348093454.381465
1.18857	561267635.3413575
1.18858	972859221.8868054
1.18859	867820689.8502163
1.1886	683817167.9221443
1.18861	221819641.98002192
1.18862	693457740.190356
1.18863	565691951.8006071
1.18864	1028371423.7014707
1.18865	1288190226.9748714
1.18866	1394344217.6583805
1.18867	591398202.2354171
1.18868	907883242.3647617
1.18869	1266047500.0150235
1.1887	1248245473.9245355
1.18871	1101919833.4508064
1.18872	1014798928.5243024
1.1887299999999998	381057049.1299468
1.18874	541788771.3812026
1.18875	1121837620.8681214
1.18876	1156857855.6317635
1.18877	1466155385.6004062
1.18878	1301157891.3314776
1.18879	1285405044.6714866
1.1888	1370597704.126624
1.18881	1455827772.2939806
1.18882	1323091867.446515
1.1888299999999998	1566390353.8728893
1.18884	1442181764.9202974
1.18885	1300708564.9172306
1.18886	1283719091.2363474
1.18887	1628883409.6941473
1.18888	1187216708.2359722
1.18889	948615026.9467944
1.1889	1253487478.4854748
1.18891	1415207104.1264234
1.18892	1504665627.2036152
1.1889299999999998	1448004794.9688985
1.18894	1250690928.9705002
1.18895	1643803875.4118342
1.18896	1584929686.3956554
1.18897	1674133165.1226072
1.18898	1793163953.4308035
1.18899	1806425270.2124825
1.189	1637381955.4675179
1.18901	1361632785.9932284
1.18902	1276115547.7644954
1.18903	1541345504.1680365
1.18904	1559875726.5280766
1.18905	1665405520.7776065
1.18906	1327944730.720756
1.18907	1097842400.6391842
1.18908	1635497934.5641305
1.18909	1588766229.6024108
1.1891	1296313369.079819
1.18911	973800515.248734
1.1891200000000002	1386660038.4814358
1.18913	1222362449.2787302
1.18914	942497050.9863588
1.18915	1635987571.354738
1.18916	1253747268.9454787
1.18917	1224559804.903485
1.18918	1019365661.988257
1.18919	900409358.0073502
1.1892	1276203701.748304
1.18921	1516945576.951872
1.1892200000000002	1709857824.1121945
1.18923	1727825980.507866
1.18924	1639947707.2882702
1.18925	1777788121.1568246
1.18926	1653636310.6901646
1.18927	1622594501.6985161
1.18928	1414750968.7812998
1.18929	947850841.5314801
1.1893	1376068330.8039682
1.18931	985757295.65644
1.1893200000000002	1294344849.83003
1.18933	1503003527.9740775
1.18934	1276732753.5490112
1.18935	1586828529.3972304
1.18936	1552422755.401493
1.18937	1575868592.503526
1.18938	1738160995.1526663
1.18939	1626147740.3740206
1.1894	1386723898.006515
1.18941	625748763.3544407
1.18942	397566699.1332104
1.18943	1403459872.921175
1.18944	1414783545.0012608
1.18945	1620503599.3722837
1.18946	1237627640.227951
1.18947	1174924608.266949
1.18948	1498338710.7492588
1.18949	1430013047.4851725
1.1895	1546464660.3494918
1.18951	1462648600.6686912
1.18952	771365125.6584687
1.18953	1534369651.6992006
1.18954	1745460399.0396204
1.18955	1556969123.1729689
1.18956	1473974601.0636275
1.18957	1534793672.2795649
1.18958	459398951.8630162
1.18959	376816576.8940756
1.1896	1239909535.6501102
1.18961	918670985.0447619
1.18962	1042605472.1350566
1.18963	1568483664.6749802
1.18964	1483884163.7690187
1.18965	1388481187.8833632
1.18966	1614098373.9389713
1.18967	1627308901.2430928
1.1896799999999998	1487921434.0939615
1.18969	1387905829.8292556
1.1897	1388353309.9290452
1.18971	846837341.3222394
1.18972	988735209.639384
1.18973	1496855922.410108
1.18974	1552887521.0728867
1.18975	1268586250.4682012
1.18976	794492862.5335222
1.18977	1185932579.4905605
1.1897799999999998	1397944726.0853195
1.18979	1649681104.472728
1.1898	1701022272.0037827
1.18981	1505289388.1740901
1.18982	1466999615.449699
1.18983	1422820126.9286988
1.18984	1484157530.5106726
1.18985	1365714750.3026106
1.18986	1443244795.3017235
1.18987	1452813945.595352
1.1898799999999998	1621996825.895377
1.18989	1607792505.7665346
1.1899	1450741384.149476
1.18991	1329290803.0098994
1.18992	1408542644.3217335
1.18993	1670359686.825393
1.18994	1550172399.1500854
1.18995	1130160176.5540988
1.18996	1121346934.1608098
1.18997	1492141468.0481489
1.18998	1497476445.8579445
1.18999	1460225741.1438954
1.19	1692466183.5898814
1.19001	1585367679.1601224
1.19002	1701492346.7671807
1.19003	1657181208.500909
1.19004	1299930100.00361
1.19005	1211183651.195856
1.19006	1073593812.8960863
1.1900700000000002	873172400.6178613
1.19008	928324901.1205156
1.19009	1389408655.371643
1.1901	1709109940.0244465
1.19011	1754728783.3261385
1.19012	1185495746.2545464
1.19013	998573415.7824132
1.19014	1350485731.4138947
1.19015	1481357907.1700525
1.19016	1104383730.2492855
1.1901700000000002	1308187514.9318945
1.19018	1339892635.198694
1.19019	1458344069.9094696
1.1902	1305810029.634673
1.19021	1424459152.4537346
1.19022	1673555039.8565974
1.19023	1632675967.075254
1.19024	1653826703.5657606
1.19025	1574635360.9819267
1.19026	1331649713.5491693
1.1902700000000002	443026801.2506419
1.19028	1050654681.536738
1.19029	1298673563.829164
1.1903	1255596221.2232456
1.19031	1544863100.31845
1.19032	1593896070.6981845
1.19033	1455090482.2419715
1.19034	1277026765.977749
1.19035	1798373937.389554
1.19036	1671244534.5323858
1.1903700000000002	1472346404.0712295
1.19038	1177334850.9401405
1.19039	1252362341.7350295
1.1904	1410684842.6005466
1.19041	1140223532.6418116
1.19042	1595989390.4703946
1.19043	1733724154.9678106
1.19044	1601732545.2465742
1.19045	1557471111.6246586
1.19046	1487304870.0465288
1.19047	1454855968.2663338
1.19048	1309061348.440961
1.19049	1515758456.9655125
1.1905	1152232179.4443474
1.19051	1131566287.1356635
1.19052	1470212124.6533902
1.19053	1306441597.4462097
1.19054	1043590218.897264
1.19055	798932337.5525193
1.19056	1515409480.8616483
1.19057	1507439878.113173
1.19058	1568772616.6560163
1.19059	1498649247.6390069
1.1906	1546535879.3188355
1.19061	1489429666.9025373
1.19062	1410879749.3772874
1.19063	1500099270.9896822
1.19064	1613206636.6327193
1.19065	1681550831.0697136
1.19066	1738601299.907097
1.19067	1433837716.0558078
1.19068	1408996778.0168972
1.19069	1474280088.3909574
1.1907	1355626344.223817
1.19071	1406759964.2598245
1.19072	1633089550.7379663
1.1907299999999998	1267797818.0738394
1.19074	1617893760.017575
1.19075	1586353605.4785025
1.19076	1507717584.3774295
1.19077	1462480216.7186275
1.19078	1659739768.0798855
1.19079	1705493230.7715502
1.1908	1529079268.0964985
1.19081	1219186092.669494
1.19082	1331159206.0248234
1.1908299999999998	718588065.4151204
1.19084	1031691850.5161461
1.19085	1748074751.1881893
1.19086	1769171766.4101038
1.19087	1416543775.2363374
1.19088	1570362804.3335516
1.19089	1318044277.7971356
1.1909	1272711592.7887065
1.19091	1514781526.332855
1.19092	1426691257.5846055
1.1909299999999998	1337673119.4298954
1.19094	874923335.5770471
1.19095	927491631.9570527
1.19096	1437109962.2956526
1.19097	1056501212.9639033
1.19098	1429947194.4669838
1.19099	1565921546.921579
1.1909999999999998	1123699014.547475
1.19101	1519532523.53345
1.19102	1518238499.2512155
1.19103	1633390404.6591856
1.19104	1180945892.6045966
1.19105	1063579603.0626591
1.19106	1350236985.6598508
1.19107	1491729231.0793009
1.19108	1461403018.375243
1.19109	1274882031.1711533
1.1911	1563039667.9565082
1.19111	1420463242.7837136
1.1911200000000002	1637683600.1517446
1.19113	1562679806.2047946
1.19114	1354783815.9967914
1.19115	1213696221.8082125
1.19116	862025275.522683
1.19117	1181190648.521146
1.19118	423243210.44471246
1.19119	1198560607.9067588
1.1912	1555929804.584866
1.19121	1395564778.1247635
1.1912200000000002	1103417836.6254363
1.19123	1408477780.0293846
1.19124	1648200342.3039668
1.19125	1628320910.4413118
1.19126	1276262474.4539738
1.19127	1385000722.6443086
1.19128	1409353700.0638585
1.19129	492481589.66680187
1.1913	1198119123.1900337
1.19131	1327730708.5674806
1.1913200000000002	1342517637.4712806
1.19133	1576703384.9866042
1.19134	1414132163.0988874
1.19135	1349428878.335305
1.19136	1450741384.149476
1.19137	1279469683.739588
1.19138	1369872035.1950846
1.19139	1643728177.18888
1.1914	1469501385.9139953
1.19141	1628358404.3475235
1.19142	1556431457.9458199
1.19143	1780122952.8269968
1.19144	1732925929.3012533
1.19145	1535712785.5638266
1.19146	1344652302.9415114
1.19147	1584637758.4464898
1.19148	1652266128.8669074
1.19149	1571484131.6234195
1.1915	947239936.4641013
1.19151	823550053.994512
1.19152	1156405104.4288619
1.19153	1108842848.9282568
1.19154	997516297.6050279
1.19155	1264154048.9485831
1.19156	952905865.0506283
1.19157	1135873584.8846269
1.19158	720145083.3928497
1.19159	983671299.051533
1.1916	1212215966.6427808
1.19161	1211099988.4828966
1.19162	1744455920.4057345
1.19163	1737480743.4885914
1.19164	1649225343.706986
1.19165	1503176577.611335
1.19166	1645924841.6030235
1.19167	1259563305.5840526
1.19168	1368579404.2113233
1.19169	1220871624.5591204
1.1917	1349025006.0585773
1.19171	1320048840.594491
1.19172	556339633.4025817
1.19173	995290823.6644211
1.19174	1221659003.377676
1.19175	1491523155.3054185
1.19176	1633277577.944227
1.19177	1785007314.1763985
1.1917799999999998	1684263356.2331836
1.19179	1591292441.7846131
1.1918	1319106924.1225836
1.19181	1546144215.571311
1.19182	1242510306.92901
1.19183	1319714535.2073815
1.19184	1539394746.12044
1.19185	1555285059.2671
1.19186	1470990947.225297
1.19187	1430111832.6988275
1.1918799999999998	1659969085.4431016
1.19189	1491694883.1398404
1.1919	1281386074.5775368
1.19191	1311686352.7093992
1.19192	1311233390.521337
1.19193	1587413246.3341632
1.19194	1570832940.912359
1.19195	1733404820.5889275
1.19196	1555607398.5229115
1.19197	646026004.480715
1.1919799999999998	1344590380.840373
1.19199	1525878662.498742
1.192	1618117295.7417502
1.19201	1368453359.1946106
1.19202	1540564904.478589
1.19203	1360974537.3271973
1.19204	1408185927.6764882
1.19205	1429354653.7523775
1.19206	1486928206.6875381
1.19207	1443311260.7111561
1.19208	882876587.1653013
1.19209	1154542700.943493
1.1921	1412505020.1182747
1.19211	1621436704.7736022
1.19212	1643160551.6203275
1.19213	1620167812.8976512
1.19214	1418959500.0538132
1.19215	1231969624.5692306
1.19216	1362605068.3202806
1.1921700000000002	1659892642.8018484
1.19218	1499166952.1508472
1.19219	1443710117.4519315
1.1922	1230807120.2864532
1.19221	1328892957.8832214
1.19222	1432121946.1020365
1.19223	1489806963.9225295
1.19224	1252102838.2474372
1.19225	1649111423.1909618
1.19226	1617446781.2063634
1.1922700000000002	1179722873.5541706
1.19228	1262583181.7310205
1.19229	1350547925.0122113
1.1923	1322117336.4057074
1.19231	914597479.0940588
1.19232	1588949153.603987
1.19233	1686863728.5530686
1.19234	1700943938.836953
1.19235	1594226412.2456765
1.19236	1711630434.221982
1.1923700000000002	1651771620.0462213
1.19238	926189813.0960014
1.19239	1125667169.7221518
1.1924	1559624324.5275939
1.19241	1329811241.7452161
1.19242	1308940784.9873278
1.19243	1418077609.9689126
1.19244	1437176145.1790848
1.19245	1233133226.843874
1.19246	1558583233.5214696
1.19247	1761002611.4595387
1.19248	1544400736.2860992
1.19249	1426329944.7615614
1.1925	1193575786.7915294
1.19251	1070951984.6686188
1.19252	1147149446.7414725
1.19253	798288733.5373664
1.19254	809748216.2504891
1.19255	1629408584.3097804
1.19256	1574816658.0134773
1.19257	1532780617.581564
1.19258	1775946996.3826816
1.19259	1506156151.8512626
1.1926	1432979574.2830222
1.19261	1462513891.9577894
1.19262	1271744886.2880678
1.19263	1593969474.0149858
1.19264	1431034157.1615975
1.19265	1322543605.382252
1.19266	1371450066.872612
1.19267	1274031013.2717526
1.19268	646606401.6829956
1.19269	1316588326.1630926
1.1927	1564119750.5126145
1.19271	1430243556.9323518
1.19272	1451543315.0271409
1.1927299999999998	1691141705.9927256
1.19274	1673709187.0707145
1.19275	1739362089.0270295
1.19276	1650174987.433048
1.19277	766760973.3152146
1.19278	775943322.3344398
1.19279	1439726505.0762374
1.1928	1765997156.6307335
1.19281	1683100310.072325
1.19282	1736600812.9829905
1.1928299999999998	1356750530.299862
1.19284	1500997607.4844046
1.19285	1644258137.9635575
1.19286	1459251001.3542552
1.19287	1209762170.7502725
1.19288	1716643051.7037597
1.19289	1823223878.0729816
1.1929	1623379285.422942
1.19291	1079294589.6258383
1.19292	1313136883.4870374
1.1929299999999998	1707497199.2673762
1.19294	1482927776.6294715
1.19295	1338689940.7391253
1.19296	1204425661.4445364
1.19297	1642593122.0688415
1.19298	1635686239.0617876
1.19299	1565020389.41776
1.193	1234809607.8586016
1.19301	1217727180.7979245
1.19302	1400941498.2092779
1.19303	1795849756.005861
1.19304	1740163279.3372571
1.19305	1531792715.8934171
1.19306	1145407440.6631904
1.19307	1361287949.376867
1.19308	1547996591.199305
1.19309	1509072135.218629
1.1931	1529255319.987101
1.19311	1645280687.744115
1.1931200000000002	1440522347.2245538
1.19313	1616627640.7529786
1.19314	1399039576.0705106
1.19315	1313802246.069602
1.19316	1327394457.7297368
1.19317	1320383230.6666508
1.19318	1519042763.0665705
1.19319	1688923583.2458568
1.1932	1812424816.1049187
1.19321	1613169491.604836
1.1932200000000002	1445206812.1558475
1.19323	1513003734.5694876
1.19324	1621511376.4126835
1.19325	1540032904.089515
1.19326	1529360960.8508568
1.19327	1346480288.3878498
1.19328	1553674364.5957806
1.19329	1739081759.5742984
1.1933	1571013800.1489196
1.19331	1368736976.8084927
1.1933200000000002	1502415308.209708
1.19333	1709582249.8018672
1.19334	1625810784.3702312
1.19335	1194620601.5514288
1.19336	1489566854.7620986
1.19337	1375878233.0702255
1.19338	1050509538.2546576
1.19339	1257969176.7867248
1.1934	1563075658.6892555
1.19341	1149714477.1215384
1.19342	1562967688.9771106
1.19343	1701884174.9676952
1.19344	1538048392.0143998
1.19345	1309634176.513315
1.19346	1421150263.7448435
1.19347	1037743447.8698188
1.19348	1112346262.725003
1.19349	1482961922.6965144
1.1935	1234894908.430619
1.19351	1193548304.0097988
1.19352	1224757196.5316036
1.19353	1119231694.3798127
1.19354	636663569.752047
1.19355	458215736.41347444
1.19356	1204425661.4445364
1.19357	1568086442.6006382
1.19358	1491866630.7463038
1.19359	1732128071.1465707
1.1936	1679964095.4848158
1.19361	1545254439.5384138
1.19362	1193410899.5929556
1.19363	1504804218.411599
1.19364	1658020897.3273606
1.19365	1711157558.5884712
1.19366	1615288123.8386323
1.19367	1636213607.0040135
1.19368	1609459304.730743
1.19369	1078598966.9549427
1.1937	1558619121.6398466
1.19371	1764046382.6778214
1.19372	1683759270.9218256
1.19373	1598600704.4021833
1.19374	1423442734.3501046
1.19375	1085550420.7235782
1.19376	1431133012.9134526
1.19377	1543050003.9428132
1.1937799999999998	1672591941.3634546
1.19379	1523526455.518242
1.1938	1464704446.5747008
1.19381	1532463008.2901301
1.19382	763044734.8763362
1.19383	813542039.7472545
1.19384	1244457301.0751598
1.19385	1594777133.6421704
1.19386	1541451980.2209744
1.19387	1214087534.3128338
1.1938799999999998	525666135.77771837
1.19389	688018316.1430383
1.1939	1469975173.5533853
1.19391	1464400943.427485
1.19392	1249827280.611723
1.19393	1408996778.0168972
1.19394	1391393595.515457
1.19395	1305298984.0824473
1.19396	1643084883.0228398
1.19397	1603725371.6860814
1.1939799999999998	1011626040.2880085
1.19399	1261246575.3175368
1.194	1542552663.5577633
1.19401	631175307.0651891
1.19402	241946865.46912327
1.19403	1358845248.1543567
1.19404	1185386563.0893679
1.19405	1086375593.0201602
1.19406	1401038275.1620913
1.19407	1478767850.0830562
1.19408	1633051947.894331
1.19409	1410522440.8548481
1.1941	1487852914.3574278
1.19411	1809964263.050414
1.19412	1764290111.5278704
1.19413	1566931459.3749142
1.19414	1538473429.2087214
1.19415	1539146644.9979365
1.19416	940351020.0547882
1.1941700000000002	1473669177.0366886
1.19418	1653788623.237039
1.19419	866742315.6809113
1.1942	1288664901.2259002
1.19421	1556144779.0808616
1.19422	1434894596.0492153
1.19423	1771780836.2348511
1.19424	1603245390.6900413
1.19425	1496304561.8793814
1.19426	1440787725.6886926
1.1942700000000002	1469907480.2536554
1.19428	964272985.5105237
1.19429	1243025391.0918105
1.1943	1285109103.2948732
1.19431	1218260042.236741
1.19432	862164228.7791343
1.19433	1554998591.5571332
1.19434	1623790514.0833595
1.19435	1225152075.2479713
1.19436	1173356544.5188086
1.1943700000000002	936655742.3678961
1.19438	1652456363.9854095
1.19439	1585769278.8557851
1.1944	1645280687.744115
1.19441	1754122826.1264472
1.19442	1746264398.372145
1.19443	1639721155.7896097
1.19444	1551207871.9487064
1.19445	1662034367.997322
1.19446	1476352283.0948966
1.19447	1298494157.8390536
1.19448	1289911753.4836414
1.19449	1347783080.1267855
1.1945	1038986728.1871303
1.19451	1540777756.0885475
1.19452	1487784397.7762654
1.19453	1534369651.6992006
1.19454	1418730809.2351403
1.19455	1695157283.520939
1.19456	1630196663.7320068
1.19457	1429255920.8409848
1.19458	1757235627.9395373
1.19459	1682015524.9317975
1.1946	1492416355.9815648
1.19461	1293570193.555056
1.19462	1374674890.449255
1.19463	1558762682.3771687
1.19464	1610868169.4678204
1.19465	1497269576.1318488
1.19466	1582668650.7190528
1.19467	1472278601.5748134
1.19468	1009206409.3338491
1.19469	1354160058.6294696
1.1947	1674904309.4854753
1.19471	1635912233.0775993
1.19472	1698791189.7821734
1.1947299999999998	1547248249.4278235
1.19474	1429420479.4824295
1.19475	1576594473.9369955
1.19476	1592172065.512456
1.19477	1194675617.129976
1.19478	1440290181.1656342
1.19479	1680196207.1351314
1.1948	1008997290.4756756
1.19481	1167696557.872742
1.19482	1337765525.806981
1.1948299999999998	1120753232.1363952
1.19484	1685039166.795809
1.19485	1674210263.5792494
1.19486	1758935847.451992
1.19487	1691648001.4639
1.19488	1753113362.4336512
1.19489	1761408143.9825902
1.1949	1619943993.9036298
1.19491	1565344746.360977
1.19492	1617782003.735933
1.1949299999999998	1590413304.0205169
1.19494	1625062243.20621
1.19495	1068316657.2762944
1.19496	971068798.5204227
1.19497	1349522096.7994955
1.19498	1520932709.418697
1.19499	1684922772.4339745
1.195	933727177.9962935
1.19501	952532933.0827523
1.19502	1446072276.2267187
1.19503	1282566818.4361837
1.19504	874017241.645247
1.19505	1480403148.2433956
1.19506	1667132047.1714435
1.19507	541277531.6927171
1.19508	684604894.8958282
1.19509	1470449113.9484847
1.1951	1184213478.9525714
1.19511	1610200658.8212974
1.1951200000000002	1585477196.2622163
1.19513	1424065614.21635
1.19514	1190748381.83374
1.19515	1017325662.7092396
1.19516	1664408787.3049035
1.19517	1320900181.9440932
1.19518	595826753.8023701
1.19519	1066940006.6211157
1.1952	1351699023.3476498
1.19521	1230722102.0790846
1.1952200000000002	1563975696.393805
1.19523	1571194680.2088685
1.19524	1567978126.7677574
1.19525	1605240099.3653796
1.19526	1576521870.7500873
1.19527	1298284882.174747
1.19528	819181243.763804
1.19529	1244829867.7816465
1.1953	1233275204.7259114
1.19531	915608888.4068383
1.1953200000000002	1419907326.221694
1.19533	1312864786.8345046
1.19534	875044219.0529928
1.19535	686183072.1678578
1.19536	477980302.7561004
1.19537	806659030.370417
1.19538	1448038136.8953195
1.19539	1367697332.8383722
1.1954	1562931700.730429
1.19541	1548067880.7182956
1.19542	1732008424.1108046
1.19543	1799699516.5773585
1.19544	1520932709.418697
1.19545	1335119072.6521409
1.19546	1552029600.7891407
1.19547	1188119161.3316305
1.19548	1484943740.4497929
1.19549	1603134646.24695
1.1955	1783610416.429602
1.19551	1772556144.2845945
1.19552	1531193229.1100233
1.19553	1293004391.7962768
1.19554	1082779438.2065477
1.19555	1541948965.7304413
1.19556	1081857350.0882325
1.19557	1477134358.3225994
1.19558	1404138670.0359251
1.19559	1754203608.3279302
1.1956	1616181011.7351134
1.19561	1073297208.9421858
1.19562	1352570776.903582
1.19563	1341219935.4053693
1.19564	1584601271.2337632
1.19565	1656341944.92684
1.19566	1334750216.5809526
1.19567	1433804701.1024015
1.19568	1062698334.6541886
1.19569	1215710030.6107564
1.1957	1592465381.460108
1.19571	1607015257.096363
1.19572	1283187144.440957
1.19573	1128911767.389469
1.19574	1443876340.2900558
1.19575	733347811.0371207
1.19576	1480266804.3535285
1.19577	1765224717.452559
1.1957799999999998	1571013800.1489196
1.19579	1465379123.2376893
1.1958	1488264080.112397
1.19581	1468588083.8064046
1.19582	1532074908.5293775
1.19583	1638060734.1537092
1.19584	1333674968.3299506
1.19585	1136658489.625136
1.19586	1427940133.5254884
1.19587	1131983248.3643615
1.1958799999999998	1455258015.3684359
1.19589	1418175570.6832814
1.1959	1347224586.5316975
1.19591	1463457113.535887
1.19592	1205063687.6691744
1.19593	1221377738.379759
1.19594	1518832914.0494447
1.19595	1751136498.437881
1.19596	1712773756.5756118
1.19597	1721828927.9533305
1.1959799999999998	1676988173.9867506
1.19599	1572968407.2692213
1.196	1697305427.6023092
1.19601	1627983504.1323726
1.19602	1361946349.6277056
1.19603	1554819576.033466
1.19604	1570869111.093914
1.19605	1376733879.7310612
1.19606	935125715.3995607
1.19607	1661116147.6000118
1.19608	1653217523.5135214
1.19609	1487955695.1455407
1.1961	1461975181.1683269
1.19611	1646986350.7176127
1.19612	1703648518.7930665
1.19613	1003067132.2279916
1.19614	1458948628.2218919
1.19615	1114705130.4989913
1.19616	1315739763.8736875
1.1961700000000002	969616506.0494617
1.19618	1244887195.6355946
1.19619	1333705677.684512
1.1962	1163215016.3213232
1.19621	1558152640.550466
1.19622	1290951718.534959
1.19623	1139436166.1072016
1.19624	1122302680.0217721
1.19625	1605683704.879744
1.19626	1547497656.479915
1.1962700000000002	1220140941.4919145
1.19628	1243197133.259209
1.19629	1383088594.5890632
1.1963	1252794967.0713427
1.19631	1535642065.004893
1.19632	1617856507.0659301
1.19633	1573946622.5886655
1.19634	1313802246.069602
1.19635	698280637.9288428
1.19636	1196960999.3650837
1.1963700000000002	1617148863.9386294
1.19638	1329137771.5599039
1.19639	1175790643.7313075
1.1964	1347658950.434106
1.19641	1738080951.7238116
1.19642	1154994722.9854672
1.19643	946302527.370894
1.19644	1170927484.3317578
1.19645	1186970703.6524358
1.19646	1132217856.5705516
1.19647	1117120444.656834
1.19648	1692037562.6591444
1.19649	1695508611.873255
1.1965	1599815867.6865284
1.19651	987870462.1711737
1.19652	1178881086.2106154
1.19653	1488778197.094938
1.19654	1205535489.4902453
1.19655	1649985014.9526086
1.19656	1601474397.26769
1.19657	1465817829.7109606
1.19658	1277938634.8520188
1.19659	1480846352.622314
1.1966	1540706802.284479
1.19661	1183096038.056668
1.19662	1267651865.8578446
1.19663	802952768.7862451
1.19664	613338179.7926222
1.19665	1517819052.402287
1.19666	1551065007.003097
1.19667	1645659571.241554
1.19668	1729258822.1735528
1.19669	1435853066.4257374
1.1967	1514328165.4528508
1.19671	1558152640.550466
1.19672	1568664253.4255488
1.1967299999999998	1379208738.0974998
1.19674	1647669110.9175663
1.19675	1681550831.0697136
1.19676	1646379690.2803352
1.19677	1614432902.497297
1.19678	1561205239.0311458
1.19679	985348818.1024039
1.1968	1682712806.5186346
1.19681	970398239.5880152
1.19682	1351076686.2527866
1.1968299999999998	1569170012.5495276
1.19684	1496304561.8793814
1.19685	736817615.1138525
1.19686	1179071114.7057805
1.19687	1615622898.9775414
1.19688	1699808513.2034945
1.19689	1715892199.788109
1.1969	1598453474.6164038
1.19691	1468182353.9790876
1.19692	1705375423.5418375
1.1969299999999998	1475264867.200014
1.19694	1158937458.222312
1.19695	1097261143.1925447
1.19696	1516456650.2836413
1.19697	1657448336.0805695
1.19698	935750353.8217852
1.19699	1242252844.8932455
1.197	1504804218.411599
1.19701	1268440207.4857974
1.19702	1293659553.3047314
1.1970299999999998	1725043297.2458456
1.19704	1733324996.1849694
1.19705	1084026751.9770062
1.19706	1298314776.6330786
1.19707	1667631154.610122
1.19708	1429255920.8409848
1.19709	1159337810.173916
1.1971	1384267427.971804
1.19711	1373662365.631644
1.19712	1684379705.0425873
1.19713	1722463390.0379438
1.19714	1590449925.0617845
1.19715	1620652860.1431336
1.19716	1505254728.0040743
1.19717	1653902866.8537555
1.19718	1678533448.6910346
1.19719	1429223011.386092
1.1972	1406241790.1931725
1.19721	1429683812.7185824
1.1972200000000002	1650440985.652275
1.19723	1525351733.6820662
1.19724	975843109.7595574
1.19725	569534451.5547799
1.19726	1528621628.0272677
1.19727	1283571306.1215525
1.19728	1690830214.8684087
1.19729	1354877404.3797529
1.1973	786918943.1247988
1.19731	1091767092.8036165
1.1973200000000002	1106521864.8541462
1.19733	1508724698.5200126
1.19734	1567039702.9040756
1.19735	1582267836.2645614
1.19736	1629521143.7548962
1.19737	1740323561.6794744
1.19738	1342146737.3834894
1.19739	1420888502.3017256
1.1974	1424655962.353167
1.19741	1543618589.3035648
1.1974200000000002	1502415308.209708
1.19743	1389472641.478123
1.19744	1439660204.7471018
1.19745	842286810.3835707
1.19746	966384598.7708174
1.19747	1480266804.3535285
1.19748	1458142606.1474655
1.19749	1248964228.6340902
1.1975	1488195544.596794
1.19751	1491729231.0793009
1.19752	1262379693.7657518
1.19753	1336410871.8068366
1.19754	1424131196.3715158
1.19755	1386436553.3013382
1.19756	1322787249.3572507
1.19757	1289466310.6770904
1.19758	1185796051.8159347
1.19759	908824445.1894807
1.1976	942952898.9170396
1.19761	1016833861.0522248
1.19762	763519265.7350795
1.19763	206006061.88380945
1.19764	471389603.5792174
1.19765	936979307.6748779
1.19766	852903703.070565
1.19767	1046959784.47104
1.19768	1137312991.2112696
1.19769	1143826094.4110405
1.1977	1164447733.7625446
1.19771	760203736.6994457
1.19772	922359021.6882457
1.19773	1147519303.6423295
1.19774	1509906309.7690194
1.19775	1431133012.9134526
1.19776	1458109031.5597262
1.19777	1523351063.1495695
1.1977799999999998	1427677121.4573257
1.19779	890143448.9930842
1.1978	459176866.4738032
1.19781	1277968060.8152993
1.19782	1252247000.2124195
1.19783	1462076174.3242235
1.19784	1286678369.3667905
1.19785	1529889274.6447027
1.19786	1140118519.0095837
1.19787	1442978964.27032
1.1978799999999998	1421182987.315707
1.19789	1365085960.2129278
1.1979	1169014774.5196471
1.19791	1241566540.2519212
1.19792	1596356922.920414
1.19793	1739322039.1959484
1.19794	1625960533.9733946
1.19795	1728184079.5826368
1.19796	1077903792.6240141
1.19797	1380447835.1112432
1.1979799999999998	875648887.0062102
1.19799	1196244626.63862
1.198	1522895137.4820466
1.19801	1466594324.4717774
1.19802	1551207871.9487064
1.19803	1623827903.6721392
1.19804	1719610150.4910226
1.19805	927363503.1037481
1.19806	1499305036.888825
1.19807	1435588596.8757167
1.19808	1372208167.6394453
1.19809	992041864.6965467
1.1981	642658121.135356
1.19811	1231260649.924977
1.19812	1551672273.9072313
1.19813	1651239237.6014345
1.19814	1639456885.2635741
1.19815	1549815499.8554275
1.19816	1771536072.5744226
1.1981700000000002	1677876533.0342786
1.19818	1728144287.1317651
1.19819	1658288160.2597706
1.1982	1443211563.7448065
1.19821	1205591007.7295365
1.19822	1271100823.2531364
1.19823	1194125575.338108
1.19824	1535535990.2728193
1.19825	1467945730.0130966
1.19826	1494376398.8750632
1.1982700000000002	1158964144.0506918
1.19828	1546963262.0165946
1.19829	1339183223.199801
1.1983	1372618980.511195
1.19831	1451710439.7473788
1.19832	1481562578.4659836
1.19833	1611202028.5529206
1.19834	1532745324.409886
1.19835	1297956088.5598695
1.19836	1389504635.6363864
1.1983700000000002	1323975656.6557462
1.19838	949008276.4629152
1.19839	1625661048.55888
1.1984	1451509892.3919456
1.19841	1295865715.615361
1.19842	1452981216.6107616
1.19843	1460562009.2591026
1.19844	1621735411.9635599
1.19845	1617409538.546661
1.19846	981386320.3288476
1.19847	1534440313.65998
1.19848	1695860013.039824
1.19849	1638324779.6286368
1.1985	1728303462.4329104
1.19851	1597423245.7187495
1.19852	1149185135.932964
1.19853	1666517966.15231
1.19854	1733883844.2174444
1.19855	1737160717.1842606
1.19856	1491694883.1398404
1.19857	999608637.1366217
1.19858	817692472.9717102
1.19859	354315376.3714187
1.1986	1357656802.5760307
1.19861	1667400778.766057
1.19862	1605794625.4116492
1.19863	887074305.712395
1.19864	1060205370.9227148
1.19865	1604020816.027399
1.19866	1647213906.0093832
1.19867	899476870.0712596
1.19868	1303707007.829332
1.19869	1290030564.2179887
1.1987	1273004679.204355
1.19871	1760880969.9100785
1.19872	1728263667.233185
1.19873	1668783511.365392
1.19874	1596503959.597753
1.19875	1351325586.6996436
1.19876	1244428646.7167544
1.19877	950473471.8222497
1.19878	1553280893.0105445
1.19879	1582960215.9117606
1.1988	1792503449.0935187
1.19881	1767868672.6149511
1.19882	1365966347.4288735
1.1988299999999998	1682170451.4212735
1.19884	1777051442.314561
1.19885	1753597832.4859438
1.19886	1568122549.5410042
1.19887	1589095507.9691367
1.19888	1477406481.589611
1.19889	1508933150.9390767
1.1989	1702981774.0305686
1.19891	1391073252.1826098
1.19892	1218849265.6393056
1.1989299999999998	1313227594.902454
1.19894	1269550555.9575887
1.19895	1504353843.6527152
1.19896	1512690223.2694616
1.19897	1577611269.6993494
1.19898	1473431668.7705715
1.19899	1707890410.295467
1.199	1587778803.8266518
1.19901	1371544806.559157
1.19902	786683425.1584486
1.1990299999999998	1241852454.4284976
1.19904	1241623717.820622
1.19905	992247469.4726584
1.19906	1569278410.7178051
1.19907	1676602077.6423867
1.19908	818634418.34447
1.19909	657143172.3768122
1.1991	1044239218.5431756
1.19911	1593565797.6011562
1.19912	1673054159.4508
1.19913	1630384357.8631694
1.19914	1733524564.0876768
1.19915	1672129850.9740365
1.19916	1459587045.00149
1.19917	1827721413.3267
1.19918	1483645009.1742506
1.19919	1386755828.8718865
1.1992	1182687481.7207887
1.19921	1373662365.631644
1.1992200000000002	1683642964.9690194
1.19923	1327608425.681419
1.19924	965561631.7612804
1.19925	1454822469.3553572
1.19926	1575505777.1228259
1.19927	1602617939.9832432
1.19928	834372534.9932839
1.19929	1107311983.647374
1.1993	1298972628.8978546
1.19931	993276132.7164682
1.1993200000000002	1286945038.7760925
1.19933	1744978177.132675
1.19934	1125641250.5761075
1.19935	456078920.4378246
1.19936	429566099.1149168
1.19937	996437354.4408314
1.19938	1808506191.8067946
1.19939	1712221712.53464
1.1994	1225236708.6782231
1.19941	1681589550.6542606
1.1994200000000002	1736720777.2606983
1.19943	1484362588.6155813
1.19944	1563723633.6095119
1.19945	1596393680.8201404
1.19946	916895835.1033152
1.19947	1529325746.4187784
1.19948	1355969746.662525
1.19949	1260056444.88234
1.1995	1235805147.9284832
1.19951	1383247837.7146676
1.19952	815004487.4672973
1.19953	1326600021.4972494
1.19954	1330485053.1758885
1.19955	914808097.1935775
1.19956	1743572457.3885
1.19957	1717512869.6706276
1.19958	1389792616.214306
1.19959	826037949.5771782
1.1996	1633465626.799166
1.19961	1758126014.044964
1.19962	1676717897.2111351
1.19963	1540423019.7413685
1.19964	1518553160.4543676
1.19965	1500755694.7507017
1.19966	1664255496.6498215
1.19967	1654093290.4195304
1.19968	1672206857.172528
1.19969	1390016642.371425
1.1997	1460562009.2591026
1.19971	1514607140.703408
1.19972	1549958249.711876
1.19973	1266805674.287427
1.19974	1620354352.348225
1.19975	947327184.5042489
1.19976	804210983.1702572
1.19977	1340448089.3244221
1.1997799999999998	1193355942.2554574
1.19979	1047128548.0508984
1.1998	1302116973.191444
1.19981	1517085299.2371182
1.19982	1298344671.779769
1.19983	1116966119.4245133
1.19984	1606201399.588598
1.19985	1601437522.3814912
1.19986	1525035663.7384849
1.19987	1531122716.6795702
1.1998799999999998	1622893422.182194
1.19989	989965363.6206392
1.1999	1691102766.4642134
1.19991	1495787845.8314054
1.19992	1215150304.3436086
1.19993	1408510211.8021672
1.19994	1202015311.9766288
1.19995	1321843378.9028585
1.19996	1644598917.2576134
1.19997	1359095579.75501
1.1999799999999998	1396689923.77304
1.19999	1575251856.058856
1.2	1097463284.7820175
1.20001	1224559804.903485
1.20002	1611907069.4230742
1.20003	1471532980.1576474
1.20004	1441484576.7850688
1.20005	1025085286.6335024
1.20006	1516177334.372207
1.20007	1711078758.6851926
1.20008	1116786100.2652133
1.20009	1155713004.119833
1.2001	1069842878.241691
1.20011	1326508386.3792331
1.20012	1537304859.4608676
1.20013	1480709967.9136946
1.20014	1320413633.9641244
1.20015	1176521857.6672282
1.20016	1468824811.3159385
1.2001700000000002	1475061065.9049487
1.20018	1674942876.0264378
1.20019	1611202028.5529206
1.2002	1523701868.0808694
1.20021	1571556502.808519
1.20022	1189460433.1255913
1.20023	1552565745.4061105
1.20024	1608681250.2866395
1.20025	1548281768.974336
1.20026	1482996069.5498085
1.2002700000000002	1662723366.3711874
1.20028	1402006412.4605048
1.20029	1305359096.7062314
1.2003	1083128541.3233767
1.20031	1648959541.4102936
1.20032	1723931479.177475
1.20033	1656799672.35386
1.20034	1516351900.7872872
1.20035	1390368756.4380045
1.20036	1168826366.7843955
1.2003700000000002	954992586.0214367
1.20038	1285701054.1989667
1.20039	1437275425.2190895
1.2004	1252074007.8460596
1.20041	1295985074.7551408
1.20042	731122248.5776906
1.20043	1533451342.2710955
1.20044	1381242713.5253859
1.20045	1392483314.7504306
1.20046	1374010336.8910766
1.20047	1165896503.8697348
1.20048	1205313442.0984185
1.20049	1319289178.0683274
1.2005	1280737128.8550026
1.20051	710182554.9335049
1.20052	1288368209.3259866
1.20053	1661498677.7666538
1.20054	1588839396.67586
1.20055	1064192024.949741
1.20056	1767217485.6870675
1.20057	1656265669.3177347
1.20058	1642290573.100553
1.20059	1774148629.1379786
1.2006	1707064771.6975505
1.20061	1605609762.1150966
1.20062	1768805174.2280934
1.20063	1735521507.309832
1.20064	1284606159.3164544
1.20065	1479210564.8849928
1.20066	1201295914.2796755
1.20067	700099874.8219818
1.20068	1483610847.3787413
1.20069	1576267785.9243724
1.2007	1619421869.819752
1.20071	1410457485.391598
1.20072	890040973.3403565
1.20073	851588915.6675012
1.20074	1574127840.3217134
1.20075	1045032988.4664297
1.20076	1010182870.544834
1.20077	1626821861.9026465
1.20078	1190556471.3371654
1.20079	1498338710.7492588
1.2008	1553817469.8831742
1.20081	1557722166.5402555
1.20082	1674981443.4554381
1.2008299999999998	1710487875.0666506
1.20084	1677799265.7435837
1.20085	1649871041.9621663
1.20086	1495512336.9038053
1.20087	1414099601.8773825
1.20088	1725798153.5616822
1.20089	1648807673.6178102
1.2009	1333337212.0948367
1.20091	1257621635.074731
1.20092	1601990734.8373563
1.2009299999999998	1456833769.9111845
1.20094	1312441637.437574
1.20095	1691375361.9936786
1.20096	1551279309.3560398
1.20097	1624575876.2708905
1.20098	1429420479.4824295
1.20099	1546500269.4241912
1.2009999999999998	1640287593.2277555
1.20101	1643728177.18888
1.20102	1591915458.3766527
1.2010299999999998	1380797525.2416387
1.20104	963829023.6239703
1.20105	785633511.188161
1.20106	1146146150.2369509
1.20107	1189515211.0641284
1.20108	1647441492.7412574
1.20109	1792255822.6960714
1.2011	1647744990.6314044
1.20111	1359690302.150582
1.20112	1471871852.1606266
1.20113	997654119.094592
1.20114	1288190226.9748714
1.20115	1560486442.9706607
1.20116	1431001206.7617776
1.20117	1089431679.6591337
1.20118	1035261348.6859874
1.20119	1354378341.0340002
1.2012	1177524630.1915393
1.20121	1085650408.2167606
1.2012200000000002	1416250251.5189984
1.20123	1683914358.0236387
1.20124	1618191814.5128767
1.20125	1747551567.6836882
1.20126	1711078758.6851926
1.20127	1487955695.1455407
1.20128	1609978216.7453835
1.20129	1519357590.9567218
1.2013	1199830782.8486204
1.20131	956511068.6400645
1.2013200000000002	1650174987.433048
1.20133	1484636043.4944663
1.20134	1469433714.4324903
1.20135	958826436.996202
1.20136	1190995169.3566911
1.20137	1244142139.4182706
1.20138	919517502.0666256
1.20139	1091666541.9689074
1.2014	1716761637.300535
1.20141	1483064365.6152294
1.2014200000000002	1586682383.8189087
1.20143	1221265250.513163
1.20144	1370755509.1025345
1.20145	1496339015.9618335
1.20146	1688301475.40683
1.20147	1743371732.745915
1.20148	1743331590.5904307
1.20149	1700943938.836953
1.2015	1740844581.2572744
1.20151	1379018206.5304306
1.20152	1425312191.7602851
1.20153	1619272722.4220793
1.20154	1674634368.5620592
1.20155	1587486351.099002
1.20156	1555106010.764517
1.20157	1710999962.4107068
1.20158	1208119794.2069733
1.20159	1385798222.6656785
1.2016	1736081063.527975
1.20161	1252650742.0229757
1.20162	1345953326.0067039
1.20163	1602138290.4318454
1.20164	1531545839.9746747
1.20165	1163429308.1822505
1.20166	1610386050.6947932
1.20167	1544898672.5154426
1.20168	1499443134.3454564
1.20169	1418763477.0953696
1.2017	1610163583.0078144
1.20171	1071099952.3741463
1.20172	1170657899.3530226
1.20173	847012851.8608181
1.20174	1161582338.2512145
1.20175	1674017524.0946665
1.20176	1651049142.6017196
1.20177	1594703693.1321251
1.2017799999999998	1668821936.968147
1.20179	1570832940.912359
1.2018	1239709701.9502974
1.20181	1382260825.8079813
1.20182	1412049755.6817398
1.20183	1265610298.2063644
1.20184	1381624417.72318
1.20185	1711078758.6851926
1.20186	1737640778.748748
1.20187	1428564981.3946116
1.2018799999999998	1388289375.3685017
1.20189	1311022061.7007961
1.2019	1279204563.307478
1.20191	1174735248.055804
1.20192	1231118903.9637768
1.20193	1384012459.9723947
1.20194	1219129948.367825
1.20195	889385408.4642838
1.20196	1113371243.4427311
1.20197	1120985512.8753138
1.2019799999999998	1760516095.6738458
1.20199	1615771710.1985707
1.202	1371955420.833296
1.20201	1466796955.9624865
1.20202	1647289764.759785
1.20203	1612018419.864614
1.20204	1454855968.2663338
1.20205	1714628349.3688636
1.20206	1849907444.0461621
1.20207	1703256284.3841481
1.20208	1506537685.96486
1.20209	1480914549.6873262
1.2021	1473465596.1791391
1.20211	1415728581.7452893
1.20212	1204259275.3839195
1.20213	1645394343.6331625
1.20214	1560558307.6818194
1.20215	867041729.5752188
1.20216	540966036.9627954
1.2021700000000002	1462109840.2598526
1.20218	1532957095.6303055
1.20219	1326722211.5015762
1.2022	1257679552.0248966
1.20221	1406824749.4420068
1.20222	1231856161.1987891
1.20223	1438367958.408533
1.20224	1336010895.7057574
1.20225	1451509892.3919456
1.20226	1613838232.9846096
1.2022700000000002	1580665593.2613244
1.20228	806881949.2934028
1.20229	1071963504.8721547
1.2023	1198367438.3295908
1.20231	1256261354.2757432
1.20232	1214478972.9820368
1.20233	1519042763.0665705
1.20234	876899858.5047567
1.20235	1420463242.7837136
1.20236	1232934485.2679741
1.2023700000000002	1485422506.9185815
1.20238	1530629220.5780015
1.20239	1658899208.747787
1.2024	1161502101.7572296
1.20241	1351418936.1883314
1.20242	1693713698.3043609
1.20243	1614432902.497297
1.20244	1615808915.1454413
1.20245	1740363634.5717356
1.20246	1364174728.7750652
1.20247	1427874375.9663234
1.20248	1550029629.5706599
1.20249	1359345957.4726956
1.2025	1631022679.5692804
1.20251	1487476112.204956
1.20252	1539182085.5671716
1.20253	1597864691.0582066
1.20254	1259621311.9535086
1.20255	780800351.1962006
1.20256	1003968299.2912512
1.20257	1519672484.0962481
1.20258	1617409538.546661
1.20259	1308729825.6613564
1.2026	1200604591.7612545
1.20261	1611573064.2456179
1.20262	1415500411.6471539
1.20263	1663948957.692166
1.20264	1316558010.9455779
1.20265	1524052753.7972903
1.20266	1703805437.846669
1.20267	1752064136.4355574
1.20268	1682054255.216432
1.20269	1835650512.9971216
1.2027	1825996749.0749664
1.20271	1718976739.3851027
1.20272	895385382.3225707
1.20273	1265552016.0402498
1.20274	1205868637.2798572
1.20275	1410749808.5342185
1.20276	1653179457.2115285
1.20277	1741766767.2679386
1.20278	1589058918.1141162
1.20279	1675328590.281523
1.2028	1722979062.622062
1.20281	1776805950.5432837
1.20282	1495340169.5940757
1.2028299999999998	1508759438.5899718
1.20284	1279292930.6802964
1.20285	1376955800.8989108
1.20286	1554211077.392153
1.20287	1715892199.788109
1.20288	1555285059.2671
1.20289	1375086441.810625
1.2029	987711249.0965778
1.20291	1024377427.3175826
1.20292	1408412918.7240827
1.2029299999999998	938663649.9525787
1.20294	906170667.342481
1.20295	1713799453.4761305
1.20296	1599779030.9889445
1.20297	1475095030.8321981
1.20298	956687280.7195342
1.20299	1405853284.9036474
1.203	1604390197.994427
1.20301	1642404022.4326644
1.20302	1435687767.2479825
1.2030299999999998	1329688767.243791
1.20304	937648363.5547245
1.20305	1605831600.625008
1.20306	1340602422.9978325
1.20307	1481289689.688144
1.20308	890163945.5394205
1.20309	1222615788.9478054
1.2031	1142983602.6221318
1.20311	1433540608.840461
1.20312	1763437207.8490214
1.20313	1474347983.0613642
1.20314	1370439917.3176367
1.20315	768068580.9900995
1.20316	1128729822.9743698
1.20317	1596393680.8201404
1.20318	1717038368.8846688
1.20319	1612018419.864614
1.2032	1573475554.1121287
1.20321	1713523243.9014168
1.2032200000000002	1564732128.558867
1.20323	1663489255.1174874
1.20324	995588794.6947236
1.20325	1274852676.2655134
1.20326	1606608276.8081331
1.20327	1569639792.0292962
1.20328	1429321742.0241075
1.20329	669776645.4755282
1.2033	569954254.6891661
1.20331	1417718478.5718212
1.2033200000000002	1322482701.400819
1.20333	1462076174.3242235
1.20334	1374991457.4850287
1.20335	1465716578.0995994
1.20336	1716050246.5783386
1.20337	1182142959.3982954
1.20338	721788569.2733557
1.20339	887053880.3068258
1.2034	1192037725.13378
1.20341	1154197156.3974295
1.2034200000000002	1184458912.0898948
1.20343	1586134457.7671888
1.20344	1634782575.1561394
1.20345	1685504824.653842
1.20346	1738040931.3916676
1.20347	1327975308.1302018
1.20348	1155925913.9317558
1.20349	1344807120.6707654
1.2035	1414034481.6835785
1.20351	1249740948.5836036
1.20352	1209455795.7144613
1.20353	1634669652.2767715
1.20354	1681550831.0697136
1.20355	1542446111.474934
1.20356	1123802515.8178089
1.20357	1521843522.0464418
1.20358	1468283775.9261014
1.20359	1388768956.347507
1.2036	1091314686.9694316
1.20361	1217110474.5133278
1.20362	1397461976.4549544
1.20363	1455559623.6060278
1.20364	1434002802.2262874
1.20365	1184240746.7895374
1.20366	892791403.7390225
1.20367	966673915.8304284
1.20368	1655960602.0051165
1.20369	1669975116.570891
1.2037	1359314657.7356648
1.20371	934953474.7414092
1.20372	1294225641.7535918
1.20373	1501896481.9491625
1.20374	1658517277.0621016
1.20375	1576558171.9256072
1.20376	922507700.37937
1.20377	503616557.4360844
1.20378	1613280929.2544293
1.20379	1602728648.7322972
1.2038	1705414691.7142081
1.20381	1628920916.5525315
1.20382	1476080354.000534
1.20383	1318590674.6596622
1.20384	1625511326.5380785
1.20385	1592868779.1204386
1.20386	1736520841.4015322
1.20387	1727149773.5847151
1.2038799999999998	1564119750.5126145
1.20389	1475978393.5035875
1.2039	1524087846.812829
1.20391	1678726708.1205802
1.20392	1157923851.9270759
1.20393	1106802165.0330913
1.20394	1484909548.750235
1.20395	1503626599.9192965
1.20396	1716643051.7037597
1.20397	1669859762.7608476
1.2039799999999998	1649111423.1909618
1.20399	1502242346.211784
1.204	1536844757.543988
1.20401	1529360960.8508568
1.20402	1538756852.5909052
1.20403	1825618382.12083
1.20404	1678494799.475026
1.20405	1307886328.301546
1.20406	1313378794.5202231
1.20407	1230183789.791592
1.2040799999999998	1760556633.5217304
1.20409	1585148667.650155
1.2041	1296731318.4992158
1.20411	1616627640.7529786
1.20412	1355376651.6211095
1.20413	1472855022.3336954
1.20414	1563831655.5422661
1.20415	1066596121.2302588
1.20416	1377399750.5574176
1.20417	1580119744.976597
1.20418	1494995894.433394
1.20419	1779918020.3953388
1.2042	1414034481.6835785
1.20421	1327302767.7359107
1.20422	1381974405.9012933
1.20423	1179668546.5590525
1.20424	1530135883.5351415
1.20425	1603910018.0216794
1.20426	1637947584.8349545
1.2042700000000002	1700356555.0567412
1.20428	1747873508.2297118
1.20429	1317316100.8329675
1.2043	1303676989.2117178
1.20431	1692193412.254917
1.20432	1151728198.2944214
1.20433	1391906298.2972472
1.20434	1419220906.1288502
1.20435	1475672554.268445
1.20436	1637042671.608682
1.2043700000000002	1475128996.5415273
1.20438	1423311636.466643
1.20439	1314407413.6972895
1.2044	1503765095.4249294
1.20441	1788998597.0929503
1.20442	1765590567.5701137
1.20443	1714786279.7487998
1.20444	1573077067.8303726
1.20445	1035833613.3577162
1.20446	1572932188.750142
1.2044700000000002	1226478670.894751
1.20448	889815568.4288181
1.20449	1630759810.9589715
1.2045	1783076597.4108722
1.20451	1658020897.3273606
1.20452	1543227664.3664136
1.20453	1699534558.5201886
1.20454	1716801167.6531847
1.20455	1190967745.9951885
1.20456	1032808967.2768846
1.20457	1519567512.465642
1.20458	1586244027.8382955
1.20459	1644864016.6480813
1.2046	1600737060.8439095
1.20461	1465109215.2879114
1.20462	1676370462.505112
1.20463	1731210988.3856013
1.20464	1717631515.3543816
1.20465	1211992688.7749248
1.20466	1013444569.7847931
1.20467	1214478972.9820368
1.20468	853355515.8698716
1.20469	1592355381.6479545
1.2047	1651619493.2636516
1.20471	1582705093.4310415
1.20472	1452813945.595352
1.20473	1394665314.2455802
1.20474	1374041975.0125148
1.20475	1490561844.7133255
1.20476	1107490475.6364233
1.20477	1159070893.5090675
1.20478	1302296879.7265732
1.20479	1177822916.5381887
1.2048	1605203137.771684
1.20481	1637118061.9456372
1.20482	1493516414.2174509
1.2048299999999998	1785500598.0708528
1.20484	1761124261.4119825
1.20485	1574599104.080262
1.20486	1616813772.6027088
1.20487	1364394625.483803
1.20488	1339429932.5880015
1.20489	1216634142.6729748
1.2049	985938895.5862424
1.20491	1543405345.2451036
1.20492	1453683965.2084599
1.2049299999999998	1480266804.3535285
1.20494	1162331479.5292563
1.20495	1041166053.9880283
1.20496	1466560555.2782722
1.20497	1034856185.8402207
1.20498	1225857532.5016878
1.20499	1418534817.869319
1.205	1709109940.0244465
1.20501	1551993864.3983474
1.20502	1007905929.129635
1.2050299999999998	583700412.1970925
1.20504	985416885.9383572
1.20505	1478904055.907775
1.20506	1667477567.1777105
1.20507	1567147953.9106867
1.20508	1621362036.5732045
1.20509	1603614594.088223
1.2051	1421346616.4728274
