1.17794	456036915.9512968
1.17795	429111348.2427367
1.17796	500126653.2264203
1.1779700000000002	415690404.8075359
1.17798	373267346.99649954
1.17799	370971033.5346663
1.178	458637963.1158238
1.17801	392328628.4420828
1.17802	297810496.060133
1.17803	464408328.941048
1.17804	490557590.4658037
1.17805	284066486.69791985
1.17806	530383494.0226627
1.1780700000000002	606121933.5825869
1.17808	595250816.780946
1.17809	527958759.7837324
1.1781	573548304.1604426
1.17811	573759646.0927173
1.17812	579308632.3188162
1.17813	599018175.4751341
1.17814	659067657.5273579
1.17815	669021384.9407443
1.17816	676487848.6040423
1.1781700000000002	574658718.4513228
1.17818	592543174.6999848
1.17819	616680193.4937588
1.1782	557365393.3495665
1.17821	485400254.83448654
1.17822	220196291.297054
1.17823	475006989.38311976
1.17824	669005980.3314191
1.17825	696001218.6005911
1.17826	727176775.5315534
1.1782700000000002	724269171.7336941
1.17828	547330941.2437786
1.17829	455984415.78328127
1.1783	601838546.5720713
1.17831	259734715.3590372
1.17832	496672369.1266106
1.17833	661469768.2129875
1.17834	715022980.426933
1.17835	734243313.0889144
1.17836	665426358.6443715
1.17837	677126795.2011845
1.17838	684683717.4844128
1.17839	559938075.1137018
1.1784	391768938.61264
1.17841	570913089.074085
1.17842	576434545.469887
1.17843	487887846.7457976
1.17844	668959768.6316091
1.17845	411538054.340305
1.17846	445594682.9643406
1.17847	746981764.7707506
1.17848	726289892.0109347
1.17849	837567852.663793
1.1785	813841814.9282109
1.17851	710002699.5776694
1.17852	828075622.9774733
1.17853	885074849.6892039
1.17854	885074849.6892039
1.17855	846330515.1387699
1.17856	718885956.9738532
1.17857	708369738.6828269
1.17858	709855579.0753992
1.17859	731240101.058576
1.1786	799245132.416083
1.17861	845921376.9787999
1.17862	743720923.6726776
1.1786299999999998	303906507.74090767
1.17864	261625457.02361
1.17865	601741549.4767237
1.17866	731307453.862484
1.17867	827808725.9565539
1.17868	827865910.9325986
1.17869	753563752.3296027
1.1787	831227686.0137894
1.17871	839943357.6442251
1.17872	898772964.1527127
1.1787299999999998	780207282.9948273
1.17874	415451183.03535056
1.17875	414114082.9626408
1.17876	832760275.1301229
1.17877	825885801.7774223
1.17878	910751719.7871572
1.17879	780117463.4823898
1.1788	758560108.3361146
1.17881	890450946.7484492
1.17882	1019130971.3912834
1.1788299999999998	963385266.1423515
1.17884	922932628.7110404
1.17885	987438372.093861
1.17886	962587017.4754987
1.17887	888546171.5823348
1.17888	787825438.7594224
1.17889	825866785.2730025
1.1789	914429019.5285172
1.17891	885584486.3991356
1.17892	886400515.5915692
1.17893	840330254.9346341
1.17894	400820568.7974795
1.17895	204305472.62035888
1.17896	612110740.5220783
1.17897	804322096.6988218
1.17898	984600382.1541082
1.17899	933125375.8565547
1.179	820729417.1789751
1.17901	1070089247.0311855
1.1790200000000002	1089456765.0393918
1.17903	1015546935.5496997
1.17904	1008950825.5031787
1.17905	819766185.2062818
1.17906	518465663.984243
1.17907	624194589.6522468
1.17908	846135662.7700487
1.17909	941217514.325274
1.1791	1066129596.9053276
1.17911	990672254.5220172
1.1791200000000002	833508436.5516503
1.17913	1024118001.3919244
1.17914	1025179704.8255564
1.17915	952598733.9993796
1.17916	1061182305.9819158
1.17917	1054119870.4989414
1.17918	1049445766.6738132
1.17919	1077506751.3334825
1.1792	1121837620.8681214
1.17921	1016038114.7725894
1.1792200000000002	1146198933.4331162
1.17923	981318530.904887
1.17924	642273494.7768816
1.17925	522155672.04896
1.17926	1038221456.4455957
1.17927	878779667.4860669
1.17928	959069323.4952433
1.17929	1073519654.2241832
1.1793	975281530.9610252
1.17931	666116206.3463374
1.17932	493162448.3391802
1.17933	613281691.8600394
1.17934	669052195.223528
1.17935	488573604.2352353
1.17936	851588915.6675012
1.17937	859369626.6081778
1.17938	796984729.0503575
1.17939	577656946.1904968
1.1794	651223403.9115534
1.17941	799797422.1264932
1.17942	953696085.3866603
1.17943	751363337.4939111
1.17944	598866472.7525661
1.17945	553044401.1227401
1.17946	892133813.0173829
1.17947	752904685.7356259
1.17948	1030077734.8756537
1.17949	992407413.7585204
1.1795	805230098.6709037
1.17951	986097822.9681807
1.17952	1062698334.6541886
1.17953	1117712222.2671854
1.17954	983897823.8171194
1.17955	985848091.4398484
1.17956	734852202.1921077
1.17957	879488165.6755915
1.17958	1096755952.0957355
1.17959	1071766060.0831248
1.1796	942236665.4024367
1.17961	1028537190.9500906
1.17962	850236999.3028544
1.17963	1010206131.1328183
1.17964	839691969.9337499
1.17965	836700445.065996
1.17966	965695038.2456403
1.17967	830405085.1484758
1.1796799999999998	1047104437.3026336
1.17969	1081857350.0882325
1.1797	849786837.6157439
1.17971	940372672.6864812
1.17972	1118072588.1983654
1.17973	1032309680.5881578
1.17974	1051574388.128456
1.17975	1079493421.3489976
1.17976	1053270692.4781998
1.17977	809673639.1180725
1.1797799999999998	827789665.1756785
1.17979	999470545.6390632
1.1798	1115321309.5598528
1.17981	1145064630.2207372
1.17982	1266601505.7916098
1.17983	1237827138.3120224
1.17984	1143720748.9858913
1.17985	892647514.363031
1.17986	592979937.5355259
1.17987	1062992009.6262617
1.1798799999999998	1101691503.3339558
1.17989	1065221687.6865133
1.1799	1134436000.2997468
1.17991	921488670.4299136
1.17992	712344376.2112447
1.17993	546021822.2266091
1.17994	668513220.0701225
1.17995	419971674.6290927
1.17996	502678140.6438764
1.17997	868240419.8273616
1.17998	912304884.3066804
1.17999	1051695462.0734168
1.18	1003044036.019639
1.18001	771738203.9571921
1.18002	801272061.1995742
1.18003	775104039.061127
1.18004	956907591.469897
1.18005	1124967562.2169065
1.18006	1089983691.475278
1.1800700000000002	1020257979.2597418
1.18008	866443005.1826463
1.18009	717034413.8492974
1.1801	889139696.1422422
1.18011	899994799.6372019
1.18012	892935316.3091136
1.18013	706952118.0879049
1.18014	890040973.3403565
1.18015	819690685.4273162
1.18016	889999986.3825738
1.1801700000000002	749807879.540707
1.18018	316730582.86929715
1.18019	422318396.4766097
1.1802	630028216.1509341
1.18021	221268708.00398433
1.18022	765931621.9424927
1.18023	910898527.4514754
1.18024	1020257979.2597418
1.18025	744543368.8308027
1.18026	831572272.4645894
1.1802700000000002	924251150.8158804
1.18028	1009578283.2127627
1.18029	726875448.4280872
1.1803	805879299.020169
1.18031	695744849.5035173
1.18032	1097261143.1925447
1.18033	1147175861.1377325
1.18034	1119412107.754076
1.18035	752904685.7356259
1.18036	961678706.5009061
1.18037	814891898.2138499
1.18038	914513245.4323633
1.18039	729104871.5417
1.1804	1095519216.6966949
1.18041	1093024759.952559
1.18042	1108562031.9414494
1.18043	1179288327.6369975
1.18044	1185113649.1679902
1.18045	1104078619.902071
1.18046	1065687814.7222812
1.18047	710182554.9335049
1.18048	770388870.3526727
1.18049	542625251.3290151
1.1805	911737882.4776317
1.18051	887462477.7909467
1.18052	771365125.6584687
1.18053	598301373.7229314
1.18054	924719466.1456668
1.18055	991014479.6936038
1.18056	1028063641.1166453
1.18057	816601174.0790215
1.18058	913208615.2696557
1.18059	930422062.5251986
1.1806	1014682102.205235
1.18061	1173275494.7195544
1.18062	1162063873.6259193
1.1806299999999998	1243025391.0918105
1.18064	1222334303.667231
1.18065	998573415.7824132
1.18066	958716054.3774283
1.18067	1189515211.0641284
1.18068	1151489547.3271654
1.18069	1026597021.7515537
1.1807	659735722.0107218
1.18071	988120705.9992588
1.18072	1139095142.815067
1.1807299999999998	1143984130.742389
1.18074	937583595.337432
1.18075	1088428737.9435923
1.18076	1141957654.7139645
1.18077	1103748178.8146904
1.18078	888239331.5994053
1.18079	851824250.8918773
1.1808	619056089.4994831
1.18081	503129752.47444314
1.18082	759066805.7581121
1.1808299999999998	924655590.994122
1.18084	1226196296.2551286
1.18085	981386320.3288476
1.18086	801641145.5985875
1.18087	968277856.2612504
1.18088	1020915975.977965
1.18089	1005425741.2762573
1.1809	754049749.4853071
1.18091	939096020.0873824
1.18092	871364775.8812196
1.18093	989965363.6206392
1.18094	1191351730.5238
1.18095	1062380278.3247429
1.18096	904648776.1631074
1.18097	720045598.5451497
1.18098	1004754592.6668768
1.18099	1055917530.1098024
1.181	1103926096.3399687
1.18101	1074657316.9801514
1.1810200000000002	698698804.2413932
1.18103	728148568.4154223
1.18104	912998365.4220619
1.18105	1111015198.3553033
1.18106	1132843716.1960835
1.18107	1141011443.2578473
1.18108	1133287242.7364304
1.18109	812082216.249982
1.1811	698779249.5446651
1.18111	893655227.2018832
1.1811200000000002	782654343.8765148
1.18113	213265202.79401764
1.18114	141706574.53937563
1.18115	806343333.9825246
1.18116	1069695084.1953813
1.18117	1192669189.0370705
1.18118	1170577035.9631386
1.18119	929051951.6864494
1.1812	531128981.85501206
1.18121	786900823.8551277
1.1812200000000002	811390652.1730582
1.18123	895158623.9272416
1.18124	861787122.0404121
1.18125	726691365.5588068
1.18126	758542642.0452282
1.18127	839479316.0224483
1.18128	911590939.5361661
1.18129	952138223.0214027
1.1813	967141457.1386127
1.18131	937065610.6326637
1.18132	1154383205.992524
1.18133	976989733.3951976
1.18134	1029247924.721621
1.18135	965472704.3438152
1.18136	1003136424.0439982
1.18137	1003344328.2133832
1.18138	1056890514.1024102
1.18139	985348818.1024039
1.1814	849728138.4480313
1.18141	1017489649.4480497
1.18142	856032000.6279246
1.18143	971829325.4853637
1.18144	1116092012.3869226
1.18145	1321417335.6162775
1.18146	1141116539.135225
1.18147	1196051830.323446
1.18148	1104358301.1669087
1.18149	985666508.2352473
1.1815	1067308578.2906779
1.18151	890184442.5577127
1.18152	534712085.39615667
1.18153	1078673476.5054624
1.18154	1230523749.0992675
1.18155	1173518660.9144435
1.18156	1115706594.4255548
1.18157	981205558.9371644
1.18158	674698896.7361879
1.18159	752627356.4877678
1.1816	758350539.3867586
1.18161	1155074509.9501257
1.18162	1144379317.1056368
1.18163	990603823.670606
1.18164	949882748.0343404
1.18165	911276141.5467404
1.18166	1249942399.259658
1.18167	1259563305.5840526
1.1816799999999998	1227100124.0168
1.18169	1154064282.1880965
1.1817	816243996.4145877
1.18171	929565506.6557584
1.18172	1016295493.9301425
1.18173	909640943.5373703
1.18174	272213713.3907571
1.18175	192801318.69388387
1.18176	524916228.76469815
1.18177	833431671.1228505
1.1817799999999998	923697993.0127453
1.18179	746620654.3779429
1.1818	875648887.0062102
1.18181	737496561.8351043
1.18182	629433712.4513791
1.18183	857491848.0287756
1.18184	488753634.56368303
1.18185	870402239.9553275
1.18186	927064604.6101569
1.18187	802601560.8726279
1.1818799999999998	660176407.4433838
1.18189	747360258.2259161
1.1819	716473282.3911084
1.18191	1001543922.6355275
1.18192	1246292553.058075
1.18193	1231997992.0447464
1.18194	1300229454.4337597
1.18195	1405561976.3755019
1.18196	1346976441.4474154
1.18197	1086675811.1644228
1.18198	1066915439.7024113
1.18199	1057840036.7117901
1.182	877586633.7249664
1.18201	825068487.3560867
1.18202	858143663.4617853
1.18203	831687166.3560939
1.18204	1072605451.6793164
1.18205	860597341.1928204
1.18206	758717323.0533477
1.1820700000000002	1083377969.6020708
1.18208	1222587637.5030124
1.18209	1007604271.6885797
1.1821	924314998.0287224
1.18211	1155127704.3219225
1.18212	1124294277.0554383
1.18213	921679652.7649496
1.18214	985416885.9383572
1.18215	960727008.4891193
1.18216	981408917.8441256
1.1821700000000002	906045483.8858279
1.18218	885482535.5861605
1.18219	1051840769.2082461
1.1822	1077382705.9250863
1.18221	1178745370.3224244
1.18222	1058278565.5888929
1.18223	959444814.565125
1.18224	1206729695.2514539
1.18225	1070138527.5968697
1.18226	1078971566.1822436
1.1822700000000002	911318108.3302348
1.18228	1082231074.9155664
1.18229	835814690.2125957
1.1823	747257013.7225746
1.18231	863276661.4773692
1.18232	945104867.7509463
1.18233	687970791.1629571
1.18234	508229652.2318002
1.18235	213378176.80025324
1.18236	575095540.5881879
1.18237	943669676.8707061
1.18238	1121450218.7865572
1.18239	933920696.8125988
1.1824	797370198.5212079
1.18241	300261742.08612615
1.18242	670038873.8077563
1.18243	1148180059.0153885
1.18244	1234781175.6439846
1.18245	1231430766.6210365
1.18246	1007024414.9568695
1.18247	732689554.3036324
1.18248	903649473.7223004
1.18249	1081807529.863255
1.1825	1097235878.1119077
1.18251	939117643.8213043
1.18252	780009693.7164987
1.18253	1002813103.1832896
1.18254	1100069186.3979461
1.18255	1023670056.8047096
1.18256	1035237511.1869401
1.18257	980482846.2532426
1.18258	955894581.9174364
1.18259	889528772.0085498
1.1826	1195611269.704304
1.18261	1283393986.4413242
1.18262	1309212068.3742676
1.1826299999999998	1048745233.5185461
1.18264	874883044.796185
1.18265	933727177.9962935
1.18266	930957810.7039652
1.18267	894870105.3869693
1.18268	661622094.7923349
1.18269	805675208.2450874
1.1827	1162277953.4189944
1.18271	1165118236.7286274
1.18272	1204647545.2860556
1.1827299999999998	1155526740.203882
1.18274	1135899739.6415832
1.18275	1317376766.8781724
1.18276	1143431099.0911481
1.18277	903316618.271109
1.18278	1068439658.8571802
1.18279	1056574196.0029273
1.1828	827084724.7346348
1.18281	653777545.0218915
1.18282	1025864496.8516693
1.1828299999999998	624956803.0622243
1.18284	502215370.1130065
1.18285	902422676.6419443
1.18286	1078325809.3003962
1.18287	1061280048.9854226
1.18288	1015383261.9141359
1.18289	593430686.3976166
1.1829	413313889.41991377
1.18291	650893598.0468231
1.18292	608835545.7613945
1.18293	165405520.3952491
1.18294	627942676.8431847
1.18295	779058373.8083866
1.18296	715352336.509331
1.18297	1189789138.5992794
1.18298	1252160501.0417647
1.18299	1342641293.6097345
1.183	1323731793.7881944
1.18301	1154728806.2382765
1.1830200000000002	957634976.9692671
1.18303	1077382705.9250863
1.18304	1167454598.082736
1.18305	1263397461.655266
1.18306	1192669189.0370705
1.18307	1193905629.5365705
1.18308	1161101002.4148722
1.18309	1096856971.7040277
1.1831	804229501.0256653
1.18311	962476201.9288193
1.1831200000000002	869240594.187445
1.18313	1079916060.3906002
1.18314	1166003891.8514502
1.18315	1094384667.7893162
1.18316	1006491241.4888011
1.18317	887871263.4844962
1.18318	995978583.7251141
1.18319	873433811.7287184
1.1832	791352538.8146139
1.18321	787009545.7315954
1.1832200000000002	759154201.5844997
1.18323	875245728.6291996
1.18324	934135764.7597123
1.18325	1183096038.056668
1.18326	1231884526.061684
1.18327	1159284421.9240482
1.18328	962387558.6768572
1.18329	1032975449.830668
1.1833	1076291721.9192061
1.18331	1162224429.7736394
1.18332	712639679.4410019
1.18333	625547078.2955537
1.18334	834852976.7025254
1.18335	736885481.6494472
1.18336	1077109856.291427
1.18337	1109711278.5264244
1.18338	929501296.763156
1.18339	1030386120.4416156
1.1834	1240823471.4234476
1.18341	1128392003.9972205
1.18342	1184349824.4162743
1.18343	957061839.1813463
1.18344	1007650674.6485538
1.18345	740031148.6430094
1.18346	817993777.5104781
1.18347	350066054.68245864
1.18348	798638054.2143222
1.18349	907486138.3360354
1.1835	731071746.1862817
1.18351	937389317.5275793
1.18352	1131149479.4928665
1.18353	1134801758.2090435
1.18354	1206535209.0790818
1.18355	1156431731.9469695
1.18356	973441819.9589127
1.18357	281812336.05573595
1.18358	598411595.0603187
1.18359	1025840875.7206408
1.1836	1123621394.8504012
1.18361	1106190692.5248873
1.18362	840098095.1799806
1.18363	988826279.7114377
1.18364	1133757048.3447886
1.18365	1129899977.5142436
1.18366	1164608619.275465
1.18367	869841251.753653
1.1836799999999998	1065393394.974628
1.18369	731442178.0819927
1.1837	504463791.873079
1.18371	878799902.3686517
1.18372	806324767.4548746
1.18373	262458111.76195303
1.18374	529322067.3082329
1.18375	923634188.4196312
1.18376	1235008651.6929126
1.18377	1232537098.2033439
1.1837799999999998	1136370628.2637186
1.18379	1059107393.9754874
1.1838	837799313.1900053
1.18381	430705085.8230556
1.18382	900305700.5162027
1.18383	1037050726.3257619
1.18384	1229051270.2737596
1.18385	1089582200.6052368
1.18386	1248331702.6453574
1.18387	1355095802.4160762
1.1838799999999998	1001774563.1986082
1.18389	981408917.8441256
1.1839	897676797.5017606
1.18391	988780743.6269301
1.18392	819086937.4665977
1.18393	671104266.7737094
1.18394	238863614.6153549
1.18395	453972974.9092549
1.18396	900533762.7506471
1.18397	777642521.869525
1.18398	890553469.6038271
1.18399	791261436.2310423
1.1840000000000002	928560061.0790924
1.18401	1035881316.3568467
1.18402	1016552938.2860633
1.18403	1216438060.220937
1.18404	1335488030.6561148
1.18405	1244887195.6355946
1.18406	959665760.3342267
1.1840700000000002	687590709.4839237
1.18408	672001124.8317872
1.18409	772858521.8603313
1.1841	756031690.2242856
1.18411	892483097.7580342
1.18412	899414738.5562576
1.18413	1015687248.236034
1.18414	1166648427.4899652
1.18415	960837622.6408683
1.18416	1220843513.274734
1.1841700000000002	1271334990.2446375
1.18418	980753801.1075993
1.18419	851510485.0417169
1.1842	1146119759.550383
1.18421	1007233124.9284387
1.18422	724669528.281663
1.18423	269302261.20856667
1.18424	659416788.6217685
1.18425	1163456097.4404886
1.18426	1150323520.926181
1.1842700000000002	849297801.7589543
1.18428	1134958547.6961489
1.18429	1306772540.5799847
1.1843	1292885307.174906
1.18431	1208648451.5794582
1.18432	996575026.8585912
1.18433	862501779.9454024
1.18434	1078772830.5795054
1.18435	946520446.6681156
1.18436	1050098407.8337599
1.18437	1117351972.4855347
1.18438	832511037.2535036
1.18439	892092729.6829904
1.1844	898524658.3115051
1.18441	792683831.6658661
1.18442	1081583367.2407072
1.18443	917782980.893524
1.18444	987142840.4138529
1.18445	1075721874.5734
1.18446	1015921145.7951447
1.18447	736122343.3992637
1.18448	709675806.5269473
1.18449	707326615.2489552
1.1845	819860569.709276
1.18451	871806293.8409406
1.18452	1145011899.259958
1.18453	1252275834.5971398
1.18454	1226874104.6383429
1.18455	1310237424.2319958
1.18456	1292171029.7307699
1.18457	1239624068.7956135
1.18458	1237741635.1957364
1.18459	1334811685.5153453
1.1846	1258142983.6570356
1.18461	1114525475.7386854
1.18462	1015242991.2221627
1.1846299999999998	908908154.869181
1.18464	1026738861.1691748
1.18465	1318196031.9879394
1.18466	1287923299.5486445
1.18467	1266630670.7048461
1.18468	1425148106.0757177
1.18469	1427545633.590365
1.1847	1355751207.774384
1.18471	1265901749.3002427
1.18472	1204619807.5705993
1.1847299999999998	1060669302.8840764
1.18474	1014191578.5140473
1.18475	1145090996.6117704
1.18476	1303556921.65306
1.18477	1096402456.7286854
1.18478	1203399980.1722255
1.18479	1150138125.6222825
1.1848	1125382091.9376307
1.18481	1152364842.712915
1.18482	1000967553.5172527
1.1848299999999998	1022280319.4414304
1.18484	943952193.5172954
1.18485	851059649.1020284
1.18486	1005124826.1337633
1.18487	857965846.4945209
1.18488	926765802.4545269
1.18489	602795497.8464254
1.1849	800866264.6273983
1.18491	1020704430.766586
1.18492	843198839.2153947
1.1849299999999998	1054047056.9928572
1.18494	1131383914.8970125
1.18495	1244485956.0933638
1.18496	1120082469.2217984
1.18497	903815947.4392254
1.18498	974540741.7663053
1.18499	994145612.1207948
1.185	1198477817.1326225
1.18501	1341683256.3679116
1.18502	1199112692.5769615
1.18503	908761667.9891627
1.18504	839459986.5193963
1.18505	1092219686.1831868
1.18506	1050727260.697734
1.18507	732790786.0990472
1.18508	766355008.374097
1.18509	1036835837.8136091
1.1851	1098398674.1428256
1.18511	1210291546.805186
1.1851200000000002	823398364.4398513
1.18513	578229174.2660339
1.18514	835333695.0558666
1.18515	999884877.3724687
1.18516	986620193.3321283
1.18517	769378418.6139367
1.18518	720078758.6339115
1.18519	482125386.4664992
1.1852	589807105.1442001
1.18521	668928962.6051266
1.1852200000000002	1019999596.5937188
1.18523	985530342.7809297
1.18524	1018286532.5485394
1.18525	1144089500.4270113
1.18526	1012604842.6214336
1.18527	965005969.7540883
1.18528	472813643.4499832
1.18529	123341719.89546968
1.1853	279145094.3283532
1.18531	590649716.7081803
1.1853200000000002	1087401680.908973
1.18533	1196492553.2810204
1.18534	1016974351.5461704
1.18535	555597138.0929619
1.18536	908322348.9878523
1.18537	1006560769.8420656
1.18538	1070927325.3717693
1.18539	631306120.7559358
1.1854	214274258.05939463
1.18541	734818361.776793
1.18542	1118433070.3165224
1.18543	986438467.9142057
1.18544	1085350473.362659
1.18545	1145011899.259958
1.18546	1289941455.1413405
1.18547	1204536598.2562294
1.18548	1105859619.312614
1.18549	903233423.5672457
1.1855	900595971.5677754
1.18551	1144721922.3784552
1.18552	1158323853.7310033
1.18553	739588245.2134914
1.18554	1078350638.955595
1.18555	1056209331.2174675
1.18556	1008579182.7456508
1.18557	959687857.7093703
1.18558	741685861.0118816
1.18559	732723296.6814858
1.1856	920491960.9984668
1.18561	1196960999.3650837
1.18562	1249913618.603654
1.18563	1066424220.1011935
1.18564	1061793347.4765962
1.18565	1332661956.2155573
1.18566	1336841749.2175536
1.18567	1250777326.6232069
1.1856799999999998	1028182008.1310016
1.18569	902879931.5482994
1.1857	824555703.3630719
1.18571	877707885.174567
1.18572	1067554363.4688556
1.18573	851922326.4285481
1.18574	1117171891.1390855
1.18575	1270691134.7976367
1.18576	1133652630.2703474
1.18577	1144590138.9829586
1.1857799999999998	1298823087.755725
1.18579	1196933438.6368506
1.1858	951546464.5826976
1.18581	1268819954.2156124
1.18582	1184268015.254376
1.18583	961966614.7064104
1.18584	748169500.5111552
1.18585	1147096619.773555
1.18586	1138413402.3961332
1.18587	749134848.1658232
1.1858799999999998	876475942.3299693
1.18589	1219775763.9654214
1.1859	1310267593.9109476
1.18591	1341034651.8228207
1.18592	1141983949.5634186
1.18593	1109890157.2672806
1.18594	1027353725.1367637
1.18595	1104053197.8450387
1.18596	1134671116.8489115
1.18597	798435797.3010446
1.18598	1206674124.5748768
1.18599	908008679.7346703
1.186	637602483.5081298
1.18601	923123910.3123971
1.18602	484428850.5515879
1.18603	924038358.6232225
1.18604	833412480.8703651
1.18605	896458108.943524
1.18606	912851219.331122
1.1860700000000002	1066006861.2648431
1.18608	1250863730.2442575
1.18609	1237086307.4892688
1.1861	1240337859.1967294
1.18611	1247469683.4196427
1.18612	1281651647.1368732
1.18613	1237542150.892033
1.18614	1137915465.5168648
1.18615	1225321347.954952
1.18616	992773097.5185599
1.1861700000000002	1149105755.7777946
1.18618	1109992386.6362848
1.18619	689191638.8106751
1.1862	361676257.3989132
1.18621	981860977.435579
1.18622	963629307.4677603
1.18623	915377008.3623533
1.18624	868940420.963349
1.18625	848789503.0072452
1.18626	664339384.82025
1.1862700000000002	981137781.999331
1.18628	1102655885.7856417
1.18629	730600558.7221855
1.1863	289374328.11851126
1.18631	980324823.8256851
1.18632	1028395103.1011906
1.18633	1279057297.917
1.18634	1357844382.7522109
1.18635	1036549389.0605037
1.18636	840098095.1799806
1.18637	1278615603.4592323
1.18638	1368327325.7865381
1.18639	1333429318.9477096
1.1864	1310690042.3660758
1.18641	1270486340.0900512
1.18642	1260956195.993684
1.18643	670764392.4361168
1.18644	509026040.11870706
1.18645	510881292.5746085
1.18646	944996064.7952783
1.18647	1299271762.83675
1.18648	1383757538.9355009
1.18649	1274647210.8507426
1.1865	1333705677.684512
1.18651	1186560809.2855532
1.18652	942692387.3950832
1.18653	1047659124.9951373
1.18654	1386213104.1398985
1.18655	1362605068.3202806
1.18656	1320048840.594491
1.18657	1103138393.5353987
1.18658	962276766.092399
1.18659	1198974647.5730865
1.1866	983354251.9944823
1.18661	820313766.6149497
1.18662	1001751496.7524148
1.18663	1102630496.4878957
1.18664	941607697.1935172
1.18665	826095012.2280992
1.18666	882998569.4994613
1.18667	821315464.1042721
1.18668	1114037987.3306198
1.18669	1289525694.1625311
1.1867	1053731589.915251
1.18671	1098145787.6172562
1.18672	1014635375.4435109
1.1867299999999998	868120476.2660915
1.18674	1128573893.95795
1.18675	1217811301.3169274
1.18676	809375399.2669951
1.18677	529797616.3493554
1.18678	984532370.7182944
1.18679	846155145.9879935
1.1868	1073643254.8567133
1.18681	1150641410.9772627
1.18682	1030575942.061974
1.1868299999999998	992864539.5109582
1.18684	1165869658.419704
1.18685	1318590674.6596622
1.18686	1348497047.7694376
1.18687	1194125575.338108
1.18688	1216970357.557501
1.18689	1130368378.9276724
1.1869	1094258679.3508306
1.18691	1089381510.631416
1.18692	852628803.712144
1.1869299999999998	805823632.7730168
1.18694	1295209436.8171036
1.18695	1380352480.4465091
1.18696	1357469248.3132188
1.18697	1257274189.3787901
1.18698	1047586757.7661276
1.18699	916705844.0288162
1.187	328828915.39466554
1.18701	365662142.86559296
1.18702	194500176.6055799
1.18703	546424294.2312254
1.18704	971516095.2143395
1.18705	1086175493.6708856
1.18706	964450627.5196172
1.18707	1148100748.2860744
1.18708	1130394406.921118
1.18709	972792021.4735976
1.1871	1195088314.736274
1.18711	1279440223.2005599
1.1871200000000002	1281209056.7773552
1.18713	1280943575.927693
1.18714	1222418742.446
1.18715	1278615603.4592323
1.18716	1326600021.4972494
1.18717	1284458272.0800512
1.18718	1095746267.5816329
1.18719	854653351.4197439
1.1872	826361356.7239307
1.18721	695136351.3017104
1.1872200000000002	669838337.0252662
1.18723	918755601.6660633
1.18724	961368747.8754804
1.18725	1067800205.2476779
1.18726	846525412.3790728
1.18727	735106054.9873595
1.18728	1153984565.0050893
1.18729	1317346433.5063481
1.1873	1393188881.9354904
1.18731	1328984757.7272856
1.1873200000000002	1458142606.1474655
1.18733	1398910725.697485
1.18734	1320869767.4435728
1.18735	1352010299.3853893
1.18736	1224277872.0482259
1.18737	1046646438.5521961
1.18738	1119876161.4083078
1.18739	1001313335.1732856
1.1874	679156716.512841
1.18741	914765969.6938537
1.18742	1024424602.7277012
1.18743	1137391556.7229855
1.18744	1362134522.467651
1.18745	1402846005.9130824
1.18746	1469501385.9139953
1.18747	1520897689.0520456
1.18748	1463019113.604341
1.18749	1439593907.4711328
1.1875	1326722211.5015762
1.18751	1086425623.6170642
1.18752	934587568.6724128
1.18753	704287531.7623999
1.18754	1159337810.173916
1.18755	1022115560.6000699
1.18756	989076765.6638187
1.18757	869661010.9152316
1.18758	1090937825.3153837
1.18759	1285730658.9006152
1.1876	1360661197.4350061
1.18761	1373029916.3724642
1.18762	1395564778.1247635
1.18763	1386404629.7874734
1.18764	1289317863.9272926
1.18765	1285197878.5529466
1.18766	1140801280.5399272
1.18767	1185386563.0893679
1.1876799999999998	1108000611.3024511
1.18769	1044624001.3637387
1.1877	1332447173.7966359
1.18771	1168799453.8725598
1.18772	1032143305.33505
1.18773	1061451120.9052423
1.18774	1312441637.437574
1.18775	1136998783.42992
1.18776	1218596706.4359968
1.18777	1182633018.2035675
1.1877799999999998	849669443.3349701
1.18779	965783986.1417576
1.1878	799208326.6650205
1.18781	601367564.2388532
1.18782	1126185677.9928632
1.18783	1352633066.5240085
1.18784	1284990745.8229544
1.18785	1316679276.0039525
1.18786	1227891519.7921312
1.18787	859112424.7850801
1.1878799999999998	724452641.0214621
1.18789	571215521.623043
1.1879	479159386.2949231
1.18791	925507622.5809247
1.18792	828800491.5972745
1.18793	812961539.5231247
1.18794	947479887.9120867
1.18795	918797912.8993566
1.18796	865446049.8125771
1.18797	874721900.2260381
1.18798	930036514.7539613
1.18799	936547912.0977424
1.188	783249272.1912547
1.18801	1097716014.1374075
1.18802	1079070947.7126203
1.18803	894149215.8124721
1.18804	1111603741.8040352
1.18805	1027117195.4320248
1.18806	1008068397.4644108
1.1880700000000002	847676220.011942
1.18808	1080712065.1727312
1.18809	1203372271.182682
1.1881	976764799.093094
1.18811	1096983259.2991958
1.18812	1077060254.6915796
1.18813	1144273920.7291412
1.18814	1009880531.6351007
1.18815	1006885299.0025119
1.18816	793505607.227589
1.1881700000000002	952949748.997882
1.18818	1118458823.4861667
1.18819	1041142080.5296824
1.1882	1123647267.4870083
1.18821	1156564878.73472
1.18822	1212913975.1300714
1.18823	1080015528.9161146
1.18824	1111219873.768734
1.18825	1199112692.5769615
1.18826	956312868.8459983
1.1882700000000002	1038604021.8322335
1.18828	752852678.7187296
1.18829	676020708.7162809
1.1883	896932994.0286804
1.18831	1105426826.92551
1.18832	1045586578.8403332
1.18833	729608693.3380808
1.18834	696065325.6340107
1.18835	408028031.38887656
1.18836	1077730069.0605366
1.18837	1149079296.94458
1.18838	1189460433.1255913
1.18839	1193960612.188686
1.1884	1240052293.7284405
1.18841	1148576694.8512206
1.18842	1118201318.472257
1.18843	1137653480.9613106
1.18844	1054289788.2413263
1.18845	1128859780.2783895
1.18846	1122690376.5838683
1.18847	1149846850.512228
1.18848	1014214931.4070108
1.18849	621727389.2939599
1.1885	385886868.4638968
1.18851	788133885.0934149
1.18852	906337605.5232114
1.18853	862581222.9534798
1.18854	773552866.856872
1.18855	762359822.0326272
1.18856	727327485.9233699
1.18857	349092083.29327685
1.18858	501498917.59217405
1.18859	430506784.46511537
1.1886	351422852.82764333
1.18861	207591706.9701873
1.18862	345589071.17451537
1.18863	304158529.59477437
1.18864	540057497.9097613
1.18865	681098619.4623632
1.18866	721439637.9258089
1.18867	364191663.17316365
1.18868	528165464.13211256
1.18869	715121771.3263643
1.1887	702797163.4875637
1.18871	605619708.7277577
1.18872	526890053.3223238
1.1887299999999998	332920087.4197119
1.18874	382032226.88441116
1.18875	595895354.8413528
1.18876	683565286.7684671
1.18877	838629238.7917566
1.18878	817014943.4833683
1.18879	821618103.6481986
1.1888	901239047.7010596
1.18881	977169718.1315826
1.18882	946498652.4803252
1.1888299999999998	1068292058.6593976
1.18884	996368525.3641762
1.18885	938469148.3433226
1.18886	952818103.218676
1.18887	1126107886.5290918
1.18888	877647257.3558282
1.18889	703849813.7083209
1.1889	883161238.8288623
1.18891	957348365.1851069
1.18892	1028892496.4661716
1.1889299999999998	1077333091.7603388
1.18894	1009136698.2325947
1.18895	1220871624.5591204
1.18896	1250863730.2442575
1.18897	1322817708.0099325
1.18898	1386691967.8763704
1.18899	1370881766.1648548
1.189	1217979559.788452
1.18901	1012651475.871508
1.18902	821504600.7530266
1.18903	1100525221.4205437
1.18904	1157523988.255021
1.18905	1187845618.2786894
1.18906	890594482.051041
1.18907	772965303.5870668
1.18908	1115629526.806235
1.18909	1152895648.5477972
1.1891	954706765.0818033
1.18911	738448138.4174254
1.1891200000000002	995222073.7845747
1.18913	896809086.7156047
1.18914	768316216.9592557
1.18915	1116837531.349982
1.18916	909305881.1536828
1.18917	805526811.0554483
1.18918	658506399.6804429
1.18919	652769719.0768216
1.1892	941325882.2342
1.18921	1111398995.686016
1.1892200000000002	1266805674.287427
1.18923	1363578044.9115465
1.18924	1311052249.4469016
1.18925	1405270728.2097425
1.18926	1358438557.6403894
1.18927	1285967521.055661
1.18928	1083627455.320361
1.18929	775746812.9139012
1.1893	1002905469.9369693
1.18931	778502479.2897162
1.1893200000000002	997837910.7021133
1.18933	1090887586.9286923
1.18934	1032309680.5881578
1.18935	1200024188.3080714
1.18936	1125589414.0744257
1.18937	1136213643.7039533
1.18938	1276967958.07597
1.18939	1188338041.1281538
1.1894	959886756.9838297
1.18941	391471364.84820586
1.18942	241340384.3282104
1.18943	855716684.8709978
1.18944	1055893216.9900725
1.18945	1197843277.8258555
1.18946	943104897.2165194
1.18947	907507034.2171524
1.18948	1147017383.882993
1.18949	1131514177.7822473
1.1895	1171763592.3566086
1.18951	1064437092.4323673
1.18952	622343273.6347103
1.18953	1092823435.8942792
1.18954	1270983755.9320748
1.18955	1128184165.6518292
1.18956	1061842245.9931904
1.18957	930272108.2924092
1.18958	261041766.6736845
1.18959	214096713.15929276
1.1896	786810233.7646793
1.18961	914871292.0808543
1.18962	930957810.7039652
1.18963	1115218589.4015114
1.18964	1091038309.0297134
1.18965	1043422025.5827196
1.18966	1214674739.6410654
1.18967	1224588001.7596338
1.1896799999999998	1139016459.6278615
1.18969	1081359251.0671628
1.1897	1031905672.915674
1.18971	673565756.6592865
1.18972	748100594.7268758
1.18973	1076837075.7575562
1.18974	1104154889.5854542
1.18975	870322076.6381358
1.18976	600039720.3775308
1.18977	907987772.3028752
1.1897799999999998	1037982424.6413217
1.18979	1204841727.1784554
1.1898	1307254062.0695775
1.18981	1193218559.9838054
1.18982	1134932414.6106884
1.18983	1104561750.221608
1.18984	1073470217.9554443
1.18985	965539399.1390439
1.18986	1062992009.6262617
1.18987	1160432811.2892807
1.1898799999999998	1281327065.926795
1.18989	1228146005.3839195
1.1899	1111962138.276345
1.18991	1073791594.4006386
1.18992	1151144916.5633116
1.18993	1327027735.7536798
1.18994	1178663948.2891285
1.18995	834968323.8713844
1.18996	856978645.1980913
1.18997	1164152834.7115152
1.18998	1190912901.166481
1.18999	1145117363.6099186
1.19	1321630340.0920494
1.19001	1227184892.018146
1.19002	1341281702.2881904
1.19003	1312048835.1189828
1.19004	1017302238.1898695
1.19005	916769170.0123279
1.19006	830596315.0008018
1.1900700000000002	675289504.7005912
1.19008	682920264.7179406
1.19009	1039154206.5585773
1.1901	1266484852.8539226
1.19011	1191379162.726975
1.19012	779614665.2669849
1.19013	679094166.7481579
1.19014	986211358.2110393
1.19015	1056112055.2228153
1.19016	871826368.1538148
1.1901700000000002	980008855.3709307
1.19018	955850562.3587377
1.19019	992316013.867025
1.1902	1033451262.1565409
1.19021	1152975290.5085268
1.19022	1317710480.070138
1.19023	1338166027.2107422
1.19024	1325134618.9295542
1.19025	1219607257.3562608
1.19026	896107268.5311129
1.1902700000000002	298023149.48997605
1.19028	714693775.9837004
1.19029	975685835.1089008
1.1903	970711109.4468732
1.19031	1200604591.7612545
1.19032	1250374188.6330936
1.19033	1164313679.4798114
1.19034	1075920048.1175027
1.19035	1369083700.3859653
1.19036	1261420835.0084715
1.1903700000000002	1135481335.789934
1.19038	904024082.7135025
1.19039	948833478.7780293
1.1904	1065859597.1472526
1.19041	968969261.0636301
1.19042	1252794967.0713427
1.19043	1370345253.9514954
1.19044	1303977206.4943268
1.19045	1279734859.1190033
1.19046	1224757196.5316036
1.19047	1139751047.4553258
1.19048	1041333883.6536072
1.19049	1090184492.3851266
1.1905	836719711.0275233
1.19051	824251981.7667493
1.19052	1056574196.0029273
1.19053	1003113326.240161
1.19054	799558049.7438679
1.19055	633592459.5088162
1.19056	1122431897.3310175
1.19057	1180864318.5698614
1.19058	1232026360.1734548
1.19059	1189296114.4448652
1.1906	1252218166.4916284
1.19061	1154861756.9581726
1.19062	1122509434.8576806
1.19063	1101412497.441771
1.19064	1298524057.116191
1.19065	1363860652.0963955
1.19066	1408088656.9983835
1.19067	1177795796.475524
1.19068	1151171422.9597232
1.19069	1183613745.361751
1.1907	1123026488.6028562
1.19071	1155739615.7015634
1.19072	1279558069.4269097
1.1907299999999998	1080214493.4534314
1.19074	1281120557.0478065
1.19075	1177850037.225323
1.19076	1128859780.2783895
1.19077	1196299717.0080132
1.19078	1303616954.0500574
1.19079	1298165311.22463
1.1908	1087051200.5166948
1.19081	886298470.8351693
1.19082	954794700.8739527
1.1908299999999998	524662470.6215926
1.19084	740849513.4565978
1.19085	1298733371.3340447
1.19086	1361319294.5511346
1.19087	1150323520.926181
1.19088	1209455795.7144613
1.19089	1026502473.0257981
1.1909	992453116.8612092
1.19091	1133783154.366129
1.19092	1094082319.9034958
1.1909299999999998	973845361.4523494
1.19094	651913538.0972972
1.19095	705374897.2246107
1.19096	1070951984.6686188
1.19097	846759348.3124722
1.19098	1079891194.6906512
1.19099	1163509677.8075418
1.1909999999999998	948243774.2536047
1.19101	1186615453.688408
1.19102	1207702596.4643154
1.19103	1266980702.0493164
1.19104	973957485.997241
1.19105	864131824.9890537
1.19106	1049059207.7764436
1.19107	1192779042.987777
1.19108	1115475407.5375953
1.19109	1032285911.0529977
1.1911	1238026668.5539722
1.19111	1171251068.2549152
1.1911200000000002	1282832635.709564
1.19113	1215989990.4204721
1.19114	1045129243.9943303
1.19115	891558818.4683758
1.19116	671088814.204807
1.19117	742865176.0190517
1.19118	280730759.09533364
1.19119	798748397.7611077
1.1912	1126989837.8536975
1.19121	1018474125.1371412
1.1912200000000002	864370626.4262059
1.19123	1100474541.5281117
1.19124	1291278737.8277614
1.19125	1254093739.9826422
1.19126	1026147992.8520333
1.19127	1015546935.5496997
1.19128	882713970.2658453
1.19129	345406097.53369004
1.1913	767520528.2016412
1.19131	818031448.3834393
1.1913200000000002	878193058.5227473
1.19133	1104866994.081108
1.19134	1059424470.4659727
1.19135	1030409846.2319764
1.19136	1137103509.7106493
1.19137	1036501655.2961963
1.19138	1104409159.9171958
1.19139	1282478224.9190269
1.1914	1146832521.4224775
1.19141	1290862545.8294227
1.19142	1305178767.1394205
1.19143	1427414157.83332
1.19144	1357781853.147335
1.19145	1199637408.5599384
1.19146	968835402.259917
1.19147	1195308478.4165382
1.19148	1257737471.642298
1.19149	1110145748.3452594
1.1915	656099942.9590647
1.19151	591929521.1910505
1.19152	850863707.9353279
1.19153	827522860.3218068
1.19154	776425874.7121103
1.19155	896850387.2512623
1.19156	712000010.4319957
1.19157	808816495.6090089
1.19158	531740818.82714266
1.19159	739469047.2791798
1.1916	919919870.8622756
1.19161	962121677.9017824
1.19162	1325226159.147794
1.19163	1378288079.327172
1.19164	1323396555.6847625
1.19165	1223939638.3017516
1.19166	1257100502.5285542
1.19167	1037862929.377266
1.19168	1009159934.7312944
1.19169	895653443.5751666
1.1917	877505808.7311301
1.19171	807904449.5065622
1.19172	353134379.1042647
1.19173	615460237.3713149
1.19174	883690121.1414582
1.19175	1100449202.4570954
1.19176	1299870237.388601
1.19177	1412570069.876149
1.1917799999999998	1367130587.1864345
1.19179	1255133727.6802435
1.1918	1103748178.8146904
1.19181	1201766240.9568427
1.19182	970532314.3205998
1.19183	978610790.2047633
1.19184	1093780055.5479472
1.19185	1120779038.730355
1.19186	1056160692.1002123
1.19187	1118664870.1923153
1.1918799999999998	1281474592.6490204
1.19189	1207063173.0579028
1.1919	1051768113.131464
1.19191	1069941418.9501207
1.19192	1076737899.9649107
1.19193	1168449642.4048698
1.19194	1132608978.304782
1.19195	1317922887.023234
1.19196	1108383367.251848
1.19197	483748910.60091174
1.1919799999999998	957965789.4986566
1.19199	1185659539.8587337
1.192	1254642514.950661
1.19201	1115989221.2474964
1.19202	1218540589.2759366
1.19203	1037146246.6262922
1.19204	1003090228.9681642
1.19205	1128599880.6313765
1.19206	1172708302.8619328
1.19207	1111347815.0493038
1.19208	689906123.985588
1.19209	837432863.5552897
1.1921	1104943318.225331
1.19211	1253227741.8569608
1.19212	1314135053.7766778
1.19213	1296343218.1418614
1.19214	1141721028.3126385
1.19215	977102219.970127
1.19216	1064437092.4323673
1.1921700000000002	1249942399.259658
1.19218	1211657849.0811071
1.19219	1169849516.7622106
1.1922	1008161248.2708722
1.19221	1087401680.908973
1.19222	1148312255.739495
1.19223	1153559499.6847115
1.19224	1034927673.642102
1.19225	1253112320.6317244
1.19226	1158910773.0083888
1.1922700000000002	785742057.9668185
1.19228	788805626.9741968
1.19229	987984201.5084103
1.1923	966340096.1401092
1.19231	703525753.5139158
1.19232	1113191803.6622863
1.19233	1277438497.1286616
1.19234	1339306572.2132075
1.19235	1204924957.5711074
1.19236	1285997131.8930066
1.1923700000000002	1185113649.1679902
1.19238	707342902.2336661
1.19239	794456275.6275362
1.1924	1110657107.0911617
1.19241	1059814848.7707566
1.19242	1062771745.7899994
1.19243	1138308555.475385
1.19244	1106165221.8361454
1.19245	980008855.3709307
1.19246	1223770556.471828
1.19247	1385351566.0959625
1.19248	1257679552.0248966
1.19249	1140669948.4990206
1.1925	920004602.515509
1.19251	800940030.5332885
1.19252	842170452.1982787
1.19253	577018848.8299656
1.19254	599073349.6288104
1.19255	1173626750.955097
1.19256	1257245239.9040232
1.19257	1240195068.2433474
1.19258	1393605976.0316944
1.19259	1258896424.299035
1.1926	1141247922.5947385
1.19261	1176359326.393283
1.19262	1076167816.3881886
1.19263	1264823715.3805025
1.19264	1150985891.0011773
1.19265	1074261471.5151546
1.19266	1074954296.7977202
1.19267	890779061.43786
1.19268	474100048.77631307
1.19269	879832499.4418662
1.1927	1150747393.8482919
1.19271	1149052838.7205956
1.19272	1214311198.101042
1.1927299999999998	1364771673.7396147
1.19274	1357719326.4219825
1.19275	1375941596.0633893
1.19276	1196960999.3650837
1.19277	580390105.5409117
1.19278	565431501.005134
1.19279	1018638297.0011467
1.1928	1311474950.8858633
1.19281	1289377240.57635
1.19282	1308940784.9873278
1.1928299999999998	1015827580.3086216
1.19284	1088378615.101989
1.19285	1230948830.3501596
1.19286	1121346934.1608098
1.19287	1023717199.6384623
1.19288	1361444682.465951
1.19289	1455660173.5756016
1.1929	1264503395.882623
1.19291	887932597.5769515
1.19292	1057913112.2366811
1.1929299999999998	1283246238.7534473
1.19294	1149688004.2721586
1.19295	1052325271.3354963
1.19296	985553035.7169498
1.19297	1299660739.944356
1.19298	1297418242.2455316
1.19299	1249366912.0335336
1.193	1006004677.4724947
1.19301	978948848.7746543
1.19302	1120959701.5271661
1.19303	1409613336.5221696
1.19304	1374326750.8901205
1.19305	1179451263.5953724
1.19306	872207867.9349303
1.19307	1035952874.9746816
1.19308	1203704821.1704009
1.19309	1240880614.7717814
1.1931	1245116533.4536712
1.19311	1318590674.6596622
1.1931200000000002	1228485401.553158
1.19313	1270983755.9320748
1.19314	1108638611.3386614
1.19315	1026644299.3801273
1.19316	1079220037.1718307
1.19317	1084076674.4032922
1.19318	1245288564.5430212
1.19319	1385096398.409323
1.1932	1445306646.9538405
1.19321	1315618585.343588
1.1932200000000002	1192751578.5515342
1.19323	1261711321.3317294
1.19324	1340324635.1782458
1.19325	1267389194.2098074
1.19326	1234667453.332044
1.19327	1136553804.330384
1.19328	1324738017.7124689
1.19329	1394215799.7239316
1.1933	1287330325.4983542
1.19331	1144800999.698682
1.1933200000000002	1221602745.1968825
1.19333	1315739763.8736875
1.19334	1129327750.4767866
1.19335	848535467.7227293
1.19336	1043518132.7286223
1.19337	1024283083.0146148
1.19338	855657576.0980926
1.19339	977597314.7806367
1.1934	1185632239.3532262
1.19341	959842553.5829082
1.19342	1211016331.548948
1.19343	1306622101.4915276
1.19344	1187380739.6162734
1.19345	898503969.2548555
1.19346	1016810447.8568717
1.19347	815361122.7388767
1.19348	870442324.3827531
1.19349	1107617987.5294485
1.1935	1001336391.5303199
1.19351	925443692.9873463
1.19352	896024737.8023213
1.19353	790150828.8398634
1.19354	408846232.4039138
1.19355	289234437.0499144
1.19356	825125483.0366168
1.19357	1161502101.7572296
1.19358	1173248479.3639412
1.19359	1356375698.0617144
1.1936	1362793332.1718626
1.19361	1231827796.9890115
1.19362	1031098131.8496164
1.19363	1179668546.5590525
1.19364	1311927996.5203295
1.19365	1345271680.8171926
1.19366	1261972816.2171488
1.19367	1216466070.064855
1.19368	1060620458.3822649
1.19369	671119719.6984218
1.1937	967832050.4881582
1.19371	1215514097.0959818
1.19372	1148656038.4588938
1.19373	1070606806.1772777
1.19374	1028347744.8469826
1.19375	840659257.7488723
1.19376	1109149275.8624845
1.19377	1238340281.0615625
1.1937799999999998	1285878692.6343975
1.19379	1138832886.6600473
1.1938	1084476136.5888536
1.19381	1106878622.8588052
1.19382	566813257.9681063
1.19383	591738736.4107523
1.19384	923336491.9213068
1.19385	1141405602.7138815
1.19386	1114345849.9329677
1.19387	828590595.9777647
1.1938799999999998	366024368.483565
1.19389	490760951.7130959
1.1939	943843523.2605137
1.19391	1014588650.8335887
1.19392	873152295.3118008
1.19393	1063187838.0265985
1.19394	1111834126.2732716
1.19395	1071864777.9313056
1.19396	1241252110.6868145
1.19397	1171736611.813433
1.1939799999999998	800000023.9617268
1.19399	942909475.3311453
1.194	961258072.5791988
1.19401	353989190.0872713
1.19402	137252416.66259053
1.19403	737275835.5557952
1.19404	817899607.9175037
1.19405	819954965.0793133
1.19406	1054726845.3585967
1.19407	1201904607.373285
1.19408	1304698010.0759187
1.19409	1172573297.6007798
1.1941	1229277690.7378929
1.19411	1446105573.6547327
1.19412	1376480299.3347151
1.19413	1268235775.5555866
1.19414	1228853186.5785036
1.19415	1179016817.7245755
1.19416	790059864.6003014
1.1941700000000002	1041909505.0595893
1.19418	984305699.8597047
1.19419	510446229.2984415
1.1942	828533360.9439795
1.19421	1102757448.8229337
1.19422	1110605960.618899
1.19423	1310871133.3962967
1.19424	1198505413.4218946
1.19425	1064902876.1395453
1.19426	1125952319.7215574
1.1942700000000002	1109583525.6482348
1.19428	759259089.8586284
1.19429	918417181.9367068
1.1943	903337418.1443695
1.19431	783483762.0379102
1.19432	679688622.1791677
1.19433	1073297208.9421858
1.19434	1092974425.4611936
1.19435	825258488.2698789
1.19436	634526844.1732551
1.1943700000000002	487236707.73631775
1.19438	960992503.8495537
1.19439	1065761432.3711916
1.1944	1261101377.2978218
1.19441	1378224608.276949
1.19442	1379621646.8061125
1.19443	1303737027.1381586
1.19444	1285049923.1962705
1.19445	1308970924.8097146
1.19446	1177741558.2235415
1.19447	1024000102.2367023
1.19448	1015640475.1866947
1.19449	1032380992.4776127
1.1945	873715418.9104395
1.19451	1210347284.0740492
1.19452	1237770135.5782385
1.19453	1232792546.6104562
1.19454	1158297182.645683
1.19455	1320869767.4435728
1.19456	1349646398.1022048
1.19457	1214423045.4462445
1.19458	1414881278.1618178
1.19459	1369367448.6406643
1.1946	1244027554.9694078
1.19461	1090134288.6899047
1.19462	1129587817.7413225
1.19463	1239367204.8206792
1.19464	1276115547.7644954
1.19465	1132739382.238773
1.19466	1152736381.129808
1.19467	972321748.5358037
1.19468	639042879.3418803
1.19469	955630494.9703029
1.1947	1256261354.2757432
1.19471	1276820950.169363
1.19472	1341528798.266124
1.1947299999999998	1202873618.4574234
1.19474	1144142188.9087715
1.19475	1248504177.9574316
1.19476	1243970266.702464
1.19477	962365399.1395172
1.19478	1057304303.7421848
1.19479	965250421.6303693
1.1948	563313293.2779187
1.19481	819105797.8574551
1.19482	953608250.7760768
1.1948299999999998	897635458.909377
1.19484	1282389637.521477
1.19485	1339121552.9532936
1.19486	1438003688.434301
1.19487	1378002482.6179984
1.19488	1440754550.707243
1.19489	1447238142.515545
1.1949	1336287789.4850116
1.19491	1294255442.7433825
1.19492	1316163976.63235
1.1949299999999998	1301097972.1758902
1.19494	1211155762.9827325
1.19495	834391747.3520836
1.19496	759154201.5844997
1.19497	1014098172.319226
1.19498	1108587557.819419
1.19499	1040447090.3073037
1.195	513877970.1936463
1.19501	569626257.0608964
1.19502	972948829.659009
1.19503	910856579.9899496
1.19504	650054845.7049031
1.19505	960196237.7948258
1.19506	1022798305.8615834
1.19507	364997592.5939458
1.19508	463564318.459856
1.19509	995772205.8203887
1.1951	961922315.5267067
1.19511	1202181388.000823
1.1951200000000002	1198312252.7403042
1.19513	1051598601.8023314
1.19514	827541914.9592029
1.19515	734801442.15353
1.19516	1066743487.1094368
1.19517	721356583.8990859
1.19518	361992856.224239
1.19519	687764887.5142312
1.1952	954618837.3884664
1.19521	935362598.1161996
1.1952200000000002	1140144771.5108855
1.19523	1190282367.1374626
1.19524	1164420921.6712992
1.19525	1146040591.1366038
1.19526	1149211597.2032394
1.19527	1028300388.7736484
1.19528	999194419.8714937
1.19529	1044119002.9805658
1.1953	872468990.2831597
1.19531	688319383.9319924
1.1953200000000002	937151921.5396154
1.19533	815398672.3708135
1.19534	467444441.67001706
1.19535	390588992.56742597
1.19536	301418566.4518535
1.19537	508979159.24680686
1.19538	906087209.7830887
1.19539	1030837003.8901688
1.1954	1174437743.668253
1.19541	1205535489.4902453
1.19542	1333183714.8115954
1.19543	1381401744.1238456
1.19544	1192751578.5515342
1.19545	1046646438.5521961
1.19546	1071395949.1197354
1.19547	759398963.4340285
1.19548	1034522641.3843565
1.19549	1173491639.9597864
1.1955	1349895035.05598
1.19551	1339645840.5853724
1.19552	1133704838.1054127
1.19553	888075726.9368969
1.19554	735495466.2694249
1.19555	980324823.8256851
1.19556	829927203.1146268
1.19557	1085575416.733518
1.19558	1098752813.1180725
1.19559	1300648666.4534187
1.1956	1221968469.6865966
1.19561	919199966.8122275
1.19562	1055504283.2017274
1.19563	1074088334.977168
1.19564	1221405861.9652743
1.19565	1215318195.1594186
1.19566	937475658.2504069
1.19567	952072453.914648
1.19568	754640310.2862117
1.19569	851373248.827491
1.1957	1128521922.4061544
1.19571	1106725712.488719
1.19572	808909619.4098305
1.19573	744354811.5202805
1.19574	953718045.303376
1.19575	602517964.1703285
1.19576	1062184598.6687006
1.19577	1313530011.546493
1.1957799999999998	1256001042.8691332
1.19579	1217586992.8452551
1.1958	1222756555.895351
1.19581	1157044334.1154642
1.19582	1224052372.4999092
1.19583	1267622677.4309971
1.19584	1046694639.5117947
1.19585	904419671.7921039
1.19586	1056282294.093323
1.19587	833431671.1228505
1.1958799999999998	1114140598.74648
1.19589	1139882273.69775
1.1959	1145539318.1594374
1.19591	1285345850.944594
1.19592	1228004617.9887881
1.19593	1193905629.5365705
1.19594	1333367913.672184
1.19595	1482074380.432096
1.19596	1453750911.3705022
1.19597	1428828157.027683
1.1959799999999998	1379685182.1938136
1.19599	1299600889.733556
1.196	1362479573.5348985
1.19601	1298165311.22463
1.19602	1113884087.9260962
1.19603	1200189989.2293622
1.19604	1127275322.9066849
1.19605	818577871.0353174
1.19606	550161252.4338821
1.19607	1068464260.872732
1.19608	1208676282.058939
1.19609	1137286803.9133675
1.1961	1145697591.1977446
1.19611	1196988560.7279336
1.19612	1053367706.7616203
1.19613	601118369.8856394
1.19614	852766242.3142209
1.19615	751294137.5599209
1.19616	731981323.199807
1.1961700000000002	537390518.9339094
1.19618	838185222.8840692
1.19619	916790279.6456057
1.1962	891866805.1594707
1.19621	1089256098.1695282
1.19622	898710881.2601297
1.19623	854299200.6444215
1.19624	875024070.647213
1.19625	1209622899.750483
1.19626	1173518660.9144435
1.1962700000000002	964739365.5852412
1.19628	982810980.47775
1.19629	1091063431.40441
1.1963	996666819.0377488
1.19631	1202375172.3635964
1.19632	1290832822.963071
1.19633	1177307742.1154726
1.19634	960859746.9994496
1.19635	541564265.2546836
1.19636	860458640.4684571
1.1963700000000002	1112986765.039404
1.19638	989395657.7386893
1.19639	913103484.2943816
1.1964	1051187045.1624056
1.19641	1225321347.954952
1.19642	832836978.7182221
1.19643	681537881.556366
1.19644	640383303.2347463
1.19645	647172418.4536103
1.19646	773944823.8110285
1.19647	850589466.0876572
1.19648	1180918700.633579
1.19649	1183368487.352429
1.1965	946302527.370894
1.19651	517201767.0460514
1.19652	673876016.5878807
1.19653	953652167.0701373
1.19654	832376863.1416624
1.19655	1114884814.2185614
1.19656	1198781411.265982
1.19657	1032999235.243228
1.19658	919898689.1683266
1.19659	1082355678.5452037
1.1966	1099031145.268494
1.19661	928602823.8348236
1.19662	874238644.5808921
1.19663	580122887.5538223
1.19664	455732499.09642285
1.19665	1056866178.5791584
1.19666	1165815969.3740346
1.19667	1258780480.9928946
1.19668	1327363893.6947124
1.19669	1146357297.6069362
1.1967	1230438750.4658105
1.19671	1225152075.2479713
1.19672	1145064630.2207372
1.1967299999999998	1114243219.6136408
1.19674	1285701054.1989667
1.19675	1289050702.8420744
1.19676	1262815779.5704505
1.19677	1183559239.1894948
1.19678	928153913.1032745
1.19679	542925199.995811
1.1968	972344137.3292
1.19681	741651705.9021944
1.19682	988302741.3254354
1.1968299999999998	1166917089.1473842
1.19684	1085850410.8328068
1.19685	570991969.0808946
1.19686	865884568.7712742
1.19687	1230552083.2818868
1.19688	1341528798.266124
1.19689	1355751207.774384
1.1969	1294672728.6587706
1.19691	1226478670.894751
1.19692	1319167672.6401534
1.1969299999999998	1169984208.4184535
1.19694	904794600.0698553
1.19695	854653351.4197439
1.19696	1087201392.5647318
1.19697	1044984864.0269233
1.19698	526538340.1006843
1.19699	681773317.0572556
1.197	1027803281.6489141
1.19701	957326321.6781453
1.19702	1010368970.2462339
1.1970299999999998	1273151247.7212374
1.19704	1274353746.2717447
1.19705	903753516.201726
1.19706	1047924514.2744068
1.19707	1270661876.3898413
1.19708	1116631821.2210867
1.19709	952642603.8024
1.1971	1074385157.5574734
1.19711	1122147638.8866317
1.19712	1303977206.4943268
1.19713	1341436131.9403644
1.19714	1300199515.8888495
1.19715	1301427561.6815436
1.19716	1228343975.0858474
1.19717	1303316819.7090902
1.19718	1295060328.903534
1.19719	1125796774.4048872
1.1972	1102478172.977617
1.19721	1085100590.9504757
1.1972200000000002	1208091976.5409513
1.19723	1052882724.6856363
1.19724	659325693.1185156
1.19725	403589631.1477018
1.19726	949751525.947708
1.19727	882043492.1008822
1.19728	1122173477.5883632
1.19729	928495920.6378113
1.1973	580216399.8517307
1.19731	745813087.3705405
1.1973200000000002	809300856.4707135
1.19733	1084326321.0228322
1.19734	1161207948.6942356
1.19735	1167992354.6071053
1.19736	1174897554.9395301
1.19737	1179695709.743883
1.19738	849278246.1795193
1.19739	1000644931.7051167
1.1974	1048769382.0479746
1.19741	1068538070.3183768
1.1974200000000002	1029888005.0200024
1.19743	936483219.894322
1.19744	785054848.2379963
1.19745	445379270.91737103
1.19746	512885002.67475194
1.19747	864131824.9890537
1.19748	939983001.5869988
1.19749	858598252.0506263
1.1975	962720012.9733183
1.19751	955322485.743694
1.19752	806863370.3638197
1.19753	829831659.7143446
1.19754	878152617.1690422
1.19755	824935512.7448857
1.19756	754292865.5886438
1.19757	672140399.8419808
1.19758	626556154.0602943
1.19759	444733659.3897965
1.1976	454244837.24454343
1.19761	481016528.84809804
1.19762	351892491.35172313
1.19763	192477513.6570773
1.19764	272282669.59939444
1.19765	422999642.17925084
1.19766	403831321.3488509
1.19767	535574634.3955976
1.19768	614412439.6226634
1.19769	651718426.0694697
1.1977	701035482.3650721
1.19771	706382611.5097682
1.19772	692564138.985255
1.19773	741224899.7181218
1.19774	907110094.740174
1.19775	916811389.7649565
1.19776	936461656.8195543
1.19777	965494935.4303252
1.1977799999999998	904565458.768618
1.19779	568839832.6718527
1.1978	295488103.05470395
1.19781	754744574.9001348
1.19782	854102513.6292844
1.19783	944909031.4493074
1.19784	814085463.5968528
1.19785	1022586370.6103947
1.19786	865725081.6290082
1.19787	1034975334.9202064
1.1978799999999998	1043950724.4429656
1.19789	1002651481.833612
1.1979	914913424.4309617
1.19791	899290488.4011879
1.19792	1153054937.9709134
1.19793	1233928513.5584984
1.19794	1153851715.2698352
1.19795	1066571562.2297168
1.19796	620468874.1810647
1.19797	757861770.3029943
1.1979799999999998	484484625.6946963
1.19799	704774204.4253776
1.198	1009322605.2041867
1.19801	1093351990.6535015
1.19802	1154489533.5114813
1.19803	1139646077.3385882
1.19804	1005101682.5458027
1.19805	500529870.1435316
1.19806	859488361.1113764
1.19807	991288344.9478922
1.19808	968010348.161636
1.19809	691751325.5197567
1.1981	472737441.036036
1.19811	879386916.6870762
1.19812	1183286745.9765568
1.19813	1273209879.8529673
1.19814	1280973071.0830948
1.19815	1237684636.3994308
1.19816	1376416911.5339258
1.1981700000000002	1345116809.6065533
1.19818	1375498116.382599
1.19819	1302656767.3704252
1.1982	1121476041.4294124
1.19821	952532933.0827523
1.19822	987756735.9279082
1.19823	975798171.5583508
1.19824	1164581803.4797366
1.19825	1187462763.8049753
1.19826	1159765004.6947381
1.1982700000000002	990216138.1217008
1.19828	1196740531.3072414
1.19829	1066866307.5619881
1.1983	999194419.8714937
1.19831	1033094382.3704543
1.19832	1177280633.9150007
1.19833	1258114014.1777706
1.19834	1216634142.6729748
1.19835	965450473.7691886
1.19836	1004824001.0525472
1.1983700000000002	771827058.716191
1.19838	508908846.0345003
1.19839	969795132.4620787
1.1984	916790279.6456057
1.19841	873856256.547246
1.19842	1031715606.3723992
1.19843	1054702559.6550852
1.19844	1107413975.5468767
1.19845	927192692.1662561
1.19846	532292074.6906136
1.19847	962830856.5913973
1.19848	1231345705.335193
1.19849	1256955781.8156323
1.1985	1233871690.3588855
1.19851	942128192.6417594
1.19852	679187993.5556397
1.19853	1118304313.3627498
1.19854	1265114985.3361428
1.19855	1289110067.1876314
1.19856	1084151562.3535063
1.19857	738176134.1774577
1.19858	505417179.7068946
1.19859	218796313.35213625
1.1986	843140595.1147717
1.19861	1163858010.3443394
1.19862	1081135181.3329966
1.19863	679125440.91037
1.19864	814104208.8231927
1.19865	1198671004.5021849
1.19866	1195336001.728249
1.19867	728249172.8071136
1.19868	986052412.5308565
1.19869	996368525.3641762
1.1987	1036191439.4040681
1.19871	1340540687.3962636
1.19872	1389920626.7397313
1.19873	1331435094.2713413
1.19874	1256897898.1955442
1.19875	1072407888.6502053
1.19876	935233381.9238428
1.19877	696915301.4816291
1.19878	1139462402.8965664
1.19879	1207646980.9850085
1.1988	1391425633.905825
1.19881	1330822086.91226
1.19882	1032618734.3559637
1.1988299999999998	1259911383.8735626
1.19884	1388896872.586038
1.19885	1396368361.0559359
1.19886	1199499303.1493804
1.19887	1251958692.8787591
1.19888	1239310131.1658494
1.19889	1266776505.344636
1.1989	1336226252.5750842
1.19891	1153957993.8344293
1.19892	973778092.9213824
1.1989299999999998	1025368567.3003783
1.19894	984577711.1534945
1.19895	1126289408.3039114
1.19896	1168315127.4118984
1.19897	1229221081.7116542
1.19898	1165628077.1837072
1.19899	1355064600.5413556
1.199	1251699273.0317252
1.19901	1014238284.8376967
1.19902	627119059.3247355
1.1990299999999998	901467346.3676896
1.19904	812961539.5231247
1.19905	546587883.2105098
1.19906	856169987.8047441
1.19907	961789430.2272457
1.19908	459949339.9920061
1.19909	417628376.5915178
1.1991	714940665.1026813
1.19911	1133861476.036932
1.19912	1269667491.269975
1.19913	1285227471.6684198
1.19914	1380002903.024726
1.19915	1349335666.31019
1.19916	1231912891.5777118
1.19917	1395179222.5951493
1.19918	1193603270.206082
1.19919	1098171073.6495755
1.1992	937864289.9276515
1.19921	1036119864.3073556
1.1992200000000002	1153745446.4934034
1.19923	799779006.3222985
1.19924	537960018.6877315
1.19925	913187588.1062944
1.19926	1100651931.3628798
1.19927	1035285186.7339194
1.19928	507200881.89102197
1.19929	594839774.0692211
1.1993	844247921.3143612
1.19931	746809785.6637073
1.1993200000000002	962476201.9288193
1.19933	1153798579.6581526
1.19934	726942399.2141186
1.19935	296701676.30462706
1.19936	274871682.0038025
1.19937	662552046.8493651
1.19938	1209065976.0653224
1.19939	1249395680.1010096
1.1994	996873382.3547604
1.19941	1253660666.1435106
1.1994200000000002	1184240746.7895374
1.19943	947676257.0343556
1.19944	1121140393.4457216
1.19945	1001221115.0538844
1.19946	525641928.51495147
1.19947	838571310.3370428
1.19948	891702532.3531789
1.19949	734412398.3255593
1.1995	727729533.0252923
1.19951	891764131.1094527
1.19952	585207657.1272237
1.19953	858657563.9652463
1.19954	813691913.5325769
1.19955	484998058.4132527
1.19956	955322485.743694
1.19957	1037098485.376307
1.19958	752904685.7356259
1.19959	427277476.47419035
1.1996	880014848.3633189
1.19961	1203289148.0421016
1.19962	1258461691.9579413
1.19963	1242109833.4816835
1.19964	1214423045.4462445
1.19965	1213277098.3682652
1.19966	1318621036.6815276
1.19967	1332661956.2155573
1.19968	1322421800.2240539
1.19969	1137234431.1264794
1.1997	1141878773.798267
1.19971	1106572823.2425172
1.19972	999930924.8330076
1.19973	845960333.994863
1.19974	976517431.1743977
1.19975	529200200.4290568
1.19976	512849575.05754447
1.19977	839537307.2021363
1.1997799999999998	643620695.0446321
1.19979	578096047.4057187
1.1998	923761802.0134803
1.19981	1102782841.0439034
1.19982	1018122417.3776957
1.19983	882510741.2614164
1.19984	1188529594.0272074
1.19985	1219691507.7508323
1.19986	1175276358.2155359
1.19987	1140591156.53185
1.1998799999999998	932996468.7265292
1.19989	553757982.8915591
1.1999	1004800864.3912567
1.19991	1094863556.1625843
1.19992	932889059.7215725
1.19993	968567740.1259316
1.19994	685882938.7920183
1.19995	799134720.2476089
1.19996	1166621564.7264526
1.19997	1095090471.1591673
1.1999799999999998	1126548775.8837569
1.19999	1177063790.7805693
1.2	873232719.313767
1.20001	885808819.5080391
1.20002	1111680531.322378
1.20003	1101691503.3339558
1.20004	922911377.6465732
1.20005	566578382.2089005
1.20006	920428377.8625497
1.20007	1137286803.9133675
1.20008	770637254.4153181
1.20009	832376863.1416624
1.2001	856367150.9282148
1.20011	1048721085.5451467
1.20012	1214423045.4462445
1.20013	1191050017.9740713
1.20014	1062404740.8162957
1.20015	982268009.1010094
1.20016	1161475357.490882
1.2001700000000002	1219410695.7333724
1.20018	1354409527.106824
1.20019	1343507205.548582
1.2002	1268118972.1030235
1.20021	1246407346.130578
1.20022	1048021036.1339412
1.20023	1241966838.5339706
1.20024	1315315687.8430223
1.20025	1222672093.7820668
1.20026	1137155876.4682448
1.2002700000000002	1298105529.879282
1.20028	1164045617.2106116
1.20029	1048841830.972593
1.2003	893449479.1699669
1.20031	1263717501.0018249
1.20032	1354565468.2426908
1.20033	1307254062.0695775
1.20034	1163027543.3213127
1.20035	1018075532.1872553
1.20036	693122504.701663
1.2003700000000002	610393640.2296884
1.20038	922125432.1570734
1.20039	1037623980.1173971
1.2004	937216659.9369082
1.20041	830672819.2716287
1.20042	441346818.2233483
1.20043	864928086.4481598
1.20044	1017700528.3827149
1.20045	1076316504.737277
1.20046	1031953195.0222973
1.20047	857610323.0893514
1.20048	682967440.8079647
1.20049	740627783.6681548
1.2005	851471272.4376413
1.20051	497714163.866876
1.20052	873795894.7803979
1.20053	1168772541.5804045
1.20054	1006074172.2139467
1.20055	606415090.3928652
1.20056	1117557815.2834141
1.20057	1276409418.0599866
1.20058	1276086164.4564133
1.20059	1403104443.4994135
1.2006	1408283205.0740507
1.20061	1339275733.894768
1.20062	1411204653.8497534
1.20063	1333552137.982544
1.20064	1022445104.840914
1.20065	1045682885.3581356
1.20066	688430336.8501858
1.20067	432464038.90633553
1.20068	967676066.9636463
1.20069	1158483893.1401904
1.2007	1186779401.9965804
1.20071	1012161933.8378527
1.20072	667083194.7728745
1.20073	634760655.5686598
1.20074	923931980.8994381
1.20075	612265798.235398
1.20076	742300922.0287333
1.20077	1037432860.32002
1.20078	673720868.763588
1.20079	879528668.534994
1.2008	1159337810.173916
1.20081	1256029963.6948752
1.20082	1359252060.423683
1.2008299999999998	1389248702.9965224
1.20084	1330025599.2678516
1.20085	1351823525.1619382
1.20086	1245374589.000724
1.20087	1211741550.3310475
1.20088	1385479167.566724
1.20089	1323579402.3059466
1.2009	1116657532.9149604
1.20091	1059400076.5968908
1.20092	1265406322.366886
1.2009299999999998	1164903633.7842224
1.20094	1079493421.3489976
1.20095	1365463199.5179775
1.20096	1264911089.3252275
1.20097	1299541042.278891
1.20098	1198781411.265982
1.20099	1285138694.366192
1.2009999999999998	1335672547.8916948
1.20101	1326844412.7605364
1.20102	1251756917.2407596
1.2010299999999998	976764799.093094
1.20104	700180481.4387512
1.20105	585436775.3399477
1.20106	843315339.487422
1.20107	925422384.1041572
1.20108	1214926486.0005484
1.20109	1370345253.9514954
1.2011	1257911246.4991536
1.20111	1081234762.1488748
1.20112	1020774940.9660904
1.20113	624582770.8179271
1.20114	846447448.0976998
1.20115	1056574196.0029273
1.20116	936547912.0977424
1.20117	636502333.2473062
1.20118	548415852.4894242
1.20119	672202309.1115675
1.2012	609747460.1869905
1.20121	770424348.8881623
1.2012200000000002	1017068022.659092
1.20123	1261595118.7759302
1.20124	1276291861.8217902
1.20125	1369682793.4520905
1.20126	1314467945.789423
1.20127	1198864223.0123875
1.20128	1198560607.9067588
1.20129	1105885082.9645214
1.2013	810550354.3819709
1.20131	568198391.5599054
1.2013200000000002	1007743486.9795463
1.20133	1073000686.9316603
1.20134	961457297.2871788
1.20135	503338325.526826
1.20136	672140399.8419808
1.20137	772307051.2254549
1.20138	641903878.8274362
1.20139	609242231.2673492
1.2014	1032642511.5547515
1.20141	1083178422.3845851
1.2014200000000002	1090787117.0957382
1.20143	715747764.0702485
1.20144	834776087.4427006
1.20145	1101691503.3339558
1.20146	1318438875.0365572
1.20147	1399458421.7526007
1.20148	1417751123.1220007
1.20149	1415924185.3884807
1.2015	1393445540.4499907
1.20151	1160700041.5833936
1.20152	1194978248.103574
1.20153	1298284882.174747
1.20154	1297806664.4445345
1.20155	1151436520.4948318
1.20156	1122638675.9718266
1.20157	1203677105.1617196
1.20158	785000620.4432561
1.20159	939680035.7033565
1.2016	1142194330.1570902
1.20161	809077269.271305
1.20162	1007905929.129635
1.20163	1219438774.0255358
1.20164	1131644455.6654146
1.20165	925060208.1500797
1.20166	1232735775.7228546
1.20167	1207368942.0030568
1.20168	1168207526.567324
1.20169	1060840276.3553216
1.2017	901093796.8354568
1.20171	567139635.8377745
1.20172	629114941.7674963
1.20173	572967515.1585423
1.20174	856998378.087811
1.20175	1239395742.6337366
1.20176	1304247461.1591113
1.20177	1297926202.3605409
1.2017799999999998	1339923487.7219744
1.20179	1248762935.6078072
1.2018	1014355060.05746
1.20181	1107515976.8406134
1.20182	1114243219.6136408
1.20183	1011695923.352859
1.20184	1133443822.9710321
1.20185	1370692384.9320025
1.20186	1374390042.4332385
1.20187	1190254960.188649
1.2018799999999998	1083951872.6480896
1.20189	985258068.301656
1.2019	852000794.9880729
1.20191	667697884.1323589
1.20192	722719878.1572895
1.20193	981951414.3382863
1.20194	820313766.6149497
1.20195	549667424.8892047
1.20196	611828918.0058147
1.20197	623548157.0941579
1.2019799999999998	1128937761.8428125
1.20199	1210821154.5081165
1.202	1098702214.8461792
1.20201	1183450234.3749952
1.20202	1278203492.9152255
1.20203	1314800922.129182
1.20204	1248762935.6078072
1.20205	1390272716.4839787
1.20206	1465547840.9559126
1.20207	1348807586.4401646
1.20208	1203178326.1195235
1.20209	1144326617.7039707
1.2021	1086926056.326226
1.20211	1001705365.4533707
1.20212	849219582.1428418
1.20213	1090962945.3763266
1.20214	1009369087.2981617
1.20215	498677759.98654425
1.20216	361135348.5504917
1.2021700000000002	923208937.0821561
1.20218	1017653662.6205332
1.20219	850158693.1874384
1.2022	973643569.7988869
1.20221	1057718255.3872565
1.20222	985961597.9296467
1.20223	1131045301.5733328
1.20224	1084076674.4032922
1.20225	1171952473.5548472
1.20226	1252391178.7756171
1.2022700000000002	1159471291.5555515
1.20228	627277918.8919362
1.20229	784530803.1016409
1.2023	897408130.6770074
1.20231	953849815.4227687
1.20232	880724342.3922416
1.20233	862918937.3796724
1.20234	452022444.9254461
1.20235	776944505.9777975
1.20236	903046263.4972603
1.2023700000000002	1086725855.5872061
1.20238	1147968575.9112616
1.20239	1094107512.3699358
1.2024	631916943.2135365
1.20241	736291861.3484457
1.20242	1176901184.6409745
1.20243	1255278238.6093547
1.20244	1258056077.2203445
1.20245	1254353656.0928464
1.20246	908991872.2591828
1.20247	1089657468.8768637
1.20248	1185331975.2777185
1.20249	1130212223.552019
1.2025	1290476201.9444678
1.20251	1215654046.3839705
1.20252	1234383193.3726532
1.20253	1231005518.9439955
1.20254	936612608.7701
1.20255	592120367.4830095
1.20256	709381731.4651793
1.20257	1090636429.6957684
1.20258	1163241800.6452565
1.20259	955674504.3942908
1.2026	924017082.09868
1.20261	1181707522.0527651
1.20262	1038030226.5991477
1.20263	1236716058.3627415
1.20264	1016740211.5053908
1.20265	1198036362.911523
1.20266	1386915494.2277455
1.20267	1460864716.771353
1.20268	1433144561.6505911
1.20269	1497097206.524122
1.2027	1464535825.9502544
1.20271	1310418452.7263908
1.20272	772556053.7362329
1.20273	979039017.4480516
1.20274	985553035.7169498
1.20275	1144168534.0595686
1.20276	1341683256.3679116
1.20277	1416250251.5189984
1.20278	1345674429.420153
1.20279	1368831529.074947
1.2028	1387809960.002291
1.20281	1403686102.1573508
1.20282	1183068796.5772913
1.2028299999999998	1084101636.4785779
1.20284	930550613.9632936
1.20285	1086125474.592626
1.20286	1228909778.6621554
1.20287	1292052021.8613472
1.20288	1132921972.9705555
1.20289	867860655.390125
1.2029	541713925.666569
1.20291	546185290.7134757
1.20292	777445582.1228191
1.2029299999999998	643754088.093466
1.20294	676519002.7381017
1.20295	1174275500.3054135
1.20296	1140459848.6809664
1.20297	963407449.1632676
1.20298	512613453.4734269
1.20299	836007165.8159366
1.203	1145222837.6739516
1.20301	1208759777.342412
1.20302	988666912.5896713
1.2030299999999998	910793662.4195807
1.20304	728903440.2507286
1.20305	1036239158.8820767
1.20306	825429526.5019869
1.20307	876879667.371795
1.20308	480684369.1385634
1.20309	777427680.9828348
1.2031	863853306.6951064
1.20311	1100804002.5511258
1.20312	1323305141.8466873
1.20313	1182088520.9566715
1.20314	1033213328.6036432
1.20315	611575388.6827077
1.20316	876032059.4714272
1.20317	1246378646.8712378
1.20318	1364645979.4116945
1.20319	1313862750.2920945
1.2032	1308308009.003596
1.20321	1397075896.7824907
1.2032200000000002	1321478190.5346732
1.20323	1274383089.6889644
1.20324	837934361.3679714
1.20325	1017419366.1806054
1.20326	1242281449.151386
1.20327	1206729695.2514539
1.20328	1035714365.4704617
1.20329	454925205.56850165
1.2033	386714093.5957877
1.20331	980573156.2195319
1.2033200000000002	1038604021.8322335
1.20333	1129483783.6495278
1.20334	1052882724.6856363
1.20335	1123699014.547475
1.20336	1103341617.8541095
1.20337	798803575.2514622
1.20338	529785417.44886434
1.20339	639617002.8241186
1.2034	861410180.2464737
1.20341	890389438.7006043
1.2034200000000002	957061839.1813463
1.20343	1241881049.4672005
1.20344	1285493840.3731725
1.20345	1286085968.4960465
1.20346	1183722765.2368627
1.20347	775818265.1262412
1.20348	647395982.4940312
1.20349	825448532.9380354
1.2035	1020563424.9787439
1.20351	933748678.1066346
1.20352	947458071.6325957
1.20353	1233303602.2638671
1.20354	1237656137.985592
1.20355	985916193.7655727
1.20356	681789015.6487577
1.20357	940242764.374558
1.20358	1050775649.5904648
1.20359	976742308.5113707
1.2036	653627024.5089412
1.20361	682590123.3186733
1.20362	824707606.1270777
1.20363	889160169.5760528
1.20364	963163464.023982
1.20365	784025160.4180782
1.20366	649202225.587461
1.20367	752124957.5706184
1.20368	1198809014.5458474
1.20369	1252823814.0736113
1.2037	1034475000.9530797
1.20371	751051987.9764953
1.20372	878577344.2840427
1.20373	1004245744.3127043
1.20374	1219186092.669494
1.20375	1159017517.5508835
1.20376	644065446.0638915
1.20377	362802273.5815165
1.20378	1078847352.140509
1.20379	1247670767.9814966
1.2038	1357594281.609342
1.20381	1321356483.5002847
1.20382	1199333597.6433015
1.20383	1148127184.5871189
1.20384	1325348222.6088946
1.20385	1346108293.5303967
1.20386	1446038979.5653968
1.20387	1421346616.4728274
1.2038799999999998	1326844412.7605364
1.20389	1231374058.444272
1.2039	1255856448.7288964
1.20391	1210988447.188457
1.20392	811652255.7791492
1.20393	779901938.8385258
1.20394	1095166119.9417818
1.20395	1047586757.7661276
1.20396	1166379827.6870525
1.20397	1296880618.8036466
1.2039799999999998	1253025761.6889222
1.20399	1050291860.9261068
1.204	1079418855.160651
1.20401	1230438750.4658105
1.20402	1273151247.7212374
1.20403	1445706055.1163886
1.20404	1339861783.3858109
1.20405	1095140903.1002822
1.20406	1010020061.424725
1.20407	943213482.4309394
1.2040799999999998	1333490727.0511231
1.20409	1260404659.4501002
1.2041	1081384150.5707436
1.20411	1248561675.0235171
1.20412	1116631821.2210867
1.20413	1128054286.1263404
1.20414	969482557.831726
1.20415	630115263.7785525
1.20416	923804343.7961276
1.20417	1177877158.5369413
1.20418	1229107871.4797075
1.20419	1382101696.309781
1.2042	1138964007.1892185
1.20421	1068193669.8556732
1.20422	1076043925.1215014
1.20423	952752287.1490828
1.20424	1163482887.3155794
1.20425	1276762151.7455287
1.20426	1351667899.6857634
1.2042700000000002	1395661183.6540892
1.20428	1348000334.6009824
1.20429	1007511472.1791947
1.2043	1026100738.0786897
1.20431	1261856589.5778892
1.20432	971829325.4853637
1.20433	1109251436.990647
1.20434	1196409905.3581026
1.20435	1229872242.9340706
1.20436	1326447299.817092
1.2043700000000002	1227948067.5883708
1.20438	1152842556.9636006
1.20439	961678706.5009061
1.2044	1126030100.4387836
1.20441	1361789558.7853804
1.20442	1377653500.338533
1.20443	1291843784.4630034
1.20444	1058644145.186022
1.20445	608205019.4386343
1.20446	973800515.248734
1.2044700000000002	901612657.4472119
1.20448	722004658.9614483
1.20449	1226196296.2551286
1.2045	1406921932.8094606
1.20451	1364143317.8527524
1.20452	1291635580.6258626
1.20453	1397268923.2840033
1.20454	1353910636.1016748
1.20455	996552080.134768
1.20456	850804934.3826183
1.20457	1179913037.740355
1.20458	1290505916.599228
1.20459	1342981406.7216494
1.2046	1305268928.8086472
1.20461	1241537952.4549725
1.20462	1355189412.3510346
1.20463	1331435094.2713413
1.20464	1193300987.448785
1.20465	762149203.3286102
1.20466	698280637.9288428
1.20467	861806965.6506736
1.20468	693681320.5890481
1.20469	1173140424.1617846
1.2047	1285286659.9436152
1.20471	1247096326.6393929
1.20472	1166299259.8056836
1.20473	1098525139.2432644
1.20474	930979247.0465301
1.20475	968679257.0272354
1.20476	703023755.0459318
1.20477	759136721.6142651
1.20478	949292391.3840779
1.20479	952050531.8886381
1.2048	1242996769.703966
1.20481	1296193979.704407
1.20482	1171925488.662567
1.2048299999999998	1354690234.078469
1.20484	1386181185.7710762
1.20485	1274295061.4642375
1.20486	1255798615.7338018
1.20487	1064363566.2624552
1.20488	985212696.5355687
1.20489	742591544.7820164
1.2049	543650760.6346828
1.20491	1002305238.0778984
1.20492	1049155834.1499244
1.2049299999999998	962830856.5913973
1.20494	758507710.669961
1.20495	547658711.1245562
1.20496	763273175.8710809
1.20497	658278998.9004956
1.20498	839865999.5645798
1.20499	1050969227.4468443
1.205	1226591638.9572177
1.20501	1082530147.7289348
1.20502	691066753.472255
1.2050299999999998	388463304.3092539
1.20504	541065695.7680316
1.20505	852393246.2123216
1.20506	1145803118.7051744
1.20507	1192669189.0370705
1.20508	1283807770.4724734
1.20509	1293719129.9005828
1.2051	1176223900.8167078
