1.17794	32983747.71585681
1.17795	32135125.475109637
1.17796	33338035.13838573
1.1779700000000002	33001980.24581938
1.17798	29748837.54093511
1.17799	28467543.962202515
1.178	31956558.30480803
1.17801	30416553.31843672
1.17802	27523268.06519183
1.17803	32646753.49294414
1.17804	32332553.137869395
1.17805	21920476.98134812
1.17806	31864712.176947184
1.1780700000000002	33150493.654071115
1.17808	33297375.212259203
1.17809	33769917.52689567
1.1781	33776916.48185867
1.17811	33524321.73850364
1.17812	32920771.16848636
1.17813	33036954.10368148
1.17814	33171873.458468895
1.17815	33065112.143964555
1.17816	33085675.048526976
1.1781700000000002	32197340.46608416
1.17818	32654271.551252104
1.17819	32898795.67205496
1.1782	32047931.228494056
1.17821	32152888.909487177
1.17822	18772408.66521168
1.17823	29812610.08172241
1.17824	32652767.801099624
1.17825	32873806.915906627
1.17826	33112349.699453
1.1782700000000002	32931385.28195935
1.17828	30139080.605437197
1.17829	24895451.09991109
1.1783	32070076.803036284
1.17831	25571134.70311284
1.17832	32126987.18110749
1.17833	33334197.17618388
1.17834	32874563.871998884
1.17835	33046844.73566389
1.17836	32165477.28277836
1.17837	32010318.842034005
1.17838	32606936.67171325
1.17839	30438973.32197736
1.1784	28051106.690599505
1.17841	31893339.80133181
1.17842	32393658.53987149
1.17843	30279590.67527038
1.17844	32621956.17907885
1.17845	26461228.313813373
1.17846	27480207.01218529
1.17847	32857914.863532186
1.17848	32258933.11003174
1.17849	32989064.49633336
1.1785	33039997.05973414
1.17851	32319155.19267583
1.17852	33062066.87483368
1.17853	32931385.28195935
1.17854	32963248.159616914
1.17855	33093294.18389451
1.17856	33302742.547589604
1.17857	33474184.07562235
1.17858	33593093.59865145
1.17859	33311945.706820056
1.1786	33001980.24581938
1.17861	32859428.06127356
1.17862	32078939.31707486
1.1786299999999998	19559601.39242783
1.17864	16635658.633926725
1.17865	31887465.37209992
1.17866	32851106.33598553
1.17867	32969320.77361452
1.17868	33067396.27988445
1.17869	33195560.04023343
1.1787	33187153.188753176
1.17871	33059783.10704319
1.17872	33019462.544259224
1.1787299999999998	32402610.47520141
1.17874	23259479.935361143
1.17875	27227013.08077915
1.17876	33049888.60271937
1.17877	32941244.308656324
1.17878	33139808.919787474
1.17879	33288942.575853694
1.1788	32948830.18378792
1.17881	33077296.025671974
1.17882	33017941.97682725
1.1788299999999998	33032390.1950702
1.17884	32540932.94838821
1.17885	33001980.24581938
1.17886	33120737.60197969
1.17887	33195560.04023343
1.17888	32657279.25931593
1.17889	32738592.17911922
1.1789	33088722.49215101
1.17891	32606185.877893925
1.17892	32943519.88779388
1.17893	32701675.14594957
1.17894	26314795.540201984
1.17895	15921720.655124558
1.17896	32031700.86022377
1.17897	32974635.22855518
1.17898	33191738.480139233
1.17899	32937452.02605737
1.179	32210687.91283427
1.17901	32986026.23112713
1.1790200000000002	33051410.64138172
1.17903	33054454.92899202
1.17904	33063589.47433909
1.17905	32389183.49968779
1.17906	29259035.10483648
1.17907	31504312.013781235
1.17908	33334197.17618388
1.17909	33216968.90937249
1.1791	33024024.66672617
1.17911	32888949.34986415
1.1791200000000002	33158891.21908857
1.17913	33171873.458468895
1.17914	33072726.544003185
1.17915	33086436.88311944
1.17916	33018702.251790144
1.17917	33081104.40933321
1.17918	32992103.04138691
1.17919	33009580.10752753
1.1792	33000460.483458467
1.17921	32691887.820210487
1.1792200000000002	33132941.980638765
1.17923	33152783.68814049
1.17924	30048306.46419796
1.17925	26291175.245583244
1.17926	33024024.66672617
1.17927	32755180.72713409
1.17928	32916223.310032014
1.17929	33195560.04023343
1.1793	32998940.79108344
1.17931	32866238.31353218
1.17932	28394223.72999477
1.17933	31220510.49134553
1.17934	32316922.74163385
1.17935	23631973.99154016
1.17936	31907295.908416543
1.17937	33078057.66732809
1.17938	32951106.286957264
1.17939	31551499.20052461
1.1794	32362346.23794242
1.17941	32499748.485427946
1.17942	33282811.090766843
1.17943	33460313.06204243
1.17944	30877348.53380941
1.17945	29240177.18750502
1.17946	32895765.720531825
1.17947	31314104.748811387
1.17948	33093294.18389451
1.17949	33461083.523093265
1.1795	33224618.279749498
1.17951	33210085.98181073
1.17952	33146677.282137703
1.17953	33058260.68282344
1.17954	33117687.20979086
1.17955	32481793.422318917
1.17956	27962113.87286976
1.17957	26037542.98938733
1.17958	32745377.387641896
1.17959	32974635.22855518
1.1796	33100915.07383479
1.17961	33233034.621753346
1.17962	33397195.588656224
1.17963	32947312.86902145
1.17964	33084151.43196657
1.17965	33142098.215756066
1.17966	32873049.97724372
1.17967	33522006.040381394
1.1796799999999998	33187153.188753176
1.17969	33148203.77818609
1.1797	31249998.43999184
1.17971	29781049.606013294
1.17972	33001220.35589047
1.17973	33070442.03989427
1.17974	32817084.854452584
1.17975	33078057.66732809
1.17976	33219263.53554856
1.17977	33511973.19677077
1.1797799999999998	32996661.383737873
1.17979	32319155.19267583
1.1798	32639988.72039576
1.17981	30364071.12156303
1.17982	33032390.1950702
1.17983	33113874.61462138
1.17984	33207027.36071083
1.17985	32954900.1416516
1.17986	30573136.83016854
1.17987	33255999.11953117
1.1798799999999998	33171873.458468895
1.17989	32615947.54611117
1.1799	33202439.957233764
1.17991	33186389.03510877
1.17992	31561671.84171346
1.17993	24783920.08226199
1.17994	31350177.205199614
1.17995	29951598.12781884
1.17996	34147585.413195305
1.17997	33583039.47915568
1.17998	33109300.07978283
1.17999	33281278.395965226
1.18	33388737.6725123
1.18001	32607687.482820306
1.18002	32979191.1574719
1.18003	32325109.14943577
1.18004	33136756.77114612
1.18005	32945037.02788309
1.18006	31721228.621864565
1.1800700000000002	32703181.14842038
1.18008	33335732.30804136
1.18009	34117719.94694744
1.1801	33804926.81034074
1.18011	33421043.06308397
1.18012	31501410.49303492
1.18013	28974103.022709385
1.18014	32734069.48788385
1.18015	32450395.92760292
1.18016	32609940.01987278
1.1801700000000002	32762723.754609946
1.18018	22004423.761122126
1.18019	25265622.328400444
1.1802	28292413.710516315
1.18021	13591581.698606247
1.18022	30515465.548174463
1.18023	31953615.132557146
1.18024	32989824.10636004
1.18025	29276556.91792124
1.18026	30590036.839170184
1.1802700000000002	32584420.375569146
1.18028	33206262.74945197
1.18029	32113674.418219544
1.1803	32627965.91897957
1.18031	30325641.7389632
1.18032	33236095.638320826
1.18033	33334964.733275685
1.18034	33454150.012252595
1.18035	33812711.57861522
1.18036	33305809.98479
1.18037	33978171.18270833
1.18038	33183332.59647781
1.18039	33318082.55919585
1.1804	32993622.418864675
1.18041	33151256.981184315
1.18042	33289709.09090783
1.18043	33267487.318532396
1.18044	33311945.706820056
1.18045	33276680.73503713
1.18046	33152783.68814049
1.18047	28327614.2627227
1.18048	29142714.38557078
1.18049	26637287.614394635
1.1805	32204755.031303875
1.18051	32804996.820426494
1.18052	32777815.02110037
1.18053	30798530.82868403
1.18054	33300442.15508684
1.18055	33077296.025671974
1.18056	33001980.24581938
1.18057	32443671.842538767
1.18058	33596961.36912146
1.18059	33270551.50845666
1.1806	33011860.407297883
1.18061	33183332.59647781
1.18062	33252170.60153135
1.1806299999999998	33264423.410817474
1.18064	33308110.74810211
1.18065	32897280.66140985
1.18066	32543180.87404153
1.18067	33332662.11502006
1.18068	33333429.63676552
1.18069	33143624.500925925
1.1807	28904802.08169882
1.18071	31545687.73485911
1.18072	33338035.13838573
1.1807299999999998	33530497.71559376
1.18074	33945327.26192176
1.18075	33384893.87330149
1.18076	33413348.46943588
1.18077	33364145.00281491
1.18078	33478809.02453027
1.18079	32779324.530022744
1.1808	28396839.05508463
1.18081	25804176.27440337
1.18082	33190974.2209158
1.1808299999999998	33791696.81738795
1.18084	33459542.61873192
1.18085	32589672.786895625
1.18086	33282811.090766843
1.18087	33337267.51059604
1.18088	31752651.7315972
1.18089	33233034.621753346
1.1809	31512292.57392707
1.18091	31849307.94718724
1.18092	31595119.33233857
1.18093	32860941.32870187
1.18094	33353391.4065736
1.18095	33377207.60235373
1.18096	33309644.67860753
1.18097	32099628.042106964
1.18098	33065112.143964555
1.18099	33156600.763140347
1.181	33318849.74523076
1.18101	33561394.671663985
1.1810200000000002	33914076.85366365
1.18103	32944278.44910512
1.18104	31993370.83912812
1.18105	32951865.02295381
1.18106	33280512.07503278
1.18107	33370291.47154217
1.18108	33289709.09090783
1.18109	33480350.816162825
1.1811	33097866.507284064
1.18111	32814818.00883607
1.1811200000000002	31344402.82100072
1.18113	12545847.378579956
1.18114	7096921.476044092
1.18115	29950218.837511256
1.18116	32644498.412994865
1.18117	33243749.41329701
1.18118	33303509.38040349
1.18119	32607687.482820306
1.1812	30178663.32008681
1.18121	33265955.329400465
1.1812200000000002	33308877.704524804
1.18123	33523549.82135585
1.18124	33431048.683952287
1.18125	34021229.138469405
1.18126	34167248.0022839
1.18127	33821276.894319445
1.18128	33241453.095754843
1.18129	33127602.01172049
1.1813	30928581.350686874
1.18131	30410250.66831412
1.18132	33389506.48545991
1.18133	33364145.00281491
1.18134	32047931.228494056
1.18135	33968783.96400588
1.18136	33384893.87330149
1.18137	33367218.09565087
1.18138	32469828.89146985
1.18139	33454150.012252595
1.1814	33600055.90612459
1.18141	33424121.39666629
1.18142	33034672.070559867
1.18143	33332662.11502006
1.18144	33315013.99170177
1.18145	33357231.578720104
1.18146	33434897.797237936
1.18147	33411809.763304234
1.18148	33277446.96774869
1.18149	32659535.22216529
1.1815	33346480.210744247
1.18151	31428959.25940143
1.18152	22541354.02990625
1.18153	32864724.80217432
1.18154	33328824.77137477
1.18155	33360304.03477685
1.18156	33428739.42868172
1.18157	33208556.63604717
1.18158	30774428.74351173
1.18159	32238141.7103287
1.1816	31678893.21727895
1.18161	33394119.73491827
1.18162	33173401.1148708
1.18163	33525093.673425823
1.18164	33614758.84978618
1.18165	33561394.671663985
1.18166	33490374.19263771
1.18167	33451839.16125392
1.1816799999999998	33464936.094466627
1.18169	33351087.51549257
1.1817	32246308.161600403
1.18171	32847324.430306826
1.18172	33071203.52372985
1.18173	32290145.35422517
1.18174	18686157.2820885
1.18175	15145025.189622365
1.18176	27844536.94736396
1.18177	32992862.72137962
1.1817799999999998	32703934.17566392
1.18179	30272619.34449423
1.1818	27225132.370303895
1.18181	30304002.977883674
1.18182	31700053.852208897
1.18183	30518978.97322343
1.18184	26821310.880631585
1.18185	30833299.395710167
1.18186	24187445.288556814
1.18187	32302043.67501728
1.1818799999999998	31391350.495611954
1.18189	32864724.80217432
1.1819	31532615.850508913
1.18191	33444907.565948583
1.18192	33502714.77553755
1.18193	33470330.439597104
1.18194	33455690.668269657
1.18195	33470330.439597104
1.18196	33488831.93942224
1.18197	33359535.894232776
1.18198	33364913.24948885
1.18199	33181804.48272467
1.182	33509658.35162597
1.18201	34044738.28982562
1.18202	33389506.48545991
1.18203	34179050.98985808
1.18204	33716307.03091875
1.18205	32726533.0575372
1.18206	33054454.92899202
1.1820700000000002	33153547.06798441
1.18208	33594640.65340447
1.18209	33499629.20357087
1.1821	31962445.46260078
1.18211	33433358.098745923
1.18212	33300442.15508684
1.18213	34122433.80976342
1.18214	33709320.63491203
1.18215	32361601.07596125
1.18216	33528181.590864863
1.1821700000000002	33205498.155798733
1.18218	33241453.095754843
1.18219	32409326.05012749
1.1822	28868219.57951317
1.18221	33184096.6797443
1.18222	33427200.013786666
1.18223	33416426.09428729
1.18224	33549032.47427328
1.18225	33414117.849074554
1.18226	33315781.107079353
1.1822700000000002	32827665.53801905
1.18228	33287409.5986934
1.18229	34027496.65771621
1.1823	32930627.01752084
1.18231	33231504.219190054
1.18232	33460313.06204243
1.18233	30959219.26251692
1.18234	27775379.40426091
1.18235	14066951.820610356
1.18236	30036546.672940586
1.18237	32967802.51524325
1.18238	33358767.771375585
1.18239	33662781.64279799
1.1824	33050649.61328899
1.18241	21554601.596412957
1.18242	30476142.81052561
1.18243	33540536.105090905
1.18244	33499629.20357087
1.18245	33452609.42718387
1.18246	33441057.30031192
1.18247	34253109.270832025
1.18248	33723294.87488491
1.18249	33517375.123997424
1.1825	33357999.66620474
1.18251	33194795.693016347
1.18252	32116632.33315422
1.18253	33411040.43681059
1.18254	33071965.02509931
1.18255	32574668.143158674
1.18256	33447988.09763393
1.18257	33559849.14790976
1.18258	33226913.43434361
1.18259	30762384.774959967
1.1826	33350319.587164115
1.18261	33471871.84076741
1.18262	33527409.58484157
1.1826299999999998	33648057.69418369
1.18264	33411040.43681059
1.18265	32423507.94602542
1.18266	33092532.19140854
1.18267	31883794.40330098
1.18268	29699558.95525506
1.18269	32740853.759060085
1.1827	33399502.66488025
1.18271	33418734.49895334
1.18272	33165763.53632419
1.1827299999999998	33397195.588656224
1.18274	32063431.52434943
1.18275	33417965.013013594
1.18276	33486518.692763656
1.18277	31794353.60596141
1.18278	33437977.4069472
1.18279	33665107.06569023
1.1828	33337267.51059604
1.18281	33414887.24642905
1.18282	33666657.43686231
1.1828299999999998	31165205.863942195
1.18284	31373285.38174355
1.18285	33696903.94962026
1.18286	33649607.28018499
1.18287	33599282.245153226
1.18288	33781583.25768337
1.18289	33223853.263449427
1.1829	25005756.62620304
1.18291	29329185.34008442
1.18292	30035855.063856814
1.18293	14968559.22410108
1.18294	29623065.578729216
1.18295	29768708.951418813
1.18296	29222004.278171506
1.18297	33579173.31141036
1.18298	32873049.97724372
1.18299	33562167.46023169
1.183	33624048.23421888
1.18301	33715530.69319713
1.1830200000000002	33042279.46070555
1.18303	33644958.73625596
1.18304	33508886.77211125
1.18305	33521234.17655392
1.18306	33417195.544791713
1.18307	33171873.458468895
1.18308	33592320.09799129
1.18309	33610115.12001317
1.1831	32376507.576090865
1.18311	33528953.61466431
1.1831200000000002	33422582.194434434
1.18313	33505800.63170886
1.18314	33499629.20357087
1.18315	33511201.563955385
1.18316	33201675.45160256
1.18317	29187036.41788437
1.18318	33142861.349555057
1.18319	33657356.28069823
1.1832	33847765.22666616
1.18321	34002433.50635853
1.1832200000000002	31198233.19963569
1.18323	32665551.88501904
1.18324	33790140.68807231
1.18325	33635663.57483618
1.18326	33402579.01442721
1.18327	33571442.31111851
1.18328	33768362.40053034
1.18329	33613984.85027092
1.1833	33535130.445056
1.18331	33686818.76059304
1.18332	30566801.734190583
1.18333	30883036.875504605
1.18334	32839005.77029087
1.18335	31008445.860738236
1.18336	33664331.9068778
1.18337	33727954.24209922
1.18338	33975824.1348598
1.18339	33315781.107079353
1.1834	33713201.78728427
1.18341	33622499.82522804
1.18342	33698455.78512655
1.18343	34106723.465996034
1.18344	33810375.959916465
1.18345	32069338.370730083
1.18346	32549925.58276356
1.18347	20865557.83752216
1.18348	31379787.624790285
1.18349	33295075.19050601
1.1835	31883060.26025616
1.18351	33515059.905713595
1.18352	33685267.46097919
1.18353	33679062.97687408
1.18354	33650382.09994645
1.18355	33556758.313915245
1.18356	32410818.58911503
1.18357	18934768.512023494
1.18358	28799835.026085746
1.18359	33653481.55740745
1.1836	33631016.95716816
1.18361	33164236.231637675
1.18362	33036954.10368148
1.18363	31969069.811509
1.18364	33049127.60967234
1.18365	31542782.40344367
1.18366	33371059.859745417
1.18367	32804996.820426494
1.1836799999999998	33549804.978187725
1.18369	30367567.11568111
1.1837	26943251.18850777
1.18371	32947312.86902145
1.18372	30786477.427471075
1.18373	15872304.99150267
1.18374	29672217.243823845
1.18375	33490374.19263771
1.18376	33568350.40940351
1.18377	33019462.544259224
1.1837799999999998	33620177.34543792
1.18379	33306576.88823505
1.1838	32814818.00883607
1.18381	28876862.17213695
1.18382	33046083.812703684
1.18383	33208556.63604717
1.18384	32837493.513009094
1.18385	31819987.15530317
1.18386	33269785.43451708
1.18387	33773805.65614454
1.1838799999999998	32911676.07984414
1.18389	33493458.912147123
1.1839	33285876.692127533
1.18391	33939856.362518825
1.18392	33911734.23314173
1.18393	31480382.457867365
1.18394	20646669.21955022
1.18395	28151400.15133303
1.18396	33770695.11693484
1.18397	34166461.28138224
1.18398	33844647.87584197
1.18399	32851862.769371606
1.1840000000000002	34060420.08179069
1.18401	34003216.45033762
1.18402	33116162.11904989
1.18403	33752037.89679259
1.18404	33770695.11693484
1.18405	33850882.86462219
1.18406	33619403.22115862
1.1840700000000002	32499000.15967954
1.18408	32328830.92939737
1.18409	32804241.46615635
1.1841	34251531.89317677
1.18411	34067479.2446087
1.18412	34187709.10535772
1.18413	34010263.75746661
1.18414	33808818.97041433
1.18415	34318634.5450589
1.18416	33932823.644589856
1.1841700000000002	33617855.02607349
1.18418	32840518.0972164
1.18419	32529695.64904493
1.1842	33722518.37626409
1.18421	33535902.62886071
1.18422	31643899.752247974
1.18423	20809900.323163006
1.18424	32348935.947100665
1.18425	33823613.26605407
1.18426	33689921.57414906
1.1842700000000002	32454879.42518027
1.18428	33384125.166561984
1.18429	33642634.70511281
1.1843	33694576.33035283
1.18431	33649607.28018499
1.18432	29980577.90193475
1.18433	31740955.77699757
1.18434	33645733.448979504
1.18435	33912515.08866883
1.18436	33845427.18663096
1.18437	33729507.50755724
1.18438	33637212.590054184
1.18439	33651931.792993195
1.1844	33203969.021307506
1.18441	31565305.72264707
1.18442	33318082.55919585
1.18443	33038475.54667441
1.18444	33377976.14980861
1.18445	33851662.31897861
1.18446	33961745.25195412
1.18447	34299674.606050484
1.18448	33997736.22105184
1.18449	33354927.42237855
1.1845	33850103.428213164
1.18451	33087198.735253997
1.18452	33735721.28474422
1.18453	33705439.92934825
1.18454	33703111.72045673
1.18455	33788584.63041729
1.18456	33683716.23280355
1.18457	33569896.324664176
1.18458	33722518.37626409
1.18459	33818940.68397008
1.1846	33577626.96893837
1.18461	33950799.04320042
1.18462	33799478.53899323
1.1846299999999998	33687594.43719037
1.18464	33511973.19677077
1.18465	33715530.69319713
1.18466	33717859.75999067
1.18467	33804926.81034074
1.18468	33782361.11633901
1.18469	33747375.20252839
1.1847	33543625.44489596
1.18471	33679062.97687408
1.18472	33727954.24209922
1.1847299999999998	33751260.73634685
1.18474	33654256.46637847
1.18475	33699231.72967949
1.18476	33778472.00216309
1.18477	33562167.46023169
1.18478	33804926.81034074
1.18479	32826153.80296225
1.1848	33265955.329400465
1.18481	33710096.82964027
1.18482	33186389.03510877
1.1848299999999998	33143624.500925925
1.18484	33148967.052572336
1.18485	32734069.48788385
1.18486	33591546.615141444
1.18487	33229973.88710293
1.18488	33324987.86949457
1.18489	31449952.94527773
1.1849	30159907.137153924
1.18491	33145914.060474627
1.18492	34324166.50121206
1.1849299999999998	33416426.09428729
1.18494	33208556.63604717
1.18495	33823613.26605407
1.18496	33844647.87584197
1.18497	33863356.28829375
1.18498	33581492.95864419
1.18499	33207027.36071083
1.185	33838414.03548349
1.18501	33629468.227263026
1.18502	33829844.37975894
1.18503	33668983.127494164
1.18504	33029347.939603403
1.18505	31687647.628364056
1.18506	33575307.58874843
1.18507	33594640.65340447
1.18508	33145150.856385306
1.18509	33820498.139605224
1.1851	33795587.45421463
1.18511	33676736.58997481
1.1851200000000002	33545170.22150371
1.18513	32142525.71314886
1.18514	33478038.15533938
1.18515	33888316.92600732
1.18516	34103582.26533492
1.18517	32421268.28679971
1.18518	32716738.29204229
1.18519	30534442.84977903
1.1852	31301128.82768863
1.18521	32659535.22216529
1.1852200000000002	33738828.60259658
1.18523	33882075.04225337
1.18524	33901584.74728709
1.18525	33734167.73313763
1.18526	33726401.04816993
1.18527	32848080.776610304
1.18528	23996615.89655591
1.18529	6529200.4216517275
1.1853	20784520.032863107
1.18531	29559698.49504597
1.1853200000000002	33530497.71559376
1.18533	33682940.645504154
1.18534	33126839.229276814
1.18535	25298804.55887929
1.18536	31873517.938802186
1.18537	32510975.439600896
1.18538	32801220.222996384
1.18539	28676094.30835171
1.1854	14358200.050677085
1.18541	30637970.94669769
1.18542	33125313.71707961
1.18543	30443879.90022537
1.18544	33505800.63170886
1.18545	33756701.2352763
1.18546	33846985.86204257
1.18547	33846985.86204257
1.18548	33508886.77211125
1.18549	34205819.52567501
1.1855	34396163.12987057
1.18551	33969566.13316684
1.18552	33783916.88738401
1.18553	30426360.03732331
1.18554	33424891.02436364
1.18555	33990691.50976853
1.18556	34040818.97010008
1.18557	33847765.22666616
1.18558	33827507.57760923
1.18559	33230739.04433719
1.1856	33537447.049811456
1.18561	33638761.67660849
1.18562	33902365.36911094
1.18563	34177477.02263432
1.18564	34415176.40514376
1.18565	33902365.36911094
1.18566	33903146.00890949
1.18567	33872714.37222779
1.1856799999999998	33334964.733275685
1.18569	32583670.100200865
1.1857	33145914.060474627
1.18571	32061954.98275921
1.18572	33427200.013786666
1.18573	29842829.6589154
1.18574	33617855.02607349
1.18575	33822834.45754352
1.18576	33814268.74738271
1.18577	33781583.25768337
1.1857799999999998	33676736.58997481
1.18579	33993039.58465441
1.1858	34208182.4615909
1.18581	33930479.72913009
1.18582	33753592.27136958
1.18583	32765741.451950856
1.18584	30408150.07517093
1.18585	33463395.01269189
1.18586	33846206.51536431
1.18587	31370395.928440284
1.1858799999999998	33355695.456807416
1.18589	34031414.44356555
1.1859	33906268.74785897
1.18591	33900804.143437505
1.18592	33240687.691823266
1.18593	33390275.31611029
1.18594	33629468.227263026
1.18595	33713201.78728427
1.18596	33752815.07513331
1.18597	30490180.82507529
1.18598	33806483.62059815
1.18599	32808018.41143997
1.186	28108650.78653572
1.18601	33244514.88772814
1.18602	29075688.00244645
1.18603	33627145.26612951
1.18604	33710096.82964027
1.18605	32943519.88779388
1.18606	33411040.43681059
1.1860700000000002	33521234.17655392
1.18608	33855559.85998624
1.18609	33909391.774436586
1.1861	33928135.975576684
1.18611	33900023.557561785
1.18612	33907830.22519268
1.18613	33250639.317744054
1.18614	33161945.40648181
1.18615	33658906.294925265
1.18616	31853708.395654496
1.1861700000000002	33594640.65340447
1.18618	33732614.25307323
1.18619	31950672.231369954
1.1862	27372848.894757025
1.18621	33801035.09834283
1.18622	33135230.80223961
1.18623	33098628.622598477
1.18624	29944012.817110065
1.18625	32276021.79052241
1.18626	33487289.757228386
1.1862700000000002	33832960.36706796
1.18628	33806483.62059815
1.18629	30625275.20151977
1.1863	18780623.22496622
1.18631	32874563.871998884
1.18632	32920771.16848636
1.18633	33837634.88617656
1.18634	33966437.564581186
1.18635	33001220.35589047
1.18636	30212036.45070109
1.18637	33881294.887626186
1.18638	33999301.91071534
1.18639	33809597.45620265
1.1864	33722518.37626409
1.18641	33854780.31588665
1.18642	33780027.59410365
1.18643	29339317.03140784
1.18644	28231242.985621434
1.18645	30084998.90356525
1.18646	33682940.645504154
1.18647	34043170.50778785
1.18648	33971130.52551984
1.18649	33634889.09397738
1.1865	32163996.041915506
1.18651	33825949.79918498
1.18652	32890463.97682948
1.18653	32691135.070341334
1.18654	33811154.4815562
1.18655	33580719.725095555
1.18656	33989126.21661965
1.18657	33663556.76591386
1.18658	32778569.76687213
1.18659	34013396.3627797
1.1866	33862576.56467669
1.18661	32581419.37774748
1.18662	33669758.39340627
1.18663	33882075.04225337
1.18664	33842310.0511383
1.18665	33946890.53800779
1.18666	33436437.56663718
1.18667	30371762.83994583
1.18668	33553667.76458409
1.18669	33908610.99082564
1.1867	32552174.12962752
1.18671	33263657.47798093
1.18672	30069070.26969698
1.1867299999999998	33517375.123997424
1.18674	34101226.55469491
1.18675	34031414.44356555
1.18676	32587421.64980565
1.18677	28984779.44329052
1.18678	33854780.31588665
1.18679	32828421.431654595
1.1868	33961745.25195412
1.18681	34194794.649351895
1.18682	34299674.606050484
1.1868299999999998	33763697.45110825
1.18684	34010263.75746661
1.18685	33960963.26287368
1.18686	34032981.68420423
1.18687	33919543.5975658
1.18688	34043954.38978185
1.18689	33735721.28474422
1.1869	33605472.03175082
1.18691	33912515.08866883
1.18692	33164236.231637675
1.1869299999999998	33152020.32587397
1.18694	34009480.651219025
1.18695	34014179.55919079
1.18696	34062772.973522045
1.18697	34077678.39610189
1.18698	33843089.30809612
1.18699	33767584.86420319
1.187	27660498.32560456
1.18701	27866344.38387829
1.18702	18510152.636424866
1.18703	30831169.58040549
1.18704	33674410.363771245
1.18705	33916419.636013776
1.18706	33084913.23147606
1.18707	33607793.49569863
1.18708	33989126.21661965
1.18709	33336499.9004813
1.1871	33343409.027850106
1.18711	33627919.56867804
1.1871200000000002	33954707.99840239
1.18713	33985213.29910211
1.18714	32962489.161516976
1.18715	33985995.84656671
1.18716	34191645.33740858
1.18717	33925011.22267384
1.18718	32973875.968261305
1.18719	33996170.603489496
1.1872	33759033.146128364
1.18721	32107759.40558929
1.1872200000000002	29711870.943634316
1.18723	33552895.17172672
1.18724	33272849.83611539
1.18725	33754369.48550151
1.18726	33851662.31897861
1.18727	33403348.14608717
1.18728	33998519.05687069
1.18729	33225383.313665066
1.1873	34039251.368549496
1.18731	34030630.85031115
1.1873200000000002	33924230.07941594
1.18733	33834518.468348235
1.18734	33778472.00216309
1.18735	33976606.46612854
1.18736	34049442.06915653
1.18737	33281278.395965226
1.18738	33920324.632912226
1.18739	33693024.67349792
1.1874	30675383.43424118
1.18741	33975041.82160482
1.18742	33992256.87500362
1.18743	33951580.7982385
1.18744	34104367.53837706
1.18745	34008697.56300304
1.18746	34034548.99701852
1.18747	34161741.33636642
1.18748	34072970.71604771
1.18749	33990691.50976853
1.1875	34084741.13577687
1.18751	33737274.90789601
1.18752	33596961.36912146
1.18753	30350091.16930767
1.18754	33600055.90612459
1.18755	33129127.629300114
1.18756	32848837.14032949
1.18757	33517375.123997424
1.18758	34058851.57759634
1.18759	33978953.56802033
1.1876	34036116.38201205
1.18761	33949235.58712522
1.18762	34008697.56300304
1.18763	34038467.594845176
1.18764	34026713.154671125
1.18765	33985995.84656671
1.18766	33215439.246645696
1.18767	30491584.98212403
1.1876799999999998	32789893.03913661
1.18769	33517375.123997424
1.1877	33726401.04816993
1.18771	33899242.98965937
1.18772	34048658.060805485
1.18773	33971130.52551984
1.18774	34083171.51158224
1.18775	34040818.97010008
1.18776	34051794.20252745
1.18777	33682940.645504154
1.1877799999999998	30336117.653576065
1.18779	33516603.36679936
1.1878	33027066.43187883
1.18781	32319899.37729316
1.18782	34128719.97331691
1.18783	33998519.05687069
1.18784	33598508.601995856
1.18785	34051010.14001716
1.18786	33565258.792449936
1.18787	32117371.85445682
1.1878799999999998	32062693.24505467
1.18789	32341488.18682008
1.1879	30735480.0040052
1.18791	33899242.98965937
1.18792	31285276.67035208
1.18793	32238884.02952031
1.18794	34110650.37369385
1.18795	34022795.91004651
1.18796	34377951.93130197
1.18797	33682165.07606311
1.18798	33472642.56797202
1.18799	33822834.45754352
1.188	33106250.74098008
1.18801	34291777.72330338
1.18802	34137365.3391425
1.18803	33776138.74856894
1.18804	33897681.90777351
1.18805	34168034.74130083
1.18806	34028280.17880246
1.1880700000000002	32543180.87404153
1.18808	34076893.73759288
1.18809	34069832.623986594
1.1881	33477267.303898074
1.18811	34101226.55469491
1.18812	34175903.127892755
1.18813	34148371.69945904
1.18814	33609341.227422506
1.18815	33292775.327627216
1.18816	31834644.17556435
1.1881700000000002	33600055.90612459
1.18818	32285684.61392873
1.18819	30240571.88991518
1.1882	33971130.52551984
1.18821	34004782.39238068
1.18822	34047874.0705067
1.18823	34138151.39007762
1.18824	34160168.16626316
1.18825	34189283.543797165
1.18826	33861017.17130322
1.1882700000000002	33915638.690582186
1.18828	33679062.97687408
1.18829	33723294.87488491
1.1883	33845427.18663096
1.18831	34111435.809487075
1.18832	34012613.184402026
1.18833	32536437.56289848
1.18834	31225543.048654485
1.18835	24094060.693217576
1.18836	33848544.60923563
1.18837	34081601.959669955
1.18838	34056498.95673606
1.18839	33596961.36912146
1.1884	33867255.17569684
1.18841	34027496.65771621
1.18842	33993039.58465441
1.18843	34099656.17133632
1.18844	33815825.98786227
1.18845	33914857.76313233
1.18846	34039251.368549496
1.18847	34105152.829501
1.18848	34109079.55636233
1.18849	31599484.66092497
1.1885	27021533.994840186
1.18851	32524452.90411185
1.18852	33566804.5653331
1.18853	34119291.16219281
1.18854	33586132.73384645
1.18855	33648057.69418369
1.18856	34043170.50778785
1.18857	29234791.44387685
1.18858	32895765.720531825
1.18859	30504225.305858485
1.1886	33715530.69319713
1.18861	32316922.74163385
1.18862	32603933.60015957
1.18863	26499641.58358156
1.18864	33251404.950822923
1.18865	34075324.47477598
1.18866	33922667.84685857
1.18867	27590527.25967468
1.18868	31786301.613214426
1.18869	33868035.007043995
1.1887	33738051.74630244
1.18871	33030869.03231147
1.18872	33300442.15508684
1.1887299999999998	33296608.520687994
1.18874	33438747.353694644
1.18875	33965655.467457496
1.18876	33867255.17569684
1.18877	34022012.515238896
1.18878	34169608.27368146
1.18879	33839193.20273121
1.1888	33921886.757558264
1.18881	34116148.8040574
1.18882	34054930.63311204
1.1888299999999998	33968783.96400588
1.18884	32884405.88745285
1.18885	33344176.797055226
1.18886	34180625.02956753
1.18887	34246011.6433959
1.18888	33577626.96893837
1.18889	31903622.65667415
1.1889	30814845.88321837
1.18891	32591173.63134842
1.18892	34331280.326565444
1.1889299999999998	33875054.29726023
1.18894	32803486.12927855
1.18895	34127934.13954568
1.18896	34077678.39610189
1.18897	34191645.33740858
1.18898	34164887.89392262
1.18899	34116934.36645827
1.189	34137365.3391425
1.18901	34151517.02556946
1.18902	34539814.43559429
1.18903	34271254.33589479
1.18904	34137365.3391425
1.18905	34120076.79694997
1.18906	34023579.322892666
1.18907	33924230.07941594
1.18908	34088665.5125197
1.18909	34127148.3238686
1.1891	33463395.01269189
1.18911	31946258.387779053
1.1891200000000002	34018095.81176425
1.18913	33532041.88763345
1.18914	32722012.03221584
1.18915	34179050.98985808
1.18916	32969320.77361452
1.18917	34283882.658671394
1.18918	32840518.0972164
1.18919	31310499.786793914
1.1892	33836076.64138324
1.18921	34201881.66185436
1.1892200000000002	31026300.89563638
1.18923	33861017.17130322
1.18924	34150730.66688275
1.18925	34179838.00065198
1.18926	34139723.54624752
1.18927	34256264.24407339
1.18928	34314683.693676785
1.18929	33217733.767152626
1.1893	34033765.3315892
1.18931	32654271.551252104
1.1893200000000002	34035332.680492625
1.18933	34389035.86007449
1.18934	34400915.46369131
1.18935	34024362.753777914
1.18936	34245223.10891512
1.18937	34350257.73636738
1.18938	34248377.35578082
1.18939	34194007.294172555
1.1894	33532041.88763345
1.18941	24771938.891370345
1.18942	18009846.031674895
1.18943	32730301.055794626
1.18944	33899242.98965937
1.18945	34222363.50534232
1.18946	33822834.45754352
1.18947	33543625.44489596
1.18948	34255475.47352061
1.18949	34226303.72735809
1.1895	33367218.09565087
1.18951	34236550.42786272
1.18952	32042028.325091563
1.18953	34330489.82872328
1.18954	34324956.85345241
1.18955	34339977.00425849
1.18956	34227091.82619885
1.18957	33362608.5625346
1.18958	18164355.792001672
1.18959	15830331.15602248
1.1896	32625712.13678511
1.18961	34129505.82518283
1.18962	34237338.7626452
1.18963	34244434.59259094
1.18964	33804148.43209664
1.18965	32874563.871998884
1.18966	34250743.231589146
1.18967	34261786.14651158
1.1896799999999998	34253109.270832025
1.18969	34127934.13954568
1.1897	34257841.83966648
1.18971	32991343.378886417
1.18972	33126839.229276814
1.18973	34072186.16593579
1.18974	33639536.24663782
1.18975	33887536.62765711
1.18976	31054890.33871357
1.18977	33926573.56315028
1.1897799999999998	34186134.73942205
1.18979	34332070.84260956
1.1898	34038467.594845176
1.18981	34011830.02405764
1.18982	34457201.29513431
1.18983	33776138.74856894
1.18984	34260208.36928063
1.18985	34243646.094422825
1.18986	34295725.93738638
1.18987	34253109.270832025
1.1898799999999998	34293356.95439014
1.18989	34346303.2444404
1.1899	34275989.41173594
1.18991	33503486.21293516
1.18992	34226303.72735809
1.18993	34362915.17043436
1.18994	34256264.24407339
1.18995	32781588.92375192
1.18996	33062828.1658216
1.18997	34382701.74897884
1.18998	33966437.564581186
1.18999	34056498.95673606
1.19	34418346.3060074
1.19001	34610669.47947629
1.19002	34303623.72934805
1.19003	34302044.02546972
1.19004	33720188.98767586
1.19005	33456461.022884715
1.19006	33524321.73850364
1.1900700000000002	32832957.15899333
1.19008	30899396.69583553
1.19009	33433358.098745923
1.1901	34324956.85345241
1.19011	34276778.65464504
1.19012	34227879.94318662
1.19013	32617449.60058933
1.19014	34180625.02956753
1.19015	34313103.48048
1.19016	33716307.03091875
1.1901700000000002	33832960.36706796
1.19018	34253109.270832025
1.19019	34625017.37471161
1.1902	34131863.489353105
1.19021	34402499.72087262
1.19022	34336814.32114189
1.19023	34331280.326565444
1.19024	34330489.82872328
1.19025	34391411.452563666
1.19026	33512744.84735386
1.1902700000000002	22635495.19695873
1.19028	31315546.849832706
1.19029	33522777.92198191
1.1903	30650671.95491225
1.19031	34142081.9162572
1.19032	34368454.2643563
1.19033	34230244.4030348
1.19034	34087095.707605146
1.19035	34392203.35319407
1.19036	34358959.22135031
1.1903700000000002	33713201.78728427
1.19038	33195560.04023343
1.19039	33791696.81738795
1.1904	34260208.36928063
1.19041	34018095.81176425
1.19042	34433407.32281273
1.19043	34181412.0766053
1.19044	34111435.809487075
1.19045	34008697.56300304
1.19046	34317844.3383934
1.19047	34400123.36245946
1.19048	34275200.18699948
1.19049	34495305.85487653
1.1905	34481011.709427744
1.19051	34603497.76156485
1.19052	34107508.811367825
1.19053	34227091.82619885
1.19054	33948453.88608714
1.19055	32095932.64858385
1.19056	34419138.82684287
1.19057	34400123.36245946
1.19058	34337604.96461242
1.19059	34175116.20770161
1.1906	34457201.29513431
1.19061	34363706.41490607
1.19062	34366871.5749901
1.19063	34080032.48003654
1.19064	34193219.95712238
1.19065	34382701.74897884
1.19066	34482599.655262284
1.19067	34454027.81575873
1.19068	34455614.51891041
1.19069	34234185.53242468
1.1907	34376368.80456226
1.19071	34440543.78877784
1.19072	34442129.87095284
1.1907299999999998	34031414.44356555
1.19074	34466723.487178914
1.19075	34536633.34761766
1.19076	34460375.06681147
1.19077	34249165.96289152
1.19078	34148371.69945904
1.19079	34119291.16219281
1.1908	34643359.45245121
1.19081	34373202.76979134
1.19082	34234185.53242468
1.1908299999999998	27841972.488835584
1.19084	31623504.75140689
1.19085	34436578.90288327
1.19086	34500866.28937528
1.19087	34321005.27422955
1.19088	34494511.58025063
1.19089	34237338.7626452
1.1909	33045322.907264303
1.19091	34249165.96289152
1.19092	33953144.36231715
1.1909299999999998	33727177.6361936
1.19094	30692339.96241986
1.19095	32275278.61621223
1.19096	34359750.37473188
1.19097	31574755.77126037
1.19098	32876834.844855964
1.19099	34386660.431679904
1.1909999999999998	33931261.01629315
1.19101	34487363.93155538
1.19102	34403291.87682278
1.19103	34516758.184421115
1.19104	34438957.77964293
1.19105	33726401.04816993
1.19106	33913295.962175995
1.19107	34355003.72768551
1.19108	34253109.270832025
1.19109	33680613.99075442
1.1911	33909391.774436586
1.19111	34390619.57016724
1.1911200000000002	34464342.69249837
1.19113	34392995.272058874
1.19114	34339186.30617037
1.19115	33717859.75999067
1.19116	32586671.30533128
1.19117	32851106.33598553
1.19118	23097767.20938891
1.19119	33432588.27608923
1.1912	34478629.927785866
1.19121	34461962.06227175
1.1912200000000002	32758197.72970437
1.19123	34177477.02263432
1.19124	34450854.62865792
1.19125	34445302.254436746
1.19126	34379535.130949184
1.19127	34469104.44632461
1.19128	33999301.91071534
1.19129	26241581.19215121
1.1913	32972357.500120394
1.19131	34448474.93012143
1.1913200000000002	34366871.5749901
1.19133	34292567.32975598
1.19134	33497315.211089466
1.19135	32056049.496323634
1.19136	34234973.81275295
1.19137	34474660.657314904
1.19138	34418346.3060074
1.19139	34029063.71793003
1.1914	34016529.25662954
1.19141	34309153.265848584
1.19142	34467517.12195297
1.19143	34355003.72768551
1.19144	34274410.98043552
1.19145	34450854.62865792
1.19146	34764821.192448564
1.19147	34264152.94859834
1.19148	34487363.93155538
1.19149	34453234.49158371
1.1915	32985266.70854861
1.19151	31219791.620801236
1.19152	33608567.35265118
1.19153	34072970.71604771
1.19154	33914857.76313233
1.19155	33540536.105090905
1.19156	31550046.2337463
1.19157	33780805.416938394
1.19158	30954229.62807116
1.19159	33428739.42868172
1.1916	33910953.3955943
1.19161	33841530.81212332
1.19162	34526296.83491623
1.19163	34305993.42157248
1.19164	34349466.80155937
1.19165	34456407.89788808
1.19166	34542200.44385809
1.19167	34412799.17108665
1.19168	34484187.67422625
1.19169	34449268.14470209
1.1917	34408045.19558433
1.19171	33971130.52551984
1.19172	26376064.73323601
1.19173	30271922.29969903
1.19174	33755146.71752967
1.19175	34283882.658671394
1.19176	34465929.87067877
1.19177	34288619.479300186
1.1917799999999998	34506427.62018256
1.19179	34501660.710325465
1.1918	34313893.57798196
1.19181	34228668.07832152
1.19182	34150730.66688275
1.19183	34344721.575142875
1.19184	34778432.179249905
1.19185	34740814.797206745
1.19186	33787806.6284616
1.19187	34461168.555406205
1.1918799999999998	34546972.95487325
1.19189	34358168.086185515
1.1919	34087880.60102589
1.19191	34212121.05085968
1.19192	34242069.15255305
1.19193	34629003.95663603
1.19194	34734415.89200425
1.19195	34591548.200583056
1.19196	34391411.452563666
1.19197	28593018.15369892
1.1919799999999998	33569896.324664176
1.19199	34446888.55575238
1.192	34482599.655262284
1.19201	33868035.007043995
1.19202	34593937.78261217
1.19203	34646550.37071805
1.19204	34930113.75635547
1.19205	34527886.86625587
1.19206	34521527.180215426
1.19207	34539814.43559429
1.19208	30942115.292130373
1.19209	29392058.273044866
1.1921	34049442.06915653
1.19211	34625017.37471161
1.19212	34547768.43748086
1.19213	34501660.710325465
1.19214	34567661.45675278
1.19215	34565273.68976513
1.19216	34617045.58764759
1.1921700000000002	34415176.40514376
1.19218	34540609.753369
1.19219	34574029.64182393
1.1922	34004782.39238068
1.19221	34564477.80408883
1.19222	34281514.49375161
1.19223	34533452.55261658
1.19224	34511195.18865794
1.19225	34625814.65437922
1.19226	34541405.08945679
1.1922700000000002	33668983.127494164
1.19228	34705635.40079875
1.19229	34516758.184421115
1.1923	33992256.87500362
1.19231	30276801.95033343
1.19232	34595530.92900444
1.19233	34525501.84670485
1.19234	34570845.40265547
1.19235	34736815.34332472
1.19236	34570845.40265547
1.1923700000000002	34660913.14042073
1.19238	32513221.29579136
1.19239	33488060.83944773
1.1924	34358168.086185515
1.19241	33995387.82174516
1.19242	34182199.14176571
1.19243	34570845.40265547
1.19244	34685662.98019587
1.19245	34481011.709427744
1.19246	34647348.14620678
1.19247	34610669.47947629
1.19248	34645752.613598555
1.19249	34541405.08945679
1.1925	33062828.1658216
1.19251	30470529.414584126
1.19252	31668682.79447323
1.19253	31563125.34388325
1.19254	31505762.87437252
1.19255	34626611.952404946
1.19256	34635383.442453906
1.19257	34454027.81575873
1.19258	34440543.78877784
1.19259	34642561.76880448
1.1926	34630598.71792233
1.19261	34605091.34822042
1.19262	34270465.22018637
1.19263	34661711.24662826
1.19264	34604294.54571921
1.19265	34656922.88502737
1.19266	34696846.11928072
1.19267	34462755.587408684
1.19268	32267847.814206384
1.19269	34506427.62018256
1.1927	34465929.87067877
1.19271	34500866.28937528
1.19272	34643359.45245121
1.1927299999999998	34644157.15446563
1.19274	34608278.74170229
1.19275	34629003.95663603
1.19276	34666500.2698116
1.19277	32428734.41924228
1.19278	32212913.02518079
1.19279	33322685.94039261
1.1928	34581991.52295997
1.19281	34539814.43559429
1.19282	34601107.51917846
1.1928299999999998	34757617.53257768
1.19284	34840950.93840709
1.19285	34656124.88907466
1.19286	34450061.37754754
1.19287	34188496.315514244
1.19288	34717624.37290919
1.19289	34728018.16541495
1.1929	34708032.8639648
1.19291	33587679.46803227
1.19292	33841530.81212332
1.1929299999999998	34592344.70958544
1.19294	34549359.457647115
1.19295	34180625.02956753
1.19296	33570669.30899193
1.19297	34681669.87553593
1.19298	34585176.788771324
1.19299	34671289.9546685
1.193	34536633.34761766
1.19301	33740382.36884895
1.19302	33874274.30428981
1.19303	34652933.0890027
1.19304	34626611.952404946
1.19305	34264941.91895966
1.19306	33993039.58465441
1.19307	34658518.93205745
1.19308	34519142.599960625
1.19309	34680072.762389906
1.1931	34552541.71779577
1.19311	34648145.94006533
1.1931200000000002	34629801.328099
1.19313	34695248.30725894
1.19314	34741614.74323925
1.19315	34756817.218071714
1.19316	34646550.37071805
1.19317	34618639.79821812
1.19318	34719223.215410605
1.19319	34535042.9134968
1.1932	34641764.10352489
1.19321	34660913.14042073
1.1932200000000002	32808773.852678496
1.19323	34254686.72112974
1.19324	34723220.64380746
1.19325	34680871.309769124
1.19326	34716824.97926916
1.19327	34616248.50989301
1.19328	34599514.11598077
1.19329	34704836.28321183
1.1933	34572437.48557972
1.19331	34676878.75673888
1.1933200000000002	34695248.30725894
1.19333	34623422.87044974
1.19334	34488158.04159871
1.19335	34461168.555406205
1.19336	34502455.14956821
1.19337	34542995.81657343
1.19338	34519142.599960625
1.19339	34057283.14563248
1.1934	34739214.960399285
1.19341	33957835.48660518
1.19342	34641764.10352489
1.19343	34662509.37121309
1.19344	34341558.455055274
1.19345	34601904.24829482
1.19346	34453234.49158371
1.19347	33954707.99840239
1.19348	32096671.693253115
1.19349	33705439.92934825
1.1935	34592344.70958544
1.19351	34116934.36645827
1.19352	33815047.358658224
1.19353	33417965.013013594
1.19354	27336946.32162261
1.19355	22114646.41774499
1.19356	33289709.09090783
1.19357	34570845.40265547
1.19358	32654271.551252104
1.19359	34412799.17108665
1.1936	34650539.43186281
1.19361	34743214.690563336
1.19362	34653731.01146065
1.19363	34589955.23759798
1.19364	34569253.39304766
1.19365	34671289.9546685
1.19366	34307573.30733141
1.19367	34473866.85805677
1.19368	34753616.14432061
1.19369	35050966.68066933
1.1937	34726418.91790059
1.19371	34735215.690694675
1.19372	34835335.69315666
1.19373	35236275.74967488
1.19374	34824107.91750279
1.19375	34060420.08179069
1.19376	34685662.98019587
1.19377	34628206.60353286
1.1937799999999998	34863420.97230369
1.19379	34661711.24662826
1.1938	33639536.24663782
1.19381	34717624.37290919
1.19382	31723419.922393136
1.19383	31874251.86212441
1.19384	33811933.0211224
1.19385	34761619.381538115
1.19386	34412799.17108665
1.19387	33895340.41973509
1.1938799999999998	28919448.05958844
1.19389	31693485.24641697
1.1939	34958275.44838353
1.19391	34910815.99479949
1.19392	34746414.80626104
1.19393	34842555.46043736
1.19394	34818495.386807665
1.19395	34760818.974887244
1.19396	34742414.70769126
1.19397	34776830.610137865
1.1939799999999998	33386431.33988192
1.19399	34519142.599960625
1.194	34156235.55794696
1.19401	24823899.252460264
1.19402	12295041.529140538
1.19403	31644628.38835519
1.19404	32673826.60631437
1.19405	33082627.88556981
1.19406	34473073.07707632
1.19407	34798458.01746998
1.19408	34767222.74416532
1.19409	34653731.01146065
1.1941	34702439.04085013
1.19411	34778432.179249905
1.19412	34412799.17108665
1.19413	34405668.45411672
1.19414	34720022.66427269
1.19415	34801663.22150045
1.19416	34250743.231589146
1.1941700000000002	34704836.28321183
1.19418	34558907.11745154
1.19419	31651915.672262706
1.1942	33634114.63095146
1.19421	34594734.346637346
1.19422	34668895.02952505
1.19423	34677677.23057269
1.19424	34662509.37121309
1.19425	34999351.707968146
1.19426	34812082.17362947
1.1942700000000002	34783237.32913997
1.19428	32600930.805186264
1.19429	34624220.11340197
1.1943	34823306.07201663
1.19431	35078418.08817864
1.19432	33030108.477201324
1.19433	34742414.70769126
1.19434	34590751.70992061
1.19435	34568457.41573623
1.19436	34441336.82073511
1.1943700000000002	34366871.5749901
1.19438	34544586.61694732
1.19439	35009829.8442479
1.1944	34714426.90878628
1.19441	34673685.04525309
1.19442	34658518.93205745
1.19443	34024362.753777914
1.19444	34617842.683755904
1.19445	34708832.05515656
1.19446	34760018.58666605
1.19447	34810479.054913595
1.19448	34824107.91750279
1.19449	34832127.387919754
1.1945	34140509.651483
1.19451	34899563.89109263
1.19452	34852184.14448462
1.19453	33841530.81212332
1.19454	31708814.11100124
1.19455	34626611.952404946
1.19456	34825711.663865425
1.19457	34633788.46082796
1.19458	34772026.34530774
1.19459	34840950.93840709
1.1946	34861012.775678106
1.19461	34773627.6931701
1.19462	34700041.9640785
1.19463	34384285.167368285
1.19464	34687260.35078672
1.19465	34608278.74170229
1.19466	34456407.89788808
1.19467	33394119.73491827
1.19468	34396955.13991365
1.19469	34555724.27105492
1.1947	34694449.42884093
1.19471	34628206.60353286
1.19472	34601107.51917846
1.1947299999999998	34856999.484288976
1.19474	34901974.75082675
1.19475	34845764.72617946
1.19476	34789645.2284119
1.19477	34266519.914183505
1.19478	34662509.37121309
1.19479	34449268.14470209
1.1948	34546177.49058196
1.19481	34441336.82073511
1.19482	32820863.27847104
1.1948299999999998	32224040.89278485
1.19484	34616248.50989301
1.19485	34715226.24720821
1.19486	34808876.010022245
1.19487	34782436.42472305
1.19488	34806471.58109919
1.19489	34833731.50360116
1.1949	34731216.8813965
1.19491	34579602.766120605
1.19492	34764020.71207412
1.1949299999999998	34873055.42250153
1.19494	34809677.52324013
1.19495	32999700.62852283
1.19496	33721741.89552261
1.19497	34763220.25013106
1.19498	34674483.44554813
1.19499	34396955.13991365
1.195	34389035.86007449
1.19501	32261161.55515352
1.19502	34511195.18865794
1.19503	34382701.74897884
1.19504	31882326.134115417
1.19505	34895546.1615978
1.19506	34548563.93840534
1.19507	27733201.04651837
1.19508	29936429.42739857
1.19509	34832929.436526425
1.1951	34705635.40079875
1.19511	34830523.34610877
1.1951200000000002	34712029.00395067
1.19513	33908610.99082564
1.19514	33989126.21661965
1.19515	33080342.69752408
1.19516	34813685.36617353
1.19517	34723220.64380746
1.19518	29360266.95251055
1.19519	33264423.410817474
1.1952	34681669.87553593
1.19521	34704037.18402506
1.1952200000000002	34776830.610137865
1.19523	34821702.43643304
1.19524	34611466.42876746
1.19525	33682165.07606311
1.19526	34729617.486579075
1.19527	34822504.24499356
1.19528	34659316.98313581
1.19529	34850579.17904727
1.1953	34844160.05636044
1.19531	33817383.300056905
1.1953200000000002	34897153.197888896
1.19533	34793650.76490936
1.19534	34060420.08179069
1.19535	30787895.22979668
1.19536	28637822.9642953
1.19537	31659933.622841626
1.19538	34934939.86327733
1.19539	34910815.99479949
1.1954	34759218.21687442
1.19541	34799259.290801816
1.19542	34847369.469898105
1.19543	34864223.74148006
1.19544	34794451.92754898
1.19545	34328118.44440558
1.19546	35082456.87279409
1.19547	34420723.92326039
1.19548	34963105.44625569
1.19549	35154425.09444871
1.1955	34846567.0888012
1.19551	34800060.58258387
1.19552	34828117.42189237
1.19553	34650539.43186281
1.19554	34818495.386807665
1.19555	34868237.86464041
1.19556	33200146.49314931
1.19557	34309153.265848584
1.19558	31910234.81431276
1.19559	34404876.24344434
1.1956	34808876.010022245
1.19561	34859407.40367663
1.19562	34957470.51361151
1.19563	34857802.10560342
1.19564	34836939.95658937
1.19565	34868237.86464041
1.19566	34814486.990132056
1.19567	34874661.42303197
1.19568	34705635.40079875
1.19569	34780834.67121294
1.1957	34860210.0804361
1.19571	34979210.25932249
1.19572	34716025.60403565
1.19573	34937353.16678158
1.19574	34962300.40027014
1.19575	33132941.980638765
1.19576	34930918.06120763
1.19577	34905189.48953978
1.1957799999999998	34812883.76067285
1.19579	34919659.47840454
1.1958	34938962.12840076
1.19581	34781635.53874756
1.19582	34690455.31266194
1.19583	34362123.944181524
1.19584	33752815.07513331
1.19585	33622499.82522804
1.19586	34164101.2273637
1.19587	33989908.85418355
1.1958799999999998	34885905.49783756
1.19589	34625017.37471161
1.1959	34801663.22150045
1.19591	34942984.856631234
1.19592	34984043.14964548
1.19593	34959080.40169007
1.19594	34918051.405684635
1.19595	35015473.21689925
1.19596	34979210.25932249
1.19597	34975183.36072848
1.1959799999999998	34875464.451032266
1.19599	34923679.98420738
1.196	34927700.9529147
1.19601	34893135.74591941
1.19602	33367218.09565087
1.19603	34613857.38674656
1.19604	33401809.90047697
1.19605	34467517.12195297
1.19606	34199519.16116712
1.19607	34678475.72279212
1.19608	34478629.927785866
1.19609	34472279.31437314
1.1961	34680871.309769124
1.19611	34636180.96081165
1.19612	34697645.0528852
1.19613	34707233.69117474
1.19614	34652135.18491738
1.19615	32995141.866313826
1.19616	33071203.52372985
1.1961700000000002	34694449.42884093
1.19618	34579602.766120605
1.19619	34632990.99755893
1.1962	33987560.9955534
1.19621	35024343.21189929
1.19622	35041283.07856508
1.19623	34473866.85805677
1.19624	34192432.63820124
1.19625	35048545.52929263
1.19626	35046124.54515736
1.1962700000000002	34188496.315514244
1.19628	34106723.465996034
1.19629	34873858.41352187
1.1963	34139723.54624752
1.19631	34869843.64330915
1.19632	34955055.82049816
1.19633	33687594.43719037
1.19634	34275989.41173594
1.19635	31695674.630434863
1.19636	34719223.215410605
1.1963700000000002	35163330.28824348
1.19638	34147585.413195305
1.19639	33623274.020810105
1.1964	33909391.774436586
1.19641	34852184.14448462
1.19642	33075772.79497108
1.19643	33453379.71084991
1.19644	32939727.34322427
1.19645	34752015.71800275
1.19646	34838544.29390285
1.19647	34543791.207603
1.19648	34897153.197888896
1.19649	34592344.70958544
1.1965	34341558.455055274
1.19651	35109932.94296405
1.19652	34411214.43960905
1.19653	34733616.11172952
1.19654	34742414.70769126
1.19655	34748815.08646591
1.19656	34847369.469898105
1.19657	34768823.87080874
1.19658	34747214.88123986
1.19659	34298095.08403182
1.1966	34945398.71588314
1.19661	34455614.51891041
1.19662	33825170.93687438
1.19663	33593093.59865145
1.19664	32087065.43976303
1.19665	35029182.33800084
1.19666	34433407.32281273
1.19667	34969546.48151122
1.19668	34945398.71588314
1.19669	33394888.67179401
1.1967	34744814.71156943
1.19671	34685662.98019587
1.19672	35054195.14267805
1.1967299999999998	34975183.36072848
1.19674	34959885.37353171
1.19675	34881889.34073284
1.19676	34861815.489403196
1.19677	34784038.25199848
1.19678	34680871.309769124
1.19679	34591548.200583056
1.1968	34796054.30817136
1.19681	33489603.05715205
1.19682	34695248.30725894
1.1968299999999998	34962300.40027014
1.19684	34967936.11146297
1.19685	31428959.25940143
1.19686	34087095.707605146
1.19687	35076802.704522915
1.19688	35067111.96464776
1.19689	35022730.31842631
1.1969	35074379.7685187
1.19691	35005799.42064681
1.19692	34982432.11201635
1.1969299999999998	34930113.75635547
1.19694	34377951.93130197
1.19695	34324956.85345241
1.19696	34852184.14448462
1.19697	34818495.386807665
1.19698	34500071.88671711
1.19699	34652933.0890027
1.197	34915639.43545289
1.19701	34721621.61722191
1.19702	34886708.784745224
1.1970299999999998	34999351.707968146
1.19704	34988071.068319105
1.19705	34323376.16716989
1.19706	35059845.6667471
1.19707	35085688.2352904
1.19708	34985654.26146733
1.19709	34784038.25199848
1.1971	35090535.8371056
1.19711	35080841.30314988
1.19712	35062267.5987366
1.19713	34967936.11146297
1.19714	35048545.52929263
1.19715	35059038.393261306
1.19716	34996128.29699367
1.19717	35006605.46824586
1.19718	34992099.4507507
1.19719	34027496.65771621
1.1972	34857802.10560342
1.19721	34967130.95424837
1.1972200000000002	35075187.39525679
1.19723	35214376.236537896
1.19724	33971912.74871285
1.19725	30212732.116557784
1.19726	35076802.704522915
1.19727	34980821.1485764
1.19728	34983237.621557035
1.19729	34290988.13503194
1.1973	34195582.022660986
1.19731	34458788.144433506
1.1973200000000002	33892999.093435474
1.19733	34955055.82049816
1.19734	34640966.45661201
1.19735	35005799.42064681
1.19736	35088919.89541991
1.19737	35187628.64767592
1.19738	35602459.41199667
1.19739	35224918.74704743
1.1974	35050159.61162724
1.19741	34751215.53248186
1.1974200000000002	34609872.548535205
1.19743	34904385.77710307
1.19744	34893939.1993116
1.19745	34603497.76156485
1.19746	34850579.17904727
1.19747	34880283.00735201
1.19748	34919659.47840454
1.19749	34650539.43186281
1.1975	34883495.74808963
1.19751	34981626.62102286
1.19752	35097808.49567091
1.19753	35003381.38920614
1.19754	34958275.44838353
1.19755	34855394.29710214
1.19756	34940571.16411706
1.19757	35078418.08817864
1.19758	33423351.78669007
1.19759	34171968.708126426
1.1976	33461083.523093265
1.19761	34644157.15446563
1.19762	34672088.29981376
1.19763	34705635.40079875
1.19764	34578806.55050893
1.19765	34911619.85529916
1.19766	34823306.07201663
1.19767	34562886.08771302
1.19768	34682468.45969046
1.19769	34568457.41573623
1.1977	34819297.12152229
1.19771	34684864.32248549
1.19772	34660913.14042073
1.19773	34813685.36617353
1.19774	34925288.31613873
1.19775	34940571.16411706
1.19776	34987265.44748548
1.19777	35037249.033985004
1.1977799999999998	35122870.30328132
1.19779	32640740.292563125
1.1978	24806186.24148394
1.19781	32743115.49523063
1.19782	33979735.97134763
1.19783	35284177.64900802
1.19784	35652500.93966952
1.19785	35219241.61848568
1.19786	34728018.16541495
1.19787	35151996.796664804
1.1978799999999998	35145522.15591462
1.19789	35054195.14267805
1.1979	35118826.86616558
1.19791	34696047.20407201
1.19792	34980821.1485764
1.19793	34973572.73109817
1.19794	34901171.11241128
1.19795	34816891.97275922
1.19796	34816891.97275922
1.19797	34910815.99479949
1.1979799999999998	34560498.65058478
1.19799	33285110.26531663
1.198	34460375.06681147
1.19801	34975183.36072848
1.19802	34972767.44409726
1.19803	34875464.451032266
1.19804	34799259.290801816
1.19805	34801663.22150045
1.19806	34852184.14448462
1.19807	34994516.70283576
1.19808	34959885.37353171
1.19809	33311945.706820056
1.1981	29631251.865159694
1.19811	34572437.48557972
1.19812	35190869.697296776
1.19813	35147950.0064306
1.19814	35049352.56116853
1.19815	34980015.69467642
1.19816	34794451.92754898
1.1981700000000002	34157808.54694274
1.19818	34910815.99479949
1.19819	35145522.15591462
1.1982	34938962.12840076
1.19821	34515963.41584275
1.19822	34961495.37282124
1.19823	34742414.70769126
1.19824	34306783.355357386
1.19825	35139857.82353994
1.19826	35021117.49922825
1.1982700000000002	35080841.30314988
1.19828	35262248.36461241
1.19829	35150378.02466249
1.1983	35198163.15046909
1.19831	35428274.42220535
1.19832	35139857.82353994
1.19833	35051773.76829494
1.19834	35116401.027335234
1.19835	35073572.16037669
1.19836	34948617.45427534
1.1983700000000002	34381910.06712844
1.19838	34768823.87080874
1.19839	34870646.56037469
1.1984	34808876.010022245
1.19841	34993710.933587626
1.19842	34959080.40169007
1.19843	34738415.06962333
1.19844	34699242.97528359
1.19845	34771225.69903028
1.19846	34915639.43545289
1.19847	34646550.37071805
1.19848	34926896.722138345
1.19849	34869843.64330915
1.1985	34338395.62628853
1.19851	34598717.44189846
1.19852	34843357.74916217
1.19853	34963910.51077847
1.19854	35030795.52860701
1.19855	35157663.08576845
1.19856	35029182.33800084
1.19857	33457231.39523805
1.19858	30401849.166294474
1.19859	17984567.574769367
1.1986	32313946.380120195
1.19861	34465929.87067877
1.19862	35197352.6921422
1.19863	33854000.78973652
1.19864	34770425.07118832
1.19865	34856196.881455354
1.19866	35234653.09657272
1.19867	32809529.311311893
1.19868	35054195.14267805
1.19869	35144712.90967731
1.1987	35389954.15155023
1.19871	35241955.62403561
1.19872	35200594.63742189
1.19873	35211943.79761884
1.19874	35254941.63226665
1.19875	34906796.96993278
1.19876	35218430.67481471
1.19877	35293115.71125793
1.19878	35168188.61744585
1.19879	33641085.44020306
1.1988	34185347.58364219
1.19881	35160091.77497913
1.19882	35033215.45381475
1.1988299999999998	34965520.69543669
1.19884	35067111.96464776
1.19885	35211133.021984465
1.19886	34781635.53874756
1.19887	35187628.64767592
1.19888	35161710.99432661
1.19889	35240332.709371604
1.1989	35280928.00580297
1.19891	35262248.36461241
1.19892	34481805.673204064
1.1989299999999998	34914031.54785854
1.19894	34715226.24720821
1.19895	35176287.32449397
1.19896	35237898.47750484
1.19897	35133385.41866517
1.19898	34817693.67055345
1.19899	34908404.52435482
1.199	35231408.01453746
1.19901	35112358.33497953
1.19902	33181804.48272467
1.1990299999999998	35106699.34755047
1.19904	34962300.40027014
1.19905	35032408.79350521
1.19906	34979210.25932249
1.19907	35125296.58900871
1.19908	34963105.44625569
1.19909	32111456.16079637
1.1991	34079247.76732323
1.19911	35186818.43191197
1.19912	34615451.45049161
1.19913	34366080.25763872
1.19914	35060652.958821274
1.19915	35219241.61848568
1.19916	35154425.09444871
1.19917	35284177.64900802
1.19918	35142285.28276433
1.19919	33218498.642544605
1.1992	33811933.0211224
1.19921	35042089.94321494
1.1992200000000002	35117209.621659696
1.19923	35119635.51634769
1.19924	35109932.94296405
1.19925	35255753.41664331
1.19926	35127723.042343915
1.19927	35223296.616942525
1.19928	33468789.109409183
1.19929	34836137.81563813
1.1993	34766422.20849375
1.19931	34111435.809487075
1.1993200000000002	35151187.40134524
1.19933	35409516.76781205
1.19934	34222363.50534232
1.19935	27660498.32560456
1.19936	26502692.64319529
1.19937	33776138.74856894
1.19938	35412778.25502519
1.19939	35369587.91876775
1.1994	35131767.503728755
1.19941	35353303.37153374
1.1994200000000002	35618858.72625166
1.19943	36019692.422972344
1.19944	35305307.6269244
1.19945	35187628.64767592
1.19946	34623422.87044974
1.19947	35143094.473102674
1.19948	34716824.97926916
1.19949	35019504.7543014
1.1995	35198163.15046909
1.19951	35236275.74967488
1.19952	33659681.32880692
1.19953	35354117.42079908
1.19954	35112358.33497953
1.19955	35016279.48724825
1.19956	34963105.44625569
1.19957	35145522.15591462
1.19958	35457654.179373145
1.19959	34709631.264750585
1.1996	34806471.58109919
1.19961	34980015.69467642
1.19962	35061460.26948425
1.19963	35186818.43191197
1.19964	34912423.7343086
1.19965	35228163.23137154
1.19966	35260624.515454665
1.19967	35235464.41378305
1.19968	35149568.666616105
1.19969	34883495.74808963
1.1997	34330489.82872328
1.19971	32013267.23713006
1.19972	34977599.44425093
1.19973	35051773.76829494
1.19974	35118826.86616558
1.19975	35061460.26948425
1.19976	33017941.97682725
1.19977	35060652.958821274
1.1997799999999998	34992099.4507507
1.19979	35181147.44390057
1.1998	35177097.297767274
1.19981	35132576.45188349
1.19982	35101041.27216905
1.19983	31676704.99243997
1.19984	34761619.381538115
1.19985	35163330.28824348
1.19986	35228974.39914563
1.19987	35152806.21062158
1.1998799999999998	35120444.18514989
1.19989	35241144.15736136
1.1999	35172237.73787039
1.19991	35158472.630197875
1.19992	34707233.69117474
1.19993	34481011.709427744
1.19994	34749615.21671386
1.19995	35069534.39859268
1.19996	35107507.718483075
1.19997	35250071.31852038
1.1999799999999998	34632990.99755893
1.19999	35282552.789992675
1.2	34952641.29418028
1.20001	35604918.827710435
1.20002	35554125.41244237
1.20003	35242767.1093948
1.20004	35094576.016908765
1.20005	34983237.621557035
1.20006	35133385.41866517
1.20007	35478888.04394636
1.20008	35784091.85776652
1.20009	35583609.53460091
1.2001	35077610.387051955
1.20011	35414409.11128293
1.20012	35400549.22672843
1.20013	35421748.893922724
1.20014	35302868.90690436
1.20015	35011442.14361827
1.20016	34335233.08881552
1.2001700000000002	34905189.48953978
1.20018	35269556.61130864
1.20019	35398919.00872713
1.2002	35247636.41395757
1.20021	35402179.51980563
1.20022	35395658.797938965
1.20023	35332144.66850246
1.20024	35382620.95713675
1.20025	35394843.79215908
1.20026	35336212.66615158
1.2002700000000002	35281740.388544746
1.20028	35332958.23056504
1.20029	35254129.86658194
1.2003	33721741.89552261
1.20031	35281740.388544746
1.20032	35310998.62880574
1.20033	35164949.65673345
1.20034	34678475.72279212
1.20035	35228163.23137154
1.20036	35121252.87257258
1.2003700000000002	34604294.54571921
1.20038	35181147.44390057
1.20039	35381806.25156079
1.2004	35054195.14267805
1.20041	34951031.70262661
1.20042	33384893.87330149
1.20043	35289865.24486498
1.20044	35168188.61744585
1.20045	35008217.61912481
1.20046	35375289.282243185
1.20047	34930113.75635547
1.20048	35201405.170398206
1.20049	35305307.6269244
1.2005	35395658.797938965
1.20051	32571668.04350957
1.20052	34992905.18289265
1.20053	35339467.40149652
1.20054	35152806.21062158
1.20055	35006605.46824586
1.20056	35058231.13836344
1.20057	35211133.021984465
1.20058	35217619.74981619
1.20059	35284990.10657646
1.2006	35345163.909726754
1.20061	35362258.94446554
1.20062	35376918.41203017
1.20063	35389139.277123176
1.20064	34753616.14432061
1.20065	35168188.61744585
1.20066	35084072.51683974
1.20067	32431721.35361193
1.20068	35357373.805308804
1.20069	35359002.11003873
1.2007	35369587.91876775
1.20071	35479704.98493893
1.20072	34490540.48144197
1.20073	34240492.28330233
1.20074	35449490.69267077
1.20075	35302056.03766608
1.20076	34684065.68316481
1.20077	35109124.51618937
1.20078	35068726.90201801
1.20079	35074379.7685187
1.2008	35130958.57420052
1.20081	35265496.28727969
1.20082	35332144.66850246
1.2008299999999998	35215187.086850904
1.20084	35310185.57237585
1.20085	34535838.121402025
1.20086	34740814.797206745
1.20087	35341094.88158695
1.20088	35442145.161619924
1.20089	35503404.45825875
1.2009	35297991.97221777
1.20091	35310185.57237585
1.20092	35568045.42454435
1.2009299999999998	35105890.99523121
1.20094	34483393.65560296
1.20095	35541029.20113463
1.20096	35273617.402826585
1.20097	35463369.73859671
1.20098	35241955.62403561
1.20099	35518940.282276504
1.2009999999999998	35453572.20105792
1.20101	35435617.07848813
1.20102	35531210.20845777
1.2010299999999998	35684531.557100035
1.20104	34845764.72617946
1.20105	34303623.72934805
1.20106	34971156.92572161
1.20107	33066634.883713026
1.20108	34640966.45661201
1.20109	35414409.11128293
1.2011	35486241.19011141
1.20111	35359816.29052388
1.20112	34998545.82739118
1.20113	35244390.13616981
1.20114	35242767.1093948
1.20115	35315064.19178693
1.20116	35355745.5755635
1.20117	35593443.00774725
1.20118	35851720.3345195
1.20119	35281740.388544746
1.2012	35240332.709371604
1.20121	34061204.36097553
1.2012200000000002	34184560.44598707
1.20123	35361444.70773685
1.20124	35405440.33120213
1.20125	35361444.70773685
1.20126	35300430.35533932
1.20127	35392398.88741348
1.20128	35328077.139171906
1.20129	35300430.35533932
1.2013	35315877.360552475
1.20131	35217619.74981619
1.2013200000000002	34581991.52295997
1.20133	34807273.03895227
1.20134	35233030.51819477
1.20135	35159282.19326795
1.20136	35220863.5618467
1.20137	35636906.696823604
1.20138	34401707.583162315
1.20139	35309372.53466706
1.2014	35108316.10802919
1.20141	34747214.88123986
1.2014200000000002	35172237.73787039
1.20143	35061460.26948425
1.20144	35063074.946578465
1.20145	35174667.43389713
1.20146	35363073.19994309
1.20147	35262248.36461241
1.20148	35332958.23056504
1.20149	35476437.33383004
1.2015	35514851.24854409
1.20151	35453572.20105792
1.20152	35505857.03126237
1.20153	35280928.00580297
1.20154	34587565.93066369
1.20155	35345977.7715719
1.20156	35267932.42560145
1.20157	35280115.641766794
1.20158	35293928.37463536
1.20159	35324010.07810588
1.2016	35702612.8039015
1.20161	35776676.99361102
1.20162	35340281.1321732
1.20163	35528755.88417919
1.20164	34420723.92326039
1.20165	32173625.326956
1.20166	35375289.282243185
1.20167	34725619.32176087
1.20168	35143094.473102674
1.20169	34775229.114779115
1.2017	35448674.44737998
1.20171	35651680.01994885
1.20172	35346791.65215711
1.20173	34251531.89317677
1.20174	35148759.32720552
1.20175	35505857.03126237
1.20176	35311811.70395716
1.20177	35478888.04394636
1.2017799999999998	35481338.9233576
1.20179	34635383.442453906
1.2018	32331808.66189181
1.20181	35260624.515454665
1.20182	34601107.51917846
1.20183	31609672.77329216
1.20184	35358187.94830042
1.20185	35518940.282276504
1.20186	35497682.44672093
1.20187	35525483.71552356
1.2018799999999998	35348419.46954966
1.20189	34186134.73942205
1.2019	35395658.797938965
1.20191	35216808.84348954
1.20192	34942984.856631234
1.20193	35497682.44672093
1.20194	34898760.30818847
1.20195	33757478.520995736
1.20196	35311811.70395716
1.20197	35291490.44063908
1.2019799999999998	35314251.041745074
1.20199	35386694.7664179
1.202	35324010.07810588
1.20201	35494413.13990285
1.20202	35515669.01762973
1.20203	35509127.39215034
1.20204	35559856.52224462
1.20205	35550032.32810532
1.20206	35554944.08585932
1.20207	35334585.41089016
1.20208	35362258.94446554
1.20209	35274429.61723356
1.2021	35540210.84811605
1.20211	35530392.08152711
1.20212	35280928.00580297
1.20213	35407886.13684973
1.20214	35554125.41244237
1.20215	34214484.42208469
1.20216	28746170.688799165
1.2021700000000002	35160901.37533197
1.20218	35513215.7668615
1.20219	35433985.245589755
1.2022	35450306.95675667
1.20221	35545939.71497475
1.20222	35260624.515454665
1.20223	35641009.78351773
1.20224	35165759.36894429
1.20225	35474803.621132866
1.20226	35595901.80060822
1.2022700000000002	35677958.82885626
1.20228	32971598.292272557
1.20229	34464342.69249837
1.2023	34824107.91750279
1.20231	35477254.21839242
1.20232	35411147.47386929
1.20233	35344350.06662125
1.20234	35194111.04544294
1.20235	35337839.99635245
1.20236	35228163.23137154
1.2023700000000002	35157663.08576845
1.20238	35380991.564743765
1.20239	35332958.23056504
1.2024	35215997.95583464
1.20241	35168998.40423738
1.20242	35320756.76636761
1.20243	35340281.1321732
1.20244	35639368.49215368
1.20245	35735511.273490325
1.20246	36359675.61640109
1.20247	35779148.44426464
1.20248	35703434.89640635
1.20249	35497682.44672093
1.2025	35677958.82885626
1.20251	35592623.44787007
1.20252	35666459.46737323
1.20253	35714123.82172193
1.20254	35377733.00505831
1.20255	33847765.22666616
1.20256	35660711.176590845
1.20257	35615578.25919989
1.20258	35648396.530083284
1.20259	35294741.05672513
1.2026	33236860.93651524
1.20261	34015746.00611529
1.20262	32348191.093899306
1.20263	35566407.49323583
1.20264	35513215.7668615
1.20265	35619678.89022555
1.20266	35659890.06782467
1.20267	35673851.48849093
1.20268	35627881.56872053
1.20269	35673030.07716123
1.2027	35586887.05708888
1.20271	35414409.11128293
1.20272	35046124.54515736
1.20273	35645934.11113997
1.20274	35316690.54804229
1.20275	35655784.80758259
1.20276	35654142.8358192
1.20277	35662353.450844616
1.20278	35666459.46737323
1.20279	35583609.53460091
1.2028	35586067.64816631
1.20281	35575417.04894497
1.20282	35580332.31397003
1.2028299999999998	35792332.39810516
1.20284	35807994.65319891
1.20285	34475454.474851154
1.20286	35338653.68955632
1.20287	35494413.13990285
1.20288	35497682.44672093
1.20289	35457654.179373145
1.2029	35359816.29052388
1.20291	34202669.198349796
1.20292	35284990.10657646
1.2029299999999998	34805670.14170014
1.20294	34554928.60525957
1.20295	35655784.80758259
1.20296	35364701.76714573
1.20297	35383435.68147221
1.20298	35304494.70153301
1.20299	35187628.64767592
1.203	35440513.02809928
1.20301	35479704.98493893
1.20302	35514033.49828821
1.2030299999999998	35297991.97221777
1.20304	33648057.69418369
1.20305	35432353.487838484
1.20306	35378547.61684322
1.20307	35369587.91876775
1.20308	35164949.65673345
1.20309	35459287.10229129
1.2031	35191680.00634548
1.20311	35541847.572996706
1.20312	35645934.11113997
1.20313	35729751.85376869
1.20314	35649217.37419793
1.20315	33584586.07088859
1.20316	35469902.93442845
1.20317	35743740.6264481
1.20318	35672208.684745155
1.20319	35370402.3430031
1.2032	35548395.226311296
1.20321	35752795.10355514
1.2032200000000002	35759381.618420064
1.20323	35790684.138237625
1.20324	34677677.23057269
1.20325	35509945.02943765
1.20326	35765145.814280264
1.20327	35609018.23145304
1.20328	35536119.365660205
1.20329	29556295.50488607
1.2033	27854797.14375741
1.20331	35440513.02809928
1.2033200000000002	35514851.24854409
1.20333	34198731.69720312
1.20334	35227352.082275204
1.20335	35545121.24888871
1.20336	35607378.41332034
1.20337	35798101.90543173
1.20338	33628693.88905574
1.20339	34367662.91056244
1.2034	35300430.35533932
1.20341	35039669.4050005
1.2034200000000002	35459287.10229129
1.20343	35723170.79640545
1.20344	35576236.21262561
1.20345	35610658.12510376
1.20346	35399734.10834342
1.20347	35302868.90690436
1.20348	35326450.25855672
1.20349	35354931.488808945
1.2035	35439696.98952448
1.20351	33478038.15533938
1.20352	34938157.638329245
1.20353	35651680.01994885
1.20354	35564769.637354955
1.20355	35372031.247733034
1.20356	35446225.82427288
1.20357	35784091.85776652
1.20358	35197352.6921422
1.20359	35511580.36049375
1.2036	34708832.05515656
1.20361	34865829.33528734
1.20362	35261436.43068591
1.20363	35528755.88417919
1.20364	35394028.80514519
1.20365	35761028.436720096
1.20366	35058231.13836344
1.20367	35393213.836896844
1.20368	35525483.71552356
1.20369	35668923.30420675
1.2037	34902778.407746896
1.20371	34087095.707605146
1.20372	35872364.18492728
1.20373	32676083.71225331
1.20374	33846985.86204257
1.20375	35731397.30753635
1.20376	33918762.58020317
1.20377	29850389.33826681
1.20378	35732220.06283653
1.20379	35677137.322952785
1.2038	35763498.80637236
1.20381	35449490.69267077
1.20382	30991314.69424345
1.20383	35457654.179373145
1.20384	35818714.881705195
1.20385	35787387.84620921
1.20386	35737156.99249503
1.20387	35770087.29311382
1.2038799999999998	35833563.57363518
1.20389	35813766.68518621
1.2039	35807994.65319891
1.20391	35813766.68518621
1.20392	36020521.816589296
1.20393	36009741.18903008
1.20394	35830263.33244668
1.20395	35945125.14738747
1.20396	35992333.14455169
1.20397	35741271.62159541
1.2039799999999998	35508309.773689605
1.20399	34708032.8639648
1.204	34220787.54354943
1.20401	35162520.63196364
1.20402	35723993.36228117
1.20403	35763498.80637236
1.20404	35794804.93023316
1.20405	35760205.01809023
1.20406	35997306.01264295
1.20407	36148476.63271861
1.2040799999999998	35852545.86039165
1.20409	35664817.004034765
1.2041	35581970.88655515
1.20411	35836864.11880114
1.20412	35767616.46836072
1.20413	35549213.76778433
1.20414	35530392.08152711
1.20415	35518940.282276504
1.20416	35728929.15530048
1.20417	35723993.36228117
1.20418	35714946.17928082
1.20419	35820364.43246603
1.2042	35185198.05635102
1.20421	35447042.01318154
1.20422	35409516.76781205
1.20423	35203836.88130953
1.20424	35779148.44426464
1.20425	35790684.138237625
1.20426	35341908.64973817
1.2042700000000002	35751971.87450261
1.20428	35755264.90444927
1.20429	35723170.79640545
1.2043	35686174.928348124
1.20431	35853371.40527246
1.20432	35618858.72625166
1.20433	35840990.22776947
1.20434	35867408.57699511
1.20435	35793156.556503944
1.20436	35853371.40527246
1.2043700000000002	35745386.724437244
1.20438	35429905.99210439
1.20439	35770910.939294085
1.2044	35471536.42143546
1.20441	35744563.66596697
1.20442	35651680.01994885
1.20443	35583609.53460091
1.20444	35594262.58649571
1.20445	35509945.02943765
1.20446	35635265.59440932
1.2044700000000002	35349233.406357706
1.20448	34280725.14179704
1.20449	35891367.025719024
1.2045	35837689.302592345
1.20451	35862453.65365804
1.20452	35646754.89855482
1.20453	35880625.05306062
1.20454	35896325.943861865
1.20455	35631983.616298586
1.20456	34385868.65867837
1.20457	34988071.068319105
1.20458	35665638.22624929
1.20459	35874842.24564621
1.2046	35436433.02311844
1.20461	35826138.45838672
1.20462	35814591.33713322
1.20463	35661532.304263964
1.20464	35665638.22624929
1.20465	35765145.814280264
1.20466	34621828.4396158
1.20467	35604099.00359577
1.20468	34469104.44632461
1.20469	35541029.20113463
1.2047	35782443.977381155
1.20471	35761851.87431008
1.20472	35770087.29311382
1.20473	35751148.66440539
1.20474	35634445.07154243
1.20475	35558218.968040295
1.20476	35581151.59083028
1.20477	35757734.87595693
1.20478	35761851.87431008
1.20479	35640189.128387675
1.2048	35820364.43246603
1.20481	35836038.95401027
1.20482	35862453.65365804
1.2048299999999998	35810468.267274536
1.20484	35688640.12712463
1.20485	35668923.30420675
1.20486	35759381.618420064
1.20487	35588525.93153803
1.20488	35674672.9187344
1.20489	35663995.800729506
1.2049	35553306.75787571
1.20491	35613938.138973705
1.20492	35590984.38472767
1.2049299999999998	35544302.80164834
1.20494	35617218.454958
1.20495	35538574.19860764
1.20496	35770087.29311382
1.20497	36140154.09657989
1.20498	35933539.675539
1.20499	35848418.42110852
1.205	35804696.7668867
1.20501	35903765.60575675
1.20502	35373660.22747853
1.2050299999999998	33380281.898354974
1.20504	33800256.80970769
1.20505	35398103.92787898
1.20506	33655031.393192634
1.20507	32948830.18378792
1.20508	35714946.17928082
1.20509	35859150.751717515
1.2051	35812117.43825585
