1.17794	215677.579055415
1.17795	134644.61845799073
1.17796	75047.11473610497
1.1779700000000002	151016.36065832555
1.17798	97291.07453473855
1.17799	156084.93936080814
1.178	299444.26511793036
1.17801	211200.04188953707
1.17802	126087.19984956045
1.17803	53845.57264223987
1.17804	96690.32054609217
1.17805	33318.08255919585
1.17806	43463.530426679754
1.1780700000000002	42725.68162759928
1.17808	118205.58590950306
1.17809	256581.8900862071
1.1781	507315.3463777825
1.17811	417489.9255641404
1.17812	158808.95938829303
1.17813	255381.83312621145
1.17814	298174.84351223556
1.17815	200226.70476056891
1.17816	127922.22362937109
1.1781700000000002	135877.95437498594
1.17818	274805.23391581705
1.17819	266405.9988986834
1.1782	183584.91805978192
1.17821	234789.6778835711
1.17822	174052.7943077281
1.17823	202219.48499071453
1.17824	91287.64426909108
1.17825	271488.2261922737
1.17826	416766.68925817264
1.1782700000000002	173006.73095262752
1.17828	186945.4932708337
1.17829	130626.4126117564
1.1783	196081.6713162055
1.17831	219367.86071036351
1.17832	294213.77337148576
1.17833	263278.86679508234
1.17834	231792.8311243705
1.17835	596764.5272614243
1.17836	522586.2757196344
1.17837	431823.2284408883
1.17838	376094.51528192346
1.17839	158460.49199172267
1.1784	147947.28507669223
1.17841	193759.9438749346
1.17842	265232.65949895966
1.17843	318900.35301739164
1.17844	311224.65916623216
1.17845	319432.4261202302
1.17846	411516.26008546737
1.17847	486352.3290822263
1.17848	470599.00001482456
1.17849	507297.82462906453
1.1785	461404.6850674408
1.17851	282295.5291039134
1.17852	308187.48589599424
1.17853	159205.10884238573
1.17854	590957.1614945807
1.17855	931388.77595086
1.17856	872354.4885541544
1.17857	655349.5416186597
1.17858	576850.1368542868
1.17859	594768.5555347436
1.1786	495512.9396703346
1.17861	472826.7079542411
1.17862	189159.86700559728
1.1786299999999998	30866.47249817716
1.17864	16023.891661344824
1.17865	140548.4304296383
1.17866	208932.01849031344
1.17867	284504.4082803646
1.17868	516352.1622616732
1.17869	536630.0642472851
1.1787	536775.8891506632
1.17871	282347.5346518253
1.17872	224488.96621734573
1.1787299999999998	145850.86192965525
1.17874	186961.42089182796
1.17875	310880.1551515968
1.17876	525316.44913825
1.17877	441345.80198591284
1.17878	400201.7653108328
1.17879	264776.2335362693
1.1788	483023.21026314655
1.17881	771535.6533537948
1.17882	907287.6514607386
1.1788299999999998	1129899.9775142432
1.17884	1016295.4939301424
1.17885	795877.0838694714
1.17886	675597.4473789186
1.17887	405163.20694544225
1.17888	801650.3748864741
1.17889	975007.5978556506
1.1789	689120.231002528
1.17891	538428.4506304226
1.17892	516593.5744709869
1.17893	311275.5434350038
1.17894	135534.23224850593
1.17895	54071.821529869005
1.17896	84388.8366655523
1.17897	307070.43201795587
1.17898	401391.3415076668
1.17899	241210.9393773622
1.179	120581.58827460297
1.17901	191226.46642265283
1.1790200000000002	497875.7802202167
1.17903	432214.1690217397
1.17904	376212.3083134214
1.17905	420019.0613076401
1.17906	287202.35717575083
1.17907	459380.9695269356
1.17908	724996.6502899065
1.17909	633273.0408306434
1.1791	300460.2332111808
1.17911	93241.66069792515
1.1791200000000002	285368.4786844929
1.17913	412825.9604784015
1.17914	537612.0569298696
1.17915	498680.05648778507
1.17916	845023.9148432947
1.17917	1529114.476853138
1.17918	1421412.0734106428
1.17919	1050195.1299255113
1.1792	503272.2680403257
1.17921	577262.040268475
1.1792200000000002	637539.3568724272
1.17923	537357.1105126721
1.17924	399192.15696555603
1.17925	446991.2276053463
1.17926	695631.1159685022
1.17927	464552.71223944967
1.17928	481765.83695008076
1.17929	778990.2105589842
1.1793	480269.4920326301
1.17931	257072.13239077345
1.17932	316181.8964394824
1.17933	381656.7959267785
1.17934	353994.0806624479
1.17935	268224.84314961307
1.17936	459000.33235156216
1.17937	684458.3090159907
1.17938	911851.2546448844
1.17939	822032.5223139421
1.1794	812095.3055743073
1.17941	616382.074265936
1.17942	304241.88277059776
1.17943	149143.38646446716
1.17944	107047.86253611004
1.17945	297605.5321556593
1.17946	345359.1764319955
1.17947	423818.58775768755
1.17948	658776.3505271899
1.17949	439145.0583008197
1.1795	262394.0603725288
1.17951	311241.1418916845
1.17952	509640.5784856861
1.17953	344063.0223578837
1.17954	268998.58778072643
1.17955	482596.31343577
1.17956	347697.04521892365
1.17957	81585.69171447608
1.17958	511013.0605013022
1.17959	1005610.9646013513
1.1796	1129015.748794193
1.17961	1241109.2144824038
1.17962	814653.6355948886
1.17963	360669.1530472529
1.17964	402455.6233578436
1.17965	603070.3821127982
1.17966	618812.3890658831
1.17967	434975.7043180732
1.1796799999999998	396870.66602044494
1.17969	312160.5376078774
1.1797	194332.30413966585
1.17971	105786.1958839233
1.17972	386633.071852788
1.17973	305891.9161689359
1.17974	325273.7375775367
1.17975	568488.9139897904
1.17976	694243.7841137613
1.17977	421592.6200734878
1.1797799999999998	423964.9947941787
1.17979	667905.4696058296
1.1798	566877.2132281258
1.17981	329921.79008599103
1.17982	467748.0654653168
1.17983	295579.288912683
1.17984	326617.16134389077
1.17985	320901.6868415532
1.17986	565009.8251746118
1.17987	765383.3316117973
1.1798799999999998	725492.6217044
1.17989	488248.5925021813
1.1799	522361.307175104
1.17991	567043.0084121793
1.17992	482617.42706008547
1.17993	269143.564594681
1.17994	119032.6219568211
1.17995	147481.31456274536
1.17996	288821.1547307859
1.17997	536420.0471687665
1.17998	551424.4262719343
1.17999	943154.8448624904
1.18	1013958.0791566736
1.18001	711809.8607168209
1.18002	678322.15188607
1.18003	639156.1910834144
1.18004	615599.1336995917
1.18005	461518.37839236826
1.18006	244336.3039145513
1.1800700000000002	457910.9195152336
1.18008	514625.142189595
1.18009	658600.4149463173
1.1801	580684.1874941138
1.18011	666845.154801606
1.18012	482982.060540449
1.18013	250289.71282087915
1.18014	288013.60290102556
1.18015	246272.5458832576
1.18016	82245.85126154557
1.1801700000000002	79978.26894492151
1.18018	40731.93105625848
1.18019	88018.30480884462
1.1802	80523.38069010862
1.18021	36684.28003170734
1.18022	96214.8262673461
1.18023	273667.9884533137
1.18024	426297.71029832726
1.18025	342869.6151763974
1.18026	397061.7021360951
1.1802700000000002	375088.71666706336
1.18028	248886.30490947486
1.18029	178838.08055627454
1.1803	403818.3035749449
1.18031	688086.4410064368
1.18032	717047.6222329725
1.18033	586493.2254910804
1.18034	416857.8651027302
1.18035	474492.115198597
1.18036	656371.9299904379
1.18037	1007395.48481125
1.18038	893428.9069722942
1.18039	647437.7230010494
1.1804	210354.10908415262
1.18041	441959.018067533
1.18042	965092.6319712652
1.18043	1302686.762496293
1.18044	1005726.7465069876
1.18045	1015546.9355496994
1.18046	807445.0937663227
1.18047	395854.8770991529
1.18048	352341.6631521336
1.18049	426156.38523693685
1.1805	445279.8062295563
1.18051	377512.20763577946
1.18052	275862.71109024144
1.18053	445300.31259460904
1.18054	506583.45308494463
1.18055	362986.104422569
1.18056	307396.5578007043
1.18057	125465.11817440494
1.18058	300249.29753621644
1.18059	132772.765135806
1.1806	16140.426259188962
1.18061	150030.30771001006
1.18062	276315.9787851551
1.1806299999999998	440119.8943138428
1.18064	422833.1222177153
1.18065	337057.50369352056
1.18066	354468.78773896326
1.18067	721761.9780895902
1.18068	755648.8052053194
1.18069	793202.3642311534
1.1807	573074.3889479078
1.18071	876540.5258433367
1.18072	1339029.0529084008
1.1807299999999998	1682286.655652934
1.18074	1548424.3775624444
1.18075	992114.9637354808
1.18076	968587.8122206712
1.18077	845646.7809177105
1.18078	414116.9435712632
1.18079	496159.1444271777
1.1808	247420.11248099714
1.18081	417109.4218593354
1.18082	477725.03399021464
1.1808299999999998	544117.8834006754
1.18084	527323.3470647372
1.18085	384488.18602989597
1.18086	253319.13710706148
1.18087	521980.1646028968
1.18088	659179.9664882193
1.18089	772269.7077715492
1.1809	641855.1054165075
1.18091	217332.1618272529
1.18092	289078.6380909736
1.18093	689833.0537478111
1.18094	814769.9440744771
1.18095	839893.0740819974
1.18096	668734.9172572079
1.18097	600665.9309712738
1.18098	611008.1455453085
1.18099	765797.598341808
1.181	1026077.1115080684
1.18101	1426592.7086477422
1.1810200000000002	1218708.948509281
1.18103	845621.4680388316
1.18104	944030.443849429
1.18105	850755.9595232661
1.18106	1027826.9479665292
1.18107	1008300.5405163174
1.18108	627227.3683014312
1.18109	399654.7692893734
1.1811	283481.028656692
1.18111	171886.98742712173
1.1811200000000002	60244.44391660281
1.18113	7963.481949493571
1.18114	3845.032367094808
1.18115	15461.477757040358
1.18116	39177.525323275535
1.18117	138945.98440210958
1.18118	298733.5501070868
1.18119	317526.517315972
1.1812	336004.42743290646
1.18121	297761.12730394147
1.1812200000000002	192178.14631018165
1.18123	322756.50201228296
1.18124	561072.5219228129
1.18125	751586.5507077908
1.18126	864318.8805152628
1.18127	550528.7451153818
1.18128	220882.85138951504
1.18129	95432.65360315992
1.1813	220306.8495549769
1.18131	333054.26539689396
1.18132	576810.2908347542
1.18133	700115.9954029294
1.18134	610209.5496836087
1.18135	1284813.230053435
1.18136	1073396.067820883
1.18137	1025604.6943222516
1.18138	1517958.8551413
1.18139	1703413.1673099631
1.1814	1469264.5493623025
1.18141	1345054.8661145857
1.18142	886082.1748017926
1.18143	478448.28258691716
1.18144	433181.5989289234
1.18145	356701.55286448565
1.18146	566667.1016100835
1.18147	732856.594266292
1.18148	694275.7559577002
1.18149	760417.3196200021
1.1815	730126.3125822969
1.18151	446795.71566173615
1.18152	283867.71374882624
1.18153	513123.6123568178
1.18154	893916.5955007297
1.18155	974933.5144176196
1.18156	774554.5330921273
1.18157	694912.3019321276
1.18158	516789.87936885963
1.18159	568838.5228712427
1.1816	944006.53333754
1.18161	1416315.4737551296
1.18162	1789122.1810063652
1.18163	1674171.7139071173
1.18164	1734442.8724302803
1.18165	1046405.4670474266
1.18166	1586390.1330406806
1.18167	1708401.7200082662
1.1816799999999998	1500617.4764083496
1.18169	1120288.8150420885
1.1817	702547.9971252392
1.18171	386945.67785825545
1.18172	399145.28184852295
1.18173	249908.48400497105
1.18174	67285.11515212372
1.18175	47342.37051291718
1.18176	136960.39504418356
1.18177	240616.2754643071
1.1817799999999998	263424.400282323
1.18179	185806.11379929548
1.1818	67333.62562807513
1.18181	111437.40749279829
1.18182	152452.65776928118
1.18183	178732.28185943613
1.18184	162721.14817115793
1.18185	113413.30330537116
1.18186	16354.489789457175
1.18187	205730.17712677593
1.1818799999999998	297587.0306551096
1.18189	558997.6729927524
1.1819	943634.911435425
1.18191	1306110.7381245398
1.18192	1681512.1123767146
1.18193	1531969.0801992263
1.18194	1347534.8321736618
1.18195	1042437.4375301508
1.18196	454159.0784748944
1.18197	177498.21910460558
1.18198	150880.4601876814
1.18199	477119.3169149366
1.182	332582.9644191176
1.18201	343906.9875758631
1.18202	252431.1814968523
1.18203	860991.769675503
1.18204	1389088.7690355394
1.18205	1370155.94683543
1.18206	1398685.2660990334
1.1820700000000002	908608.9282483432
1.18208	1214451.0088921934
1.18209	759608.8221136802
1.1821	501480.4420295992
1.18211	702619.1784989954
1.18212	768859.5268024
1.18213	1109532.428615087
1.18214	1408867.010593913
1.18215	1478018.9422480394
1.18216	1339892.635198694
1.1821700000000002	938745.7849571131
1.18218	591531.668272461
1.18219	342037.7177990856
1.1822	169086.91481211165
1.18221	575363.0925021288
1.18222	362813.1337244457
1.18223	375722.3240292528
1.18224	488164.2822375156
1.18225	479455.1633561791
1.18226	251928.90556512427
1.1822700000000002	304091.3033391373
1.18228	636887.9029884018
1.18229	650676.3173262037
1.1823	623532.363794566
1.18231	550876.1878693216
1.18232	578484.8637819528
1.18233	328852.3880857182
1.18234	163251.0562939142
1.18235	81334.91178987928
1.18236	204566.7285771321
1.18237	268182.2314084918
1.18238	368061.16802489077
1.18239	249407.7819008089
1.1824	333091.84492038586
1.18241	280635.1072382701
1.18242	467458.43417728174
1.18243	829611.9516336026
1.18244	777329.2320804576
1.18245	557966.3395073181
1.18246	857154.2838908603
1.18247	1029745.7305621281
1.18248	694357.2908243107
1.18249	282591.4383975077
1.1825	179343.2352833963
1.18251	166639.13400821705
1.18252	53084.532866064095
1.18253	122586.88231188065
1.18254	380331.2405609093
1.18255	407445.9450389643
1.18256	385237.893987181
1.18257	614657.237864702
1.18258	665168.9986886737
1.18259	699656.7042747725
1.1826	1069719.7151185023
1.18261	1287389.610615777
1.18262	1416511.15848605
1.1826299999999998	936299.9495840472
1.18264	454596.4081900187
1.18265	94794.25112671943
1.18266	4549.964414170406
1.18267	23099.9478798743
1.18268	93641.20636318062
1.18269	279917.46730923397
1.1827	407177.71418659616
1.18271	477566.65988187346
1.18272	637217.9484093068
1.1827299999999998	700548.1652770494
1.18274	711955.7469114619
1.18275	862152.3176224101
1.18276	704610.3204223558
1.18277	846449.3971172185
1.18278	1160726.7679972271
1.18279	1047972.7740929272
1.1828	1090335.1173433359
1.18281	1053343.452353071
1.18282	771686.6728840652
1.1828299999999998	754179.9805084757
1.18284	940842.657610525
1.18285	1067996.919431961
1.18286	1095670.5787252234
1.18287	964417.3171503036
1.18288	705272.5809453658
1.18289	399443.170328904
1.1829	219946.47191411952
1.18291	252093.7043618891
1.18292	261412.89097180514
1.18293	158086.94249563484
1.18294	219128.0631171016
1.18295	250871.31137515165
1.18296	297263.09828329826
1.18297	363681.3244568073
1.18298	226308.5697854087
1.18299	584632.5614790868
1.183	1275733.6175272537
1.18301	1444707.7415979472
1.1830200000000002	1468655.7163442771
1.18303	1559516.593216932
1.18304	1607459.3531726988
1.18305	2075534.7068639603
1.18306	2039482.5790896981
1.18307	1386308.8636561523
1.18308	1386276.943082417
1.18309	1545396.769286336
1.1831	1989207.096915342
1.18311	2222695.6522901207
1.1831200000000002	1465649.0809109225
1.18313	1150402.9852044922
1.18314	680970.0320248723
1.18315	849100.3110979262
1.18316	756979.2936384453
1.18317	599952.6832121456
1.18318	1052204.124885243
1.18319	1227863.2468705447
1.1832	1214898.5116064607
1.18321	1133992.0241783543
1.1832200000000002	1071075.2896702536
1.18323	1071420.619207174
1.18324	1480505.4144021275
1.18325	1913638.9412704613
1.18326	2194269.669121012
1.18327	2826766.9175389814
1.18328	2315047.999623607
1.18329	1683061.5557016644
1.1833	1140144.7715108858
1.18331	1567184.0392413037
1.18332	1196850.760259698
1.18333	854385.7572796292
1.18334	941373.56806677
1.18335	1366249.449599289
1.18336	1853745.031413603
1.18337	1573765.4257178798
1.18338	1303586.9375059844
1.18339	1426527.0131383569
1.1834	1472888.9364643288
1.18341	1222334.303667231
1.18342	1068562.674599962
1.18343	903909.6023819648
1.18344	744479.9396776841
1.18345	484079.844035369
1.18346	306361.3679168639
1.18347	164525.7957508415
1.18348	460791.01271279424
1.18349	671951.6117832161
1.1835	995336.659556101
1.18351	1115886.4395750477
1.18352	1631661.251188609
1.18353	1660542.5174762497
1.18354	1121708.4719735438
1.18355	678295.6001996647
1.18356	423212.0258813808
1.18357	233611.9206497803
1.18358	411062.6332649676
1.18359	764358.3249078769
1.1836	910303.0545035177
1.18361	1007720.283095386
1.18362	654571.3609896186
1.18363	523569.09102548525
1.18364	506077.46599482564
1.18365	165786.8194991588
1.18366	234908.10422374785
1.18367	342883.036708982
1.1836799999999998	366513.5203494971
1.18369	285325.114356096
1.1837	186150.41124398558
1.18371	252782.4972808552
1.18372	173094.79151752358
1.18373	81888.70440205473
1.18374	142376.72535408006
1.18375	305240.3901596891
1.18376	329350.2519431315
1.18377	538597.0867494497
1.1837799999999998	584737.5718740575
1.18379	616984.1395176239
1.1838	791893.9044028303
1.18381	767038.2120086672
1.18382	697515.7203122276
1.18383	642094.5740884969
1.18384	526161.4188816785
1.18385	308413.94035757164
1.18386	587071.5032313833
1.18387	823559.5355194799
1.1838799999999998	594225.1103930577
1.18389	839096.6746877612
1.1839	734992.6565704036
1.18391	806445.4575266981
1.18392	462589.74413754314
1.18393	372629.29943175404
1.18394	350084.59448160225
1.18395	445143.46292011294
1.18396	449048.2414946786
1.18397	548670.9922020693
1.18398	650692.7981483955
1.18399	603578.8315687245
1.1840000000000002	679080.0938450302
1.18401	1131514.177782247
1.18402	1666211.0104707603
1.18403	2132455.6124748574
1.18404	1925351.3774210862
1.18405	1571918.4087304948
1.18406	982881.1361648805
1.1840700000000002	1140302.2992135463
1.18408	1272740.8983935094
1.18409	1206646.340196245
1.1841	1549030.610617676
1.18411	1433045.5669506711
1.18412	1239310.1311658495
1.18413	1092370.5923332383
1.18414	1498200.7150091091
1.18415	1535535.990272819
1.18416	1424459.1524537343
1.1841700000000002	1419318.9458220475
1.18418	1376385.2187281828
1.18419	1061304.4861429709
1.1842	1311293.77644093
1.18421	873669.1486413977
1.18422	575801.7758942407
1.18423	416151.05503215967
1.18424	857713.0147158589
1.18425	1382865.6850113191
1.18426	1373535.8524784478
1.1842700000000002	1191873.0504115995
1.18428	833675.4257739201
1.18429	768992.3156043547
1.1843	829132.6168821175
1.18431	1065123.5816613794
1.18432	360637.5965140618
1.18433	617423.2791937935
1.18434	1365934.8952534914
1.18435	1323914.6867274286
1.18436	1096579.1901680278
1.18437	1076737.8999649107
1.18438	1309784.9623996872
1.18439	1010368.9702462341
1.1844	1359345.9574726953
1.18441	1662876.5159053646
1.18442	1483849.9964668343
1.18443	909906.9871957485
1.18444	1736840.7498255312
1.18445	1486448.9549167173
1.18446	1573113.2896854547
1.18447	1590230.2114620975
1.18448	1959792.0879196632
1.18449	2718191.186648576
1.1845	3369612.805866596
1.18451	1838526.9485351215
1.18452	2403034.467086743
1.18453	1887122.0971170957
1.18454	2461444.228733361
1.18455	2395245.3184368243
1.18456	1616776.5445184063
1.18457	1218905.3970147595
1.18458	836224.7165902625
1.18459	1508064.7891527454
1.1846	769865.7516912947
1.18461	1332079.0558963928
1.18462	1174464.7864080041
1.1846299999999998	540917.4599509882
1.18464	1106292.581144905
1.18465	1499028.880130358
1.18466	1691881.7274169887
1.18467	2170151.233414254
1.18468	1987741.9348126685
1.18469	1051356.4901511034
1.1847	190337.34189723173
1.18471	355829.54066327115
1.18472	896243.460853191
1.1847299999999998	1336318.5590026963
1.18474	1371102.7440074156
1.18475	1687019.101599157
1.18476	2387151.5974165
1.18477	1779795.0722608478
1.18478	2483647.7448932882
1.18479	1564732.1285588671
1.1848	1548673.9741992713
1.18481	1310056.4207458836
1.18482	1089757.8346605806
1.1848299999999998	1363138.5501264336
1.18484	903156.4752879058
1.18485	1122250.9972634057
1.18486	1442314.6008868585
1.18487	836729.3441746436
1.18488	609730.6124748036
1.18489	390415.4538028888
1.1849	582406.2139365993
1.18491	900828.2557905235
1.18492	1305148.714633686
1.1849299999999998	977144.9682643348
1.18494	960673.9182195552
1.18495	1247843.1519757642
1.18496	1315679.1732135157
1.18497	1435191.983884007
1.18498	1797463.1681082728
1.18499	1400683.459015499
1.185	2080750.4632759138
1.18501	2019993.6304099343
1.18502	1460730.1723546581
1.18503	583501.5311461692
1.18504	293969.314724848
1.18505	527328.203914615
1.18506	1696797.4389129062
1.18507	2019435.5626468328
1.18508	1335149.815258816
1.18509	1190008.3260453185
1.1851	1342301.2666322421
1.18511	1543050.0039428128
1.1851200000000002	978094.9125984005
1.18513	1129509.7912741795
1.18514	974794.3425745906
1.18515	1099714.6231424804
1.18516	1153479.8173696406
1.18517	1461773.2157844154
1.18518	1258403.738989725
1.18519	1264619.866312979
1.1852	862678.55061056
1.18521	475672.45144826866
1.1852200000000002	784749.4138749045
1.18523	1077109.8562914268
1.18524	814001.115419472
1.18525	537484.5686050985
1.18526	386204.20670994977
1.18527	147218.70731574573
1.18528	49866.857408733966
1.18529	14094.186046947392
1.1853	66832.69896768371
1.18531	190132.78077848305
1.1853200000000002	290983.92656965426
1.18533	265490.50891770946
1.18534	198492.4535286216
1.18535	178889.56170194538
1.18536	282316.98023163393
1.18537	318463.0132370139
1.18538	267561.116781898
1.18539	159798.61099119755
1.1854	82043.08831940845
1.18541	212347.91446192737
1.18542	404958.0159141894
1.18543	333342.73931097693
1.18544	662399.506165294
1.18545	1145460.1898397394
1.18546	1690440.9316432627
1.18547	2074388.040862424
1.18548	1722622.0420850348
1.18549	1624688.1018728374
1.1855	1232310.077389463
1.18551	1164930.456990453
1.18552	440082.3996112715
1.18553	94028.60651510466
1.18554	573902.3459192916
1.18555	1059204.945863735
1.18556	1184513.459694573
1.18557	1344961.956225095
1.18558	1479244.6253590868
1.18559	1774638.9122523228
1.1856	1912053.3246045304
1.18561	1977470.43902194
1.18562	3361321.086857745
1.18563	3430520.350597625
1.18564	4203683.402498503
1.18565	3524439.01361698
1.18566	3030190.972381745
1.18567	1895658.0523474892
1.1856799999999998	1346976.4414474154
1.18569	1159150.9620553404
1.1857	1094258.6793508304
1.18571	336375.2240165794
1.18572	728418.5549268125
1.18573	889348.547287669
1.18574	1030386.1204416156
1.18575	1775047.5850111863
1.18576	1900815.65439477
1.18577	2321293.2043796987
1.1857799999999998	2737221.861887522
1.18579	2465358.039513436
1.1858	2539685.8542239703
1.18581	2765667.715050154
1.18582	2078739.1718787116
1.18583	2367990.7413591584
1.18584	1811214.9740002288
1.18585	1426264.2613526157
1.18586	1211183.651195856
1.18587	868142.4646785008
1.1858799999999998	723399.1597837794
1.18589	996981.27132473
1.1859	961882.4480091777
1.18591	396336.4362477911
1.18592	56718.79557250976
1.18593	119514.05999382096
1.18594	133908.76355282502
1.18595	56124.566554101766
1.18596	276894.2900025575
1.18597	299489.0857055186
1.18598	721032.7645438549
1.18599	721418.0429589916
1.186	569308.9351504548
1.18601	619753.5170041169
1.18602	694829.1019883922
1.18603	834833.7537236499
1.18604	700232.0745439364
1.18605	1109072.661191035
1.18606	839481.2489972314
1.1860700000000002	1223826.9144863186
1.18608	1066522.4459250716
1.18609	821283.3152048412
1.1861	1566390.3538728894
1.18611	1636703.4580532569
1.18612	1505393.3734727516
1.18613	1172843.3236670357
1.18614	1394151.595191972
1.18615	1147836.4187524794
1.18616	887912.1524087094
1.1861700000000002	659421.3437273032
1.18618	486192.2143740569
1.18619	311987.36059795105
1.1862	413197.7994975386
1.18621	342538.1911447619
1.18622	694840.3014005757
1.18623	779508.759843622
1.18624	647099.4042640604
1.18625	651190.4158064532
1.18626	745340.9798814084
1.1862700000000002	790407.404410376
1.18628	496830.2151978778
1.18629	331158.5710932954
1.1863	262742.90660244843
1.18631	549702.86440015
1.18632	816800.5095355104
1.18633	1258258.8682447977
1.18634	1450040.0580719141
1.18635	1220140.941491915
1.18636	999999.9999999999
1.18637	1538863.1498199569
1.18638	1912361.5360265302
1.18639	1590156.9803407288
1.1864	1590559.7932451074
1.18641	1441219.0699680361
1.18642	1309664.3323018148
1.18643	642576.7386631605
1.18644	772351.5100726538
1.18645	1004384.4955739136
1.18646	1275704.2430133394
1.18647	1765712.534458284
1.18648	1768845.9029412626
1.18649	1698634.7325366174
1.1865	1281238.55804575
1.18651	1764493.244626453
1.18652	1115013.177465283
1.18653	1743973.9760081582
1.18654	2353802.392782429
1.18655	2478962.7447814243
1.18656	2212890.8854367244
1.18657	1562032.2638251516
1.18658	1623155.022778242
1.18659	1579428.607738553
1.1866	827883.067195712
1.18661	383830.9580330089
1.18662	1125200.7163931502
1.18663	1522439.348269094
1.18664	1827132.3205110785
1.18665	1974149.3264246262
1.18666	1189652.1669474356
1.18667	1822720.172290968
1.18668	1453884.8129439019
1.18669	1510497.462381016
1.1867	1138256.1356361865
1.18671	896309.5009448113
1.18672	669374.2475783274
1.1867299999999998	746189.2704940495
1.18674	1270895.9625168948
1.18675	1135481.3357899338
1.18676	1143431.099091148
1.18677	1235207.7276118805
1.18678	1652304.1741384966
1.18679	1775660.7706147819
1.1868	1305810.029634673
1.18681	1842850.0552913598
1.18682	2239803.9179757936
1.1868299999999998	1729935.854823157
1.18684	2542084.6018699408
1.18685	2614508.150242535
1.18686	2388636.1461535487
1.18687	1201019.3375165204
1.18688	2362490.114813747
1.18689	2324716.510227625
1.1869	2014373.5025054074
1.18691	2156105.4631739655
1.18692	2064191.569556441
1.1869299999999998	1715615.6529297258
1.18694	1814554.4300881329
1.18695	1743532.3106112138
1.18696	1517854.0018798937
1.18697	1067824.7925390964
1.18698	536066.9097569687
1.18699	513179.1463684429
1.187	192275.07967937668
1.18701	271798.4651900771
1.18702	312187.8522984732
1.18703	442130.01604479045
1.18704	673826.365397269
1.18705	833982.6197349081
1.18706	879834.5253333945
1.18707	1005958.3503117504
1.18708	891277.6168876549
1.18709	542178.1358269842
1.1871	939630.2720765191
1.18711	1238454.3416690114
1.1871200000000002	770372.905544736
1.18713	499889.4831392866
1.18714	196359.98940744344
1.18715	565760.9913675503
1.18716	1040135.6935809379
1.18717	1126133.8164199449
1.18718	861305.0627379989
1.18719	884378.1416754139
1.1872	656845.1537436112
1.18721	657294.5026059474
1.1872200000000002	517855.98515607294
1.18723	688568.2604050009
1.18724	707054.6780232851
1.18725	832810.1316587782
1.18726	886088.2956617532
1.18727	892620.7946037622
1.18728	1146885.3362279318
1.18729	1345364.6121024387
1.1873	1433705.660803239
1.18731	948403.1767245844
1.1873200000000002	694521.9884788488
1.18733	298686.7793282584
1.18734	172070.72953315606
1.18735	378690.14218758646
1.18736	719417.5034348491
1.18737	468883.5537721923
1.18738	200785.8021604415
1.18739	169440.41248137722
1.1874	33457.154357204534
1.18741	193849.19417567548
1.18742	259155.84001003762
1.18743	428817.9931402917
1.18744	624473.4806026225
1.18745	534849.9998273461
1.18746	498438.98159201385
1.18747	488334.0417573606
1.18748	228483.0565797675
1.18749	137515.61011529062
1.1875	272119.08376159146
1.18751	256015.34691371443
1.18752	93153.03304327902
1.18753	57442.98503352691
1.18754	85170.65751514968
1.18755	13545.904204905439
1.18756	35373.66022747853
1.18757	119739.93002176676
1.18758	142307.8967458804
1.18759	85740.30024741814
1.1876	58624.07455974348
1.18761	54300.02130657377
1.18762	211194.20629734203
1.18763	657839.5800388545
1.18764	724185.7919636042
1.18765	518052.7697683901
1.18766	235608.52476470126
1.18767	41731.59654168467
1.1876799999999998	14517.60580915548
1.18769	5128.802788510601
1.1877	5532.698444876942
1.18771	81799.00105185951
1.18772	290935.0195667584
1.18773	398715.39064088603
1.18774	325432.5580757091
1.18775	63768.47043115173
1.18776	64894.96462056063
1.18777	70897.18635561038
1.1877799999999998	9090.441995436364
1.18779	26703.058057773065
1.1878	125677.92451074989
1.18781	233975.83185524715
1.18782	545618.3903308804
1.18783	691655.7631437124
1.18784	703347.5840082603
1.18785	1000161.1939468556
1.18786	709131.863476031
1.18787	379700.35221743776
1.1878799999999998	134291.64693833533
1.18789	151455.83163248326
1.1879	35925.845676316545
1.18791	174801.43758678893
1.18792	471039.14497976797
1.18793	516844.620090779
1.18794	577393.6455699061
1.18795	694162.26257567
1.18796	542527.8036966
1.18797	560626.9874680643
1.18798	906467.0037659568
1.18799	1036406.194361988
1.188	886025.0488143439
1.18801	905793.0831826964
1.18802	1033475.0585252105
1.18803	591496.2559804528
1.18804	1165628.0771837072
1.18805	1331036.6073770178
1.18806	756296.3422843202
1.1880700000000002	933095.2959332631
1.18808	1411139.6669701631
1.18809	1161876.5861532378
1.1881	627197.0399025393
1.18811	815552.6439420795
1.18812	944341.335621348
1.18813	1007465.0756295879
1.18814	789356.1554987569
1.18815	863366.1156704798
1.18816	702218.068604292
1.1881700000000002	898218.5089160386
1.18818	516377.130705957
1.18819	305864.4480577997
1.1882	1262205.3016127348
1.18821	1505254.7280040744
1.18822	1430210.624736565
1.18823	1573656.7176082982
1.18824	1384586.204025281
1.18825	1516561.4070160792
1.18826	747880.1388605309
1.1882700000000002	976229.6637300091
1.18828	1323152.799481732
1.18829	1011393.1315996364
1.1883	1014051.4724478478
1.18831	577760.7036410287
1.18832	538393.7379843639
1.18833	558513.9179032444
1.18834	419969.74059251073
1.18835	427880.99790907884
1.18836	747752.7174498172
1.18837	845818.1495622307
1.18838	943886.9898618952
1.18839	1217138.4998403306
1.1884	1420038.1105421544
1.18841	1364426.0421927548
1.18842	1058278.5655888931
1.18843	964179.7365543012
1.18844	448906.6097002164
1.18845	86387.91653268323
1.18846	108334.05516988169
1.18847	373835.0349337419
1.18848	401007.9660548643
1.18849	354788.88043946365
1.1885	335046.43402337714
1.18851	228245.3823237597
1.18852	598279.3318917708
1.18853	837957.5146698806
1.18854	599918.1481535311
1.18855	744421.6581931034
1.18856	711154.5614298878
1.18857	861749.4204396935
1.18858	926691.1169647862
1.18859	652185.2913598301
1.1886	515746.1563095885
1.18861	648398.4977841092
1.18862	591434.9704848253
1.18863	374764.11589594866
1.18864	265552.87031842966
1.18865	404989.7204650989
1.18866	487729.4725935232
1.18867	694053.582082159
1.18868	868884.4001099862
1.18869	715945.559811307
1.1887	579831.7600833931
1.18871	917286.4959800462
1.18872	951202.5371297102
1.1887299999999998	811910.2047366016
1.18874	385613.29597956775
1.18875	196381.24092982878
1.18876	337812.72119236214
1.18877	827240.9029808717
1.18878	1261769.426623244
1.18879	1147545.7265549572
1.1888	1169472.4626112564
1.18881	1336072.4226979115
1.18882	1016506.125371142
1.1888299999999998	411958.05592957186
1.18884	348657.49053840805
1.18885	456007.5151125511
1.18886	754445.7215432384
1.18887	908690.5257376158
1.18888	352549.4163226665
1.18889	338359.20820850646
1.1889	266076.1819327888
1.18891	296718.0730982491
1.18892	587153.9677302361
1.1889299999999998	480363.49944858643
1.18894	724863.1132711428
1.18895	1242310.0540681712
1.18896	877724.0533002184
1.18897	985986.5711111668
1.18898	1118304.3133627498
1.18899	1159578.087726085
1.189	2198720.3702847008
1.18901	2166306.9847622067
1.18902	2108628.1499332883
1.18903	2208208.1071358183
1.18904	2591671.780971568
1.18905	2666306.061571602
1.18906	1340046.904919403
1.18907	982356.2215330548
1.18908	1192614.2658558195
1.18909	537473.4302849112
1.1891	947054.5610581477
1.18911	1091540.866448208
1.1891200000000002	1034665.5758424351
1.18913	621346.7055497844
1.18914	225981.55877895892
1.18915	495637.3199954807
1.18916	403018.5164449562
1.18917	449232.3261946609
1.18918	588294.786955861
1.18919	335824.20862404624
1.1892	576185.0690280132
1.18921	493179.481860866
1.1892200000000002	213592.0086849504
1.18923	561050.5597598329
1.18924	495514.0806323555
1.18925	1083377.9696020707
1.18926	1340911.1436547295
1.18927	1161020.7991692356
1.18928	1446438.5901068759
1.18929	1061891.146761701
1.1893	794844.1825714295
1.18931	946618.5267235576
1.1893200000000002	642118.2301625693
1.18933	616596.4216255766
1.18934	537357.1105126721
1.18935	343459.8690475376
1.18936	653595.4196043599
1.18937	1170792.6840831079
1.18938	1044816.445940262
1.18939	685631.875444319
1.1894	263770.3648127166
1.18941	123820.62732710065
1.18942	86151.72942985548
1.18943	267566.0454852053
1.18944	426048.46015798935
1.18945	445088.1174030975
1.18946	432349.53876300616
1.18947	832386.4462896109
1.18948	1165628.0771837072
1.18949	1305990.4464196456
1.1895	1210096.4865764335
1.18951	1511262.8269863096
1.18952	1537127.88088613
1.18953	1883692.4626122888
1.18954	1521388.0475728041
1.18955	1087927.6133832894
1.18956	752632.5554713188
1.18957	274040.0259673429
1.18958	62964.100000597224
1.18959	77535.0372730955
1.1896	301454.6587912471
1.18961	652792.2653335432
1.18962	758820.4037157472
1.18963	1123181.6511639594
1.18964	1490287.2983620537
1.18965	1833200.6391895316
1.18966	2021808.4159504282
1.18967	2064999.7337651227
1.1896799999999998	1856564.320862638
1.18969	1306381.4349725721
1.1897	1700004.2221563628
1.18971	1409743.1726874711
1.18972	2111980.966742233
1.18973	1820958.297685279
1.18974	2097828.5907488
1.18975	1818193.0778336853
1.18976	1539501.0874151313
1.18977	1412635.122629744
1.1897799999999998	1662608.5134769941
1.18979	2111591.9613008
1.1898	1889426.490318403
1.18981	2086699.9228978436
1.18982	3680357.4413824617
1.18983	4241114.524066007
1.18984	3751802.7725126767
1.18985	3607447.338641915
1.18986	4326632.4182083085
1.18987	3385400.078973652
1.1898799999999998	4000368.51046125
1.18989	3341796.5013013594
1.1899	2230231.7796739754
1.18991	1906470.1068753246
1.18992	2300329.24063902
1.18993	3509215.185321002
1.18994	2862595.6039313963
1.18995	2907434.904836192
1.18996	1985591.9342784397
1.18997	2885758.6093263635
1.18998	3350580.063170886
1.18999	3764003.338891135
1.19	3007599.47261702
1.19001	2487024.13589159
1.19002	1409483.5123146637
1.19003	1099081.758688537
1.19004	1596577.4830150418
1.19005	1869777.804015986
1.19006	1009206.4093338487
1.1900700000000002	892055.7562996302
1.19008	1736960.7306780543
1.19009	2077877.7851092203
1.1901	2541674.8992613046
1.19011	2751186.2988843042
1.19012	2172801.2377545917
1.19013	1312834.5573536586
1.19014	1711945.7572412202
1.19015	1773372.6245425546
1.19016	1931701.4241668398
1.1901700000000002	1338042.7832405746
1.19018	886427.0491526652
1.19019	1289614.7745184365
1.1902	1676370.4625051122
1.19021	1211462.5686481986
1.19022	785190.4341143914
1.19023	1140354.8132842344
1.19024	1518308.4183278664
1.19025	1460864.716771353
1.19026	858511.26865342
1.1902700000000002	346503.7986059909
1.19028	256515.7288345736
1.19029	607726.2561891541
1.1903	803010.085711215
1.19031	1309543.7133138736
1.19032	1776028.7836474816
1.19033	1526616.6686601916
1.19034	1416250.2515189985
1.19035	2780161.340712051
1.19036	3207820.068070396
1.1903700000000002	2419691.506252061
1.19038	2102955.0990123767
1.19039	1590852.812173877
1.1904	1443743.3604886038
1.19041	1653750.54378514
1.19042	1896705.9212111481
1.19043	1924819.4566663918
1.19044	1966753.8092833348
1.19045	2664955.736366768
1.19046	1746385.0302097322
1.19047	1847651.2492913161
1.19048	2066569.426466836
1.19049	2794216.1599259786
1.1905	1906733.5136493063
1.19051	2735079.787162681
1.19052	2708694.3384022475
1.19053	2826506.574673768
1.19054	2656745.783585295
1.19055	1806841.262893451
1.19056	2477079.812769333
1.19057	2233675.0850010873
1.19058	1703844.6698683666
1.19059	2284704.3048832067
1.1906	3024057.1889915173
1.19061	2034698.195850508
1.19062	1726632.8527432347
1.19063	2409295.114626644
1.19064	3297843.1792275095
1.19065	4646864.405023353
1.19066	4293979.828963587
1.19067	3569439.2919884636
1.19068	3005245.8077926813
1.19069	2566787.9985095984
1.1907	3080633.260285292
1.19071	3449451.1580250626
1.19072	3482170.2436433043
1.1907299999999998	1479994.1542441181
1.19074	1883649.0894898016
1.19075	1947556.2052872716
1.19076	851330.1220141031
1.19077	461010.69423958927
1.19078	1208231.0712765416
1.19079	868244.4182314646
1.1908	733518.3790395991
1.19081	524731.3356997445
1.19082	955186.1133766944
1.1908299999999998	751019.1308341161
1.19084	789074.4840100312
1.19085	875689.2130562214
1.19086	1733444.7341694538
1.19087	1496339.015961834
1.19088	1801067.5434832496
1.19089	1674750.0522015854
1.1909	1782050.4713838056
1.19091	1773862.6932092798
1.19092	1667631.1546101219
1.1909299999999998	1171871.5207420294
1.19094	741844.702935586
1.19095	658841.5799663439
1.19096	857574.7788525316
1.19097	914669.0838066414
1.19098	1126133.8164199449
1.19099	1808797.712057765
1.1909999999999998	1380543.1963630721
1.19101	1483235.1195394371
1.19102	1175492.8720623937
1.19103	1437242.331110416
1.19104	1584382.3655996434
1.19105	2115582.666121093
1.19106	2309085.42494102
1.19107	1875555.845549987
1.19108	2277980.488956675
1.19109	1554497.400023288
1.1911	912061.2403300491
1.19111	1024613.3260947644
1.1911200000000002	935883.9513363264
1.19113	520185.20988488203
1.19114	1077978.2541519334
1.19115	1141431.8848517223
1.19116	841459.0777433134
1.19117	1043710.3735778519
1.19118	629023.6871732196
1.19119	722360.516742546
1.1912	1061524.445883608
1.19121	1257679.552024897
1.1912200000000002	1450106.836421973
1.19123	1715694.6617695098
1.19124	2013075.206479964
1.19125	1900946.9626236488
1.19126	1722582.3777033344
1.19127	1753395.9536958346
1.19128	1141405.6027138818
1.19129	896084.5718229279
1.1913	962026.4218351368
1.19131	1813886.046659482
1.1913200000000002	2253253.2181048687
1.19133	2085162.951884909
1.19134	1640778.6639505294
1.19135	1501446.9774503985
1.19136	1680699.225733361
1.19137	1586280.552877326
1.19138	823845.9290070834
1.19139	1401780.4539365035
1.1914	2263810.1354669
1.19141	2939273.505798891
1.19142	2565429.0014101868
1.19143	2705515.3357536285
1.19144	2034838.7526771424
1.19145	1550315.1818796878
1.19146	1910952.97497044
1.19147	2369681.6198192816
1.19148	2220291.518858029
1.19149	1607533.38111613
1.1915	1253429.754582985
1.19151	1368106.795252491
1.19152	1138596.9077456193
1.19153	1502346.1210209676
1.19154	984455.2967702564
1.19155	1223826.9144863186
1.19156	1068882.5818205685
1.19157	856471.6657919252
1.19158	674768.8101811977
1.19159	798378.8068777558
1.1916	1412212.3332761785
1.19161	1843147.1115652432
1.19162	2104941.351991252
1.19163	1999401.4374310896
1.19164	2225102.3889198145
1.19165	2274102.313433913
1.19166	2434837.601519765
1.19167	1514153.8320154997
1.19168	1246809.20515562
1.19169	1597055.4677670973
1.1917	2017855.2077850585
1.19171	1379844.0334645293
1.19172	1066178.6951181858
1.19173	1192943.8428861042
1.19174	1425607.5936021875
1.19175	1487989.9569860192
1.19176	1161769.57829292
1.19177	900488.145682474
1.1917799999999998	2017158.38563072
1.19179	2482561.408589893
1.1918	3291394.9616410127
1.19181	2935283.139777397
1.19182	1849907.4440461618
1.19183	2047717.302777461
1.19184	2299428.9772007004
1.19185	1907436.109650697
1.19186	1829658.341609338
1.19187	2719944.234325415
1.1918799999999998	3451914.2599960626
1.19189	2324181.286091758
1.1919	2103875.3245747983
1.19191	2192047.698134811
1.19192	2677379.908209346
1.19193	3047544.1079483377
1.19194	2373121.642264481
1.19195	1437043.7824599904
1.19196	945181.0372734681
1.19197	738150.6389173105
1.1919799999999998	765601.895483525
1.19199	1096730.6986474192
1.192	1090787.117095738
1.19201	766819.2380975931
1.19202	887384.8297888935
1.19203	695781.6967487514
1.19204	1389280.691998347
1.19205	1736720.7772606984
1.19206	1554067.9358538443
1.19207	1002489.8865321148
1.19208	703703.9681528389
1.19209	305266.39642045397
1.1921	446606.45928779826
1.19211	1101285.6999410698
1.19212	1430013.0474851718
1.19213	1647820.8738397204
1.19214	1604242.4350011381
1.19215	1387458.4939567586
1.19216	927978.6830706841
1.1921700000000002	244882.07692586503
1.19218	904665.4405628814
1.19219	1258954.399956766
1.1922	1978745.7724039962
1.19221	2133486.9955197237
1.19222	2959579.4287866564
1.19223	3016268.5095184757
1.19224	2154120.5308900154
1.19225	3339104.4164464
1.19226	2329807.2908293568
1.1922700000000002	1814554.4300881329
1.19228	1971151.478031083
1.19229	1789492.9839719988
1.1923	1733324.996184969
1.19231	1610571.4639135457
1.19232	1172519.299848221
1.19233	646432.2277928853
1.19234	1852166.39387438
1.19235	2488513.493687916
1.19236	2370500.220214372
1.1923700000000002	2576499.1291101705
1.19238	1805427.278497471
1.19239	2004610.496169936
1.1924	2815853.136378405
1.19241	2417630.9122758782
1.19242	1232593.859941302
1.19243	1669398.4271959888
1.19244	1201295.9142796756
1.19245	482550.75560410315
1.19246	1154303.466779797
1.19247	1713799.4534761303
1.19248	1653522.0854858663
1.19249	1057547.7850857896
1.1925	736422.4167709092
1.19251	758933.9833708993
1.19252	733692.3654845962
1.19253	798351.2323268661
1.19254	495300.7664167084
1.19255	976022.8832606084
1.19256	2097104.1515361075
1.19257	2475084.3264954323
1.19258	3911560.032958034
1.19259	4416314.567793732
1.1926	4178399.8765712366
1.19261	3364263.4705112805
1.19262	1954114.4670821596
1.19263	3836719.063763877
1.19264	2790679.74343405
1.19265	3792975.1727529424
1.19266	4399972.883599887
1.19267	4159776.5276686833
1.19268	3047894.9896279825
1.19269	2596928.5444285925
1.1927	1916946.533828088
1.19271	1671552.4175087444
1.19272	3149415.786023624
1.1927299999999998	4261769.922232897
1.19274	3203243.842588429
1.19275	3111286.4673019745
1.19276	3455811.1378369313
1.19277	3093997.796034949
1.19278	2299323.087021219
1.19279	1561816.475999264
1.1928	3044317.891205554
1.19281	4690509.285020895
1.19282	6699154.594531823
1.1928299999999998	6199262.123209221
1.19284	7606064.430977004
1.19285	6505639.592091163
1.19286	3596168.230138645
1.19287	4444777.237874365
1.19288	7342771.270216487
1.19289	7375984.5778902965
1.1929	5021691.164981109
1.19291	1938697.275592735
1.19292	1648769.708855194
1.1929299999999998	3931062.9641023814
1.19294	3131266.271419986
1.19295	4940489.720379535
1.19296	5101289.845367155
1.19297	4321853.088981414
1.19298	5145410.163255364
1.19299	4118413.985272292
1.193	1364237.552789528
1.19301	1600073.74832049
1.19302	1946345.7898334372
1.19303	2641496.259261713
1.19304	4404027.275218165
1.19305	4587435.805687107
1.19306	3840608.157258121
1.19307	3535818.7948300424
1.19308	3605537.3599166204
1.19309	4758827.90988817
1.1931	3590955.3075441867
1.19311	3993190.2312033833
1.1931200000000002	3836719.063763877
1.19313	6329654.42730841
1.19314	4929013.413302568
1.19315	3343874.7353694644
1.19316	3458756.593066369
1.19317	4248738.479514054
1.19318	6124067.938774946
1.19319	7371570.103078483
1.1932	7201285.0163041735
1.19321	4347504.097547713
1.1932200000000002	3424916.5962891523
1.19323	3012867.273325873
1.19324	6231893.172136655
1.19325	6735347.3852410335
1.19326	7287020.64609594
1.19327	4955186.445067153
1.19328	7350214.276467954
1.19329	7999079.258569432
1.1933	4560789.204378246
1.19331	4174841.5776750767
1.1933200000000002	4196720.052336106
1.19333	5996806.008316965
1.19334	5611513.344083208
1.19335	6021989.584066559
1.19336	4960437.70529818
1.19337	2238618.0440237783
1.19338	1894261.7943398391
1.19339	2127502.1125544407
1.1934	3687907.333941869
1.19341	3703565.2455307343
1.19342	3117668.9665357564
1.19343	2325305.399136656
1.19344	1373630.7362509342
1.19345	732242.6144634398
1.19346	1781804.2890188454
1.19347	1622370.347468205
1.19348	1037791.2388221044
1.19349	1017208.5455058938
1.1935	2008630.2551485882
1.19351	2051587.2906636347
1.19352	1341621.470993273
1.19353	833598.6449655496
1.19354	638561.8960929138
1.19355	542507.8166018445
1.19356	746859.6555280306
1.19357	769544.9632090855
1.19358	998605.6065049242
1.19359	1580811.184647236
1.1936	2159633.2236139844
1.19361	3401183.0024057636
1.19362	2690419.4872478945
1.19363	3777113.1928796982
1.19364	3056187.53448803
1.19365	2241558.0998405474
1.19366	1333060.929708226
1.19367	282785.41080732696
1.19368	963822.365751941
1.19369	1228796.5971009587
1.1937	1441517.7685761838
1.19371	2471894.8915685453
1.19372	3762876.8055684124
1.19373	3772506.528367032
1.19374	2331148.821800323
1.19375	2386656.952900055
1.19376	4546110.62883003
1.19377	4610839.446866973
1.1937799999999998	4536803.820468833
1.19379	3573715.699249503
1.1938	2478791.510015861
1.19381	1620727.495683998
1.19382	634969.6974128478
1.19383	1384490.5635020223
1.19384	2349578.719176109
1.19385	2854631.1464247936
1.19386	2693270.6600573915
1.19387	1828521.2002390875
1.1938799999999998	1538119.223391333
1.19389	1836326.9162286955
1.1939	2461897.685280039
1.19391	2515532.8900177167
1.19392	1576412.9722386054
1.19393	2001889.03129282
1.19394	3126655.2652645237
1.19395	3026774.0367961912
1.19396	2893276.9024618464
1.19397	2406633.7342632352
1.1939799999999998	1498200.7150091091
1.19399	1226365.7132365436
1.194	656530.6411588306
1.19401	281469.2785800864
1.19402	151757.09342502573
1.19403	360067.5635498532
1.19404	543407.9652526281
1.19405	664983.699908473
1.19406	1239538.441556059
1.19407	2568088.5824114443
1.19408	3596251.035925561
1.19409	3560491.8827710436
1.1941	4020684.53991913
1.19411	4672830.199576855
1.19412	4119172.6950418456
1.19413	2819810.9975760286
1.19414	3625517.45188863
1.19415	3343566.7673073933
1.19416	2025023.1853452504
1.1941700000000002	2084922.9024470488
1.19418	3237427.1163423425
1.19419	2830609.761353798
1.1942	3157984.543076414
1.19421	3285110.6335985526
1.19422	3159584.6845222176
1.19423	3255892.070223906
1.19424	3301566.125697146
1.19425	4295067.564644801
1.19426	3080207.684470381
1.1942700000000002	3513985.7823539944
1.19428	3370155.9670541496
1.19429	4511801.663178235
1.1943	3595340.277128057
1.19431	4715850.187141731
1.19432	3326135.978528601
1.19433	4467658.818883419
1.19434	5151930.550770946
1.19435	4602565.735813562
1.19436	2829371.665431852
1.1943700000000002	5532481.877463238
1.19438	5240949.8015798135
1.19439	4891026.3212459255
1.1944	5584444.768261071
1.19441	6425545.452321373
1.19442	6914965.218527776
1.19443	5890199.438800093
1.19444	4350608.459784224
1.19445	4916318.3803732
1.19446	5788819.391629622
1.19447	4990338.439307004
1.19448	4895307.755695309
1.19449	4119362.3943226538
1.1945	1807590.2911421664
1.19451	3503079.5528607015
1.19452	4004515.693674117
1.19453	3300577.995793185
1.19454	1322695.8776071118
1.19455	3955396.2731420975
1.19456	5035701.747730079
1.19457	4618596.26483723
1.19458	8661437.980447141
1.19459	9812733.405570282
1.1946	8671215.90747363
1.19461	5627169.538275834
1.19462	5459966.775714254
1.19463	7882972.2909809565
1.19464	9199622.35713385
1.19465	10016361.724879757
1.19466	8763750.401165204
1.19467	6414753.907969983
1.19468	6341324.827186408
1.19469	5552774.0270706285
1.1947	7073266.152489551
1.19471	5432128.063850682
1.19472	4676274.536892872
1.1947299999999998	5397591.335559011
1.19474	6769864.869540893
1.19475	7358850.8383620735
1.19476	4790049.484522927
1.19477	4322848.347010029
1.19478	5784422.410122879
1.19479	6789847.185215245
1.1948	5730334.842789157
1.19481	2155906.887666908
1.19482	3488349.5748089626
1.1948299999999998	2288126.3370367973
1.19484	4461182.603614577
1.19485	6011875.80179509
1.19486	6300282.161509342
1.19487	7478594.744541129
1.19488	8407366.888936577
1.19489	7254876.101962225
1.1949	7071474.831663747
1.19491	5983013.737229315
1.19492	4490037.829088264
1.1949299999999998	3604043.299372253
1.19494	3338950.648545991
1.19495	3048456.4843474235
1.19496	2157794.093625784
1.19497	3475441.6385118267
1.19498	3151229.257392707
1.19499	3612933.7664124193
1.195	2232184.0470600827
1.19501	1709385.4382012896
1.19502	2263966.519332287
1.19503	2123097.7985344413
1.19504	2181875.6724147233
1.19505	2332276.304762116
1.19506	1944912.197476764
1.19507	1017583.3680238477
1.19508	1756911.9629861524
1.19509	2533028.0554520586
1.1951	2145803.7503582453
1.19511	2341423.6461427845
1.1951200000000002	1675830.1516083959
1.19513	1856307.844740019
1.19514	2497410.8834813703
1.19515	2608134.5963593824
1.19516	2595792.6596152424
1.19517	2215848.1740735443
1.19518	1582522.8882620789
1.19519	1274588.5125290032
1.1952	1239738.247649733
1.19521	1806466.8651703545
1.1952200000000002	1810631.2013744062
1.19523	1686824.8875274858
1.19524	1356594.33761391
1.19525	665248.6470843827
1.19526	961235.9390489378
1.19527	2471211.976121699
1.19528	2980094.2533276174
1.19529	3855760.0567080933
1.1953	3847866.5356602413
1.19531	3846714.902815227
1.1953200000000002	3158493.591069036
1.19533	1886600.7380436887
1.19534	1284576.5805070673
1.19535	1734163.3357976838
1.19536	1710487.8750666506
1.19537	1718778.8462661996
1.19538	2781954.354906016
1.19539	2952908.568322213
1.1954	3125431.6085071256
1.19541	4444265.54343995
1.19542	5410283.215647426
1.19543	5407418.717605
1.19544	5077266.971946424
1.19545	4357024.479679631
1.19546	5084988.791809118
1.19547	3108565.337246869
1.19548	5280803.407777235
1.19549	6920858.978242045
1.1955	6301878.1265538335
1.19551	5324882.144660844
1.19552	4636070.162777065
1.19553	2467175.2518516053
1.19554	1713365.429846017
1.19555	3078151.563347578
1.19556	3760971.1325976937
1.19557	3332575.5214531817
1.19558	2090162.2511126827
1.19559	2558585.8869056418
1.1956	3416488.7893922618
1.19561	2672452.531832068
1.19562	4091193.3051397065
1.19563	3692325.6731853187
1.19564	4138662.386010998
1.19565	5993216.962163805
1.19566	4304968.717941967
1.19567	5941690.146318638
1.19568	5512644.670675517
1.19569	3192934.4301960035
1.1957	3461863.9798218114
1.19571	5072826.396030229
1.19572	5938134.086620637
1.19573	4928219.014228695
1.19574	4982989.820803521
1.19575	3834246.23680054
1.19576	6814908.042133887
1.19577	7134606.086664539
1.1957799999999998	7419591.585212138
1.19579	6662082.4005847275
1.1958	5476839.323209781
1.19581	4221045.173636877
1.19582	4814486.7963716695
1.19583	3128527.667035208
1.19584	1925174.0541720388
1.19585	2234395.252845657
1.19586	2682625.200376046
1.19587	3002824.841488635
1.1958799999999998	1623229.773550614
1.19589	2313183.0429585627
1.1959	3169567.4630434867
1.19591	4600764.462508308
1.19592	5443146.207625496
1.19593	5155728.032358669
1.19594	8542992.006444214
1.19595	10929744.254611935
1.19596	10636040.931700023
1.19597	9441913.121259397
1.1959799999999998	8470713.634567032
1.19599	7243025.2632967075
1.196	9020279.6104
1.19601	8448896.694845209
1.19602	5761426.157072454
1.19603	5677668.082523553
1.19604	3976307.8447858207
1.19605	4037755.3384376713
1.19606	4990913.006326072
1.19607	6018246.888869573
1.19608	5785088.404700528
1.19609	5095302.82287448
1.1961	6251439.031721375
1.19611	5972690.355037782
1.19612	8086302.801681013
1.19613	5136177.216102739
1.19614	3851057.472455104
1.19615	2516343.9327300224
1.19616	2164462.17144124
1.1961700000000002	3473841.5069623333
1.19618	4579098.65137591
1.19619	4066773.641071412
1.1962	5271084.7623639535
1.19621	4681014.646496
1.19622	2866487.1549972687
1.19623	2013770.6181106104
1.19624	2477764.3497833805
1.19625	3925635.7497640057
1.19626	3319326.705138039
1.1962700000000002	2182780.171635207
1.19628	3392813.597557668
1.19629	3676884.6030896883
1.1963	3721174.189688435
1.19631	4935600.50508094
1.19632	4811162.21511522
1.19633	3020855.836168182
1.19634	3657463.493797775
1.19635	3254617.834980453
1.19636	3054006.80200948
1.1963700000000002	4748320.225731236
1.19638	4318073.197782801
1.19639	2297735.3193606357
1.1964	2913130.9009422227
1.19641	3341565.666149978
1.19642	2424376.13352508
1.19643	2083483.186046165
1.19644	2979613.957593673
1.19645	4156234.0882986085
1.19646	4082629.78821345
1.19647	4120880.3031053143
1.19648	5512898.543189926
1.19649	5791085.807553336
1.1965	5026781.406438764
1.19651	4329123.745028265
1.19652	3704674.0221071537
1.19653	5505794.5302180005
1.19654	7381081.487738465
1.19655	6710424.5863290215
1.19656	5843728.091195554
1.19657	4722696.098573985
1.19658	3961138.2478637095
1.19659	5717550.379122573
1.1966	5245295.98651292
1.19661	3069516.696158454
1.19662	3971458.237346323
1.19663	3743001.490027784
1.19664	3963692.911508108
1.19665	4751054.36544655
1.19666	5913573.513058413
1.19667	6312334.43136538
1.19668	5421257.050879566
1.19669	3308415.143196657
1.1967	3857980.249576855
1.19671	2522144.7045808504
1.19672	4814708.516787479
1.1967299999999998	4641945.102393464
1.19674	6758183.816228511
1.19675	6624757.721168557
1.19676	5263807.517745302
1.19677	3762876.8055684124
1.19678	2229153.627686882
1.19679	608308.6611102343
1.1968	457671.6380547297
1.19681	402664.1822502066
1.19682	861570.8563192448
1.1968299999999998	978978.1526825776
1.19684	328331.083606968
1.19685	676871.1441755882
1.19686	1626222.6289693047
1.19687	2300753.0159744537
1.19688	2914875.433356064
1.19689	2998195.859036123
1.1969	3411929.1162192808
1.19691	3886064.4584546965
1.19692	3876948.2140444233
1.1969299999999998	2039247.788496389
1.19694	636681.1616596265
1.19695	813369.7190207838
1.19696	2641922.05246936
1.19697	5385673.235968899
1.19698	2989991.8187190155
1.19699	5689708.2796456525
1.197	5065239.675508808
1.19701	3449371.732391322
1.19702	4067148.22201574
1.1970299999999998	6466659.590761351
1.19704	4769578.488928007
1.19705	3203760.1861061705
1.19706	6094947.933772046
1.19707	7863212.27458418
1.19708	4734128.042710124
1.19709	2715438.679955051
1.1971	4356723.517486127
1.19711	5588561.055539432
1.19712	7366479.761193316
1.19713	6055360.450523732
1.19714	5415517.95420206
1.19715	7452122.751677749
1.19716	5585602.167517238
1.19717	6020325.876713224
1.19718	5435756.576944962
1.19719	5597962.695159075
1.1972	4907609.517130959
1.19721	5815807.189552791
1.1972200000000002	6285357.722511792
1.19723	5205230.909111698
1.19724	3118458.723337649
1.19725	2420806.0719889943
1.19726	3541114.7473869296
1.19727	4951194.645333963
1.19728	5561603.19597593
1.19729	4279470.135724644
1.1973	2771277.399534687
1.19731	3903732.047432715
1.1973200000000002	4437210.172936093
1.19733	5803767.41718718
1.19734	7926473.280669123
1.19735	8164131.66356006
1.19736	8602407.273503607
1.19737	10004836.597952254
1.19738	6933938.733133717
1.19739	7366140.530074757
1.1974	8040813.701206144
1.19741	8919489.529108766
1.1974200000000002	8817185.951213883
1.19743	5511121.681080985
1.19744	6423030.732454413
1.19745	6719392.340911041
1.19746	7536158.084674207
1.19747	6118430.060494687
1.19748	6330237.43687371
1.19749	4886973.679610567
1.1975	4769249.029497403
1.19751	3740675.196781445
1.19752	1576921.2296570598
1.19753	3735596.8455585055
1.19754	5511756.208938068
1.19755	5108224.7857785085
1.19756	2903220.354198567
1.19757	2285125.201733998
1.19758	790127.1771301009
1.19759	870596.6666637908
1.1976	1555213.4373924069
1.19761	4363550.434846599
1.19762	5465501.275612012
1.19763	6636208.156703731
1.19764	6515383.744897381
1.19765	6103093.170568505
1.19766	4995511.924636622
1.19767	5383317.566826008
1.19768	5964444.475735025
1.19769	3162350.475140688
1.1977	4749304.334720645
1.19771	6782659.260153635
1.19772	4754775.322151483
1.19773	4444265.54343995
1.19774	6110264.354962697
1.19775	4868217.800389885
1.19776	5476587.111245561
1.19777	4937987.6566105625
1.1977799999999998	3540951.676781205
1.19779	2107802.9111827305
1.1978	1903180.5908530676
1.19781	2255069.857570529
1.19782	2699976.5984012084
1.19783	3733103.23461821
1.19784	4332214.98266018
1.19785	5885996.506526974
1.19786	4915978.78486011
1.19787	6609673.392820887
1.1978799999999998	5498319.847997595
1.19789	5066172.813080864
1.1979	5697967.922639428
1.19791	3728206.8494295683
1.19792	8822872.433983732
1.19793	11081792.142941104
1.19794	9271072.98495987
1.19795	11082047.313572764
1.19796	8855844.863991356
1.19797	7995028.20138062
1.1979799999999998	5255451.106109772
1.19799	3302478.5081749926
1.198	4774083.382772894
1.19801	5590362.885177341
1.19802	5644688.752857185
1.19803	6971239.445892302
1.19804	8446951.48844579
1.19805	6816791.330988012
1.19806	5318020.412754606
1.19807	4826918.877390233
1.19808	5069089.976126803
1.19809	3860735.0642767833
1.1981	3281028.4787340583
1.19811	3761923.848413765
1.19812	4974506.469323167
1.19813	6002331.815102544
1.19814	7471193.7657098165
1.19815	6558280.686335242
1.19816	6941606.642098308
1.1981700000000002	5860032.167510546
1.19818	6594471.565863612
1.19819	6873532.65073821
1.1982	4312806.764518154
1.19821	6643087.91565406
1.19822	4368677.642298149
1.19823	3923376.622466017
1.19824	5553157.612360035
1.19825	5283600.833279864
1.19826	5621600.769803203
1.1982700000000002	4354216.307531967
1.19828	7501187.133114536
1.19829	7077013.107941957
1.1983	5138898.028074113
1.19831	5258356.1783466935
1.19832	5278615.151429696
1.19833	8092263.205397579
1.19834	7978660.760861083
1.19835	4554073.126832544
1.19836	2522202.7797774523
1.1983700000000002	1523210.7637927157
1.19838	2222849.195969521
1.19839	3635214.148485166
1.1984	3963054.091177531
1.19841	3229683.762029017
1.19842	2456687.97469939
1.19843	3169640.4458716563
1.19844	3072981.8840786912
1.19845	4004146.881133184
1.19846	5048240.0736915
1.19847	4312508.85667069
1.19848	2893276.9024618464
1.19849	967047.9307899995
1.1985	2227204.0107044885
1.19851	3304608.381270368
1.19852	3393282.364458985
1.19853	3570507.913820544
1.19854	3202285.139685008
1.19855	2056411.386869756
1.19856	1263542.9240366796
1.19857	453138.5389155746
1.19858	415189.1540961064
1.19859	250085.2051729591
1.1986	558191.2186828315
1.19861	1059204.945863735
1.19862	1467607.761929079
1.19863	1598527.0878142512
1.19864	1774679.7752938203
1.19865	2666367.4562443364
1.19866	3177678.8250778373
1.19867	3387583.4308190867
1.19868	2549764.0877992786
1.19869	2674176.0812002663
1.1987	3287380.6915906626
1.19871	4099208.418770053
1.19872	4013100.168279446
1.19873	3820762.1250191163
1.19874	5402191.8079203935
1.19875	5175829.958239125
1.19876	4541507.126325541
1.19877	4051725.362804549
1.19878	3053163.0653170287
1.19879	2320171.0309339887
1.1988	3470723.3691174737
1.19881	4365761.432971005
1.19882	2488112.425025905
1.1988299999999998	3627270.9689170117
1.19884	6584912.371848132
1.19885	7749255.853065774
1.19886	7319644.689010193
1.19887	5783889.669664333
1.19888	6199119.381567082
1.19889	9065254.477374328
1.1989	9976770.91194092
1.19891	7050501.348649806
1.19892	7109842.82454192
1.1989299999999998	5738389.193930795
1.19894	4526369.461232146
1.19895	6552846.579131535
1.19896	6279137.596800941
1.19897	6618963.710384844
1.19898	6990206.4103159215
1.19899	6955686.50529593
1.199	7519171.664734988
1.19901	6500997.514537938
1.19902	3910029.193623275
1.1990299999999998	4279962.856294396
1.19904	4096094.805718714
1.19905	7184722.52037108
1.19906	7807464.172815543
1.19907	7699632.553423909
1.19908	3911289.8412955725
1.19909	2659683.7508207485
1.1991	3327974.5771745327
1.19911	3841404.1391701815
1.19912	4014856.2482647705
1.19913	3719118.3609350063
1.19914	6132958.133554327
1.19915	7362918.613484456
1.19916	5796155.122794593
1.19917	8742789.056853443
1.19918	4815928.161605795
1.19919	2258239.5020991825
1.1992	2593522.3802638883
1.19921	5664348.949381516
1.1992200000000002	7690241.883292208
1.19923	6553450.146400404
1.19924	6114909.022565652
1.19925	6306378.021674395
1.19926	4227172.785894164
1.19927	4946408.73016932
1.19928	3467049.16279056
1.19929	3249900.015967953
1.1993	2956582.48647156
1.19931	2849311.953154007
1.1993200000000002	3100630.3947162367
1.19933	3463219.3552651806
1.19934	2014559.041705617
1.19935	1416478.5424867822
1.19936	1377019.213517044
1.19937	2182880.694691504
1.19938	3684512.209513872
1.19939	4718782.933200679
1.1994	3702286.3002906763
1.19941	7143318.2615605015
1.1994200000000002	8362574.503665581
1.19943	8927914.037390225
1.19944	7238190.349952407
1.19945	8987936.594032664
1.19946	7204104.4352440275
1.19947	8599040.610761104
1.19948	8930998.16223519
1.19949	7873720.604869042
1.1995	8708432.702009397
1.19951	8112972.427492225
1.19952	8726699.068227557
1.19953	8404657.110850895
1.19954	7722181.412084571
1.19955	13317417.038297515
1.19956	14396270.557274826
1.19957	14100678.154233566
1.19958	10650990.56566924
1.19959	5056150.586640205
1.1996	6497405.923030775
1.19961	9995626.045176378
1.19962	11182270.663055563
1.19963	10254393.996981526
1.19964	5130739.913034582
1.19965	8275800.255502677
1.19966	9371303.430676043
1.19967	6744348.446440432
1.19968	4151547.3922165176
1.19969	2805562.8359200642
1.1997	3702115.807631551
1.19971	2640462.475722097
1.19972	6464873.033517717
1.19973	7548662.351570309
1.19974	7310717.4618628165
1.19975	4683602.185684472
1.19976	5719657.190591174
1.19977	5815003.761596609
1.1997799999999998	4041010.6963537512
1.19979	4092889.3143129763
1.1998	2596629.5791910468
1.19981	1098727.5136908565
1.19982	1182714.7144199654
1.19983	1814721.5644240824
1.19984	4300213.319094618
1.19985	5081360.414922483
1.19986	3797257.075427338
1.19987	4270414.19445669
1.1998799999999998	6370595.052675893
1.19989	6671599.999850564
1.1999	5225405.523440264
1.19991	2335823.3740013167
1.19992	1820832.514686781
1.19993	5653794.252375352
1.19994	5755194.4279436935
1.19995	4614769.355250059
1.19996	4638632.857861917
1.19997	4748101.562538818
1.1999799999999998	4546634.049288206
1.19999	5699936.27094142
1.2	3057947.3239121195
1.20001	4972674.1309624985
1.20002	4369884.919323791
1.20003	2673806.6556410342
1.20004	4023462.889902308
1.20005	7868283.509484122
1.20006	7867377.692012351
1.20007	8485745.451248886
1.20008	8338539.684903666
1.20009	7741230.517108967
1.2001	4563730.601936503
1.20011	5213627.515126667
1.20012	7979763.129728066
1.20013	7429507.06456505
1.20014	6037678.7282678485
1.20015	4594730.041932484
1.20016	6762230.96382572
1.2001700000000002	4150687.1451528016
1.20018	7293903.2782891635
1.20019	8972221.776728777
1.2002	6499949.761981438
1.20021	9621438.31827169
1.20022	6611652.2025757525
1.20023	9586939.79378626
1.20024	8716457.159770709
1.20025	7551270.017482745
1.20026	4574988.429084081
1.2002700000000002	4319763.792909912
1.20028	4719543.572446038
1.20029	4576252.7197631495
1.2003	3343797.74069472
1.20031	5059877.468935766
1.20032	6843369.65963879
1.20033	4745587.659460362
1.20034	2919174.119148172
1.20035	4653288.722187488
1.20036	4402202.336871562
1.2003700000000002	5190748.653800889
1.20038	4598963.894154551
1.20039	4649004.857984662
1.2004	4619766.231198156
1.20041	5598865.052860283
1.20042	3706892.5711988495
1.20043	2895542.874867412
1.20044	3794634.928928069
1.20045	4744932.077583272
1.20046	4847412.740761818
1.20047	4682200.424459142
1.20048	7515017.5648400765
1.20049	8057308.642390855
1.2005	6526344.578883858
1.20051	4241895.838191957
1.20052	5819691.989817657
1.20053	7389924.476198679
1.20054	7468957.702672724
1.20055	8394986.459705807
1.20056	10344273.62715671
1.20057	9080923.142761357
1.20058	7760862.695421222
1.20059	8592706.937187422
1.2006	6162259.740962999
1.20061	5129913.002110745
1.20062	7361562.438665372
1.20063	8156991.31686524
1.20064	7917535.14810008
1.20065	7428309.666011487
1.20066	5553924.8624348035
1.20067	4418857.534670649
1.20068	6338405.211500987
1.20069	6693141.399218272
1.2007	6234763.72591921
1.20071	5055335.697126484
1.20072	5729411.2963691335
1.20073	7178108.19285995
1.20074	6667453.568687397
1.20075	6473214.525674735
1.20076	5985080.55387173
1.20077	7137070.7179097
1.20078	7176951.311751617
1.20079	5245175.210499946
1.2008	2139094.6424891544
1.20081	2163017.334973681
1.20082	4080280.313888765
1.2008299999999998	4820365.838675448
1.20084	5313491.620220756
1.20085	4740782.161649342
1.20086	5384433.281638511
1.20087	5360064.305247799
1.20088	11589641.440506918
1.20089	12515551.741225353
1.2009	5462607.542126934
1.20091	4740345.539583455
1.20092	8304815.718055712
1.2009299999999998	7038498.137083209
1.20094	5857199.275708263
1.20095	6988597.041100778
1.20096	8220722.720714388
1.20097	9530814.12965881
1.20098	4706954.49784772
1.20099	7638181.958112895
1.2009999999999998	7458817.824579036
1.20101	7093653.975352308
1.20102	4542971.371246492
1.2010299999999998	1439262.466883975
1.20104	1313771.9950032134
1.20105	2464109.482512545
1.20106	3428072.514179704
1.20107	1930678.676423787
1.20108	4647506.437414844
1.20109	6907326.738486629
1.2011	8114093.353483575
1.20111	6238497.422681339
1.20112	6983288.751125064
1.20113	4643441.729911697
1.20114	5581616.5796167655
1.20115	8591519.892853318
1.20116	5407169.702504223
1.20117	6266571.511196938
1.20118	7494626.5974739585
1.20119	10135845.919984987
1.2012	8772431.789071329
1.20121	6459367.588548709
1.2012200000000002	7137728.09668836
1.20123	8769604.346932286
1.20124	8281137.581472666
1.20125	8850544.70322281
1.20126	8492782.461795194
1.20127	8111851.65635186
1.20128	9518970.918394037
1.20129	9984124.777345333
1.2013	5982600.459556298
1.20131	6457285.6700396165
1.2013200000000002	5053939.049215467
1.20133	2433828.654883188
1.20134	3794110.716950945
1.20135	3116879.409741566
1.20136	1759300.39417525
1.20137	4152025.3842883334
1.20138	3494459.4077605433
1.20139	4168789.8235312775
1.2014	7485313.6001856625
1.20141	4808504.203123561
1.2014200000000002	6530854.3754548235
1.20143	6804715.932517184
1.20144	6916398.373645688
1.20145	8634555.791329859
1.20146	9175505.502551457
1.20147	10396089.268065903
1.20148	11346972.439177042
1.20149	12058131.06255547
1.2015	14750950.308321975
1.20151	7994291.865980451
1.20152	9765399.165780693
1.20153	9003057.005162029
1.20154	12952690.847893715
1.20155	12117136.492719645
1.20156	12285419.766992886
1.20157	11323221.424913652
1.20158	8302138.993233817
1.20159	4450512.242147023
1.2016	7312064.269828325
1.20161	3152825.9759551818
1.20162	3326825.3339555427
1.20163	4819588.950110337
1.20164	3228642.802784864
1.20165	1849183.4589718757
1.20166	3980705.052165705
1.20167	2931298.1910880837
1.20168	4938783.630330456
1.20169	4579309.53151744
1.2017	6819617.2401463725
1.20171	5784022.850178971
1.20172	2922133.1424403694
1.20173	4991372.707571305
1.20174	3692580.738816485
1.20175	7124756.069810118
1.20176	6960172.448054049
1.20177	7913889.827849433
1.2017799999999998	6635444.178983888
1.20179	4649647.186111086
1.2018	2252682.5765754273
1.20181	2686210.2379728626
1.20182	2133339.6245492324
1.20183	950992.2987878564
1.20184	2671160.5988438157
1.20185	5344166.742103513
1.20186	6450152.756691297
1.20187	5600928.130983317
1.2018799999999998	4102891.1948213535
1.20189	3099488.2906603683
1.2019	5410781.5440952005
1.20191	6775166.9292818075
1.20192	5306888.951974815
1.20193	4823696.779766155
1.20194	3933598.2312427415
1.20195	6632847.312550215
1.20196	4784207.416825335
1.20197	7863212.27458418
1.2019799999999998	8233225.301402241
1.20199	5772713.447082405
1.202	4829031.073766083
1.20201	6859934.9897000585
1.20202	9774847.71209092
1.20203	10846509.475775812
1.20204	9372166.599369084
1.20205	10582541.981049426
1.20206	11965201.038573813
1.20207	9484621.405909054
1.20208	6719701.787489009
1.20209	8627798.624883702
1.2021	8461356.627700487
1.20211	7878617.202970514
1.20212	6520486.498721269
1.20213	6715834.729333303
1.20214	5454689.072117006
1.20215	3186177.7463647737
1.20216	1862344.4112793263
1.2021700000000002	2821499.6452384414
1.20218	4964436.957060008
1.20219	6681900.434105521
1.2022	5835391.520928763
1.20221	8333741.016909911
1.20222	7764616.312683263
1.20223	6669756.8233018
1.20224	7309034.300746663
1.20225	5740503.684116897
1.20226	4959181.463107508
1.2022700000000002	5068273.0011979975
1.20228	3671723.761135662
1.20229	4829364.662936643
1.2023	6018801.215419759
1.20231	3948207.780378818
1.20232	3925093.4406047864
1.20233	6403538.131728271
1.20234	9195175.020666253
1.20235	7511903.496086085
1.20236	11025035.58767944
1.2023700000000002	11852500.982735848
1.20238	9266377.738713473
1.20239	10921693.88765985
1.2024	8142729.3528479
1.20241	7402015.667314882
1.20242	10103922.35119376
1.20243	11098134.914193245
1.20244	9816801.28616878
1.20245	8388996.244961724
1.20246	9171492.17789625
1.20247	7365292.52062217
1.20248	9723889.164625894
1.20249	4052938.3718589405
1.2025	7915894.546242617
1.20251	4704679.033749655
1.20252	6428505.206812289
1.20253	6383516.716413645
1.20254	4317874.347742022
1.20255	4912131.674748364
1.20256	2590478.5467832247
1.20257	3730181.8104562014
1.20258	4645473.639094869
1.20259	4328725.036357717
1.2026	2795438.8722599247
1.20261	3120469.9162394274
1.20262	2268454.1200716263
1.20263	4868778.306941447
1.20264	7581061.154547426
1.20265	8858700.111269874
1.20266	9602625.680920733
1.20267	10274483.522693472
1.20268	8492782.461795194
1.20269	10829789.11921666
1.2027	10738657.718581567
1.20271	9183748.882363187
1.20272	6703166.392399096
1.20273	6020464.501435378
1.20274	7073591.895934061
1.20275	7561013.265230966
1.20276	5217830.896010398
1.20277	7577919.7186878575
1.20278	8524717.581471587
1.20279	8206349.326519773
1.2028	6652731.5620174175
1.20281	7911703.441354394
1.20282	7615001.618895368
1.2028299999999998	8840971.69200496
1.20284	6509685.392555024
1.20285	5779097.212918027
1.20286	8673212.758609453
1.20287	10999172.167212864
1.20288	9763150.85838196
1.20289	7603437.843012525
1.2029	5284574.19816862
1.20291	4621042.896150672
1.20292	6035593.7479965165
1.2029299999999998	6405307.739170671
1.20294	6668835.42599303
1.20295	7319476.149903115
1.20296	4697534.734027906
1.20297	5160122.359909814
1.20298	6378961.779233333
1.20299	3154205.6112399795
1.203	4844065.4229225945
1.20301	3872219.78816914
1.20302	3363101.6957168165
1.2030299999999998	2967973.370424575
1.20304	3441755.380342019
1.20305	4876969.055610898
1.20306	5183821.039269315
1.20307	5768328.699078797
1.20308	6771579.787605025
1.20309	5735483.041604425
1.2031	5510233.464800696
1.20311	8943963.125072004
1.20312	8368931.246454118
1.20313	6531455.917073567
1.20314	4953247.169111438
1.20315	5493890.510787854
1.20316	5904185.583437958
1.20317	6745124.962949194
1.20318	7174142.519535922
1.20319	7293231.515907132
1.2032	6474705.210016581
1.20321	6843684.815714771
1.2032200000000002	5628724.5975086745
1.20323	4483425.937836104
1.20324	3044528.192498863
1.20325	1974694.8794093332
1.20326	1563795.6474022414
1.20327	634786.9647414854
1.20328	645261.8664179207
1.20329	1079742.0125140124
1.2033	1451275.955492697
1.20331	2123097.7985344413
1.2033200000000002	2532503.183701564
1.20333	2581784.5645370297
1.20334	3360701.9656564733
1.20335	4234186.664336867
1.20336	5530189.330732912
1.20337	5835794.629417323
1.20338	5115758.093397138
1.20339	5153235.619474206
1.2034	5946480.512854342
1.20341	5407916.7822106015
1.2034200000000002	7455555.371358803
1.20343	7970030.805131996
1.20344	9881889.65317058
1.20345	8853398.241655946
1.20346	10848257.867447868
1.20347	10661050.486467773
1.20348	10712972.744502954
1.20349	6203831.591593645
1.2035	6010353.280502417
1.20351	6507137.743440103
1.20352	7574430.7611156665
1.20353	7970214.323986046
1.20354	8130551.405672346
1.20355	6767682.874665583
1.20356	9058160.257954003
1.20357	8779100.08153182
1.20358	3789570.578902873
1.20359	4780573.502876209
1.2036	3149705.871295962
1.20361	4650717.930210164
1.20362	4665411.977592281
1.20363	4792035.205377514
1.20364	2122511.2459723842
1.20365	5091432.611909558
1.20366	4887536.345636832
1.20367	4648362.618593001
1.20368	5301637.14008564
1.20369	5043360.352643526
1.2037	4271397.606878389
1.20371	3350888.677211125
1.20372	2324234.802959717
1.20373	756108.2905057408
1.20374	623292.6419214285
1.20375	1464097.503169511
1.20376	1693245.772564043
1.20377	870428.2946231767
1.20378	1428762.3585744658
1.20379	2180620.045248431
1.2038	2833805.2464163895
1.20381	2028009.5697018143
1.20382	639740.7276853648
1.20383	2427504.2559798616
1.20384	5213987.672195798
1.20385	6032953.806557771
1.20386	8006081.374536804
1.20387	7931220.060005778
1.2038799999999998	7005836.53754679
1.20389	6128864.219748721
1.2039	5671004.6057272125
1.20391	6676363.897165421
1.20392	4678105.373607072
1.20393	4568461.822795508
1.20394	4782004.715119123
1.20395	8384940.7862180825
1.20396	10144484.8991361
1.20397	8613506.781944279
1.2039799999999998	6054663.341518018
1.20399	5544086.5305078635
1.204	6128299.756488035
1.20401	7030723.198838326
1.20402	7664961.891863897
1.20403	10839768.318496758
1.20404	11979811.925684767
1.20405	6912736.456364787
1.20406	9438435.232605137
1.20407	9401345.21157006
1.2040799999999998	17048257.6405729
1.20409	9582967.163063757
1.2041	6491573.818353197
1.20411	12359189.75030789
1.20412	7999079.258569432
1.20413	4980351.5551123945
1.20414	9548826.447656613
1.20415	11537720.12769919
1.20416	8914972.33894107
1.20417	11136019.94233986
1.20418	9256568.088074578
1.20419	12615370.215113984
1.2042	11227420.795768706
1.20421	6394108.478935229
1.20422	4624662.0297630485
1.20423	10276376.3268296
1.20424	8032486.420168861
1.20425	9938251.890883176
1.20426	11653328.792080024
1.2042700000000002	12726236.80022902
1.20428	11723033.337031607
1.20429	11573374.324664332
1.2043	10556744.2410306
1.20431	12351224.054318307
1.20432	11231299.27928408
1.20433	6611652.2025757525
1.20434	7974069.1962139215
1.20435	10079987.649715206
1.20436	11073119.83647374
1.2043700000000002	7412419.67248667
1.20438	7835920.1179722985
1.20439	7172655.956947555
1.2044	7174142.519535922
1.20441	14172615.337857004
1.20442	14023292.735363942
1.20443	14904932.033841887
1.20444	13482797.132409945
1.20445	12950305.093807675
1.20446	10251560.994622657
1.2044700000000002	8948082.920850037
1.20448	7690950.213364397
1.20449	9183960.348430507
1.2045	7960860.24808062
1.20451	7192005.320374789
1.20452	5137005.136779975
1.20453	10542897.882413264
1.20454	8610334.03325173
1.20455	4417535.009206941
1.20456	4872928.061645405
1.20457	8780313.042816937
1.20458	9009278.245110223
1.20459	9718069.485458078
1.2046	10809609.369731687
1.20461	9826073.310477257
1.20462	12828326.357095638
1.20463	11102224.371455036
1.20464	10418855.144828467
1.20465	10287740.476585314
1.20466	8455513.747900758
1.20467	8723886.36619994
1.20468	7251535.877223624
1.20469	8890373.360441802
1.2047	8647488.636725541
1.20471	7868283.509484122
1.20472	7322510.447666108
1.20473	8687403.630707484
1.20474	12033168.551176373
1.20475	11098901.572672803
1.20476	8218451.564869758
1.20477	8299654.235547999
1.20478	12534874.78485475
1.20479	13570942.175133787
1.2048	14210848.188635375
1.20481	15841999.673387015
1.20482	13976872.38866526
1.2048299999999998	18849941.207925934
1.20484	17788937.120681264
1.20485	12823601.097488027
1.20486	12894069.29926298
1.20487	4887198.738247575
1.20488	7165887.735473167
1.20489	8960866.351362793
1.2049	9612138.060283143
1.20491	9451919.191349417
1.20492	7835018.026259194
1.2049299999999998	7750504.986201925
1.20494	11214243.967382833
1.20495	8419765.57609176
1.20496	12338432.797403686
1.20497	5343797.59289337
1.20498	7168033.065160506
1.20499	8778897.93760933
1.205	10109041.97882292
1.20501	7188528.518143728
1.20502	4816704.460073958
1.2050299999999998	4384903.094650631
1.20504	2367990.7413591584
1.20505	3274839.3487249794
1.20506	2124907.3561936743
1.20507	2244812.1277703573
1.20508	6151202.154352048
1.20509	7754253.593856477
1.2051	6534163.540088165
