1.17794	89071753.07254419
1.17795	87522557.55835436
1.17796	91056300.18420868
1.1779700000000002	86914052.49262854
1.17798	84166641.9115075
1.17799	83727861.69281238
1.178	88576802.74436554
1.17801	85078534.41005681
1.17802	79335945.15548468
1.17803	88864847.51297432
1.17804	89982902.97368884
1.17805	76875862.26486
1.17806	91774071.63984972
1.1780700000000002	95708387.65982991
1.17808	95442102.96858804
1.17809	92452785.39272916
1.1781	94243194.78451726
1.17811	94532251.12451012
1.17812	94517015.55372758
1.17813	95655511.86169057
1.17814	98432836.45969547
1.17815	98780222.48540328
1.17816	98944122.2141694
1.1781700000000002	94045928.81991316
1.17818	94806911.73822604
1.17819	95953318.67678559
1.1782	93063632.47892424
1.17821	89544723.54898947
1.17822	71881974.81794035
1.17823	88454513.86263265
1.17824	97881361.13351822
1.17825	99664387.02003568
1.17826	101095075.28129826
1.1782700000000002	100632902.73410442
1.17828	91970807.5868872
1.17829	86073606.42749046
1.1783	94045928.81991316
1.17831	76132484.01828612
1.17832	89588032.7316447
1.17833	97476516.39013168
1.17834	100285928.54967158
1.17835	101300129.3708345
1.17836	98102483.08398972
1.17837	98891735.81717406
1.17838	99121987.15399276
1.17839	92576338.51208249
1.1784	83864854.9165912
1.17841	93010076.16193858
1.17842	94656403.65492184
1.17843	89460227.85806514
1.17844	97680978.18101688
1.17845	84143389.02156162
1.17846	86162838.96062173
1.17847	101414487.4341258
1.17848	101022939.22564042
1.17849	106433905.86677994
1.1785	105523697.43286462
1.17851	100658394.70271392
1.17852	106291858.327569
1.17853	108980802.10190548
1.17854	109242089.90164204
1.17855	107253136.12786251
1.17856	101561708.94697504
1.17857	100496283.22083962
1.17858	100864885.53337696
1.17859	102218616.82803412
1.1786	105375585.3261105
1.17861	107589527.44280818
1.17862	101840377.38668746
1.1786299999999998	78024321.36953399
1.17864	74915209.78317562
1.17865	100186683.42948149
1.17866	106505000.8072109
1.17867	109786767.96856797
1.17868	108725146.11919858
1.17869	104770737.2591744
1.1787	107626693.9671778
1.17871	108230583.53718811
1.17872	109832280.20709854
1.1787299999999998	103105064.91192009
1.17874	83477608.74427006
1.17875	84992381.81100887
1.17876	105043697.41328757
1.17877	106284516.19970512
1.17878	110397693.51860338
1.17879	105063048.95971842
1.1788	103812583.71191418
1.17881	110690410.9974402
1.17882	116974177.46016625
1.1788299999999998	114799500.91688846
1.17884	112587454.43770476
1.17885	115148954.73271652
1.17886	114038107.12264758
1.17887	110626710.8110118
1.17888	105210721.77667388
1.17889	107245727.59957406
1.1789	111876790.7779466
1.17891	109113880.19993652
1.17892	108898024.15721348
1.17893	104777974.81528188
1.17894	83940200.06806478
1.17895	69848968.97920538
1.17896	94230175.5053524
1.17897	104717677.12129755
1.17898	114145816.75947437
1.17899	112049519.88761888
1.179	107016316.87307744
1.17901	119368572.42468204
1.1790200000000002	120750795.34914276
1.17903	116928398.11113456
1.17904	115456928.55776818
1.17905	105608773.7624035
1.17906	91142303.37446757
1.17907	96585070.24403141
1.17908	107646521.36298348
1.17909	113412258.7350553
1.1791	119836743.83295909
1.17911	117833831.63944738
1.1791200000000002	110011984.762265
1.17913	118525009.8273585
1.17914	119330098.74487852
1.17915	116310788.51927076
1.17916	121515030.43436085
1.17917	122194033.3146709
1.17918	121593399.33013621
1.17919	123469588.29280782
1.1792	124959707.51218694
1.17921	119588660.10704456
1.1792200000000002	125195869.2878759
1.17923	115720419.67402676
1.17924	97102408.01793152
1.17925	89918695.97172455
1.17926	116847654.72619064
1.17927	111116870.13807054
1.17928	115035000.84090412
1.17929	120137889.972779
1.1793	114074874.59091404
1.17931	98516732.68588844
1.17932	88785081.97285073
1.17933	96774291.3967034
1.17934	100860240.64069344
1.17935	87738458.51974933
1.17936	107440989.64747678
1.17937	109483834.62877929
1.17938	106446160.22843602
1.17939	94785084.153148
1.1794	99783791.07021134
1.17941	105674450.93677314
1.17942	112971787.38313268
1.17943	104142979.84656736
1.17944	95005773.90195696
1.17945	92210419.96787795
1.17946	109660444.0127697
1.17947	103585746.45826809
1.17948	117473524.8055804
1.17949	115215258.88141386
1.1795	106684174.23402472
1.17951	117073876.83289488
1.17952	122126525.0513163
1.17953	124997118.05783692
1.17954	119110486.91173863
1.17955	116597704.39287482
1.17956	102447178.03103821
1.17957	110372276.43662529
1.17958	124142360.78495526
1.17959	123694389.08630678
1.1796	116680961.70609628
1.17961	119698856.07279338
1.17962	111414059.874648
1.17963	118312328.01633105
1.17964	110428201.74328366
1.17965	110514687.50540811
1.17966	116203711.642445
1.17967	109963866.01712433
1.1796799999999998	121029154.6805186
1.17969	123873953.91528776
1.1797	111473079.78286608
1.17971	115496812.8555328
1.17972	125366066.61435103
1.17973	121394776.53658259
1.17974	122936260.91654098
1.17975	124477254.25676832
1.17976	121716652.58126476
1.17977	109345269.67309202
1.1797799999999998	111050367.47402452
1.17979	119280650.8056414
1.1798	126243782.9837663
1.17981	128765642.74327669
1.17982	136276195.30570158
1.17983	134688339.88247877
1.17984	127888060.182698
1.17985	112351791.0261157
1.17986	96181157.65022624
1.17987	121590599.5708823
1.1798799999999998	125498923.338761
1.17989	123265062.42932896
1.1799	125149753.92038956
1.17991	113070678.95936632
1.17992	101181240.58555897
1.17993	90400326.70293882
1.17994	97523661.86208864
1.17995	85936962.66081779
1.17996	90884537.18866031
1.17997	107733309.17603388
1.17998	112219931.6885059
1.17999	119745720.10068926
1.18	118146265.9034238
1.18001	105196187.38232233
1.18002	106620324.50725242
1.18003	106981824.44826669
1.18004	118252409.86932448
1.18005	128236010.97488028
1.18006	125392049.24973722
1.1800700000000002	120229211.80977784
1.18008	110090539.50158136
1.18009	102279830.58615834
1.1801	110270666.61350024
1.18011	112307820.70747404
1.18012	110433287.26700512
1.18013	100864885.53337696
1.18014	110743947.4989571
1.18015	107396468.31058404
1.18016	109991721.67212862
1.1801700000000002	102848982.61526462
1.18018	78245613.48744231
1.18019	84319883.92153946
1.1802	93885819.1873097
1.18021	70130994.90348421
1.18022	101099730.98876524
1.18023	111055481.65019651
1.18024	117760597.35208064
1.18025	103337987.6338029
1.18026	108173280.38274764
1.1802700000000002	114664768.87558736
1.18028	119250442.70809536
1.18029	104142979.84656736
1.1803	107146996.10862245
1.18031	101505599.37756032
1.18032	124153795.2454972
1.18033	128100256.6917656
1.18034	124105206.06069118
1.18035	105759648.80825084
1.18036	114788927.97901836
1.18037	108460099.87056471
1.18038	112875581.32382356
1.18039	106286963.51930688
1.1804	125152635.63314444
1.18041	126852783.12575756
1.18042	128268495.26458584
1.18043	132257405.8424764
1.18044	132032242.61718597
1.18045	128117955.61882389
1.18046	123092048.70322064
1.18047	101931871.95456004
1.18048	103242853.64740148
1.18049	91651589.23225932
1.1805	111694040.06252544
1.18051	112005667.86667548
1.18052	105852227.12904076
1.18053	96545047.37691888
1.18054	115204647.652583
1.18055	119883661.84613144
1.18056	121302569.37803511
1.18057	109857572.9360332
1.18058	115371888.08285874
1.18059	117200644.52034847
1.1806	125146872.27398828
1.18061	133432001.3292036
1.18062	134072590.27303907
1.1806299999999998	138995263.1213355
1.18064	137002975.66204625
1.18065	122882489.15139759
1.18066	121355649.79101284
1.18067	133804278.32405747
1.18068	131464955.8792346
1.18069	121489851.16064608
1.1807	100283619.40741558
1.18071	119649255.32810202
1.18072	129434484.983003
1.1807299999999998	127702676.59777492
1.18074	117557407.50379334
1.18075	125895439.99567659
1.18076	129906236.1847432
1.18077	126008545.90882392
1.18078	112961382.77614751
1.18079	108975783.46605806
1.1808	95651106.86400644
1.18081	89147670.66480252
1.18082	103970468.27369387
1.1808299999999998	113548133.57899338
1.18084	130307676.19894595
1.18085	117241131.18028866
1.18086	108432632.10228322
1.18087	118184357.89909092
1.18088	122317895.39894173
1.18089	121065388.4938512
1.1809	106615414.57291248
1.18091	116718581.26735587
1.18092	113537675.89100638
1.18093	121129521.04700772
1.18094	132846464.24471208
1.18095	127115936.09571555
1.18096	115784386.81436446
1.18097	104614046.24703406
1.18098	119429056.12796052
1.18099	124305401.31386892
1.181	126214717.62488976
1.18101	121800760.51271129
1.1810200000000002	103488001.4558826
1.18103	104724911.0120135
1.18104	114253628.12866151
1.18105	126278670.24973229
1.18106	129365955.33047314
1.18107	130523887.42268877
1.18108	125415149.44634938
1.18109	107211161.2334012
1.1811	101777083.10728309
1.18111	110751597.6840613
1.1811200000000002	101875557.88201928
1.18113	71203279.9999201
1.18114	63015879.21023486
1.18115	101521961.46575241
1.18116	119503328.01527327
1.18117	128481323.00534353
1.18118	127726202.46687873
1.18119	114164216.37419489
1.1812	95007961.51592997
1.18121	108720139.25647315
1.1812200000000002	107959285.09462294
1.18123	113362652.72544008
1.18124	110991571.37268178
1.18125	104042313.34035178
1.18126	104992916.56076366
1.18127	109579672.9723989
1.18128	115776388.9885102
1.18129	119099516.93566912
1.1813	117646767.8080945
1.18131	116332215.73175342
1.18132	128943661.99598716
1.18133	120301211.23727518
1.18134	120798071.2281892
1.18135	118138104.93037751
1.18136	121868088.70217729
1.18137	123330360.22638673
1.18138	124936691.20335336
1.18139	120614633.07641044
1.1814	113086301.33008608
1.18141	121896153.09752236
1.18142	114345742.78683032
1.18143	121991620.39241847
1.18144	131743743.5717222
1.18145	144930569.91524196
1.18146	134573640.14447218
1.18147	136404908.94252706
1.18148	128866490.12259002
1.18149	122118089.14120424
1.1815	126191470.1559408
1.18151	113245251.3400262
1.18152	91398696.07822265
1.18153	124606299.86291324
1.18154	137160796.99860594
1.18155	135098336.04050648
1.18156	130966433.23018149
1.18157	121294190.38279924
1.18158	102423591.41215695
1.18159	105813236.91010608
1.1816	106674348.71094368
1.18161	130181718.41940726
1.18162	130430752.53573604
1.18163	122712837.93666309
1.18164	118800973.6552126
1.18165	118013040.5773816
1.18166	137892295.06175295
1.18167	140026424.66904563
1.1816799999999998	137673387.97310612
1.18169	131489174.84962855
1.1817	112119202.50577188
1.18171	115912427.19253668
1.18172	118544115.34149416
1.18173	108565040.82167608
1.18174	76097431.78542194
1.18175	70008375.46122202
1.18176	89600410.63078101
1.18177	106986751.2567935
1.1817799999999998	113034235.1533537
1.18179	104553842.89076352
1.1818	110606334.49458136
1.18181	104688746.55490938
1.18182	101337456.59318982
1.18183	108555042.07235786
1.18184	89182573.41209616
1.18185	108570040.54169014
1.18186	111990194.78067352
1.18187	107319835.91683088
1.1818799999999998	100133639.15303198
1.18189	104623682.00050598
1.1819	103932171.19265288
1.18191	121576601.74157664
1.18192	139742979.90742627
1.18193	140860751.16012573
1.18194	145992316.60345432
1.18195	152950182.66878802
1.18196	148009639.2149564
1.18197	131201862.44259083
1.18198	128596752.10556608
1.18199	126747674.53776531
1.182	115308148.83476996
1.18201	110303679.54134178
1.18202	110856203.19414496
1.18203	110560501.50387023
1.18204	122729792.51289824
1.18205	112054680.07751893
1.18206	106846426.08727321
1.1820700000000002	125317002.99155092
1.18208	133401281.0124271
1.18209	121711047.4513328
1.1821	117195247.35548472
1.18211	129604475.84476732
1.18212	127717379.75811408
1.18213	115512770.43219228
1.18214	117893537.69410096
1.18215	117782291.65381886
1.18216	119360327.0206082
1.1821700000000002	114802144.30351678
1.18218	113328724.27364308
1.18219	122455980.49034852
1.1822	125536495.31531298
1.18221	133628778.94850115
1.18222	128115005.62783962
1.18223	122137773.8379759
1.18224	134896288.2591656
1.18225	127250647.24480128
1.18226	126613495.84987164
1.1822700000000002	116737395.59614176
1.18228	123931013.11658496
1.18229	110367193.72249216
1.1823	105266455.56063078
1.18231	111948943.667386
1.18232	114775713.17601793
1.18233	99609325.65980797
1.18234	89641682.64725338
1.18235	70185920.47908013
1.18236	93162256.68965928
1.18237	113300023.51510005
1.18238	124005229.37284404
1.18239	114308888.01504648
1.1824	104988081.56960362
1.18241	77294750.56081206
1.18242	98473641.91207457
1.18243	126779781.80738394
1.18244	135459665.86243275
1.18245	134480712.06707653
1.18246	120356624.7508616
1.18247	106159777.59272544
1.18248	115880403.82969771
1.18249	126630989.3591394
1.1825	129357019.35550562
1.18251	116586965.84197041
1.18252	111347379.3446386
1.18253	125496033.65252931
1.18254	129065450.01365183
1.18255	124928061.18054506
1.18256	126517324.73757865
1.18257	123928159.53240468
1.18258	121907380.66516323
1.18259	117411327.93557748
1.1826	136499166.66722676
1.18261	143202302.20394626
1.18262	142481999.1374333
1.1826299999999998	125293920.8725188
1.18264	114319416.7375663
1.18265	116284010.05359402
1.18266	116672901.94918165
1.18267	114074874.59091404
1.18268	104937327.60322309
1.18269	112382839.26249328
1.1827	132534822.26088946
1.18271	135706296.96239856
1.18272	138915274.04103693
1.1827299999999998	137173430.55665386
1.18274	135809452.9969662
1.18275	146602035.39175436
1.18276	130361695.40500575
1.18277	119341089.9592956
1.18278	128238963.75214767
1.18279	124405620.00922282
1.1828	109789295.93142532
1.18281	100725631.75952384
1.18282	118178915.43359505
1.1828299999999998	98612052.89710692
1.18284	94193297.31404996
1.18285	114503826.44368058
1.18286	124457192.51069245
1.18287	123421266.88119389
1.18288	117395108.08162355
1.18289	96300823.2926058
1.1829	84224802.253563
1.18291	95944481.4565125
1.18292	93777791.3412168
1.18293	67110426.67737094
1.18294	94889902.413658
1.18295	103733731.36226086
1.18296	102517970.48255564
1.18297	132138690.92079856
1.18298	141514193.293143
1.18299	149358519.47737974
1.183	148771588.43503422
1.18301	137382052.34600666
1.1830200000000002	123714327.87308806
1.18303	131356025.70409426
1.18304	139929731.2421968
1.18305	147635228.30948967
1.18306	144823820.45768714
1.18307	146009125.557632
1.18308	142675696.0657907
1.18309	136609216.33727884
1.1831	116530604.67357644
1.18311	126278670.24973229
1.1831200000000002	124019506.82433476
1.18313	138713905.66102213
1.18314	148040314.82433954
1.18315	142472157.16954952
1.18316	132489054.25929236
1.18317	121433915.89715812
1.18318	126258318.17310204
1.18319	116070004.15833937
1.1832	110001852.75062191
1.18321	109678120.61255407
1.1832200000000002	107095198.46686187
1.18323	114627811.27851762
1.18324	121098844.71884571
1.18325	136615507.5690411
1.18326	141338344.46581942
1.18327	136225998.54711908
1.18328	122851368.88005504
1.18329	126645569.1298228
1.1833	129261740.68755372
1.18331	131810497.73769012
1.18332	103910635.28407532
1.18333	98971465.26287895
1.18334	110489243.48767067
1.18335	106198895.50548674
1.18336	128561224.41839461
1.18337	129017909.30251636
1.18338	119061129.97512949
1.18339	125773747.16422978
1.1834	139136155.7862791
1.18341	134134347.20155416
1.18342	134248672.52161822
1.18343	119456558.850638
1.18344	119734691.62017514
1.18345	105273727.36092812
1.18346	107129727.44502954
1.18347	80664045.65736727
1.18348	105443545.38203256
1.18349	113273938.22387733
1.1835	105014676.77660836
1.18351	117349163.99597862
1.18352	131244163.7437574
1.18353	135843855.76403895
1.18354	137657538.65094155
1.18355	132217822.35610732
1.18356	115363918.7504237
1.18357	76057141.66830707
1.18358	94997023.94976386
1.18359	120859279.25429212
1.1836	129020880.0838654
1.18361	128451742.49314804
1.18362	114897346.77038784
1.18363	121974767.79138674
1.18364	131846923.35630672
1.18365	132418907.35173841
1.18366	133804278.32405747
1.18367	115853724.45234963
1.1836799999999998	124397026.67024642
1.18369	103383206.98148872
1.1837	90592031.77227142
1.18371	111537267.31869636
1.18372	104961493.09789546
1.18373	73936689.29116172
1.18374	92225283.7294142
1.18375	114862958.9980684
1.18376	135272650.63333222
1.18377	138114730.39542982
1.1837799999999998	133432001.3292036
1.18379	127215491.44876708
1.1838	111370456.54915532
1.18381	87508451.72563747
1.18382	115273638.11298078
1.18383	126127561.69275177
1.18384	139251537.82328057
1.18385	131680055.22317712
1.18386	141462067.14021665
1.18387	146973826.0642301
1.1838799999999998	123942428.11039132
1.18389	119055647.13371655
1.1839	113705114.5364581
1.18391	117614265.29543436
1.18392	108687600.26840748
1.18393	98170273.28974201
1.18394	74115663.35257609
1.18395	87339358.95413853
1.18396	109660444.0127697
1.18397	107351965.42241833
1.18398	113148812.40054174
1.18399	108248029.65211944
1.1840000000000002	116367043.37142898
1.18401	123401375.3264571
1.18402	124907926.778834
1.18403	138662810.98216882
1.18404	147051683.21919358
1.18405	140181273.14958793
1.18406	121921416.57899262
1.1840700000000002	102525052.41767226
1.18408	101426163.88061216
1.18409	106920258.48152716
1.1841	106745604.26062359
1.18411	113820371.82109503
1.18412	115255059.695013
1.18413	121725060.76016387
1.18414	130454780.98128642
1.18415	120967860.62263072
1.18416	135387946.15161085
1.1841700000000002	140514130.39528242
1.18418	122825912.70206448
1.18419	114670049.50492732
1.1842	130364697.12852947
1.18421	121666215.70319052
1.18422	102447178.03103821
1.18423	76172814.04686804
1.18424	99208755.09646876
1.18425	127452981.69103542
1.18426	131198841.44284476
1.1842700000000002	116096733.34166405
1.18428	133930657.22132078
1.18429	145703505.28382888
1.1843	145723636.3575578
1.18431	139884630.49611726
1.18432	123657368.43605933
1.18433	115587268.28018989
1.18434	127879226.2935846
1.18435	121456286.91150388
1.18436	126660150.57916096
1.18437	130668227.50485288
1.18438	118312328.01633105
1.18439	118702536.69320583
1.1844	116412602.9410493
1.18441	110207207.98183043
1.18442	126838179.50005396
1.18443	118844749.61470248
1.18444	121845641.8381251
1.18445	125501813.09153092
1.18446	121151835.98458524
1.18447	105533416.97216538
1.18448	104498486.4026923
1.18449	108128455.59963168
1.1845	111552677.82613432
1.18451	114831225.57394952
1.18452	132650838.63792329
1.18453	141572858.17452893
1.18454	142787437.59663236
1.18455	150127412.69292557
1.18456	149148881.21109796
1.18457	146042749.27215156
1.18458	147353345.33399293
1.18459	152619490.71573004
1.1846	145074138.41494757
1.18461	132846464.24471208
1.18462	125141109.180239
1.1846299999999998	120226443.46174128
1.18464	127558675.17211744
1.18465	147716837.09897205
1.18466	149145446.97073123
1.18467	150168900.16146886
1.18468	161696269.35123035
1.18469	161257528.74641928
1.1847	155149364.13179922
1.18471	148583300.1034378
1.18472	142465596.2353167
1.1847299999999998	132913777.1559904
1.18474	131898543.54798508
1.18475	139411949.40347427
1.18476	149148881.21109796
1.18477	136141333.44045535
1.18478	142942047.94824296
1.18479	139164992.32955158
1.1848	139286812.52702573
1.18481	137442168.9297826
1.18482	126415404.8948583
1.1848299999999998	126613495.84987164
1.18484	121442304.54462443
1.18485	115454270.0943493
1.18486	123540683.5620686
1.18487	115252405.87974292
1.18488	115891077.30083887
1.18489	98387516.8993323
1.1849	107745713.14563689
1.18491	121601798.9947078
1.18492	114206283.77446468
1.1849299999999998	125866454.83650349
1.18494	133638010.01635952
1.18495	142033241.93089294
1.18496	134057155.48416694
1.18497	118965216.69474356
1.18498	121845641.8381251
1.18499	124833170.26453573
1.185	139383061.6879333
1.18501	147346559.6179139
1.18502	136147603.12491724
1.18503	119475814.52483742
1.18504	118168031.25447828
1.18505	128964446.93378632
1.18506	125912834.29500954
1.18507	111203895.25526944
1.18508	110088004.60241432
1.18509	123725722.90852684
1.1851	128810124.50198252
1.18511	135253963.31690592
1.1851200000000002	113057661.9657078
1.18513	99664387.02003568
1.18514	112067581.59197332
1.18515	119974790.43369377
1.18516	119280650.8056414
1.18517	107011388.7030346
1.18518	103464175.2061407
1.18519	90828052.01609977
1.1852	96311910.97285952
1.18521	101887287.4142584
1.1852200000000002	121657811.58902402
1.18523	123131735.28789608
1.18524	125279496.70713428
1.18525	129867356.3829164
1.18526	121526222.8976906
1.18527	113603052.24602844
1.18528	87246899.02831599
1.18529	60634527.82942847
1.1853	77339257.80489984
1.18531	94028606.51510468
1.1853200000000002	121969150.77508327
1.18533	131916767.26401532
1.18534	121484256.47506452
1.18535	94119584.22406074
1.18536	114422122.61810459
1.18537	121417140.34052762
1.18538	123032542.80875967
1.18539	96294171.29715537
1.1854	70817403.59293309
1.18541	102567554.30316658
1.18542	127979379.44442186
1.18543	123748516.1282103
1.18544	131567917.32135156
1.18545	136779181.32862848
1.18546	145951983.00817502
1.18547	139913622.1638665
1.18548	131365099.7702978
1.18549	118067400.10676745
1.1855	117560114.39429826
1.18551	133484242.10440888
1.18552	133180303.4213822
1.18553	108096093.69731688
1.18554	127888060.182698
1.18555	127676215.17455287
1.18556	124729735.10183936
1.18557	121475864.92976208
1.18558	109511568.68394151
1.18559	109506525.60595252
1.1856	121207641.31555656
1.18561	138184712.7216145
1.18562	141951504.5526633
1.18563	129089226.93801768
1.18564	128789364.43601604
1.18565	148826408.01123968
1.18566	151645665.02836418
1.18567	143989226.92576364
1.1856799999999998	127708557.65878
1.18569	118544115.34149416
1.1857	116820752.6567324
1.18571	118304155.57251658
1.18572	128117955.61882389
1.18573	115707097.63525487
1.18574	134536461.21024385
1.18575	145314850.6885067
1.18576	139932953.28042388
1.18577	138710711.69208068
1.1857799999999998	146821616.05163237
1.18579	138025713.236842
1.1858	123597589.25135164
1.18581	142357384.43086833
1.18582	137857373.52274442
1.18583	124683791.43290402
1.18584	108822826.04258823
1.18585	133465801.84868497
1.18586	133770392.0846348
1.18587	109829751.25450304
1.1858799999999998	118959738.2701992
1.18589	142416398.85816854
1.1859	150612147.17235056
1.18591	152300033.8984791
1.18592	137838329.1383198
1.18593	135731297.28865612
1.18594	130502851.15303493
1.18595	134641828.2106804
1.18596	133668784.84827906
1.18597	112470855.86830492
1.18598	137015594.68354303
1.18599	118051089.61935484
1.186	99976976.7998157
1.18601	115109190.56014456
1.18602	91548240.11018267
1.18603	116193009.37794285
1.18604	113762728.58234283
1.18605	116990339.15638793
1.18606	120115761.79375765
1.1860700000000002	131558829.24549234
1.18608	146237919.56534413
1.18609	146710095.56932077
1.1861	147927868.66174608
1.18611	149286315.68850386
1.18612	150612147.17235056
1.18613	145328235.29724082
1.18614	138567059.18102098
1.18615	142613290.3608881
1.18616	125371840.06801207
1.1861700000000002	133964584.05853724
1.18618	128487239.92516597
1.18619	101903711.0282516
1.1862	83681604.74896702
1.18621	117028058.46523076
1.18622	119580399.5003773
1.18623	117125106.82549152
1.18624	113399202.41783547
1.18625	113561207.04353385
1.18626	106939955.73512118
1.1862700000000002	121557007.48777167
1.18628	126031759.6787771
1.18629	103003029.9135173
1.1863	76812163.9120589
1.18631	117844685.03622451
1.18632	127958753.26794784
1.18633	145298121.66107613
1.18634	151544437.48561883
1.18635	129882308.77557243
1.18636	116527921.48813601
1.18637	147343166.87705714
1.18638	156866425.34255487
1.18639	154589502.66505405
1.1864	152314061.89599115
1.18641	148326927.26833937
1.18642	140812107.98111743
1.18643	101819274.92118776
1.18644	92161598.75890216
1.18645	92589129.28943896
1.18646	121229970.6447448
1.18647	147907433.08310542
1.18648	157340309.45534855
1.18649	150612147.17235056
1.1865	154077775.60885477
1.18651	142157572.89437932
1.18652	124813051.15620025
1.18653	131640644.53280552
1.18654	156707578.57420918
1.18655	156610184.06804594
1.18656	152177344.01759908
1.18657	135718796.54987353
1.18658	125389162.02434406
1.18659	138140174.41238454
1.1866	125040297.98942366
1.18661	113967231.89613934
1.18662	123888216.25226286
1.18663	131069004.23660757
1.18664	123566287.87927371
1.18665	116514506.48763356
1.18666	117641350.09896716
1.18667	113378315.43661287
1.18668	133893655.92529692
1.18669	147948307.06386137
1.1867	133398209.3697805
1.18671	133134312.51698656
1.18672	126858625.04682009
1.1867299999999998	117400514.45062631
1.18674	133527279.27645144
1.18675	138022535.11393428
1.18676	111485914.33425696
1.18677	94256215.86248624
1.18678	120714655.69079004
1.18679	115143652.04948317
1.1868	128573065.89006151
1.18681	133687253.14907797
1.18682	128056020.07037924
1.1868299999999998	127403101.32717524
1.18684	139688289.69467327
1.18685	152037248.03055882
1.18686	155421107.7392153
1.18687	145777332.8198485
1.18688	144827155.18778035
1.18689	136961971.8680802
1.1869	133785793.85674992
1.18691	132199557.050652
1.18692	116702457.11328064
1.1869299999999998	115223217.94443476
1.18694	147034754.24303854
1.18695	155238700.99580845
1.18696	152658151.74170423
1.18697	142377053.18898267
1.18698	125340089.3628576
1.18699	113187899.36554176
1.187	81886064.66466187
1.18701	84042700.70999397
1.18702	71167219.77973922
1.18703	93559954.08391207
1.18704	117798565.00285482
1.18705	127908674.96387458
1.18706	122560352.1107082
1.18707	134902500.60585773
1.18708	135703172.24540934
1.18709	126392120.46135274
1.1871	141204975.56817397
1.18711	149892533.4460137
1.1871200000000002	151230713.10117182
1.18713	153003018.91434658
1.18714	148508051.51212317
1.18715	150231152.86214018
1.18716	153048825.09089452
1.18717	147621631.22863165
1.18718	132996435.07357952
1.18719	118116345.09144796
1.1872	113836097.7728662
1.18721	104447969.11933632
1.1872200000000002	102709354.54568732
1.18723	119266918.90370704
1.18724	122916447.52923024
1.18725	130241683.12257364
1.18726	117478934.78588942
1.18727	111012018.65890402
1.18728	139978069.60643968
1.18729	153532386.2789542
1.1873	161789376.0017575
1.18731	159701869.4629339
1.1873200000000002	168566007.25344992
1.18733	164914939.5821932
1.18734	158551370.36440942
1.18735	159543825.04475236
1.18736	148275705.8087387
1.18737	134171415.01222484
1.18738	137006130.30845973
1.18739	126692235.67752258
1.1874	105718258.40926379
1.18741	123702933.88712248
1.18742	130839838.68406594
1.18743	140527072.82097423
1.18744	158649972.0773826
1.18745	163109779.26689738
1.18746	172270137.35883924
1.18747	175994866.38014692
1.18748	170659315.74289367
1.18749	167783789.89441448
1.1875	156375964.0091332
1.18751	137097646.65932214
1.18752	122326345.11165734
1.18753	107542468.26955524
1.18754	136656407.63822472
1.18755	129966073.9944356
1.18756	126377569.86834598
1.18757	119916791.50287087
1.18758	135210369.6173993
1.18759	151373551.3645925
1.1876	159275875.14435247
1.18761	162225828.19655308
1.18762	162528676.93613523
1.18763	162080213.46620423
1.18764	158110240.76505262
1.18765	152128295.74393582
1.18766	141886148.5189392
1.18767	141951504.5526633
1.1876799999999998	138353452.15453616
1.18769	136637529.16190788
1.1877	151474664.76007912
1.18771	141032758.34386885
1.18772	131746777.11844738
1.18773	134958424.60197812
1.18774	149764885.91297257
1.18775	140181273.14958793
1.18776	144613887.18494576
1.18777	140407400.85494167
1.1877799999999998	119709881.2525796
1.18779	121405957.9236095
1.1878	112774263.62663464
1.18781	101398142.66730541
1.18782	133745752.9371978
1.18783	152837526.31863114
1.18784	149899436.41122076
1.18785	150386897.54255408
1.18786	139907179.0518114
1.18787	114960858.93812747
1.1878799999999998	105686617.85791582
1.18789	97252326.62363468
1.1879	91932696.77534024
1.18791	116707831.58379257
1.18792	111964411.05394238
1.18793	111809833.30675068
1.18794	119930598.22846033
1.18795	118094589.26045968
1.18796	115215258.88141386
1.18797	115478198.4689458
1.18798	119426306.20397732
1.18799	119660275.93928044
1.188	111521858.94015114
1.18801	130626111.83367243
1.18802	130689290.43217306
1.18803	120906597.60653225
1.18804	133872076.55690236
1.18805	130064866.64534187
1.18806	128115005.62783962
1.1880700000000002	117546580.56503633
1.18808	132754728.84617569
1.18809	141071732.51934084
1.1881	127007684.96885955
1.18811	133226310.213217
1.18812	133244717.37966362
1.18813	137192383.07559904
1.18814	128762677.83891691
1.18815	125785331.88793032
1.18816	112748299.38216352
1.1881700000000002	124096633.47285797
1.18818	134824866.83107257
1.18819	131129377.64409299
1.1882	137784384.3351455
1.18821	140860751.16012573
1.18822	145177729.50231218
1.18823	136640675.39350787
1.18824	137774866.85578865
1.18825	141370892.56941795
1.18826	125273727.50594476
1.1882700000000002	127429506.14642376
1.18828	109524177.3950214
1.18829	105344047.33382323
1.1883	118097308.52017452
1.18831	131256252.33464772
1.18832	126928749.0879722
1.18833	107290186.44672124
1.18834	102905834.77085674
1.18835	85812390.42012027
1.18836	126217623.85962196
1.18837	136373504.16728002
1.18838	142367218.47025782
1.18839	143231981.47286734
1.1884	146288437.07695022
1.18841	140637131.58132872
1.18842	137978049.07616252
1.18843	139136155.7862791
1.18844	133628778.94850115
1.18845	137870071.2408158
1.18846	137939929.59892964
1.18847	137315638.29250824
1.18848	125386274.86543092
1.18849	99889536.97090691
1.1885	85686025.74010131
1.18851	110580869.37677416
1.18852	119467561.71299762
1.18853	118124504.56132638
1.18854	111897401.14262849
1.18855	110817921.42941104
1.18856	107931944.15882853
1.18857	84972813.84480314
1.18858	95426720.75883342
1.18859	92076753.86803693
1.1886	89943544.85843831
1.18861	81327982.70449649
1.18862	89133302.91590884
1.18863	82750380.61231552
1.18864	98027967.92386751
1.18865	106225797.43156652
1.18866	107327249.56451692
1.18867	85178502.38386795
1.18868	95417932.03778744
1.18869	107324778.2917195
1.1887	107626693.9671778
1.18871	103005401.67323512
1.18872	99917141.28346078
1.1887299999999998	90238111.94987816
1.18874	92885944.1728602
1.18875	104301366.895108
1.18876	108682595.1346926
1.18877	117422142.41653328
1.18878	116324180.06452566
1.18879	115875067.46276468
1.1888	121065388.4938512
1.18881	126220530.16127346
1.18882	125169927.30317251
1.1888299999999998	132455501.10337128
1.18884	127335647.19958071
1.18885	123856841.27823196
1.18886	125423813.11718524
1.18887	134809345.43814647
1.18888	118579605.18159346
1.18889	107097664.45332804
1.1889	117422142.41653328
1.18891	122701536.18708225
1.18892	127720320.59331945
1.1889299999999998	133342931.89477096
1.18894	131283455.73536584
1.18895	145787403.10906303
1.18896	150556669.82669795
1.18897	156476815.82624093
1.18898	160771846.58902535
1.18899	156920614.44403008
1.189	143883170.81988502
1.18901	128519787.85529467
1.18902	115675130.99923228
1.18903	131922842.39553544
1.18904	137997112.7649428
1.18905	139527560.1490322
1.18906	122667637.18324474
1.18907	116560123.7914358
1.18908	133933741.1241734
1.18909	136518026.02673745
1.1891	122984392.44051732
1.18911	109352823.23761822
1.1891200000000002	124560401.66082466
1.18913	118885804.22650106
1.18914	110120962.84474406
1.18915	131777116.42775965
1.18916	118492264.68098272
1.18917	111473079.78286608
1.18918	102960347.57588436
1.18919	102131568.10072929
1.1892	121652209.168757
1.18921	137015594.68354303
1.1892200000000002	147163463.35657063
1.18923	157706647.6158456
1.18924	155765043.24352157
1.18925	162903344.2309595
1.18926	159598939.04703945
1.18927	151237677.69324842
1.18928	135207256.31942776
1.18929	114019727.83269832
1.1893	126028857.72367652
1.18931	112893776.18428126
1.1893200000000002	127235997.81593493
1.18933	133905988.55467352
1.18934	132452451.23786059
1.18935	141322073.2242336
1.18936	136902065.32032973
1.18937	137857373.52274442
1.18938	145274704.25811845
1.18939	137467489.04492548
1.1894	118067400.10676745
1.18941	84939558.64106752
1.18942	74459480.18410784
1.18943	110496876.07783784
1.18944	128129756.26204544
1.18945	138273832.42401114
1.18946	123387169.03588855
1.18947	121481459.2288893
1.18948	137990757.909375
1.18949	138634078.49649006
1.1895	139640051.39958328
1.18951	130710356.75471014
1.18952	103311817.05215728
1.18953	132077852.81438118
1.18954	145676668.17815232
1.18955	137353585.2478448
1.18956	129282576.8977126
1.18957	114722869.1754929
1.18958	76538509.39740749
1.18959	72945751.02545679
1.1896	109204365.5356241
1.18961	125994039.47392751
1.18962	131114281.68559209
1.18963	143664676.7441189
1.18964	140980809.52546483
1.18965	136656407.63822472
1.18966	148573036.68717095
1.18967	148115326.41485524
1.1896799999999998	141169215.0852523
1.18969	135341192.8860917
1.1897	129616413.40786669
1.18971	106593322.66628867
1.18972	110151394.59534904
1.18973	129768713.75378704
1.18974	133819683.99769469
1.18975	117297836.0017878
1.18976	100101365.08380188
1.18977	119914030.34849492
1.1897799999999998	129729875.11122262
1.18979	143926246.6883975
1.1898	151610751.3433339
1.18981	144354391.37498173
1.18982	139418369.70883608
1.18983	136382924.84058824
1.18984	134208493.06652471
1.18985	130157740.26920766
1.18986	135712546.61222896
1.18987	142318055.06571868
1.1898799999999998	151603769.5709764
1.18989	148685973.26897573
1.1899	139197039.94270825
1.18991	136144468.24659508
1.18992	142498403.92811248
1.18993	154258818.25543708
1.18994	140504424.3582612
1.18995	116305432.33284669
1.18996	118034781.38516364
1.18997	140478544.87048095
1.18998	143773882.27615452
1.18999	141325327.3226887
1.19	154233956.67522076
1.19001	148511471.07574868
1.19002	155922934.6101394
1.19003	152426332.40117386
1.19004	129723900.96725272
1.19005	121051451.12822476
1.19006	115297529.05085272
1.1900700000000002	105547997.95972541
1.19008	104990499.0373512
1.19009	128262588.41809534
1.1901	143740780.92742535
1.19011	137860547.84262216
1.19012	115531390.39157052
1.19013	106831665.72762942
1.19014	124462924.10818993
1.19015	128549384.03731726
1.19016	118535926.88693105
1.1901700000000002	124497319.23667575
1.19018	122916447.52923024
1.19019	126575601.53646667
1.1902	130683272.10651216
1.19021	141195221.8109065
1.19022	153985561.14551118
1.19023	157209939.29433504
1.19024	154095515.48948866
1.19025	141615242.37963718
1.19026	115523410.04148686
1.1902700000000002	79396251.7269858
1.19028	104881768.07749853
1.19029	123409899.88590018
1.1903	125773747.16422978
1.19031	143166035.89348727
1.19032	148265463.63959908
1.19033	143106710.83201376
1.19034	138445868.47957134
1.19035	156628215.51976207
1.19036	149851122.32986698
1.1903700000000002	138745849.3956759
1.19038	123372964.38078552
1.19039	125299691.00366911
1.1904	132926019.5310408
1.19041	129885299.46068405
1.19042	149785578.12593302
1.19043	159775431.82878408
1.19044	156253588.470365
1.19045	153253358.24447143
1.19046	148634627.8206931
1.19047	143182519.44134188
1.19048	133662629.31498896
1.19049	131895506.5067484
1.1905	116509140.91986588
1.19051	115749733.55870722
1.19052	129813542.02078272
1.19053	126993063.51044928
1.19054	113825613.56361865
1.19055	103733731.36226086
1.19056	134952209.67994952
1.19057	142958505.70704788
1.19058	146875717.0991134
1.19059	144857171.2141971
1.1906	150476956.94129008
1.19061	142826896.67488733
1.19062	139742979.90742627
1.19063	138947264.1478123
1.19064	153362789.75443158
1.19065	161365244.36868182
1.19066	164884563.9254614
1.19067	147072000.56345433
1.19068	144520681.21558475
1.19069	145874708.09428397
1.1907	141739207.44084495
1.19071	144484081.02262723
1.19072	152851603.82330438
1.1907299999999998	139662560.53060812
1.19074	151624715.85265282
1.19075	143301257.02369624
1.19076	140928879.84218717
1.19077	146089835.48118198
1.19078	152587866.2498742
1.19079	149813172.19050887
1.1908	134347627.05080995
1.19081	120303981.3069232
1.19082	121573802.36909756
1.1908299999999998	94484376.17001678
1.19084	108223107.49155664
1.19085	146490681.6951093
1.19086	155092215.52152294
1.19087	142701980.32105684
1.19088	145164358.75503638
1.19089	132693607.10912296
1.1909	128315759.83052188
1.19091	137173430.55665386
1.19092	133850500.66641133
1.1909299999999998	123526461.23396994
1.19094	103368925.05019674
1.19095	107245727.59957406
1.19096	130139759.55495071
1.19097	118151706.86531912
1.19098	133168037.62699796
1.19099	140990548.47114477
1.1909999999999998	127991167.32371828
1.19101	143820236.9709799
1.19102	145891503.5075022
1.19103	149527130.8220013
1.19104	129673131.84992155
1.19105	121277434.12862857
1.19106	133164971.35491692
1.19107	144750475.81888413
1.19108	138149717.12716502
1.19109	133964584.05853724
1.1911	148320096.7181877
1.19111	145844481.2228423
1.1911200000000002	151411896.77364713
1.19113	145087500.85224095
1.19114	133395137.79786023
1.19115	118965216.69474356
1.19116	104539399.24131522
1.19117	105416841.56307247
1.19118	78476567.66141322
1.19119	109758964.21855772
1.1912	132129563.41865765
1.19121	127626247.44539738
1.1912200000000002	119184560.68363664
1.19123	135347425.72187084
1.19124	149826971.1290446
1.19125	146521042.49426928
1.19126	130457784.84820944
1.19127	126363020.95044176
1.19128	114643648.78987835
1.19129	83207026.06543018
1.1913	107815201.77213448
1.19131	115853724.45234963
1.1913200000000002	120659077.33582167
1.19133	132975000.30844666
1.19134	131392325.73009682
1.19135	130577996.25937444
1.19136	139511497.36969483
1.19137	135953377.103037
1.19138	141344853.48699504
1.19139	152700338.57590556
1.1914	142046324.27837133
1.19141	154386741.12764212
1.19142	157507050.89261633
1.19143	165348401.2171155
1.19144	158001059.79413518
1.19145	144480754.19201767
1.19146	129303416.46654296
1.19147	141856748.12166223
1.19148	145509048.22419712
1.19149	133398209.3697805
1.1915	105628229.4093323
1.19151	99542833.76721622
1.19152	115045596.44396664
1.19153	114482736.00193278
1.19154	112023722.50234962
1.19155	117592601.9424446
1.19156	106701371.07713658
1.19157	111650327.16318429
1.19158	96267567.9099141
1.19159	108862925.23940323
1.1916	121087691.61668772
1.19161	126561029.82063648
1.19162	152391238.9815316
1.19163	159668777.4489699
1.19164	155926524.90972352
1.19165	148596985.76135153
1.19166	148122147.53476882
1.19167	133432001.3292036
1.19168	128919911.88320452
1.19169	122848540.1553158
1.1917	120090872.46415956
1.19171	111634903.1659237
1.19172	85317869.10603538
1.19173	100135944.84182563
1.19174	117405921.06860682
1.19175	133309162.49238634
1.19176	151502569.99457088
1.19177	162554875.57504848
1.1917799999999998	160022112.73458582
1.19179	150369584.60776272
1.1918	140475310.26968792
1.19181	143552248.70999023
1.19182	127238927.56678385
1.19183	129237931.98790702
1.19184	134486905.27533707
1.19185	134821762.40952802
1.19186	132718052.42628407
1.19187	141006781.54233563
1.1918799999999998	151921765.93953118
1.19189	146406379.14667732
1.1919	136713058.71864343
1.19191	137078707.22779304
1.19192	137132375.74702728
1.19193	141367637.42179635
1.19194	140255532.0526787
1.19195	149899436.41122076
1.19196	132568395.51016372
1.19197	93381318.1408076
1.1919799999999998	122749575.8125502
1.19199	140857507.75880894
1.192	147955120.49207306
1.19201	140042546.7349919
1.19202	145468848.14245877
1.19203	131673991.27216204
1.19204	128792329.95486444
1.19205	138334339.23905045
1.19206	141820822.57585168
1.19207	135840727.87967774
1.19208	107188945.88140509
1.19209	115723084.26583722
1.1921	136552608.28700772
1.19211	149458286.88663366
1.19212	155292327.80411223
1.19213	153670321.54291898
1.19214	142632994.47615612
1.19215	129837456.76148231
1.19216	136044190.24352843
1.1921700000000002	148115326.41485524
1.19218	148173315.94806033
1.19219	144893865.9170335
1.1922	133073016.01543751
1.19221	138784191.58754575
1.19222	142501685.11289486
1.19223	142177214.04560274
1.19224	134679036.26291007
1.19225	147027983.19828358
1.19226	138506450.575331
1.1922700000000002	115717755.14357056
1.19228	115409085.58061594
1.19229	125576970.02349822
1.1923	123179943.34323364
1.19231	107681228.09530368
1.19232	136072385.96416453
1.19233	149654575.71174157
1.19234	155310207.52328473
1.19235	145569369.17756528
1.19236	149416995.7406702
1.1923700000000002	140375074.57796928
1.19238	108687600.26840748
1.19239	113490628.21269529
1.1924	133241649.34198582
1.19241	133927573.38947682
1.19242	135775058.94247288
1.19243	140763481.59996688
1.19244	137667048.0252732
1.19245	130671236.28662029
1.19246	147394066.19349298
1.19247	159757038.06125703
1.19248	151300373.45694876
1.19249	140368610.21573508
1.1925	122992888.19480824
1.19251	113422704.87116335
1.19252	114609336.94714811
1.19253	98905399.15918525
1.19254	100413013.29039323
1.19255	137603664.6024495
1.19256	149238199.2220657
1.19257	150775230.12574682
1.19258	162670948.8910869
1.19259	154035208.22731358
1.1926	144098679.16197222
1.19261	146413121.56484923
1.19262	139582187.43358278
1.19263	151788895.2162258
1.19264	143383771.60558078
1.19265	136798079.37626675
1.19266	133967668.74259368
1.19267	118328674.59765568
1.19268	94330035.96038865
1.19269	119798119.25684771
1.1927	138067035.4946219
1.19271	142288565.17257345
1.19272	149771782.99965817
1.1927299999999998	161046021.34207296
1.19274	160701525.7096363
1.19275	159012036.6044685
1.19276	140481779.54575428
1.19277	100343674.38969491
1.19278	99506167.5865673
1.19279	129276623.35211235
1.1928	150882892.11296955
1.19281	152834007.14504993
1.19282	151404924.15867013
1.1928299999999998	132391468.67274286
1.19284	136470882.51285452
1.19285	147526486.72000143
1.19286	141010028.38084787
1.19287	136003473.40566367
1.19288	159970536.01383176
1.19289	168430213.82766423
1.1929	152359661.81198856
1.19291	125155517.41225351
1.19292	136593489.52534914
1.1929299999999998	151939257.5860896
1.19294	145703505.28382888
1.19295	135943986.10081047
1.19296	132156947.81670693
1.19297	155353127.24882647
1.19298	157050744.67538336
1.19299	151603769.5709764
1.193	133220175.05616768
1.19301	130647167.97220136
1.19302	141654377.52363372
1.19303	163779673.12344468
1.19304	161146174.45670855
1.19305	145730347.33353838
1.19306	125449807.72077276
1.19307	136342106.62241727
1.19308	147485729.2764122
1.19309	152925531.9987101
1.1931	153578350.93796307
1.19311	158913209.866668
1.1931200000000002	153302769.25389758
1.19313	153514711.22723466
1.19314	140708392.00074887
1.19315	134635627.86811927
1.19316	138675582.88718864
1.19317	140342755.74354035
1.19318	153528851.10581532
1.19319	165177162.00462216
1.1932	170443325.86088312
1.19321	161666486.5408605
1.1932200000000002	151460714.07034078
1.19323	157401910.71782827
1.19324	162278132.05480462
1.19325	157238901.10274965
1.19326	154650026.94241908
1.19327	148713364.76019496
1.19328	156877261.66560167
1.19329	167089823.39683482
1.1933	158197639.8601152
1.19331	146689828.22062844
1.1933200000000002	150400749.32558107
1.19333	155127930.93560398
1.19334	141354617.58080894
1.19335	125429589.23023172
1.19336	134057155.48416694
1.19337	132782242.81234331
1.19338	121397571.78679258
1.19339	129089226.93801768
1.1934	142455755.40046608
1.19341	129434484.983003
1.19342	145582777.2293981
1.19343	151974246.92118683
1.19344	141928626.51718318
1.19345	128321669.12570278
1.19346	127917510.88730034
1.19347	116163583.23264812
1.19348	119462060.15514292
1.19349	134762791.97972596
1.1935	129906236.1847432
1.19351	122933430.23711284
1.19352	118369550.93267256
1.19353	109908175.86885367
1.19354	87452051.12518932
1.19355	79270208.40957461
1.19356	111232065.03006512
1.19357	136323271.56539166
1.19358	142098665.7192365
1.19359	157525185.6058856
1.1936	160368844.49698782
1.19361	150671114.25105157
1.19362	137492813.82463616
1.19363	145492296.8402354
1.19364	155378169.23256472
1.19365	157434532.9142943
1.19366	150966296.12378687
1.19367	143995858.02739897
1.19368	130599044.64196455
1.19369	110237663.56613964
1.1937	126800217.94079553
1.19371	142016890.6908851
1.19372	137461158.5788703
1.19373	133042378.34856848
1.19374	131510370.10869142
1.19375	120400973.93898122
1.19376	137920873.80975
1.19377	148371333.51251334
1.1937799999999998	150241530.8209708
1.19379	139591829.76253378
1.1938	134001604.95543692
1.19381	132053525.41548564
1.19382	98937287.63240458
1.19383	100018422.37745562
1.19384	120492495.75711076
1.19385	135684425.45433214
1.19386	132297001.17938349
1.19387	112328510.478117
1.1938799999999998	85895418.50029512
1.19389	93641853.21595228
1.1939	119583152.97253063
1.19391	125663745.4889913
1.19392	119434556.16588911
1.19393	131898543.54798508
1.19394	137543477.38119593
1.19395	135525182.25668564
1.19396	144374336.0488604
1.19397	137759005.85110846
1.1939799999999998	114577673.59171133
1.19399	120650742.78990608
1.194	115795051.44160396
1.19401	84306294.25722335
1.19402	65626614.38605213
1.19403	102492007.57212847
1.19404	110433287.26700512
1.19405	113998726.55699784
1.19406	131189778.86096346
1.19407	145482246.93553573
1.19408	154162945.66547042
1.19409	145968787.31850865
1.1941	151269022.32694614
1.19411	167101365.95159185
1.19412	165047898.8897912
1.19413	152872722.51156217
1.19414	147852952.00741667
1.19415	141700048.86071408
1.19416	116021907.13526437
1.1941700000000002	127737967.02663988
1.19418	121453490.30934425
1.19419	97306085.09809215
1.1942	113346992.17800134
1.19421	132464651.12126748
1.19422	139932953.28042388
1.19423	150511609.53045288
1.19424	143027648.98864388
1.19425	134455942.08591393
1.19426	137930401.3752577
1.1942700000000002	134787618.48993424
1.19428	112023722.50234962
1.19429	120664634.01962452
1.1943	118773621.86922659
1.19431	112341443.52027568
1.19432	106286963.51930688
1.19433	128502033.416896
1.19434	129825498.84047526
1.19435	115276292.41714673
1.19436	102409442.04749729
1.1943700000000002	96116954.15159293
1.19438	118391357.41813792
1.19439	128771572.75680842
1.1944	145020700.97133362
1.19441	156729230.02186665
1.19442	159257538.88710353
1.19443	155449740.00232878
1.19444	154977981.44456056
1.19445	155514181.88159537
1.19446	145669959.67413187
1.19447	134527168.08171925
1.19448	133668784.84827906
1.19449	132892355.71266556
1.1945	123942428.11039132
1.19451	147689629.15802568
1.19452	152222903.0028801
1.19453	151384008.24024162
1.19454	146113384.27835932
1.19455	162293079.11144307
1.19456	162521192.386301
1.19457	153422833.75395715
1.19458	168015751.96331418
1.19459	164797265.07403994
1.1946	154953003.95827535
1.19461	141873080.92351407
1.19462	143519198.38840067
1.19463	150771758.43774298
1.19464	152191360.71443507
1.19465	140481779.54575428
1.19466	139952287.06785822
1.19467	124663696.3996512
1.19468	107181541.78706862
1.19469	124028074.08426385
1.1947	145757194.32819098
1.19471	153055873.41205034
1.19472	156055830.76818195
1.1947299999999998	147329596.69481298
1.19474	143159443.00569412
1.19475	149802823.8206228
1.19476	146950138.59139955
1.19477	127206704.01745129
1.19478	129357019.35550562
1.19479	120520243.37400584
1.1948	100995029.4120321
1.19481	113537675.89100638
1.19482	122340429.26332742
1.1948299999999998	122422149.32668452
1.19484	149503031.83823174
1.19485	158365289.85352093
1.19486	169433780.04473248
1.19487	165603686.35650295
1.19488	171186692.1040895
1.19489	171612927.54323676
1.1949	162922100.25122333
1.19491	158175785.55815452
1.19492	158445533.07840523
1.1949299999999998	155428265.31053993
1.19494	143763951.07122782
1.19495	117855539.43268244
1.19496	112691199.08424494
1.19497	127649759.23443373
1.19498	131583065.50959162
1.19499	123265062.42932896
1.195	97133715.18178643
1.19501	97901647.45011184
1.19502	119960978.62058154
1.19503	118555034.16083016
1.19504	104138183.99553782
1.19505	122160274.51968826
1.19506	121713849.98403303
1.19507	85840057.52562778
1.19508	91814230.76960523
1.19509	122984392.44051732
1.1951	126456162.97568882
1.19511	141660901.09900406
1.1951200000000002	141247249.6362684
1.19513	130223690.81198396
1.19514	115077389.10912994
1.19515	108900531.65575272
1.19516	125363179.98722328
1.19517	106922720.43980493
1.19518	86716152.40918306
1.19519	104756263.6467316
1.1952	122289733.90502232
1.19521	124804429.67384931
1.1952200000000002	140575617.53532264
1.19523	147982377.34283507
1.19524	149692485.67600375
1.19525	148467022.88962603
1.19526	153221602.4341731
1.19527	146234552.35157466
1.19528	146389524.45962262
1.19529	144364363.36748844
1.1953	124523121.82057776
1.19531	109357859.2371886
1.1953200000000002	121154625.64081736
1.19533	111496183.03931811
1.19534	93909602.00873823
1.19535	88007563.97350994
1.19536	82752286.0321807
1.19537	94863686.9866469
1.19538	117206041.9337666
1.19539	129434484.983003
1.1954	140899677.80168968
1.19541	145221192.93692678
1.19542	155252999.6670267
1.19543	159672454.00076517
1.19544	145127595.54926968
1.19545	134227035.93592092
1.19546	133822765.34526552
1.19547	113388758.44628368
1.19548	129595523.39395596
1.19549	141087974.93772867
1.1955	154828176.89743358
1.19551	154792530.49632484
1.19552	138918472.72025535
1.19553	123012713.90389156
1.19554	116506458.22864091
1.19555	126738919.42098074
1.19556	117657603.9748626
1.19557	134688339.88247877
1.19558	137486482.19235858
1.19559	152577326.21753266
1.1956	147363524.4940559
1.19561	128171067.07354712
1.19562	135631323.60907108
1.19563	138621310.41398984
1.19564	146872335.19968212
1.19565	144673837.04821417
1.19566	128061917.40382674
1.19567	127873337.37317991
1.19568	112514890.01783451
1.19569	118380453.67329235
1.1957	134675935.1991997
1.19571	133767311.94298951
1.19572	116249207.26506571
1.19573	114511736.36099184
1.19574	123492334.32640605
1.19575	104169360.97541264
1.19576	133048505.31758882
1.19577	153507641.77630377
1.1957799999999998	153292179.83951166
1.19579	152767158.24077335
1.1958	152457923.388472
1.19581	147764463.0571495
1.19582	152359661.81198856
1.19583	153836715.88996923
1.19584	136135064.0447159
1.19585	125455585.03094254
1.19586	133946077.4457038
1.19587	121082115.45081162
1.1958799999999998	140365378.14625126
1.19589	144384309.41914454
1.1959	148313266.48258665
1.19591	159136572.51971108
1.19592	157010971.21520528
1.19593	155564321.81193608
1.19594	167359357.53291216
1.19595	180975589.5208714
1.19596	179502292.70293957
1.19597	175950295.27783227
1.1959799999999998	170451175.24684745
1.19599	162970876.01094705
1.196	165192376.0840831
1.19601	157946497.58449364
1.19602	142698694.52435997
1.19603	143886483.8904705
1.19604	134598431.80841544
1.19605	113933122.49907725
1.19606	100422262.0966118
1.19607	127988220.25210878
1.19608	141305803.85583586
1.19609	138688355.96859857
1.1961	140552961.24875668
1.19611	139855644.83576593
1.19612	127499945.75531678
1.19613	104174158.26222824
1.19614	115565978.27946094
1.19615	111681181.55115388
1.19616	107290186.44672124
1.1961700000000002	99092320.80901691
1.19618	113401813.5610276
1.19619	119379567.18281916
1.1962	119665786.62552002
1.19621	131461928.82160856
1.19622	121573802.36909756
1.19623	118334123.95997477
1.19624	120753575.7709667
1.19625	143525807.84392294
1.19626	142550911.95195943
1.1962700000000002	128457658.05070671
1.19628	129993010.000361
1.19629	137562481.02753088
1.1963	131304617.83375324
1.19631	146207617.43242234
1.19632	153006541.97961304
1.19633	144810482.30513728
1.19634	124744095.9699364
1.19635	98730196.1864414
1.19636	117733485.09401406
1.1963700000000002	133859747.05079184
1.19638	128774537.86598408
1.19639	122913617.30601698
1.1964	132059606.84509696
1.19641	139685073.28996798
1.19642	115387828.39933078
1.19643	105749908.43318708
1.19644	103140682.29029104
1.19645	104715265.93543398
1.19646	112904174.56418195
1.19647	117481639.86947241
1.19648	135781311.7589824
1.19649	134989503.505598
1.1965	117898967.01716366
1.19651	97532644.53695051
1.19652	104524957.58719304
1.19653	121781130.13169278
1.19654	120817543.14606304
1.19655	135687549.73965615
1.19656	142928883.10536492
1.19657	134493098.76881257
1.19658	129637306.78912172
1.19659	135593852.46647266
1.1966	134409510.66761076
1.19661	124096633.47285797
1.19662	117649476.75622012
1.19663	100568043.21451382
1.19664	93291054.05333008
1.19665	129750786.78181744
1.19666	143615065.29074755
1.19667	153712788.08861297
1.19668	157086911.10939142
1.19669	144344420.07129145
1.1967	151216784.87917694
1.19671	149224454.50892937
1.19672	144297896.427032
1.1967299999999998	142075763.96609023
1.19674	153214546.48108953
1.19675	152812893.80514824
1.19676	148238154.6472167
1.19677	138586204.25017592
1.19678	119657520.69132563
1.19679	100341363.91780716
1.1968	120672969.52514538
1.19681	111411494.500649
1.19682	126540632.2366886
1.1968299999999998	139097716.3565417
1.19684	132987248.32261802
1.19685	100857918.27456509
1.19686	119349334.03447393
1.19687	146541286.5227403
1.19688	158434588.4267487
1.19689	161138753.57200038
1.1969	157572345.63262108
1.19691	152538685.66080666
1.19692	156275177.1926389
1.1969299999999998	143853356.61724627
1.19694	123982388.86918852
1.19695	119674053.13072416
1.19696	131489174.84962855
1.19697	124864792.55874863
1.19698	98299203.76262452
1.19699	105492115.11191748
1.197	125524933.50925232
1.19701	126727246.87266721
1.19702	132166077.2105604
1.1970299999999998	148997849.41617423
1.19704	150293431.36974454
1.19705	126995987.66746421
1.19706	136650114.52298802
1.19707	151837834.06244904
1.19708	141843683.23398906
1.19709	130611073.812454
1.1971	139238712.8732936
1.19711	143420093.07207507
1.19712	157877412.49999526
1.19713	161499060.4173665
1.19714	160354074.66074547
1.19715	160058963.43014985
1.19716	154372522.23810908
1.19717	158631707.8757393
1.19718	156512850.09303194
1.19719	143291358.46543717
1.1972	141091223.6458095
1.19721	138219717.181024
1.1972200000000002	143959390.74711332
1.19723	131816567.97520556
1.19724	105708521.84622109
1.19725	89819369.05643319
1.19726	120742454.46779008
1.19727	120342768.97997949
1.19728	133933741.1241734
1.19729	122506744.76637828
1.1973	103383206.98148872
1.19731	111660611.01192395
1.1973200000000002	115853724.45234963
1.19733	134737970.04230922
1.19734	142334440.98055255
1.19735	142774286.99323815
1.19736	142747989.41981688
1.19737	140132864.61344662
1.19738	119162608.09818728
1.19739	128555304.09153876
1.1974	132699718.01626432
1.19741	133060760.1021335
1.1974200000000002	129348083.99779256
1.19743	121543013.52567486
1.19744	110372276.43662529
1.19745	93808026.60251878
1.19746	97319529.359228
1.19747	115300183.90513413
1.19748	122899467.16743284
1.19749	119983078.284862
1.1975	126759348.96762298
1.19751	126479459.20734762
1.19752	117695538.4191427
1.19753	118872117.78034236
1.19754	121949493.25494842
1.19755	118230628.97658622
1.19756	113315677.57312994
1.19757	107835063.89555949
1.19758	104565880.78971012
1.19759	94924867.58604886
1.1976	95519051.21814352
1.19761	98593889.55862424
1.19762	91979278.80141672
1.19763	83512214.48876397
1.19764	87738458.51974933
1.19765	95191901.03322856
1.19766	93411425.57364784
1.19767	100267456.90029664
1.19768	105242219.85384016
1.19769	108073694.97741391
1.1977	112046939.88178079
1.19771	113867556.19502106
1.19772	112862586.79031745
1.19773	115597914.75130582
1.19774	125796917.6786725
1.19775	126803137.65732595
1.19776	127241857.38509299
1.19777	127870393.01467352
1.1977799999999998	121590599.5708823
1.19779	99439744.55475222
1.1978	81481684.73526366
1.19781	108968255.94561704
1.19782	117695538.4191427
1.19783	123290609.62291531
1.19784	116600389.18514499
1.19785	129312348.7386257
1.19786	121811979.29396626
1.19787	133073016.01543751
1.1978799999999998	134440463.16457382
1.19789	131229054.57077856
1.1979	126762267.74309967
1.19791	125057574.13836108
1.19792	141221233.32761785
1.19793	144860506.7122287
1.19794	137943105.8197532
1.19795	128159262.62563445
1.19796	104700799.98610838
1.19797	108850392.65340896
1.1979799999999998	96039524.24331586
1.19799	106108457.19804531
1.198	124480120.48446746
1.19801	133346002.26459256
1.19802	137927225.44696143
1.19803	134617028.5535607
1.19804	122582930.64138502
1.19805	97845306.94926748
1.19806	114564483.10887058
1.19807	124457192.51069245
1.19808	123358761.36095972
1.19809	106816907.4070634
1.1981	93590119.11145931
1.19811	119495073.3029345
1.19812	143261666.89293897
1.19813	152552735.63997057
1.19814	155210107.60393634
1.19815	152728469.60865405
1.19816	163802301.684567
1.1981700000000002	163057207.36046618
1.19818	165021298.4553772
1.19819	157837429.68429983
1.1982	143215492.2308131
1.19821	129520943.68171032
1.19822	131580035.73242214
1.19823	131977531.17071147
1.19824	144807147.95894697
1.19825	148030088.91487148
1.19826	145314850.6885067
1.1982700000000002	134995720.14510974
1.19828	146946754.97836977
1.19829	137530809.74214545
1.1983	130830800.90035962
1.19831	133930657.22132078
1.19832	144870513.66715246
1.19833	150695401.52263552
1.19834	146804713.56141415
1.19835	128410341.21716309
1.19836	126156606.98092319
1.1983700000000002	110237663.56613964
1.19838	98249421.0709944
1.19839	121054238.47298354
1.1984	123902480.23134471
1.19841	123825474.24998549
1.19842	131868176.28226332
1.19843	132147819.05346732
1.19844	132202601.09299122
1.19845	119014533.87038538
1.19846	99910239.49024168
1.19847	121882120.09209184
1.19848	141230988.88175875
1.19849	145898222.21422815
1.1985	141964579.37150425
1.19851	122534956.2346479
1.19852	109630147.89808418
1.19853	133247785.48798583
1.19854	144933907.10336056
1.19855	147349952.43689167
1.19856	132370131.40881523
1.19857	109617526.98740152
1.19858	94741444.05806077
1.19859	74583026.0549227
1.1986	111959255.02098876
1.19861	134750380.43947163
1.19862	131513398.28173216
1.19863	108405171.29027729
1.19864	117319445.05188292
1.19865	142711838.16510984
1.19866	141915555.00957
1.19867	112745703.28651774
1.19868	129354040.83435293
1.19869	132047444.26592864
1.1987	137394706.28336367
1.19871	159066966.90181237
1.19872	164964311.95988545
1.19873	161168439.16141075
1.19874	153147531.13062653
1.19875	137819287.38479295
1.19876	126063685.59539326
1.19877	111093845.47949508
1.19878	139187424.8839294
1.19879	148579878.88590747
1.1988	164040090.4194147
1.19881	160568370.4879744
1.19882	143667984.78363502
1.1988299999999998	156307565.86892557
1.19884	165047898.8897912
1.19885	166165171.44976464
1.19886	150577471.43620458
1.19887	154803223.55484283
1.19888	155467637.84529358
1.19889	158026528.60857084
1.1989	160864420.94584277
1.19891	147072000.56345433
1.19892	131992726.52020349
1.1989299999999998	134233217.46169496
1.19894	132910716.73840512
1.19895	142692123.15793666
1.19896	148525150.11765915
1.19897	152352645.55182418
1.19898	148115326.41485524
1.19899	160114255.38566166
1.199	149516802.2104699
1.19901	129691048.09272473
1.19902	105079984.48724936
1.1990299999999998	119481316.71611886
1.19904	113052455.58784838
1.19905	99861940.28465237
1.19906	113495854.76961488
1.19907	117831118.44644256
1.19908	94828744.34987034
1.19909	90569089.13309036
1.1991	106947343.140708
1.19911	133530353.89107671
1.19912	147153298.01576474
1.19913	152700338.57590556
1.19914	161536251.2318578
1.19915	160597950.99926007
1.19916	152812893.80514824
1.19917	161998129.4921989
1.19918	148234741.37686267
1.19919	138816151.50799558
1.1992	126435782.2929167
1.19921	130797667.7008932
1.1992200000000002	134196132.57673542
1.19923	112761280.75708808
1.19924	99919441.9871494
1.19925	118855696.12475397
1.19926	129726888.00484772
1.19927	124110921.44824038
1.19928	96345181.67374778
1.19929	101244164.31570075
1.1993	113344382.2971032
1.19931	110316379.4528041
1.1993200000000002	123569133.13095534
1.19933	131670959.40137358
1.19934	106745604.26062359
1.19935	82472659.59401038
1.19936	80928222.18443722
1.19937	103645392.37300554
1.19938	136329549.62860674
1.19939	143585306.64257377
1.1994	130223690.81198396
1.19941	144980635.80628812
1.1994200000000002	138013001.18427262
1.19943	123936720.48206791
1.19944	132543977.75828692
1.19945	123004216.78013648
1.19946	99094602.52029312
1.19947	113694642.39065644
1.19948	117216837.50631216
1.19949	110298599.9861392
1.1995	109928423.56786685
1.19951	116570859.86998215
1.19952	100758107.10099328
1.19953	114873538.75476135
1.19954	111678610.02652133
1.19955	97104643.90924494
1.19956	118484079.80801308
1.19957	123390010.16315892
1.19958	109058620.51885432
1.19959	94247534.94396111
1.1996	115191384.99084143
1.19961	136650114.52298802
1.19962	145301467.31248388
1.19963	148289363.13486618
1.19964	147485729.2764122
1.19965	149358519.47737974
1.19966	157420033.32569078
1.19967	158642666.14439464
1.19968	156621002.68996122
1.19969	143264965.6527035
1.1997	141595678.86230576
1.19971	136398627.40896723
1.19972	130725406.20695776
1.19973	121980385.06636883
1.19974	121478662.04712231
1.19975	98652932.64387828
1.19976	96001937.94011052
1.19977	112419073.04943112
1.1997799999999998	103712236.57263616
1.19979	101262815.8978028
1.1998	120052165.9798592
1.19981	133094466.58010907
1.19982	130587016.57935166
1.19983	122678935.81046866
1.19984	142128116.25493526
1.19985	146338972.03970024
1.19986	141791435.71484098
1.19987	135637569.80617145
1.1998799999999998	121059813.35504824
1.19989	101650612.5371142
1.1999	123720025.25961702
1.19991	131664895.86922641
1.19992	124231005.40681712
1.19993	122794806.75883707
1.19994	107864863.94167398
1.19995	114274676.36329216
1.19996	137223976.42639253
1.19997	137426346.22616178
1.1999799999999998	140828320.50740504
1.19999	141540263.57198483
1.2	122132149.31513992
1.20001	121741878.8605112
1.20002	134091114.36547294
1.20003	133198704.23131599
1.20004	119817429.9885166
1.20005	101922484.11453807
1.20006	119192793.94578268
1.20007	132138690.92079856
1.20008	113589973.96415833
1.20009	117295135.15039606
1.2001	121232762.1001147
1.20011	135512700.50092492
1.20012	148521730.23906627
1.20013	148009639.2149564
1.20014	138921671.47312638
1.20015	134109641.01728152
1.20016	146821616.05163237
1.2001700000000002	153992652.60594916
1.20018	164793470.52046674
1.20019	165485520.39537263
1.2002	159330896.58403853
1.20021	155908574.23847345
1.20022	142367218.47025782
1.20023	155170800.28930512
1.20024	161053437.95620582
1.20025	153348665.16996232
1.20026	146896010.13107687
1.2002700000000002	157391038.1545606
1.20028	147563857.60433742
1.20029	138156079.3032439
1.2003	126940440.19618031
1.20031	151890286.05005455
1.20032	159793827.71409383
1.20033	154642905.20947123
1.20034	141016522.28216034
1.20035	128011798.7251424
1.20036	108270464.50360376
1.2003700000000002	103466557.58424352
1.20038	121216014.33198866
1.20039	129211152.442593
1.2004	123868249.44024496
1.20041	113817751.04035376
1.20042	93775632.05263272
1.20043	115768391.71510704
1.20044	127935184.56534864
1.20045	133373638.77461912
1.20046	129729875.11122262
1.20047	117589894.30389488
1.20048	107753156.21289577
1.20049	110593601.20273276
1.2005	115440978.69541636
1.20051	96256485.33455028
1.20052	117519517.58048303
1.20053	135194803.84437948
1.20054	124902174.68867752
1.20055	104949409.65502045
1.20056	132336608.37037742
1.20057	148596985.76135153
1.20058	153073495.63507318
1.20059	165336979.74868956
1.2006	167424881.41390303
1.20061	162513708.18113446
1.20062	165184768.86919373
1.20063	155403215.25291857
1.20064	132129563.41865765
1.20065	128439912.19526486
1.20066	106839045.6525487
1.20067	92727809.37019348
1.20068	121879313.68487328
1.20069	137053458.72231123
1.2007	139771942.2175056
1.20071	129115981.21376702
1.20072	107248197.05214147
1.20073	104553842.89076352
1.20074	118844749.61470248
1.20075	104325385.93755545
1.20076	110509598.23315386
1.20077	125441142.25435533
1.20078	107758118.54338141
1.20079	118285088.73220912
1.2008	138343895.36672467
1.20081	151035834.68300322
1.20082	162083945.544005
1.2008299999999998	166161345.39934644
1.20084	167355503.98565978
1.20085	164736562.7003685
1.20086	156786981.8416811
1.20087	156487625.23508617
1.20088	167934528.78351077
1.20089	162562361.67608657
1.2009	147149909.7248696
1.20091	142252530.26810747
1.20092	155185092.70634916
1.2009299999999998	148350836.67117134
1.20094	143116596.63482565
1.20095	164994702.30810186
1.20096	157928314.36868238
1.20097	160018428.13169333
1.20098	153914664.49979365
1.20099	160475966.50245818
1.2009999999999998	162517450.24063548
1.20101	160125316.0686081
1.20102	150535871.09084135
1.2010299999999998	129234956.20881076
1.20104	109930954.79250246
1.20105	103033867.0499782
1.20106	118546844.95204824
1.20107	125678213.89519836
1.20108	145294776.08670402
1.20109	157684861.1422841
1.2011	149716615.19858453
1.20111	136448887.77808893
1.20112	127541053.50717108
1.20113	105557719.7372909
1.20114	116627240.50819662
1.20115	128590830.14263695
1.20116	120786945.82701772
1.20117	104946993.13337997
1.20118	99806769.78261589
1.20119	104922830.97706348
1.2012	102768495.82345454
1.20121	110932806.40119132
1.2012200000000002	127221350.0735498
1.20123	146409750.3169511
1.20124	151202857.93995902
1.20125	158946145.2861281
1.20126	155861912.1639847
1.20127	147048297.26803926
1.20128	143658060.89359468
1.20129	134682137.39802533
1.2013	115345325.78210904
1.20131	103226214.20651454
1.2013200000000002	124683791.43290402
1.20133	129834467.1779769
1.20134	120931655.9985376
1.20135	98086672.10617858
1.20136	105007422.87027338
1.20137	110199595.40053536
1.20138	103647778.92383629
1.20139	103920206.24802016
1.2014	124925184.638749
1.20141	130707347.072171
1.2014200000000002	130614081.27819388
1.20143	110318919.61055696
1.20144	116222442.97736394
1.20145	135173014.77261993
1.20146	153918208.55671713
1.20147	164365248.24518704
1.20148	169059663.41771117
1.20149	170325628.43841478
1.2015	167097518.3447468
1.20151	150030653.16795817
1.20152	152471965.9288132
1.20153	158405406.3848743
1.20154	156953136.8898544
1.20155	148118736.93554652
1.20156	143634907.81589755
1.20157	142682266.67570105
1.20158	116963404.23640764
1.20159	124113779.24071774
1.2016	134911819.66233012
1.20161	117427550.03054136
1.20162	130821763.74094026
1.20163	145495646.96274394
1.20164	140171590.1047365
1.20165	127203775.008569
1.20166	147730442.9490186
1.20167	146221084.2717991
1.20168	142118298.7315707
1.20169	130888050.74244954
1.2017	117961422.20657322
1.20171	101500924.97959368
1.20172	103960892.680659
1.20173	100635219.91899922
1.20174	118217017.95592378
1.20175	145034058.48662987
1.20176	154454298.74014246
1.20177	157499797.5918821
1.2017799999999998	161246389.85569236
1.20179	153567742.48772565
1.2018	136521169.50664437
1.20181	142475437.74997157
1.20182	142504966.37323016
1.20183	135840727.87967774
1.20184	145542556.77839756
1.20185	162637241.65065047
1.20186	163034681.73081917
1.20187	148651740.99970406
1.2018799999999998	137654369.00546932
1.20189	128120905.67773552
1.2019	118440436.6997164
1.20191	107440989.64747678
1.20192	109791823.95249233
1.20193	123534994.43433936
1.20194	113749631.91811334
1.20195	98882627.97114374
1.20196	102532134.84200811
1.20197	104831065.50582272
1.2019799999999998	131840851.72090705
1.20199	142481999.1374333
1.202	139338137.13889593
1.20201	147985784.8022256
1.20202	154664271.39225703
1.20203	161361528.83939663
1.20204	158357997.03033268
1.20205	167876536.26765373
1.20206	172965704.45774272
1.20207	163723115.39610016
1.20208	152293020.38421783
1.20209	144244744.90886274
1.2021	139363806.53645933
1.20211	133161905.15343864
1.20212	126517324.73757865
1.20213	134638728.0037078
1.20214	125262189.90057924
1.20215	97088993.75114591
1.20216	86962096.24677959
1.2021700000000002	118595988.69117396
1.20218	127177416.96333753
1.20219	120195995.84004258
1.2022	128768607.71590663
1.20221	136760285.89167172
1.20222	132815878.73731127
1.20223	142452475.2732423
1.20224	140423566.78491724
1.20225	146818235.39790878
1.20226	150702341.46213463
1.2022700000000002	140805623.4932141
1.20228	105898546.67494509
1.20229	114664768.87558736
1.2023	121943877.40255356
1.20231	125490254.47967456
1.20232	120137889.972779
1.20233	115944459.40497984
1.20234	96467272.60524596
1.20235	111083613.82938616
1.20236	120342768.97997949
1.2023700000000002	132791415.40153731
1.20238	137088176.61648548
1.20239	130034921.55072469
1.2024	105123545.5229481
1.20241	110224972.716657
1.20242	136914675.0472125
1.20243	147638627.77538624
1.20244	150051382.10055757
1.20245	146743880.70673406
1.20246	125718734.29542041
1.20247	137828807.93271723
1.20248	147914244.62895682
1.20249	145673313.88752484
1.2025	157206319.44338349
1.20251	152689790.77451867
1.20252	152250946.0806452
1.20253	148751036.30025014
1.20254	125953430.3401044
1.20255	103416539.16208944
1.20256	111460246.7090225
1.20257	135568877.45615587
1.20258	144052234.72245538
1.20259	133290746.42313392
1.2026	127561612.35297208
1.20261	143730852.0089798
1.20262	136088052.77837595
1.20263	149520245.00170544
1.20264	137793902.47196868
1.20265	150882892.11296955
1.20266	168062182.8455849
1.20267	178439090.09484446
1.20268	177182163.34659588
1.20269	181008929.52707556
1.2027	175606262.60960114
1.20271	158522166.81248835
1.20272	120892678.52132992
1.20273	132580606.07292454
1.20274	134918032.72428632
1.20275	147475541.67503408
1.20276	165120121.68506327
1.20277	171854140.45954952
1.20278	167977069.36039853
1.20279	168511676.7503946
1.2028	170325628.43841478
1.20281	167109061.43107104
1.20282	149327570.72124556
1.2028299999999998	139072095.9700872
1.20284	128863522.8961603
1.20285	138777800.48649326
1.20286	148593564.22870088
1.20287	150127412.69292557
1.20288	136006605.03742224
1.20289	117446478.6408004
1.2029	100737228.89400434
1.20291	100475459.26668768
1.20292	111892248.19552428
1.2029299999999998	106360409.31700024
1.20294	108046325.06705506
1.20295	136735096.0361656
1.20296	134846599.7834914
1.20297	122351697.75220029
1.20298	99574927.758199
1.20299	115027054.7790116
1.203	135294455.76579002
1.20301	140990548.47114477
1.20302	128451742.49314804
1.2030299999999998	121969150.77508327
1.20304	111262803.83196832
1.20305	126960902.22675118
1.20306	116836893.1550699
1.20307	116166258.02879363
1.20308	97651743.11743976
1.20309	111778943.37589844
1.2031	119244951.14870964
1.20311	136470882.51285452
1.20312	153151057.52344745
1.20313	146083107.95054218
1.20314	133339861.59564696
1.20315	106228243.39910312
1.20316	123834028.10615622
1.20317	151967248.40962481
1.20318	164081644.47104183
1.20319	162293079.11144307
1.2032	163222490.43535283
1.20321	170635739.91570717
1.2032200000000002	164149664.71683133
1.20323	155711253.19328168
1.20324	124302539.10918105
1.20325	136062986.74138105
1.20326	151074094.5428699
1.20327	146217717.4456715
1.20328	130211697.31914441
1.20329	93243807.69122323
1.2033	88811662.52772167
1.20331	125464251.49506609
1.2033200000000002	134700745.70832404
1.20333	141439267.98636952
1.20334	137287184.95608127
1.20335	140974317.26874715
1.20336	139059287.54654458
1.20337	120575757.77884813
1.20338	100149780.08954053
1.20339	106079142.39800677
1.2034	120018998.92293622
1.20341	123708630.74892691
1.2034200000000002	130409731.27644265
1.20343	149799374.52284384
1.20344	153652630.61172938
1.20345	150390360.3687057
1.20346	138774605.04633602
1.20347	114011851.90095836
1.20348	107601914.857974
1.20349	117022669.24806556
1.2035	129110035.3400049
1.20351	125481586.2193905
1.20352	127970539.24741572
1.20353	146440094.34274852
1.20354	144803813.68953195
1.20355	127218420.72743347
1.20356	111370456.54915532
1.20357	124005229.37284404
1.20358	130571983.0588816
1.20359	124827421.61696522
1.2036	106585959.71472526
1.20361	107835063.89555949
1.20362	115326735.81038576
1.20363	119902986.36674798
1.20364	125394936.5416125
1.20365	119176327.99020502
1.20366	108465094.75775813
1.20367	115048245.4972186
1.20368	143472940.72130883
1.20369	148388416.37690184
1.2037	133315301.74755289
1.20371	114622532.59427464
1.20372	123035375.77036536
1.20373	129395746.37219036
1.20374	143879857.82558435
1.20375	139116934.74375978
1.20376	105603910.41062428
1.20377	88344598.22680698
1.20378	132510410.6928636
1.20379	150591340.77254418
1.2038	164387957.71209076
1.20381	163369131.4004856
1.20382	154244611.14749342
1.20383	152626519.26485193
1.20384	166314456.15340972
1.20385	169933890.36362317
1.20386	177717420.0919256
1.20387	175283081.67161345
1.2038799999999998	166793837.19159925
1.20389	157238901.10274965
1.2039	156332761.70239207
1.20391	145807545.7745056
1.20392	118606912.28844205
1.20393	116431367.94798112
1.20394	137107117.35634932
1.20395	137047147.32261798
1.20396	145405220.72545683
1.20397	155585815.30192375
1.2039799999999998	152370186.80808696
1.20399	137778039.27585834
1.204	139952287.06785822
1.20401	152911447.68531382
1.20402	159371257.71945143
1.20403	172230475.26025736
1.20404	163760818.37713856
1.20405	144524008.96555915
1.20406	135618832.07778072
1.20407	131440741.36972898
1.2040799999999998	157753861.96883443
1.20409	155926524.90972352
1.2041	143449817.47905362
1.20411	153133426.37129617
1.20412	143883170.81988502
1.20413	140261991.2073517
1.20414	126252503.89655612
1.20415	108357755.35809022
1.20416	124311125.92096253
1.20417	143806991.24762905
1.20418	152721436.36465344
1.20419	163983442.76265377
1.2042	146504174.60686874
1.20421	141126964.37221685
1.20422	141100970.21889013
1.20423	134066416.1442496
1.20424	149310379.73894128
1.20425	161235251.73438624
1.20426	168352666.70500588
1.2042700000000002	170942479.87087226
1.20428	164941522.87220064
1.20429	142311501.22798666
1.2043	140782930.1370554
1.20431	154967276.31461218
1.20432	136442604.21927547
1.20433	145268014.2647938
1.20434	154582383.71928734
1.20435	158376229.7180363
1.20436	164142105.51946995
1.2043700000000002	155915754.25897685
1.20438	147438193.15690845
1.20439	133481168.55153452
1.2044	143840107.84360316
1.20441	161714886.3938629
1.20442	162315502.27782416
1.20443	152440372.03174362
1.20444	132281770.80099323
1.20445	106996605.55453746
1.20446	125095013.98340604
1.2044700000000002	123205472.89553764
1.20448	114169473.95170996
1.20449	149282878.28362784
1.2045	167552148.0716868
1.20451	167872670.812058
1.20452	163651503.64506766
1.20453	171601073.3516087
1.20454	165051699.30186084
1.20455	137812940.7181985
1.20456	126220530.16127346
1.20457	148531990.11108688
1.20458	161372675.6839168
1.20459	166475374.29043093
1.2046	163772130.96443358
1.20461	159341903.15260762
1.20462	165416946.59845802
1.20463	158452829.9328703
1.20464	144367687.51806995
1.20465	118026628.11292858
1.20466	111990194.78067352
1.20467	120903813.66129091
1.20468	112256112.9517812
1.20469	144168373.89962855
1.2047	154237508.08420295
1.20471	152943139.21475938
1.20472	146983979.0071252
1.20473	139434421.76583806
1.20474	126776862.62863566
1.20475	126243782.9837663
1.20476	112124365.904749
1.20477	115534050.63077033
1.20478	126665983.62896316
1.20479	130584009.73679234
1.2048	151684079.36828262
1.20481	157565089.32502222
1.20482	151227230.92540622
1.2048299999999998	163008405.76252362
1.20484	164440958.67090243
1.20485	155826027.76393607
1.20486	152528149.02562252
1.20487	136037925.32129607
1.20488	127461786.13519782
1.20489	111191093.17065597
1.2049	101594453.85133211
1.20491	125282381.40736112
1.20492	130698318.4403449
1.2049299999999998	126188564.52341291
1.20494	115923103.61327438
1.20495	101360793.09149164
1.20496	110828128.60721858
1.20497	107552373.7530847
1.20498	118677940.19965804
1.20499	132522615.9147794
1.205	142754563.35903648
1.20501	132327467.1970556
1.20502	108720139.25647315
1.2050299999999998	91339788.15290415
1.20504	100902052.3764356
1.20505	118713470.10435998
1.20506	137069238.49320024
1.20507	145278049.37031436
1.20508	155779390.39488554
1.20509	158799817.87284684
1.2051	151150643.34061345
