1.2994700000000001	4650610844.705262
1.29948	4717696518.359706
1.29949	4762774283.531163
1.2995	4762774283.531163
1.29951	4773863533.1705475
1.29952	4761568100.053983
1.2995299999999999	4734128042.710124
1.29954	4721934951.242396
1.29955	4707604832.565839
1.29956	4734891155.49425
1.2995700000000001	4763212971.455824
1.29958	4775622613.506411
1.29959	4763542013.915909
1.2996	4764529277.683824
1.29961	4750944969.636446
1.29962	4770457158.680262
1.2996299999999998	4749413692.753318
1.29964	4732275280.80373
1.29965	4751491973.877172
1.29966	4755322767.403224
1.29967	4760471834.698396
1.29968	4757841827.507445
1.29969	4742201461.125978
1.2997	4730641093.056577
1.2997100000000001	4547576357.98407
1.29972	4740454691.329852
1.2997299999999998	4704679033.749655
1.29974	4635216245.744389
1.29975	4670033543.61887
1.29976	4746243331.915693
1.29977	4769139214.7445
1.29978	4729007469.640413
1.29979	4660365729.853302
1.2998	4766614173.18934
1.2998100000000001	4772544648.148753
1.29982	4759485411.67806
1.2998299999999998	4753571164.429581
1.2998399999999999	4755870275.685558
1.29985	4739472416.085557
1.29986	4749085626.209376
1.29987	4751054365.44655
1.29988	4650289602.984549
1.29989	4763651699.787016
1.2999	4769578488.928008
1.2999100000000001	4756965481.371033
1.29992	4761787383.41767
1.29993	4690725295.929849
1.2999399999999999	4765516746.066234
1.29995	4751491973.877172
1.29996	4732711159.537083
1.29997	4776722367.859429
1.29998	4732275280.80373
1.29999	4758280061.115215
1.3	4763322649.7503805
1.30001	4695480053.557004
1.3000200000000002	4754009004.67663
1.30003	4774852936.115982
1.3000399999999999	4762993622.442912
1.30005	4759595004.141373
1.30006	4761019935.823136
1.30007	4768919592.824264
1.30008	4761897028.886452
1.30009	4706087524.640557
1.3001	4755979784.906331
1.30011	4745259857.20031
1.3001200000000002	4581313377.291952
1.30013	4667775928.069322
1.30014	4710966326.963232
1.30015	4740127243.63043
1.30016	4759266234.321667
1.30017	4670786324.757714
1.30018	4553653700.512363
1.30019	4722478615.38906
1.3002	4692345694.868
1.30021	4656611431.8297615
1.3002200000000002	4737835742.965176
1.30023	4727592119.010166
1.30024	4735327275.169661
1.30025	4749960520.689129
1.30026	4756636893.18605
1.30027	4751710793.2073965
1.3002799999999999	4754665840.66417
1.30029	4765736211.275957
1.3003	4677997657.490222
1.30031	4717262022.462228
1.3003200000000001	4722369877.552341
1.30033	4765516746.066234
1.30034	4755541763.152073
1.30035	4709122629.692253
1.30036	4623597284.566089
1.30037	4664337850.4532585
1.3003799999999999	4689753325.17263
1.30039	4737290310.865635
1.3004	4752586171.305323
1.30041	4692237650.859409
1.3004200000000001	4760143004.311453
1.30043	4737399392.261982
1.30044	4720195646.529216
1.30045	4704679033.749655
1.30046	4694831393.823322
1.30047	4730314323.233094
1.3004799999999999	4641517583.137942
1.30049	4641731337.843697
1.3005	4622426347.982138
1.30051	4703812479.659846
1.3005200000000001	4732820135.4933605
1.30053	4718239694.510659
1.30054	4735654391.287557
1.30055	4727483263.432032
1.30056	4689213428.447345
1.30057	4672615012.748569
1.3005799999999998	4679398160.487551
1.30059	4744495073.313604
1.3006	4667023632.109992
1.30061	4744276586.271909
1.30062	4752805041.026361
1.30063	4741437170.154752
1.30064	4748320225.731236
1.30065	4757403634.260623
1.30066	4763322649.7503805
1.30067	4767053214.7972145
1.3006799999999998	4771665593.902123
1.30069	4761348826.788454
1.3007	4753352259.428048
1.30071	4720195646.529216
1.30072	4632868784.807085
1.30073	4714655887.299271
1.30074	4775732577.546824
1.30075	4742310655.6070595
1.3007600000000001	4755979784.906331
1.30077	4761239193.942347
1.3007799999999998	4776722367.859429
1.30079	4727809837.686057
1.3008	4699049284.414806
1.30081	4730096489.224037
1.30082	4771116267.221253
1.30083	4772764437.012781
1.30084	4764090468.528441
1.30085	4690509285.020896
1.3008600000000001	4719869598.226716
1.30087	4685112244.024443
1.30088	4707171266.10417
1.3008899999999999	4322848347.010027
1.3009	4564571349.614052
1.30091	4729660851.29963
1.30092	4605746173.947345
1.30093	4726721344.562795
1.30094	4766504419.105547
1.30095	4713787495.574379
1.3009600000000001	4717044789.519975
1.3009700000000002	4725306678.149816
1.30098	4742856665.728422
1.3009899999999999	4767602073.674959
1.301	4747882909.415981
1.30101	4745587659.460362
1.30102	4596423114.893033
1.30103	4497280750.545825
1.30104	4708797346.260221
1.30105	4747773586.630491
1.30106	4717587890.6335535
1.3010700000000002	4749741781.960057
1.30108	4774633051.075231
1.3010899999999999	4770896554.256482
1.3011	4662619761.387898
1.30111	4692777895.781211
1.30112	4751163763.775615
1.30113	4761129563.620581
1.30114	4724327541.743333
1.30115	4739472416.085557
1.30116	4659829216.305225
1.3011700000000002	4681014646.496
1.30118	4697426570.53867
1.30119	4727809837.686057
1.3012	4722804843.922325
1.30121	4743948874.574456
1.30122	4686406967.242288
1.3012299999999999	4762006676.879944
1.30124	4728136434.499832
1.30125	4687486176.56833
1.30126	4746899094.961798
1.3012700000000001	4729116360.315097
1.30128	4729225253.49711
1.30129	4746134046.882455
1.3013	4631055652.013808
1.30131	4604049666.877534
1.30132	4701213774.9356165
1.3013299999999999	4723457368.597934
1.30134	4624875008.224029
1.30135	4662834487.90725
1.30136	4569303442.076421
1.3013700000000001	4701105526.734308
1.30138	4702404669.670035
1.30139	4587858343.597451
1.3014	4745696931.912421
1.30141	4763651699.787016
1.30142	4758280061.115215
1.3014299999999999	4762116327.398201
1.30144	4758608762.810137
1.30145	4731621537.972678
1.30146	4642265767.676569
1.3014700000000001	4667453500.667608
1.30148	4308042707.527135
1.30149	4637351333.294796
1.3015	4730205404.974612
1.30151	4696993941.486406
1.30152	4680044687.89396
1.3015299999999999	4520120368.438405
1.30154	3321161539.8005023
1.30155	3161622400.8602676
1.30156	4468996350.4567375
1.3015700000000001	4529705842.5204735
1.30158	4547576357.98407
1.30159	4741327995.786203
1.3016	4757075015.810138
1.30161	4749085626.209376
1.30162	4674874968.768802
1.3016299999999998	4728245305.117959
1.30164	4682200424.459142
1.30165	4664015660.53735
1.30166	4761348826.788454
1.30167	4735763435.015029
1.30168	4714438774.371214
1.30169	4729334149.18651
1.3017	4694290912.49743
1.3017100000000001	4743293519.088225
1.30172	4736199635.034053
1.3017299999999998	4752039041.097713
1.30174	4765626477.407752
1.30175	4761568100.053983
1.30176	4742419852.6024475
1.30177	4680152451.145969
1.30178	4759375821.738177
1.30179	4755979784.906331
1.3018	4722696098.573984
1.3018100000000001	4750835576.345225
1.30182	4752039041.097713
1.3018299999999998	4760143004.311453
1.3018399999999999	4753680620.710751
1.30185	4768590178.907037
1.30186	4758827909.88817
1.30187	4736526811.4144945
1.30188	4714655887.299271
1.30189	4610308634.914726
1.3019	4689213428.447345
1.3019100000000001	4734455075.985095
1.30192	4759485411.67806
1.30193	4712593718.113274
1.3019399999999999	4657683779.6903105
1.30195	4737508476.170049
1.30196	4740782161.649342
1.30197	4747336320.660239
1.30198	4697102095.013877
1.30199	4730423243.99954
1.302	4751491973.877172
1.3020100000000001	4734782131.851523
1.3020200000000002	4743948874.574456
1.30203	4763322649.7503805
1.3020399999999999	4752039041.097713
1.30205	4753790079.512274
1.30206	4761897028.886452
1.30207	4763212971.455824
1.30208	4751491973.877172
1.30209	4761897028.886452
1.3021	4739472416.085557
1.30211	4739908957.730094
1.3021200000000002	4744276586.271909
1.30213	4737508476.170049
1.3021399999999999	4708688923.442739
1.30215	4737508476.170049
1.30216	4744932077.583272
1.30217	4748320225.731236
1.30218	4755322767.403224
1.30219	4749851150.065422
1.3022	4692777895.781211
1.30221	4731621537.972678
1.3022200000000002	4751601382.28266
1.30223	4714655887.299271
1.30224	4680691304.62762
1.30225	4351109370.92768
1.30226	4693426271.794057
1.30227	4688241770.965982
1.3022799999999999	4733583037.450778
1.30229	4747008397.611122
1.3023	4729660851.29963
1.30231	4687486176.56833
1.3023200000000001	4707821630.771979
1.30233	4751491973.877172
1.30234	4745806206.880618
1.30235	4683170829.846494
1.30236	4693966653.568759
1.30237	4754446885.252095
1.3023799999999999	4745369122.104375
1.30239	4754118471.03956
1.3024	4754994292.688965
1.30241	4748101562.538819
1.3024200000000001	4723674896.857147
1.30243	4719108906.436425
1.30244	4723131094.991418
1.30245	4576568847.020489
1.30246	4739145036.236981
1.30247	4714113123.72562
1.3024799999999999	4719760920.464146
1.30249	4762554954.720092
1.3025	4755541763.152073
1.30251	4739145036.236981
1.3025200000000001	4751929622.614857
1.30253	4749523053.304063
1.30254	4732820135.4933605
1.30255	4744058109.291663
1.30256	4744058109.291663
1.30257	4740345539.583455
1.3025799999999998	4693318202.90457
1.30259	4614556842.160899
1.3026	4739472416.085557
1.30261	4764968127.256883
1.3026200000000001	4743839642.372442
1.30263	4749741781.960057
1.30264	4754009004.67663
1.30265	4732166317.393051
1.30266	4709339497.797143
1.30267	4746571202.114119
1.3026799999999998	4768260787.744112
1.30269	4733474043.928218
1.3027	4734128042.710124
1.30271	4706629364.179776
1.30272	4673152998.400599
1.30273	4719760920.464146
1.30274	4721826225.923864
1.30275	4736090581.262819
1.3027600000000001	4698832890.180824
1.30277	4726612509.034751
1.3027799999999998	4726939023.1371355
1.30279	4732711159.537083
1.3028	4700672558.853261
1.30281	4680367985.094115
1.30282	4678536262.877805
1.30283	4688565634.420114
1.30284	4697426570.53867
1.30285	4751491973.877172
1.3028600000000001	4739690681.881965
1.30287	4735000181.647367
1.30288	4758608762.810137
1.3028899999999999	4723783664.743391
1.3029	4742201461.125978
1.30291	4748757582.326687
1.30292	4765297290.963003
1.30293	4759704599.128195
1.30294	4740891323.44945
1.30295	4649968383.45368
1.3029600000000001	4695804417.031254
1.3029700000000002	4720521717.355132
1.30298	4731512589.614812
1.3029899999999999	4729334149.18651
1.303	4748210892.876302
1.30301	4700564323.113769
1.30302	4738272133.859605
1.30303	4758608762.810137
1.30304	4746134046.882455
1.30305	4735654391.287557
1.30306	4741983079.706595
1.3030700000000002	4518975637.62004
1.30308	4590605788.824827
1.3030899999999999	4747882909.415981
1.3031	4727809837.686057
1.30311	4714221671.441366
1.30312	4738599453.408138
1.30313	4741764708.343818
1.30314	4747554948.611155
1.30315	4723457368.597934
1.30316	4738272133.859605
1.3031700000000002	4728463053.874894
1.30318	4728136434.499832
1.30319	4671861936.883777
1.3032	4748210892.876302
1.30321	4696777641.902286
1.30322	4704354057.259754
1.3032299999999999	4702621228.394329
1.30324	4692453741.364404
1.30325	4618277234.528967
1.30326	4744276586.271909
1.3032700000000002	4742310655.6070595
1.30328	4606170398.382595
1.30329	4718891588.444
1.3033	4690725295.929849
1.30331	4729987575.981311
1.30332	4716501750.929624
1.3033299999999999	4693966653.568759
1.30334	4711074802.22049
1.30335	4704029103.217678
1.30336	4734891155.49425
1.3033700000000001	4751382567.990858
1.30338	4743839642.372442
1.30339	4749960520.689129
1.3034	4735000181.647367
1.30341	4730096489.224037
1.30342	4721826225.923864
1.3034299999999999	4738708564.948973
1.30344	4704570705.758731
1.30345	4637458113.48465
1.30346	4761677740.47352
1.3034700000000001	4753242810.707588
1.30348	4661438942.2724495
1.30349	4673798662.946377
1.3035	4666916171.156733
1.30351	4704245736.751605
1.30352	4725524291.574861
1.3035299999999999	4693966653.568759
1.30354	4718348337.245304
1.30355	4681122432.08237
1.30356	4713353359.694625
1.3035700000000001	4726503676.01271
1.30358	4726830182.596897
1.30359	4633615575.211774
1.3036	4690941316.78672
1.30361	4722152409.390085
1.30362	4675520871.230013
1.3036299999999998	4699049284.414806
1.30364	4712376700.149431
1.30365	4677782232.697184
1.30366	4688781555.818607
1.30367	4624449061.10988
1.30368	4568777411.858183
1.30369	4498834324.565388
1.3037	4221531167.3970723
1.3037100000000001	3704247530.299582
1.30372	3991995104.2456365
1.3037299999999998	4408998996.70563
1.30374	4563100142.804938
1.30375	4619128030.99306
1.30376	4637992051.316066
1.30377	4677782232.697184
1.30378	4704245736.751605
1.30379	4712376700.149431
1.3038	4722369877.552341
1.3038100000000001	4718565630.219511
1.30382	4708146846.801645
1.3038299999999998	4712268194.91523
1.3038399999999999	4743839642.372442
1.30385	4712810746.071374
1.30386	4727483263.432032
1.30387	4694290912.49743
1.30388	4719434902.190402
1.30389	4712376700.149431
1.3039	4727156711.736157
1.3039100000000001	4736417750.109833
1.30392	4734455075.985095
1.30393	4744604320.607647
1.3039399999999999	4736963081.746322
1.30395	4746899094.961798
1.30396	4730641093.056577
1.30397	4713353359.694625
1.30398	4724109983.429385
1.30399	4709339497.797143
1.304	4716718958.863449
1.3040100000000001	4689861311.976829
1.3040200000000002	4660902305.173339
1.30403	4674982612.98224
1.3040399999999999	4730423243.99954
1.30405	4752586171.305323
1.30406	4753680620.710751
1.30407	4727918700.783948
1.30408	4724545110.076424
1.30409	4621574944.001557
1.3041	4715307286.077145
1.30411	4744058109.291663
1.3041200000000002	4712810746.071374
1.30413	4717913781.315852
1.3041399999999999	4718891588.444
1.30415	4580785964.458415
1.30416	4678643991.396645
1.30417	4755213273.310665
1.30418	4665626832.700922
1.30419	4735218241.485024
1.3042	4743293519.088225
1.30421	4734237051.291718
1.3042200000000002	4714981575.438939
1.30423	4745696931.912421
1.30424	4759156649.428471
1.30425	4762993622.442912
1.30426	4742747458.675157
1.30427	4717479265.408638
1.3042799999999999	4707821630.771979
1.30429	4746461909.531477
1.3043	4750616797.319298
1.30431	4732711159.537083
1.3043200000000001	4723131094.991418
1.30433	4724545110.076424
1.30434	4618808963.952962
1.30435	4696777641.902286
1.30436	4657469290.364376
1.30437	4735545350.07086
1.3043799999999999	4720630412.635899
1.30439	4741000487.76313
1.3044	4752148462.100034
1.30441	4750069893.831198
1.3044200000000001	4587118927.792783
1.30443	4735109210.310952
1.30444	4707496437.206684
1.30445	4710423988.141461
1.30446	4737508476.170049
1.30447	4740236390.35034
1.3044799999999999	4728354178.242954
1.30449	4692994011.1659565
1.3045	4661116952.599108
1.30451	4721282636.88199
1.3045200000000001	4745696931.912421
1.30453	4612644664.690693
1.30454	4598010937.386311
1.30455	4719217569.185663
1.30456	4743402738.715141
1.30457	4727809837.686057
1.3045799999999999	4731839442.214443
1.30459	4736090581.262819
1.3046	4685328006.3847685
1.30461	4728789695.812783
1.3046200000000001	4733474043.928218
1.30463	4714764447.512754
1.30464	4728571932.013797
1.30465	4720630412.635899
1.30466	4717370642.684882
1.30467	4726068368.98339
1.3046799999999998	4742965875.296302
1.30469	4717153404.740599
1.3047	4710966326.963232
1.30471	4727265559.795075
1.30472	4732820135.4933605
1.30473	4718239694.510659
1.30474	4709447935.594825
1.30475	4708363669.969038
1.3047600000000001	4650610844.705262
1.30477	4704029103.217678
1.3047799999999998	4716827566.581458
1.30479	4737072155.607853
1.3048	4686514876.99286
1.30481	4703487563.027333
1.30482	4746789794.829211
1.30483	4736090581.262819
1.30484	4738272133.859605
1.30485	4735981530.002593
1.3048600000000001	4700780797.085001
1.30487	4734673110.7191305
1.3048799999999998	4693210136.503413
1.3048899999999999	4628603719.403109
1.3049	4614344338.858103
1.30491	4715090143.151756
1.30492	4744276586.271909
1.30493	4744276586.271909
1.30494	4735981530.002593
1.30495	4620723696.840943
1.3049600000000001	4690941316.78672
1.30497	4710966326.963232
1.30498	4727700977.094823
1.3049899999999999	4737072155.607853
1.305	4727918700.783948
1.30501	4740127243.63043
1.30502	4679074930.2781925
1.30503	4550299680.289394
1.30504	4693750493.3931875
1.30505	4730423243.99954
1.30506	4694723292.580057
1.3050700000000002	4727483263.432032
1.30508	4736417750.109833
1.3050899999999999	4738163032.367872
1.3051	4721500064.988801
1.30511	4730314323.233094
1.30512	4737944836.920705
1.30513	4740563845.589591
1.30514	4708146846.801645
1.30515	4738490344.379682
1.30516	4695155712.488196
1.3051700000000002	4681877000.682932
1.30518	4726612509.034751
1.30519	4743293519.088225
1.3052	4713244831.972265
1.30521	4726721344.562795
1.30522	4657469290.364376
1.30523	4711183279.975493
1.30524	4693318202.90457
1.30525	4739363286.956622
1.30526	4678428536.839496
1.3052700000000002	4634682627.471003
1.30528	4713896035.792173
1.30529	4750835576.345225
1.3053	4734346062.383355
1.30531	4735218241.485024
1.30532	4703920790.191767
1.3053299999999999	4669710960.271985
1.30534	4719108906.436425
1.30535	4678643991.396645
1.30536	4576358093.089239
1.3053700000000001	4560159151.587701
1.30538	4671861936.883777
1.30539	4748538898.993717
1.3054	4680691304.62762
1.30541	4593460646.485927
1.30542	4730314323.233094
1.3054299999999999	4744058109.291663
1.30544	4723239850.356017
1.30545	4729660851.29963
1.30546	4735218241.485024
1.3054700000000001	4507336686.836953
1.30548	4615194410.789292
1.30549	4735000181.647367
1.3055	4674229155.536151
1.30551	4734346062.383355
1.30552	4745478389.524366
1.3055299999999999	4630415892.225322
1.30554	4711942694.202754
1.30555	4743511960.856961
1.30556	4699914961.010808
1.3055700000000001	4731076821.268744
1.30558	4725197875.195295
1.30559	4739363286.956622
1.3056	4670248611.563373
1.30561	4595470684.602699
1.30562	4682631690.915366
1.3056299999999998	4732166317.393051
1.30564	4726286017.4863825
1.30565	4694615193.825907
1.30566	4696236936.519219
1.30567	4655968141.623695
1.30568	4699806742.715432
1.30569	4691697468.132043
1.3057	4739254160.340449
1.30571	4719869598.226716
1.30572	4686406967.242288
1.3057299999999998	4573935120.339644
1.30574	4726394845.4966135
1.30575	4724545110.076424
1.30576	4654038804.1624975
1.30577	4733583037.450778
1.30578	4751491973.877172
1.30579	4727483263.432032
1.3058	4727483263.432032
1.3058100000000001	4676812943.8874445
1.30582	4705437399.531795
1.3058299999999998	4725741915.021586
1.30584	4728898581.472981
1.30585	4720304334.301857
1.30586	4735327275.169661
1.30587	4731948398.098455
1.30588	4721934951.242396
1.30589	4712485207.882088
1.3059	4707171266.10417
1.3059100000000001	4581102404.87204
1.30592	4721065218.787864
1.30593	4745369122.104375
1.3059399999999999	4745587659.460362
1.30595	4738708564.948973
1.30596	4727592119.010166
1.30597	4732820135.4933605
1.30598	4743730412.685544
1.30599	4721391349.683779
1.306	4702621228.394329
1.3060100000000001	4744385828.535045
1.3060200000000002	4674982612.98224
1.30603	4708580503.121757
1.3060399999999999	4729007469.640413
1.30605	4753680620.710751
1.30606	4749413692.753318
1.30607	4701971582.139031
1.30608	4571618694.642203
1.30609	4525014758.387897
1.3061	4718891588.444
1.30611	4732820135.4933605
1.3061200000000002	4725197875.195295
1.30613	4674659687.777582
1.3061399999999999	4564886669.923077
1.30615	4568672213.0817
1.30616	4659292764.521997
1.30617	4682523870.577427
1.30618	4729551948.087722
1.30619	4735000181.647367
1.3062	4726721344.562795
1.30621	4710315527.869597
1.3062200000000002	4545063968.679336
1.30623	4639060111.412186
1.30624	4696885790.449235
1.30625	4719978278.491713
1.30626	4737399392.261982
1.30627	4651788920.885571
1.3062799999999999	4701322025.629461
1.30629	4753571164.429581
1.3063	4743621185.513742
1.30631	4571829230.311083
1.3063200000000001	4660687667.632241
1.30633	4731185759.592559
1.30634	4688349722.964958
1.30635	4650503761.666067
1.30636	4692237650.859409
1.30637	4688673593.876408
1.3063799999999999	4727592119.010166
1.30639	4742529052.112218
1.3064	4717805148.587113
1.30641	4692885952.229524
1.3064200000000001	4646757408.248107
1.30643	4696128802.912531
1.30644	4669495917.086651
1.30645	4707171266.10417
1.30646	4641517583.137942
1.30647	4680152451.145969
1.3064799999999999	4706412620.878259
1.30649	4662512401.836361
1.3065	4714221671.441366
1.30651	4709231062.4963045
1.3065200000000001	4598540333.432302
1.30653	4717153404.740599
1.30654	4709664818.68097
1.30655	4654681827.802329
1.30656	4677566817.824576
1.30657	4686838621.153281
1.3065799999999999	4704679033.749655
1.30659	4698183767.26764
1.3066	4721391349.683779
1.30661	4737508476.170049
1.3066200000000001	4700131405.077123
1.30663	4689861311.976829
1.30664	4646115479.331673
1.30665	4715850187.141731
1.30666	4651039201.519696
1.30667	4678213092.204186
1.3066799999999998	4730205404.974612
1.30669	4734891155.49425
1.3067	4727918700.783948
1.30671	4705870806.291098
1.30672	4709014199.38491
1.30673	4702621228.394329
1.30674	4516999058.091241
1.30675	4697751068.478193
1.3067600000000001	4705329054.079055
1.30677	4726503676.01271
1.3067799999999998	4718131054.277558
1.30679	4673798662.946377
1.3068	4664445252.037787
1.30681	4721500064.988801
1.30682	4665089713.480861
1.30683	4686838621.153281
1.30684	4726939023.1371355
1.30685	4711942694.202754
1.3068600000000001	4695047603.777325
1.30687	4670786324.757714
1.3068799999999998	4730641093.056577
1.3068899999999999	4734782131.851523
1.3069	4730532167.274029
1.30691	4726830182.596897
1.30692	4659292764.521997
1.30693	4460360899.093862
1.30694	4600340735.955223
1.30695	4741655526.433492
1.3069600000000001	4728136434.499832
1.30697	4720086961.259192
1.30698	4740673002.362747
1.3069899999999999	4690833305.1147785
1.307	4545063968.679336
1.30701	4682739513.736007
1.30702	4719217569.185663
1.30703	4700564323.113769
1.30704	4667560973.99348
1.30705	4593672188.037003
1.30706	4666808712.677843
1.3070700000000002	4709773263.969528
1.30708	4702621228.394329
1.3070899999999999	4679721413.025632
1.3071	4562154617.407192
1.30711	4703162668.838471
1.30712	4698183767.26764
1.30713	4734128042.710124
1.30714	4725959548.490492
1.30715	4654038804.1624975
1.30716	4640128417.466547
1.3071700000000002	4619447120.074291
1.30718	4642051988.359979
1.30719	4697534734.027907
1.3072	4734782131.851523
1.30721	4655860935.229581
1.30722	4704137418.737598
1.30723	4685543778.681529
1.30724	4706304252.970475
1.30725	4740673002.362747
1.30726	4743839642.372442
1.3072700000000002	4735327275.169661
1.30728	4725741915.021586
1.30729	4703379262.470701
1.3073	4737726651.521598
1.30731	4708363669.969038
1.30732	4693534343.17195
1.3073299999999999	4708038438.962295
1.30734	4723022342.130974
1.30735	4726394845.4966135
1.30736	4715307286.077145
1.3073700000000001	4631695500.194481
1.30738	4664123054.703096
1.30739	4679936927.1232815
1.3074	4604579758.197974
1.30741	4727047866.183531
1.30742	4732820135.4933605
1.3074299999999999	4621042896.150672
1.30744	4510347464.564646
1.30745	4679398160.487551
1.30746	4715307286.077145
1.3074700000000001	4727809837.686057
1.30748	4715090143.151756
1.30749	4662405044.756821
1.3075	4731839442.214443
1.30751	4739363286.956622
1.30752	4695912543.168614
1.3075299999999999	4519287808.180075
1.30754	4668958352.44743
1.30755	4716936176.800282
1.30756	4703270964.407774
1.3075700000000001	4731403643.765525
1.30758	4735872481.253355
1.30759	4712810746.071374
1.3076	4694290912.49743
1.30761	4737072155.607853
1.30762	4736526811.4144945
1.3076299999999998	4678536262.877805
1.30764	4570987145.805633
1.30765	4709231062.4963045
1.30766	4734891155.49425
1.30767	4692345694.868
1.30768	4681661397.24365
1.30769	4717587890.6335535
1.3077	4719978278.491713
1.30771	4706304252.970475
1.30772	4721391349.683779
1.3077299999999998	4699049284.414806
1.30774	4617107645.259852
1.30775	4657254810.915793
1.30776	4605534076.381473
1.30777	4694182823.699084
1.30778	4697751068.478193
1.30779	4705762450.858913
1.3078	4711508728.227662
1.3078100000000001	4689213428.447345
1.30782	4729225253.49711
1.3078299999999998	4734673110.7191305
1.30784	4728245305.117959
1.30785	4700131405.077123
1.30786	4670356149.249772
1.30787	4697642900.007729
1.30788	4718456982.481568
1.30789	4713353359.694625
1.3079	4703920790.191767
1.3079100000000001	4714113123.72562
1.30792	4664767471.629869
1.30793	4716393150.713711
1.3079399999999999	4725633102.045482
1.30795	4722587355.729588
1.30796	4712702230.843011
1.30797	4557220055.886465
1.30798	4636603940.805552
1.30799	4669710960.271985
1.308	4644938839.96341
1.3080100000000001	4671969511.718793
1.3080200000000002	4702188120.918428
1.30803	4711942694.202754
1.3080399999999999	4702404669.670035
1.30805	4659185481.576512
1.30806	4574988429.084081
1.30807	4427820432.280063
1.30808	3023012896.9941807
1.30809	3348960305.715205
1.3081	4512840663.518195
1.30811	4603837647.436881
1.3081200000000002	4528454411.442203
1.30813	4612750875.981929
1.3081399999999999	4673475819.523247
1.30815	4712376700.149431
1.30816	4717153404.740599
1.30817	4709881711.75516
1.30818	4689429379.678542
1.30819	4578887780.945528
1.3082	4592085863.835918
1.30821	4725633102.045482
1.3082200000000002	4719217569.185663
1.30823	4705979164.218306
1.30824	4649968383.45368
1.30825	4660365729.853302
1.30826	4698724696.800782
1.30827	4733583037.450778
1.3082799999999999	4588069627.147023
1.30829	4700672558.853261
1.3083	4737508476.170049
1.30831	4721391349.683779
1.3083200000000001	4712593718.113274
1.30833	4717587890.6335535
1.30834	4702837797.091731
1.30835	4632548768.622123
1.30836	4700564323.113769
1.30837	4700780797.085001
1.3083799999999999	4534819442.973397
1.30839	4670786324.757714
1.3084	4720195646.529216
1.30841	4715741601.928456
1.3084200000000001	4725306678.149816
1.30843	4698075588.834033
1.30844	4657791028.057434
1.30845	4728245305.117959
1.30846	4735654391.287557
1.30847	4737508476.170049
1.3084799999999999	4667883408.819425
1.30849	4542552967.3887005
1.3085	4617426594.77296
1.30851	4555226748.42189
1.3085200000000001	4674982612.98224
1.30853	4731621537.972678
1.30854	4701863316.488749
1.30855	4687054463.018024
1.30856	4693642417.038309
1.30857	4641517583.137942
1.3085799999999999	4589020523.537632
1.30859	4669280883.804212
1.3086	4567935889.466693
1.30861	4600128887.313238
1.3086200000000001	4542134602.065574
1.30863	4547576357.98407
1.30864	4644083289.4104805
1.30865	4697318409.539942
1.30866	4698075588.834033
1.30867	4721282636.88199
1.3086799999999998	4705004032.688911
1.30869	4715090143.151756
1.3087	4717370642.684882
1.30871	4716067365.069225
1.30872	4716718958.863449
1.30873	4728680812.659741
1.30874	4741546347.037162
1.30875	4710966326.963232
1.3087600000000001	4704462380.262123
1.30877	4691697468.132043
1.3087799999999998	4695047603.777325
1.30879	4714547329.58543
1.3088	4710857854.203699
1.30881	4679398160.487551
1.30882	4702079850.282232
1.30883	4671754364.525734
1.30884	4721173926.583358
1.30885	4715958774.855301
1.3088600000000001	4717262022.462228
1.30887	4735218241.485024
1.3088799999999998	4745806206.880618
1.3088899999999999	4740454691.329852
1.3089	4732384246.7234125
1.30891	4738490344.379682
1.30892	4654574651.026363
1.30893	4698183767.26764
1.30894	4620617301.970836
1.30895	4645152752.227491
1.3089600000000001	4690401283.296738
1.30897	4633508883.498615
1.30898	4568146255.532202
1.3089899999999999	4636817469.2245035
1.309	4569513871.121506
1.30901	4632868784.807085
1.30902	4683062997.094546
1.30903	4690293284.059383
1.30904	4611157963.373321
1.30905	4611901254.125031
1.3090600000000001	4706304252.970475
1.3090700000000002	4706304252.970475
1.30908	4684141436.354354
1.3090899999999999	4665519403.909805
1.3091	4692237650.859409
1.30911	4666271457.396655
1.30912	4626366132.107016
1.30913	4567304849.393315
1.30914	4493243968.418854
1.30915	4706520991.281352
1.30916	4718348337.245304
1.3091700000000002	4661760954.188837
1.30918	4693318202.90457
1.3091899999999999	4724762688.429136
1.3092	4705004032.688911
1.30921	4666701256.673248
1.30922	4651253394.722278
1.30923	4627751177.613461
1.30924	4678859455.876052
1.30925	4636710703.785859
1.30926	4524702192.23782
1.3092700000000002	4646864405.023353
1.30928	4679398160.487551
1.30929	4685759560.915218
1.3093	4720195646.529216
1.30931	4720630412.635899
1.30932	4725089074.746027
1.3093299999999999	4690509285.020896
1.30934	4653074435.256772
1.30935	4500595690.581743
1.30936	4493968252.148328
1.3093700000000001	4716501750.929624
1.30938	4733801032.025012
1.30939	4694615193.825907
1.3094	4607337217.067274
1.30941	4638098846.259168
1.30942	4644190224.611136
1.3094299999999999	4558374474.644694
1.30944	4697751068.478193
1.30945	4630415892.225322
1.30946	4719543572.446037
1.3094700000000001	4697859239.439376
1.30948	4597905065.490777
1.30949	4707062880.728136
1.3095	4729660851.29963
1.30951	4711617215.974315
1.30952	4587118927.792783
1.3095299999999999	4617213959.316196
1.30954	4474556538.461709
1.30955	4655003372.937664
1.30956	4713136306.748819
1.3095700000000001	4685220123.962586
1.30958	4660794985.167237
1.30959	4609459462.893826
1.3096	4575936614.342334
1.30961	4651146296.887992
1.30962	4671861936.883777
1.3096299999999998	4681661397.24365
1.30964	4715850187.141731
1.30965	4715958774.855301
1.30966	4699698526.911864
1.3096700000000001	4605534076.381473
1.30968	4605215948.346059
1.30969	4676059191.4506235
1.3097	4660687667.632241
1.30971	4644297162.274096
1.30972	4699265688.614322
1.3097299999999998	4703162668.838471
1.30974	4698291948.192177
1.30975	4623277908.811553
1.30976	4703920790.191767
1.30977	4723674896.857147
1.30978	4713896035.792173
1.30979	4536908285.43999
1.3098	4502150409.738798
1.3098100000000001	4711834198.961794
1.30982	4692885952.229524
1.3098299999999998	4720739110.419516
1.30984	4710749383.941815
1.30985	4711074802.22049
1.30986	4636497180.283524
1.30987	4626259607.316512
1.30988	4630842388.930234
1.30989	4568461822.795508
1.3099	4692994011.1659565
1.3099100000000001	4711942694.202754
1.30992	4688673593.876408
1.3099299999999998	4640769519.182678
1.3099399999999999	4671001427.369868
1.30995	4687809987.826066
1.30996	4677997657.490222
1.30997	4696561352.278917
1.30998	4703379262.470701
1.30999	4729007469.640413
1.31	4707713230.420918
1.3100100000000001	4659400049.937793
1.31002	4701971582.139031
1.31003	4705437399.531795
1.3100399999999999	4681661397.24365
1.31005	4568672213.0817
1.31006	4574777747.93209
1.31007	4655646529.846803
1.31008	4709556375.889427
1.31009	4718239694.510659
1.3101	4702837797.091731
1.31011	4711617215.974315
1.3101200000000002	4708688923.442739
1.31013	4628497143.090866
1.3101399999999999	4607125046.232845
1.31015	4596528952.665
1.31016	4707279653.975897
1.31017	4656718655.504879
1.31018	4641517583.137942
1.31019	4690185287.308755
1.3102	4672830199.576855
1.31021	4658327306.936909
1.3102200000000002	4693426271.794057
1.31023	4537744091.809151
1.31024	4553024633.460014
1.31025	4644297162.274096
1.31026	4646864405.023353
1.31027	4684249293.938568
1.31028	4645580606.309879
1.31029	4699157485.268842
1.3103	4698832890.180824
1.31031	4692561790.3487
1.3103200000000002	4658327306.936909
1.31033	4684680749.111355
1.31034	4592403084.8458805
1.31035	4665089713.480861
1.31036	4724436324.6574545
1.31037	4718456982.481568
1.3103799999999999	4717913781.315852
1.31039	4662512401.836361
1.3104	4685543778.681529
1.31041	4677136017.838922
1.3104200000000001	4670678777.166271
1.31043	4653395869.353528
1.31044	4713896035.792173
1.31045	4720521717.355132
1.31046	4729987575.981311
1.31047	4715415861.289812
1.3104799999999999	4727374410.36036
1.31049	4688133821.452644
1.3105	4707388044.343376
1.31051	4685867455.758538
1.3105200000000001	4685220123.962586
1.31053	4707062880.728136
1.31054	4725741915.021586
1.31055	4710966326.963232
1.31056	4658756374.49651
1.31057	4695155712.488196
1.3105799999999999	4708797346.260221
1.31059	4682739513.736007
1.3106	4687378244.453015
1.31061	4705004032.688911
1.3106200000000001	4702729511.496361
1.31063	4715524439.002544
1.31064	4687809987.826066
1.31065	4612857089.718818
1.31066	4694831393.823322
1.31067	4716067365.069225
1.3106799999999998	4593249114.6764555
1.31069	4561104263.41691
1.3107	4664767471.629869
1.31071	4659507337.823974
1.31072	4702837797.091731
1.31073	4626259607.316512
1.31074	4636283666.614064
1.31075	4702296394.047677
1.3107600000000001	4640769519.182678
1.31077	4679074930.2781925
1.3107799999999998	4576779610.657558
1.31079	4623065003.898044
1.3108	4635856668.772054
1.31081	4272282871.684138
1.31082	4579731320.935804
1.31083	4690077293.044834
1.31084	4707388044.343376
1.31085	4677782232.697184
1.3108600000000001	4659400049.937793
1.31087	4686838621.153281
1.3108799999999998	4697859239.439376
1.3108899999999999	4640983239.43804
1.3109	4727047866.183531
1.31091	4708472085.297195
1.31092	4696885790.449235
1.31093	4711291760.228318
1.31094	4642693355.845608
1.31095	4486420743.836892
1.3109600000000001	4608504331.326327
1.31097	4701105526.734308
1.31098	4678643991.396645
1.3109899999999999	4673045396.315108
1.311	4702946085.180518
1.31101	4694399003.78466
1.31102	4669926013.360634
1.31103	4695912543.168614
1.31104	4675951522.448336
1.31105	4611476501.882768
1.3110600000000001	4693858572.236665
1.3110700000000002	4721717503.108776
1.31108	4709447935.594825
1.3110899999999999	4694831393.823322
1.3111	4699265688.614322
1.31111	4705762450.858913
1.31112	4698400131.607719
1.31113	4697642900.007729
1.31114	4666701256.673248
1.31115	4649433066.875441
1.31116	4707496437.206684
1.3111700000000002	4720847810.706
1.31118	4677351412.871981
1.3111899999999999	4706846117.462903
1.3112	4707171266.10417
1.31121	4715198713.364485
1.31122	4675628530.316094
1.31123	4686406967.242288
1.31124	4664015660.53735
1.31125	4692885952.229524
1.31126	4683278665.081391
1.3112700000000002	4695696293.383578
1.31128	4697426570.53867
1.31129	4686838621.153281
1.3113	4713353359.694625
1.31131	4714873010.225958
1.31132	4659936514.07344
1.3113299999999999	4683602185.684473
1.31134	4657898278.894072
1.31135	4645045794.864073
1.31136	4681984806.125969
1.3113700000000001	4666593803.14289
1.31138	4705220711.121033
1.31139	4694507097.560793
1.3114	4707604832.565839
1.31141	4705437399.531795
1.31142	4703270964.407774
1.3114299999999999	4628497143.090866
1.31144	4561314314.8671875
1.31145	4461285327.322821
1.31146	4657791028.057434
1.3114700000000001	4690941316.78672
1.31148	4714438774.371214
1.31149	4698724696.800782
1.3115	4687702048.254788
1.31151	4675413214.622863
1.31152	4703054375.762739
1.3115299999999999	4647399425.856444
1.31154	4594306871.14448
1.31155	4645473639.09487
1.31156	4653931642.192528
1.3115700000000001	4474865640.55308
1.31158	4528767236.795335
1.31159	4628390569.232605
1.3116	4690833305.1147785
1.31161	4672830199.576855
1.31162	4429859988.533561
1.3116299999999999	4639594233.691047
1.31164	4686514876.99286
1.31165	4685004366.570315
1.31166	4704570705.758731
1.3116700000000001	4692021570.305542
1.31168	4634896067.408188
1.31169	4658220046.22165
1.3117	4692561790.3487
1.31171	4596740635.520051
1.31172	4703054375.762739
1.3117299999999998	4671754364.525734
1.31174	4631162287.238574
1.31175	4695480053.557004
1.31176	4716067365.069225
1.31177	4680475755.790384
1.31178	4492312918.001933
1.31179	4632015457.435713
1.3118	4681769197.7221775
1.3118100000000001	4677028324.042055
1.31182	4685651668.556222
1.3118299999999998	4680367985.094115
1.31184	4681661397.24365
1.31185	4663263970.612678
1.31186	4657147574.895384
1.31187	4465293397.438584
1.31188	4500181189.488664
1.31189	4669603437.44144
1.3119	4689753325.17263
1.3119100000000001	4652645890.999016
1.31192	4634149070.629156
1.3119299999999998	4663263970.612678
1.3119399999999999	4654145968.599992
1.31195	4524702192.23782
1.31196	4571829230.311083
1.31197	4579098651.37591
1.31198	4538371047.630819
1.31199	4687917929.882753
1.312	4678320813.281642
1.3120100000000001	4661331609.909965
1.31202	4589231860.608782
1.31203	4641731337.843697
1.3120399999999999	4684465016.557641
1.31205	4695155712.488196
1.31206	4682847339.03937
1.31207	4691049330.945752
1.31208	4683494343.000323
1.31209	4645473639.09487
1.3121	4666056572.602653
1.31211	4633082141.211786
1.3121200000000002	4677459114.108308
1.31213	4667990892.044392
1.3121399999999999	4653824482.690005
1.31215	4657147574.895384
1.31216	4667668449.794025
1.31217	4643548650.33973
1.31218	4572355611.9031315
1.31219	4647934508.289631
1.3122	4654896188.757914
1.31221	4607018964.479636
1.3122200000000002	4601823949.648363
1.31223	4643762498.581738
1.31224	4639487404.315773
1.31225	4657576533.792644
1.31226	4628923463.064314
1.31227	4608822686.523017
1.31228	4621255707.940534
1.31229	4621042896.150672
1.3123	4628710298.16939
1.31231	4614981878.126052
1.3123200000000002	4624342580.461079
1.31233	4644617990.037372
1.31234	4588175272.570593
1.31235	4595999788.174446
1.31236	4582895980.165382
1.31237	4554492591.785095
1.3123799999999999	4586590846.609017
1.31239	4576358093.089239
1.3124	4579625869.939167
1.31241	4527516065.027582
1.3124200000000001	4579414975.230032
1.31243	4585957229.436071
1.31244	4556380662.242569
1.31245	4512113338.160538
1.31246	4525014758.387897
1.31247	4497280750.545825
1.3124799999999999	4383489796.709588
1.31249	4456357256.4137745
1.3125	4472599387.646212
1.31251	4453074900.454843
1.3125200000000001	4430880118.933268
1.31253	4375825552.465311
1.31254	4400276833.456969
1.31255	4381774261.591176
1.31256	4350207772.389442
1.31257	4311218160.437424
1.3125799999999999	4258140625.9333744
1.31259	4185043726.6692767
1.3126	4145720317.867251
1.31261	4096189122.8729644
1.3126200000000001	4016058219.4116645
1.31263	3913542008.880052
1.31264	3796033181.6512456
1.31265	3694877122.539326
1.31266	3535574557.5563498
1.31267	3319938204.032632
1.3126799999999998	3006976264.3597803
1.31269	2165309593.203737
1.3127	1719016320.7429495
1.31271	2208309801.218793
1.31272	3027610480.9231277
1.31273	3328664313.658642
1.31274	3518924913.517231
1.31275	3667921226.1203732
1.31276	3771985373.330252
1.31277	3925997330.829493
1.3127799999999998	3988962926.6182327
1.31279	4065275662.2482567
1.3128	4138471797.953175
1.31281	4188707168.4924417
1.31282	4252947287.9766483
1.31283	4298926302.808336
1.31284	4344702061.439004
1.31285	4348705523.298388
1.3128600000000001	4378546840.172589
1.31287	4413773064.344951
1.3128799999999998	4427004872.732429
1.31289	4478576531.586377
1.3129	4456767720.987586
1.31291	4404635756.102745
1.31292	4495624196.254693
1.31293	4507440473.294492
1.31294	4541402555.463379
1.31295	4551871569.561298
1.3129600000000001	4545691935.849245
1.31297	4552814963.754883
1.31298	4432921084.549033
1.3129899999999999	4584901395.322773
1.313	4557534868.36857
1.31301	4501010229.85356
1.31302	4534506199.563095
1.31303	4460566311.033933
1.31304	4502357746.201249
1.31305	4569513871.121506
1.3130600000000001	4338404081.452292
1.3130700000000002	4519600000.304815
1.31308	4572039775.675693
1.3130899999999999	4620617301.970836
1.3131	4603731641.3779545
1.31311	4593460646.485927
1.31312	4633828966.008255
1.31313	4644511044.987165
1.31314	4586062826.219346
1.31315	4643014072.818034
1.31316	4585323699.794545
1.3131700000000002	4437618873.9171295
1.31318	4594306871.14448
1.3131899999999999	4623384364.945121
1.3132	4635322976.771468
1.31321	4490968407.983606
1.31322	4588175272.570593
1.31323	4657576533.792644
1.31324	4662512401.836361
1.31325	4650610844.705262
1.31326	4638312443.522645
1.3132700000000002	4640021575.79138
1.31328	4671861936.883777
1.31329	4671108982.390712
1.3133	4655003372.937664
1.31331	4465704685.099286
1.31332	4563625519.365796
1.3133299999999999	4657683779.6903105
1.31334	4677136017.838922
1.31335	4681877000.682932
1.31336	4675090259.674325
1.3133700000000001	4659078201.101279
1.31338	4570145216.403596
1.31339	4643655573.229725
1.3134	4663908268.844398
1.31341	4657469290.364376
1.31342	4677136017.838922
1.3134299999999999	4582157364.134744
1.31344	4613813123.413462
1.31345	4576884996.115899
1.31346	4682847339.03937
1.3134700000000001	4679829168.8338585
1.31348	4587013306.69217
1.31349	4670463689.412348
1.3135	4682847339.03937
1.31351	4675520871.230013
1.31352	4676274536.892872
1.3135299999999999	4684680749.111355
1.31354	4684680749.111355
1.31355	4656825881.648941
1.31356	4642158876.787662
1.3135700000000001	4696020671.795681
1.31358	4682955166.82553
1.31359	4569513871.121506
1.3136	4627005332.361814
1.31361	4665304553.74833
1.31362	4682739513.736007
1.3136299999999999	4477442321.839701
1.31364	4624768517.767526
1.31365	4626685721.195807
1.31366	4555751218.472539
1.3136700000000001	4659507337.823974
1.31368	4677889943.853619
1.31369	4657898278.894072
1.3137	4573619175.007396
1.31371	4570250449.097623
1.31372	4619021672.864095
1.3137299999999998	4581313377.291952
1.31374	4625407497.288519
1.31375	4662297690.14926
1.31376	4645794548.129073
1.31377	4625940047.661607
1.31378	4560474167.102357
1.31379	4612750875.981929
1.3138	4614025602.252337
1.3138100000000001	4558794335.784245
1.31382	4474659570.119729
1.3138299999999998	4327728425.3271675
1.31384	4080374266.8966913
1.31385	3527036873.221136
1.31386	3719546564.9087825
1.31387	4211918897.0410614
1.31388	4415907828.921441
1.31389	4512009444.107567
1.3139	4513568106.11628
1.3139100000000001	4557534868.36857
1.31392	4624768517.767526
1.3139299999999998	4605958281.280915
1.3139399999999999	4602459759.041145
1.31395	4632335436.779572
1.31396	4660687667.632241
1.31397	4637244555.5636
1.31398	4682523870.577427
1.31399	4681984806.125969
1.314	4671646794.6446085
1.3140100000000001	4663156596.227845
1.31402	4678967191.836752
1.31403	4574145762.686326
1.3140399999999999	4422420148.462155
1.31405	4620298132.059096
1.31406	4673583431.5197315
1.31407	4651681810.720481
1.31408	4539416166.502031
1.31409	4681014646.496
1.3141	4697534734.027907
1.3141100000000001	4683278665.081391
1.3141200000000002	4623065003.898044
1.31413	4674121528.671512
1.3141399999999999	4584479129.744888
1.31415	4619659858.374257
1.31416	4606064338.610711
1.31417	4666056572.602653
1.31418	4651253394.722278
1.31419	4674659687.777582
1.3142	4572671469.948518
1.31421	4543808294.580204
1.3142200000000002	4653181577.488596
1.31423	4590288691.963369
1.3142399999999999	4650289602.984549
1.31425	4652753023.36313
1.31426	4686838621.153281
1.31427	4682200424.459142
1.31428	4571408168.668646
1.31429	4445186635.839935
1.3143	4612644664.690693
1.31431	4686191155.195141
1.3143200000000002	4698724696.800782
1.31433	4581102404.87204
1.31434	4599599308.388749
1.31435	4664337850.4532585
1.31436	4550718797.678669
1.31437	4455433849.336239
1.3143799999999999	4527620316.137805
1.31439	4675305560.494571
1.3144	4694399003.78466
1.31441	4654467476.718205
1.3144200000000001	4537535125.782765
1.31443	4552814963.754883
1.31444	4670463689.412348
1.31445	4684141436.354354
1.31446	4664015660.53735
1.31447	4628603719.403109
1.3144799999999999	4648683727.19775
1.31449	4667883408.819425
1.3145	4682955166.82553
1.31451	4707713230.420918
1.3145200000000001	4701538534.495007
1.31453	4529080083.75844
1.31454	4685867455.758538
1.31455	4690941316.78672
1.31456	4542762164.500553
1.31457	4519704069.138832
1.3145799999999999	4683817878.502441
1.31459	4638632857.861917
1.3146	4656075350.486338
1.31461	4698291948.192177
1.3146200000000001	4703920790.191767
1.31463	4641945102.393464
1.31464	4619659858.374257
1.31465	4643334811.94555
1.31466	4677243714.115538
1.31467	4697210251.031703
1.3146799999999998	4693966653.568759
1.31469	4684033581.253641
1.3147	4647720467.92388
1.31471	4604261696.082248
1.31472	4651039201.519696
1.31473	4657898278.894072
1.31474	4643762498.581738
1.31475	4670678777.166271
1.31476	4592826080.280611
1.31477	4465396215.8024435
1.3147799999999998	4579309531.51744
1.31479	4658327306.936909
1.3148	4669388399.2076
1.31481	4615194410.789292
1.31482	4607867686.902725
1.31483	4646757408.248107
1.31484	4679398160.487551
1.31485	4678213092.204186
1.3148600000000001	4676489892.252355
1.31487	4641838218.888043
1.3148799999999998	4677136017.838922
1.31489	4676812943.8874445
1.3149	4615938352.191894
1.31491	4630096045.474323
1.31492	4656289775.617491
1.31493	4650289602.984549
1.31494	4663693492.876744
1.31495	4663478726.799663
1.3149600000000001	4636390422.21972
1.31497	4658434570.1219845
1.31498	4671646794.6446085
1.3149899999999999	4662727123.411509
1.315	4652860158.194086
1.31501	4595576500.443877
1.31502	4580680489.177994
1.31503	4654574651.026363
1.31504	4647399425.856444
1.31505	4572039775.675693
1.3150600000000001	4657576533.792644
1.3150700000000002	4642586455.111232
1.31508	4506091435.730979
1.3150899999999999	4461182603.614577
1.3151	4599705219.296097
1.31511	4574251087.497377
1.31512	4595682318.721582
1.31513	4617320275.82054
1.31514	4630949019.244381
1.31515	4601717989.956008
1.31516	4591874395.336071
1.3151700000000002	4583951352.461611
1.31518	4603095656.280291
1.3151899999999999	4592191601.737821
1.3152	4590077306.224458
1.31521	4552814963.754883
1.31522	4573935120.339644
1.31523	4551137953.67186
1.31524	4508167045.414599
1.31525	4514919382.051859
1.31526	4502150409.738798
1.3152700000000002	4488177249.736698
1.31528	4499455904.432706
1.31529	4475690017.192015
1.3153	4428534170.131511
1.31531	4412553662.251925
1.31532	4382379667.895931
1.3153299999999999	4344501985.121971
1.31534	4307844319.396849
1.31535	4242481918.243379
1.31536	4135328361.834215
1.3153700000000002	4048274939.1227827
1.31538	3941395351.1118083
1.31539	3803470042.9839225
1.3154	3663869529.2292523
1.31541	3418928354.3797164
1.31542	2918569233.6134
1.3154299999999999	1968294142.272758
1.31544	1965214681.716253
1.31545	2909912968.3075957
1.31546	3409651562.156712
1.3154700000000001	3658221518.22148
1.31548	3843527564.217848
1.31549	3956124951.1734033
1.3155	4071270890.2193503
1.31551	4158148545.6158004
1.31552	4221628372.86354
1.3155299999999999	4284991847.657464
1.31554	4323545163.996741
1.31555	4346303003.7174
1.31556	4319564865.016126
1.3155700000000001	4420892962.406708
1.31558	4427310689.957663
1.31559	4449590046.221832
1.3156	4454305500.526757
1.31561	4512528938.2957535
1.31562	4533670989.580797
1.3156299999999999	4534401789.901372
1.31564	4489210809.728116
1.31565	4524806378.555481
1.31566	4570145216.403596
1.3156700000000001	4570460921.754997
1.31568	4432716945.689394
1.31569	4529080083.75844
1.3157	4429859988.533561
1.31571	4479195312.5428295
1.31572	4618170895.990088
1.3157299999999998	4635002791.062804
1.31574	4644617990.037372
1.31575	4652538761.101687
1.31576	4643655573.229725
1.31577	4648148558.512514
1.31578	4611582686.275752
1.31579	4620936493.930814
1.3158	4540356979.26186
1.3158100000000001	4539729749.092549
1.31582	4647185410.131582
1.3158299999999998	4602565735.813561
1.31584	4554597464.059953
1.31585	4609459462.893826
1.31586	4661116952.599108
1.31587	4678213092.204186
1.31588	4645045794.864073
1.31589	4521577717.971825
1.3159	4587963984.155982
1.3159100000000001	4576463468.841666
1.31592	4670893874.825562
1.3159299999999998	4635002791.062804
1.3159399999999999	4497902115.7641325
1.31595	4654681827.802329
1.31596	4668205865.919167
1.31597	4651574703.021665
1.31598	4647827486.87463
1.31599	4662619761.387898
1.316	4638953294.335392
1.3160100000000001	4659507337.823974
1.31602	4688889520.246732
1.31603	4681338010.700835
1.3160399999999999	4631482207.645488
1.31605	4662190338.013601
1.31606	4643334811.94555
1.31607	4445288991.223169
1.31608	4573197948.512571
1.31609	4679398160.487551
1.3161	4689105456.561044
1.3161100000000001	4645901522.73339
1.3161200000000002	4668635843.369574
1.31613	4677782232.697184
1.3161399999999999	4669280883.804212
1.31615	4657254810.915793
1.31616	4669495917.086651
1.31617	4598328567.69999
1.31618	4541297987.009021
1.31619	4636283666.614064
1.3162	4659078201.101279
1.31621	4622639223.483778
1.3162200000000002	4596528952.665
1.31623	4622213482.283531
1.3162399999999999	4683386502.799315
1.31625	4651146296.887992
1.31626	4640128417.466547
1.31627	4567304849.393315
1.31628	4641410709.476421
1.31629	4675090259.674325
1.3163	4685435891.291063
1.31631	4643869426.395847
1.3163200000000002	4661224280.018869
1.31633	4622319913.907472
1.31634	4648897811.9242525
1.31635	4638526050.622886
1.31636	4640876378.080095
1.31637	4646971404.2623005
1.3163799999999999	4651896033.517011
1.31639	4608716565.680644
1.3164	4673798662.946377
1.31641	4675951522.448336
1.3164200000000001	4612113644.9170265
1.31643	4624875008.224029
1.31644	4663800879.624222
1.31645	4686730703.948309
1.31646	4688565634.420114
1.31647	4678859455.876052
1.3164799999999999	4688349722.964958
1.31649	4694615193.825907
1.3165	4693534343.17195
1.31651	4613813123.413462
1.3165200000000001	4630415892.225322
1.31653	4662082988.349789
1.31654	4655753731.303975
1.31655	4690833305.1147785
1.31656	4700564323.113769
1.31657	4654145968.599992
1.3165799999999999	4682092614.051347
1.31659	4515439211.278317
1.3166	4573513864.7465
1.31661	4599387493.889959
1.3166200000000001	4636817469.2245035
1.31663	4641624459.260348
1.31664	4643334811.94555
1.31665	4669280883.804212
1.31666	4681877000.682932
1.31667	4666808712.677843
1.3166799999999999	4661868296.437454
1.31669	4636924237.12156
1.3167	4674982612.98224
1.31671	4685004366.570315
1.3167200000000001	4687809987.826066
1.31673	4544331449.957096
1.31674	4525118951.902742
1.31675	4671431662.312859
1.31676	4652967295.491961
1.31677	4653074435.256772
1.3167799999999998	4682631690.915366
1.31679	4651574703.021665
1.3168	4681445803.733027
1.31681	4686622789.228175
1.31682	4575409820.495874
1.31683	4686191155.195141
1.31684	4678751722.396034
1.31685	4662619761.387898
1.3168600000000001	4646008499.800899
1.31687	4692777895.781211
1.3168799999999998	4694074737.389546
1.31689	4667775928.069322
1.3169	4682739513.736007
1.31691	4679290414.603545
1.31692	4676166862.93213
1.31693	4697102095.013877
1.31694	4687809987.826066
1.31695	4679074930.2781925
1.3169600000000001	4688025874.424928
1.31697	4676166862.93213
1.3169799999999998	4674121528.671512
1.3169899999999999	4685975353.086257
1.317	4457588763.559468
1.31701	4591451487.550727
1.31702	4499248701.601929
1.31703	4506195193.515202
1.31704	4602989667.306144
1.31705	4610520952.3622265
1.3170600000000001	4581629854.139223
1.31707	4644724937.550107
1.31708	4619872606.471428
1.3170899999999999	4670141076.35309
1.3171	4666164013.762677
1.31711	4664552656.095377
1.31712	4640876378.080095
1.31713	4527411816.317784
1.31714	4532522827.036663
1.31715	4564361148.175254
1.31716	4575725889.525804
1.3171700000000002	4634255777.083338
1.31718	4673260602.963748
1.3171899999999999	4658541835.7768955
1.3172	4636924237.12156
1.31721	4609884029.351377
1.31722	4576884996.115899
1.31723	4648148558.512514
1.31724	4658434570.1219845
1.31725	4691805499.702322
1.31726	4666916171.156733
1.3172700000000002	4642907164.698962
1.31728	4656289775.617491
1.31729	4682416052.7221155
1.3173	4647934508.289631
1.31731	4587013306.69217
1.31732	4628710298.16939
1.31733	4654145968.599992
1.31734	4669818485.578364
1.31735	4647613451.437303
1.31736	4656289775.617491
1.3173700000000002	4682200424.459142
1.31738	4590711492.64635
1.31739	4580469545.902966
1.3174	4653717325.654912
1.31741	4660473039.97534
1.31742	4658756374.49651
1.3174299999999999	4675736191.881128
1.31744	4595999788.174446
1.31745	4621894202.115388
1.31746	4674874968.768802
1.3174700000000001	4680691304.62762
1.31748	4597375742.578499
1.31749	4562469770.768504
1.3175	4647613451.437303
1.31751	4626259607.316512
1.31752	4664015660.53735
1.3175299999999999	4696885790.449235
1.31754	4659721921.007623
1.31755	4652431633.671087
1.31756	4685328006.3847685
1.3175700000000001	4671324099.862141
1.31758	4686299059.976399
1.31759	4684896491.60013
1.3176	4664337850.4532585
1.31761	4689213428.447345
1.31762	4687917929.882753
1.3176299999999999	4678751722.396034
1.31764	4675090259.674325
1.31765	4686299059.976399
1.31766	4678967191.836752
1.3176700000000001	4686406967.242288
1.31768	4571408168.668646
1.31769	4443344641.900615
1.3177	4639914736.576304
1.31771	4679074930.2781925
1.31772	4680152451.145969
1.3177299999999998	4688997487.160858
1.31774	4661224280.018869
1.31775	4657791028.057434
1.31776	4608822686.523017
1.31777	4672292251.086272
1.31778	4677136017.838922
1.31779	4643120983.398786
1.3178	4600552594.353442
1.31781	4600340735.955223
1.31782	4673045396.315108
1.3178299999999998	4677674524.020862
1.31784	4584584692.493267
1.31785	4614025602.252337
1.31786	4673691045.994082
1.31787	4454510633.59898
1.31788	4537848578.431106
1.31789	4668420849.694062
1.3179	4637778468.806836
1.3179100000000001	4608398217.81427
1.31792	4614981878.126052
1.3179299999999998	4675520871.230013
1.31794	4595259060.229684
1.31795	4563835686.926875
1.31796	4655860935.229581
1.31797	4669173370.876428
1.31798	4563730601.936504
1.31799	4663908268.844398
1.318	4601612032.703436
1.3180100000000001	4573197948.512571
1.31802	4522202440.172119
1.31803	4529810144.052768
1.3180399999999999	4572776760.812334
1.31805	4342101787.860286
1.31806	4448872914.837629
1.31807	4655003372.937664
1.31808	4625300994.571143
1.31809	4613919361.609782
1.3181	4650075454.1651945
1.3181100000000001	4655753731.303975
1.3181200000000002	4640662662.745768
1.31813	4612326045.490205
1.3181399999999999	4657469290.364376
1.31815	4529810144.052768
1.31816	4427310689.957663
1.31817	4611795062.396818
1.31818	4647185410.131582
1.31819	4598752108.916994
1.3182	4603519636.582599
1.31821	4678428536.839496
1.3182200000000002	4688025874.424928
1.31823	4683278665.081391
1.3182399999999999	4672722604.923997
1.31825	4656289775.617491
1.31826	4664660062.626046
1.31827	4533566599.150273
1.31828	4661760954.188837
1.31829	4625514002.458219
1.3183	4581524359.427728
1.31831	4641303838.275711
1.3183200000000002	4664123054.703096
1.31833	4683170829.846494
1.31834	4700780797.085001
1.31835	4678536262.877805
1.31836	4661760954.188837
1.31837	4659185481.576512
1.3183799999999999	4638632857.861917
1.31839	4671108982.390712
1.3184	4663371347.469924
1.31841	4672507423.050493
1.3184200000000001	4645045794.864073
1.31843	4632548768.622123
1.31844	4590182997.87708
1.31845	4613706887.663357
1.31846	4499559509.426415
1.31847	4656075350.486338
1.3184799999999999	4679505908.852527
1.31849	4669603437.44144
1.3185	4652753023.36313
1.31851	4666164013.762677
1.3185200000000001	4681661397.24365
1.31853	4675090259.674325
1.31854	4685759560.915218
1.31855	4678859455.876052
1.31856	4670463689.412348
1.31857	4692777895.781211
1.3185799999999999	4704354057.259754
1.31859	4676274536.892872
1.3186	4645901522.73339
1.31861	4652431633.671087
1.3186200000000001	4638632857.861917
1.31863	4657576533.792644
1.31864	4644404102.399432
1.31865	4602035876.352671
1.31866	4531583637.600817
1.31867	4434452425.688208
1.3186799999999999	4642907164.698962
1.31869	4623277908.811553
1.3187	4621574944.001557
1.31871	4692885952.229524
1.3187200000000001	4682631690.915366
1.31873	4637031007.477048
1.31874	4667775928.069322
1.31875	4668420849.694062
1.31876	4644724937.550107
1.31877	4585640453.674648
1.3187799999999998	4635749925.456384
1.31879	4650289602.984549
1.3188	4655324940.285297
1.31881	4638098846.259168
1.31882	4575936614.342334
1.31883	4473835383.278677
1.31884	4643441729.911697
1.31885	4631802150.152465
1.3188600000000001	4537012752.81657
1.31887	4618277234.528967
1.3188799999999998	4642372661.026778
1.31889	4660365729.853302
1.3189	4667238561.439755
1.31891	4688349722.964958
1.31892	4685328006.3847685
1.31893	4678213092.204186
1.31894	4638312443.522645
1.31895	4567304849.393315
1.3189600000000001	4625833532.681966
1.31897	4631588852.692173
1.3189799999999998	4602353784.708887
1.3189899999999999	4610627114.752616
1.319	4658005532.200297
1.31901	4676166862.93213
1.31902	4641624459.260348
1.31903	4591345766.690387
1.31904	4636817469.2245035
1.31905	4659400049.937793
1.3190600000000001	4616895024.490937
1.31907	4582262873.42186
1.31908	4644511044.987165
1.3190899999999999	4679505908.852527
1.3191	4676705257.529565
1.31911	4638953294.335392
1.31912	4666056572.602653
1.31913	4675413214.622863
1.31914	4685220123.962586
1.31915	4673260602.963748
1.31916	4658327306.936909
1.3191700000000002	4682416052.7221155
1.31918	4674874968.768802
1.3191899999999999	4667775928.069322
1.3192	4625727020.154877
1.31921	4671969511.718793
1.31922	4635322976.771468
1.31923	4690185287.308755
1.31924	4657254810.915793
1.31925	4689105456.561044
1.31926	4698508317.514286
1.3192700000000002	4677674524.020862
1.31928	4640555808.76929
1.31929	4657898278.894072
1.3193	4679182671.200451
1.31931	4669280883.804212
1.31932	4680044687.89396
1.31933	4671431662.312859
1.31934	4643976356.67207
1.31935	4674659687.777582
1.31936	4674229155.536151
1.3193700000000002	4659721921.007623
1.31938	4687594111.168901
1.31939	4635322976.771468
1.3194	4637244555.5636
1.31941	4561944527.260463
1.31942	4579414975.230032
1.3194299999999999	4622958555.1179695
1.31944	4651574703.021665
1.31945	4572250330.736516
1.31946	4552186012.570295
1.3194700000000001	4364354304.578173
1.31948	4576674227.62578
1.31949	4674336784.879018
1.3195	4641410709.476421
1.31951	4602459759.041145
1.31952	4598858000.316628
1.3195299999999999	4660902305.173339
1.31954	4643227896.441272
1.31955	4666486352.086714
1.31956	4645580606.309879
1.3195700000000001	4658434570.1219845
1.31958	4684141436.354354
1.31959	4674013904.285025
1.3196	4626898792.853369
1.31961	4638632857.861917
1.31962	4637564896.133237
1.3196299999999999	4622319913.907472
1.31964	4626153084.978823
1.31965	4490348000.626242
1.31966	4564361148.175254
1.3196700000000001	4465601859.63274
1.31968	4607231130.428706
1.31969	4574040440.300421
1.3197	4626685721.195807
1.31971	4691697468.132043
1.31972	4692129609.338616
1.3197299999999998	4669280883.804212
1.31974	4497280750.545825
1.31975	4674874968.768802
1.31976	4663800879.624222
1.31977	4655324940.285297
1.31978	4674229155.536151
1.31979	4669065860.424192
1.3198	4655432134.33753
1.31981	4633615575.211774
1.31982	4525327346.130006
1.3198299999999998	4602353784.708887
1.31984	4649004857.984662
1.31985	4645794548.129073
1.31986	4624768517.767526
1.31987	4639594233.691047
1.31988	4661653614.411839
1.31989	4642586455.111232
1.3199	4647934508.289631
1.3199100000000001	4654467476.718205
1.31992	4665519403.909805
1.3199299999999998	4684680749.111355
1.31994	4674982612.98224
1.31995	4673691045.994082
1.31996	4689213428.447345
1.31997	4687378244.453015
1.31998	4686946540.843167
1.31999	4679290414.603545
1.32	4692561790.3487
1.3200100000000001	4689105456.561044
1.32002	4667775928.069322
1.32003	4558269515.401936
1.3200399999999999	4617001333.651451
1.32005	4626153084.978823
1.32006	4554387721.924964
1.32007	4647506437.414843
1.32008	4542866766.669231
1.32009	4549775837.834145
1.3201	4632655438.227566
1.3201100000000001	4629989434.800399
1.3201200000000002	4620936493.930814
1.32013	4651896033.517011
1.3201399999999999	4516479049.291118
1.32015	4667346029.816393
1.32016	4666271457.396655
1.32017	4590500087.437197
1.32018	4607761588.04976
1.32019	4656718655.504879
1.3202	4549461561.308371
1.32021	4345102241.7157135
1.3202200000000002	4637244555.5636
1.32023	4684357154.006306
1.3202399999999999	4688241770.965982
1.32025	4578993214.946842
1.32026	4528037344.58425
1.32027	4661009627.650623
1.32028	4662834487.90725
1.32029	4633402194.242095
1.3203	4596740635.520051
1.32031	4631162287.238574
1.3203200000000002	4638739667.560304
1.32033	4407273478.233666
1.32034	4632655438.227566
1.32035	4611051788.75983
1.32036	4559739164.749739
1.32037	4518975637.62004
1.3203799999999999	4579520421.370583
1.32039	4606700733.875328
1.3204	4666486352.086714
1.32041	4674336784.879018
1.3204200000000001	4669065860.424192
1.32043	4641090103.256586
1.32044	4583634715.2564745
1.32045	4617958226.257795
1.32046	4555331637.601524
1.32047	3977406691.0502853
1.3204799999999999	3550503948.810362
1.32049	4374717364.639032
1.3205	4542657564.7404
1.32051	4560264154.341423
1.3205200000000001	4644404102.399432
1.32053	4650717930.210164
1.32054	4602565735.813561
1.32055	4605321988.58281
1.32056	4649004857.984662
1.32057	4641731337.843697
1.3205799999999999	4660473039.97534
1.32059	4682308237.349372
1.3206	4666808712.677843
1.32061	4651896033.517011
1.3206200000000001	4640128417.466547
1.32063	4613600654.359391
1.32064	4657469290.364376
1.32065	4675520871.230013
1.32066	4667990892.044392
1.32067	4664767471.629869
1.3206799999999999	4673045396.315108
1.32069	4671001427.369868
1.3207	4599917048.427018
1.32071	4670248611.563373
1.3207200000000001	4679613659.698547
1.32073	4665197132.377875
1.32074	4556275748.908509
1.32075	4658112787.976131
1.32076	4604579758.197974
1.32077	4593249114.6764555
1.3207799999999998	4608610447.281767
1.32079	4614131845.341202
1.3208	4651039201.519696
1.32081	4667883408.819425
1.32082	4671969511.718793
1.32083	4663263970.612678
1.32084	4675305560.494571
1.32085	4633722269.381629
1.3208600000000001	4521994189.848761
1.32087	4620404519.579978
1.3208799999999998	4423438565.578137
1.32089	4518455401.270888
1.3209	4615513228.13628
1.32091	4581840850.849631
1.32092	4519704069.138832
1.32093	4590605788.824827
1.32094	4617320275.82054
1.32095	4658756374.49651
1.3209600000000001	4665197132.377875
1.32097	4653610171.087173
1.3209799999999998	4676274536.892872
1.3209899999999999	4621468529.530986
1.321	4638632857.861917
1.32101	4650717930.210164
1.32102	4628497143.090866
1.32103	4494278695.19969
1.32104	4537430646.378242
1.32105	4648897811.9242525
1.3210600000000001	4673260602.963748
1.32107	4663263970.612678
1.32108	4619553487.999653
1.3210899999999999	4617107645.259852
1.3211	4634362485.994575
1.32111	4654789007.046161
1.32112	4666916171.156733
1.32113	4665197132.377875
1.32114	4667346029.816393
1.32115	4607231130.428706
1.3211600000000001	4518975637.62004
1.3211700000000002	4611264140.431599
1.32118	4652003148.614819
1.3211899999999999	4652967295.491961
1.3212	4671108982.390712
1.32121	4661546277.106401
1.32122	4587858343.597451
1.32123	4648255587.320528
1.32124	4649004857.984662
1.32125	4623703748.05362
1.32126	4661331609.909965
1.3212700000000002	4654360304.877779
1.32128	4625514002.458219
1.3212899999999999	4563100142.804938
1.3213	4603307641.550181
1.32131	4650503761.666067
1.32132	4509724380.076608
1.32133	4427718479.120614
1.32134	4629989434.800399
1.32135	4659292764.521997
1.32136	4622958555.1179695
1.3213700000000002	4622319913.907472
1.32138	4669495917.086651
1.32139	4678751722.396034
1.3214	4631268924.918735
1.32141	4646436432.70418
1.32142	4652324508.70714
1.3214299999999999	4607655491.639802
1.32144	4577306562.216016
1.32145	4655860935.229581
1.32146	4557954652.173983
1.3214700000000001	4595999788.174446
1.32148	4634575911.188341
1.32149	4630629135.667544
1.3215	4673906282.376673
1.32151	4666808712.677843
1.32152	4680260216.879329
1.3215299999999999	4678428536.839496
1.32154	4641196969.53579
1.32155	4446722214.082124
1.32156	4522410700.085961
1.3215700000000001	4634682627.471003
1.32158	4651467597.789067
1.32159	4610733279.587513
1.3216	4273266714.434211
1.32161	4428024345.641734
1.32162	4267956653.8453217
1.3216299999999999	4287360476.0778856
1.32164	4558164558.575944
1.32165	4595047445.602126
1.32166	4609353327.389285
1.3216700000000001	4602671715.026213
1.32168	4647720467.92388
1.32169	4632548768.622123
1.3217	4635429710.256168
1.32171	4584373569.427172
1.32172	4535028283.935069
1.3217299999999998	4440889837.258164
1.32174	4552500477.300996
1.32175	4671324099.862141
1.32176	4640983239.43804
1.3217700000000001	4527099084.5905485
1.32178	4623171455.129219
1.32179	4580996922.305373
1.3218	4545377941.419681
1.32181	4601612032.703436
1.32182	4617851895.064268
1.3218299999999998	4665304553.74833
1.32184	4677028324.042055
1.32185	4674229155.536151
1.32186	4635643184.59856
1.32187	4654681827.802329
1.32188	4682955166.82553
1.32189	4674013904.285025
1.3219	4644190224.611136
1.3219100000000001	4647078405.965024
1.32192	4652110266.179072
1.3219299999999998	4617213959.316196
1.32194	4636603940.805552
1.32195	4662941854.875179
1.32196	4644297162.274096
1.32197	4571618694.642203
1.32198	4528662959.276591
1.32199	4346202927.5445
1.322	4601823949.648363
1.3220100000000001	4646543422.088587
1.32202	4630735761.071296
1.3220299999999998	4659078201.101279
1.3220399999999999	4626579189.0465975
1.32205	4463956974.126742
1.32206	4003962487.6006517
1.32207	4367973551.401636
1.32208	4587118927.792783
1.32209	4516583046.261736
1.3221	4474350482.26269
1.3221100000000001	4574777747.93209
1.32212	4682416052.7221155
1.32213	4639701065.526185
1.3221399999999999	4636497180.283524
1.32215	4605003875.197415
1.32216	4631588852.692173
1.32217	4658220046.22165
1.32218	4486937291.847497
1.32219	4434146115.146403
1.3222	4608079891.937808
1.32221	4625940047.661607
1.3222200000000002	4629989434.800399
1.32223	4513879903.12437
1.3222399999999999	4492312918.001933
1.32225	4597481602.285782
1.32226	4536699357.903025
1.32227	4462826466.8164015
1.32228	4362947629.716837
1.32229	4572250330.736516
1.3223	4630949019.244381
1.32231	4632868784.807085
1.3223200000000002	4536699357.903025
1.32233	4559739164.749739
1.32234	4609141063.711682
1.32235	4650182527.342133
1.32236	4587118927.792783
1.32237	4569198231.187804
1.3223799999999999	4600870400.24463
1.32239	4658327306.936909
1.3224	4629776220.816793
1.32241	4651360495.022612
1.3224200000000002	4611051788.75983
1.32243	4628923463.064314
1.32244	4655646529.846803
1.32245	4657898278.894072
1.32246	4635002791.062804
1.32247	4599705219.296097
1.3224799999999999	4589443207.412587
1.32249	4650610844.705262
1.3225	4612007448.298409
1.32251	4657469290.364376
1.3225200000000001	4654360304.877779
1.32253	4653074435.256772
1.32254	4648683727.19775
1.32255	4657791028.057434
1.32256	4651360495.022612
1.32257	4639166930.948564
1.3225799999999999	4586379631.158238
1.32259	4604685783.785737
1.3226	4654360304.877779
1.32261	4664230451.341714
1.3226200000000001	4654789007.046161
1.32263	4573513864.7465
1.32264	4629882826.581247
1.32265	4640555808.76929
1.32266	4678967191.836752
1.32267	4662297690.14926
1.3226799999999999	4609034935.538489
1.32269	4631162287.238574
1.3227	4621468529.530986
1.32271	4584690257.672328
1.3227200000000001	4587647069.777641
1.32273	4592826080.280611
1.32274	4625514002.458219
1.32275	4640128417.466547
1.32276	4641517583.137942
1.32277	4568567016.7275
1.3227799999999998	4368074128.86743
1.32279	4424559095.28558
1.3228	4621681360.922441
1.32281	4645152752.227491
1.32282	4610627114.752616
1.32283	4645045794.864073
1.32284	4642907164.698962
1.32285	4672292251.086272
1.3228600000000001	4641838218.888043
1.32287	4587435805.687107
1.3228799999999998	4631268924.918735
1.32289	4672184668.819994
1.3229	4659078201.101279
1.32291	4606700733.875328
1.32292	4561944527.260463
1.32293	4591662936.574502
1.32294	4615938352.191894
1.32295	4639380577.40031
1.3229600000000001	4658541835.7768955
1.32297	4668098377.7443
1.3229799999999998	4661331609.909965
1.3229899999999999	4594624245.581509
1.323	4645259712.053722
1.32301	4576674227.62578
1.32302	4519704069.138832
1.32303	4619447120.074291
1.32304	4570039986.132631
1.32305	4659507337.823974
1.3230600000000001	4647078405.965024
1.32307	4625620510.080319
1.32308	4493347430.375822
1.3230899999999999	4355219018.325038
1.3231	4578782349.371893
1.32311	4636070162.777064
1.32312	4654574651.026363
1.32313	4668420849.694062
1.32314	4637564896.133237
1.32315	4644511044.987165
1.3231600000000001	4627218418.738334
1.3231700000000002	4636176913.466537
1.32318	4642586455.111232
1.3231899999999999	4645259712.053722
1.3232	4565517375.889536
1.32321	4569303442.076421
1.32322	4671539227.240342
1.32323	4656289775.617491
1.32324	4655110559.585431
1.32325	4626579189.0465975
1.32326	4598116811.719644
1.3232700000000002	4656396991.886114
1.32328	4636817469.2245035
1.3232899999999999	4588914858.651645
1.3233	4612219843.98094
1.32331	4514607513.241588
1.32332	4612326045.490205
1.32333	4501943082.824305
1.32334	4650610844.705262
1.32335	4602565735.813561
1.32336	4501217513.807597
1.3233700000000002	4625087996.493237
1.32338	4635216245.744389
1.32339	4638846479.7181225
1.3234	4643120983.398786
1.32341	4639914736.576304
1.32342	4670678777.166271
1.3234299999999999	4643441729.911697
1.32344	4597375742.578499
1.32345	4612007448.298409
1.32346	4583107035.184411
1.3234700000000001	4479917331.714015
1.32348	4652967295.491961
1.32349	4551242748.702432
1.3235	4545901277.519246
1.32351	4622639223.483778
1.32352	4576779610.657558
1.3235299999999999	4586907688.023526
1.32354	4604685783.785737
1.32355	4612113644.9170265
1.32356	4641303838.275711
1.3235700000000001	4626685721.195807
1.32358	4633402194.242095
1.32359	4624981501.132574
1.3236	4590817198.901822
1.32361	4562995074.750921
1.32362	4464779341.129973
1.3236299999999999	4501839422.947422
1.32364	4611795062.396818
1.32365	4657254810.915793
1.32366	4626259607.316512
1.3236700000000001	4631375565.054367
1.32368	4640128417.466547
1.32369	4584690257.672328
1.3237	4641838218.888043
1.32371	4656933110.262024
1.32372	4548309399.7658415
1.3237299999999999	4632548768.622123
1.32374	4669926013.360634
1.32375	4659400049.937793
1.32376	4611157963.373321
1.3237700000000001	4552919797.400484
1.32378	4632442101.472811
1.32379	4649968383.45368
1.3238	4626366132.107016
1.32381	4646543422.088587
1.32382	4634042366.631952
1.3238299999999998	4569619089.278085
1.32384	4618383575.516428
1.32385	4607125046.232845
1.32386	4514607513.241588
1.32387	4425883723.626273
1.32388	4658863647.561325
1.32389	4664660062.626046
1.3239	4584056903.057328
1.3239100000000001	4595893962.586802
1.32392	4663693492.876744
1.3239299999999998	4682092614.051347
1.32394	4657898278.894072
1.32395	4511801663.178235
1.32396	4539311643.785443
1.32397	4508686097.204823
1.32398	4627324965.60654
1.32399	4637671681.240613
1.324	4626685721.195807
1.3240100000000001	4518455401.270888
1.32402	4600658527.211264
1.3240299999999998	4672507423.050493
1.3240399999999999	4643762498.581738
1.32405	4369683683.31998
1.32406	4238088290.864162
1.32407	4537744091.809151
1.32408	4610096327.244599
1.32409	4525431546.842534
1.3241	4652645890.999016
1.3241100000000001	4634575911.188341
1.32412	4652110266.179072
1.32413	4635322976.771468
1.3241399999999999	4603731641.3779545
1.32415	4615406953.240267
1.32416	4612750875.981929
1.32417	4613281969.123756
1.32418	4435984295.825241
1.32419	4643548650.33973
1.3242	4649647186.111085
1.32421	4626259607.316512
1.3242200000000002	4535028283.935069
1.32423	4580680489.177994
1.3242399999999999	4641517583.137942
1.32425	4625407497.288519
1.32426	4658649103.901718
1.32427	4576779610.657558
1.32428	4541297987.009021
1.32429	4592403084.8458805
1.3243	4617320275.82054
1.32431	4625300994.571143
1.3243200000000002	4621042896.150672
1.32433	4584479129.744888
1.32434	4659292764.521997
1.32435	4662190338.013601
1.32436	4646329445.783247
1.32437	4658434570.1219845
1.32438	4663478726.799663
1.32439	4633402194.242095
1.3244	4610839446.866974
1.32441	4556065929.487446
1.3244200000000002	4588492223.437169
1.32443	4641624459.260348
1.32444	4612219843.98094
1.32445	4646008499.800899
1.32446	4656396991.886114
1.32447	4633508883.498615
1.3244799999999999	4626046565.093873
1.32449	4641517583.137942
1.3245	4647613451.437303
1.32451	4644083289.4104805
1.3245200000000001	4661116952.599108
1.32453	4661009627.650623
1.32454	4657362049.405433
1.32455	4667023632.109992
1.32456	4657791028.057434
1.32457	4629776220.816793
1.3245799999999999	4631268924.918735
1.32459	4606064338.610711
1.3246	4610414792.416288
1.32461	4651574703.021665
1.3246200000000001	4617107645.259852
1.32463	4551661952.955518
1.32464	4603837647.436881
1.32465	4466424529.662989
1.32466	4559424200.005512
1.32467	4569513871.121506
1.3246799999999999	4592826080.280611
1.32469	4434554533.904292
1.3247	4507232902.769178
1.32471	4555226748.42189
1.3247200000000001	4658434570.1219845
1.32473	4591451487.550727
1.32474	4609141063.711682
1.32475	4611476501.882768
1.32476	4634789346.210927
1.32477	4618702613.170701
1.3247799999999998	4591557210.845426
1.32479	4640021575.79138
1.3248	4586062826.219346
1.32481	4577938984.17254
1.32482	4602883680.772438
1.32483	4622319913.907472
1.32484	4655968141.623695
1.32485	4550404456.017785
1.32486	4639807899.821246
1.32487	4645259712.053722
1.3248799999999998	4619872606.471428
1.32489	4634789346.210927
1.3249	4627964298.338233
1.32491	4625833532.681966
1.32492	4607549397.672775
1.32493	4582262873.42186
1.32494	4236819868.0561996
1.32495	4326034713.138708
1.3249600000000001	4597587464.430583
1.32497	4622319913.907472
1.3249799999999998	4540252434.882506
1.32499	4510347464.564646
1.325	4583634715.2564745
1.32501	4632975461.781258
1.32502	4648255587.320528
1.32503	4658005532.200297
1.32504	4636176913.466537
1.32505	4613706887.663357
1.3250600000000001	4601717989.956008
1.32507	4614025602.252337
1.32508	4633935665.091671
1.3250899999999999	4635109517.174852
1.3251	4582579415.860265
1.32511	4361440981.194745
1.32512	4450717200.52922
1.32513	4637564896.133237
1.32514	4565096895.563603
1.32515	4472702374.23865
1.3251600000000001	4588597878.59149
1.3251700000000002	4608822686.523017
1.32518	4629349822.30509
1.3251899999999999	4613069524.529682
1.3252	4471569652.135754
1.32521	4592826080.280611
1.32522	4554597464.059953
1.32523	4533984175.294845
1.32524	4621787780.293693
1.32525	4555751218.472539
1.32526	4577728167.145595
1.3252700000000002	4599069790.430777
1.32528	4590605788.824827
1.3252899999999999	4534088575.340526
1.3253	4433023157.50426
1.32531	4561314314.8671875
1.32532	4555541423.206438
1.32533	4399871571.646578
1.32534	4116612609.600637
1.32535	4573303251.499143
1.32536	4604897842.285411
1.3253700000000002	4554177989.448753
1.32538	4443446954.869883
1.32539	4403520272.026523
1.3254	4618064559.899716
1.32541	4621042896.150672
1.32542	4529497246.660644
1.3254299999999999	4596317279.558062
1.32544	4621255707.940534
1.32545	4562154617.407192
1.32546	4178111252.9020033
1.3254700000000001	3878823338.023728
1.32548	4431798437.148708
1.32549	4520640796.485022
1.3255	4604791811.814858
1.32551	4614025602.252337
1.32552	4624449061.10988
1.3255299999999999	4639594233.691047
1.32554	4625620510.080319
1.32555	4622958555.1179695
1.32556	4621894202.115388
1.3255700000000001	4630096045.474323
1.32558	4623810213.992593
1.32559	4574356414.73365
1.3256	4508167045.414599
1.32561	4405345756.724752
1.32562	4483322704.3273325
1.3256299999999999	4541925433.8533745
1.32564	4433227310.465817
1.32565	4547576357.98407
1.32566	4577938984.17254
1.3256700000000001	4517831196.70739
1.32568	4576990384.000857
1.32569	4629882826.581247
1.3257	4630949019.244381
1.32571	4582579415.860265
1.32572	4620298132.059096
1.3257299999999999	4654574651.026363
1.32574	4640876378.080095
1.32575	4593143352.424699
1.32576	4610839446.866974
1.3257700000000001	4468687653.787561
1.32578	4610096327.244599
1.32579	4660794985.167237
1.3258	4662619761.387898
1.32581	4649111906.509928
1.32582	4625407497.288519
1.3258299999999998	4624342580.461079
1.32584	4584795825.282145
1.32585	4548309399.7658415
1.32586	4577095774.3124895
1.32587	4643976356.67207
1.32588	4573092647.950643
1.32589	4540566075.242374
1.3259	4627964298.338233
1.3259100000000001	4640983239.43804
1.32592	4648148558.512514
1.3259299999999998	4603413637.846058
1.32594	4168021974.7906475
1.32595	4333711535.136564
1.32596	4610839446.866974
1.32597	4612644664.690693
1.32598	4653824482.690005
1.32599	4605852226.393133
1.326	4507751847.006063
1.3260100000000001	4522098313.811664
1.32602	4319564865.016126
1.3260299999999998	4501424807.307614
1.3260399999999999	4646757408.248107
1.32605	4629030049.193049
1.32606	4581840850.849631
1.32607	4607761588.04976
1.32608	4657254810.915793
1.32609	4671324099.862141
1.3261	4622745664.910884
1.3261100000000001	4514087779.762391
1.32612	4653074435.256772
1.32613	4649861315.207513
1.3261399999999999	4644511044.987165
1.32615	4622958555.1179695
1.32616	4597269885.308717
1.32617	4621787780.293693
1.32618	4566568746.153515
1.32619	4449385139.745815
1.3262	4547366939.175519
1.32621	4565937894.944921
1.3262200000000002	4257062242.0838203
1.32623	4293090068.3055625
1.3262399999999999	4609777884.070945
1.32625	4603837647.436881
1.32626	4570460921.754997
1.32627	4617958226.257795
1.32628	4652860158.194086
1.32629	4618596264.83723
1.3263	4605746173.947345
1.32631	4636497180.283524
1.3263200000000002	4618170895.990088
1.32633	4641945102.393464
1.32634	4665304553.74833
1.32635	4634575911.188341
1.32636	4647827486.87463
1.32637	4627324965.60654
1.32638	4625833532.681966
1.32639	4631908802.566203
1.3264	4606912885.16902
1.32641	4628497143.090866
1.3264200000000002	4644190224.611136
1.32643	4616150928.903406
1.32644	4632015457.435713
1.32645	4655860935.229581
1.32646	4617745566.319061
1.32647	4658220046.22165
1.3264799999999999	4606912885.16902
1.32649	4631268924.918735
1.3265	4655217748.70129
1.32651	4571829230.311083
1.3265200000000001	4478164058.439378
1.32653	4577095774.3124895
1.32654	4659185481.576512
1.32655	4660151117.021842
1.32656	4612538455.845035
1.32657	4579520421.370583
1.3265799999999999	4619659858.374257
1.32659	4555331637.601524
1.3266	4410928316.824432
1.32661	4536594897.742546
1.3266200000000001	4612538455.845035
1.32663	4574777747.93209
1.32664	4599175689.145383
1.32665	4510555178.524115
1.32666	4561839485.815169
1.32667	4570039986.132631
1.3266799999999999	4643120983.398786
1.32669	4603943655.936734
1.3267	4586696457.982016
1.32671	4618489918.952491
1.3267200000000001	4655860935.229581
1.32673	4632015457.435713
1.32674	4542657564.7404
1.32675	4474556538.461709
1.32676	4548937815.339581
1.32677	4540461526.048464
1.3267799999999998	4509724380.076608
1.32679	4380765436.931307
1.3268	4496866554.755927
1.32681	4527099084.5905485
1.32682	4444163211.622201
1.32683	4465190581.44216
1.32684	4590500087.437197
1.32685	4597058178.081374
1.32686	4617639240.022154
1.32687	4594730041.932484
1.3268799999999998	4616682413.513326
1.32689	4646650413.936543
1.3269	4651788920.885571
1.32691	4652110266.179072
1.32692	4622426347.982138
1.32693	4377337170.100395
1.32694	4467967444.480743
1.32695	4525327346.130006
1.3269600000000001	4535445994.711985
1.32697	4403723066.298692
1.3269799999999998	4575093773.298467
1.32699	4612219843.98094
1.327	4616044639.323959
1.32701	4568777411.858183
1.32702	4365660908.756391
1.32703	4544540728.972964
1.32704	4505780176.712574
1.32705	4495417169.876536
1.3270600000000001	4403824466.936962
1.32707	3719375277.403399
1.32708	3538750958.455737
1.3270899999999999	4189671765.0099645
1.3271	4577201167.050869
1.32711	4575093773.298467
1.32712	4616469812.326606
1.32713	4622958555.1179695
1.32714	4619553487.999653
1.32715	4637992051.316066
1.3271600000000001	4520120368.438405
1.3271700000000002	4638098846.259168
1.32718	4611476501.882768
1.3271899999999999	4447643815.637252
1.3272	4483425937.836104
1.32721	4495003145.720858
1.32722	4359734075.16389
1.32723	4239454709.3419538
1.32724	4401999612.62994
1.32725	4565727630.575814
1.32726	4620830094.160929
1.3272700000000002	4619128030.99306
1.32728	4637564896.133237
1.3272899999999999	4611795062.396818
1.3273	4543599049.293409
1.32731	4557744755.438327
1.32732	4556905265.150104
1.32733	4475999197.584044
1.32734	4474247457.7216
1.32735	4624449061.10988
1.32736	4612219843.98094
1.3273700000000002	4632762110.289194
1.32738	4557744755.438327
1.32739	4573724487.693197
1.3274	4501424807.307614
1.32741	4643120983.398786
1.32742	4641303838.275711
1.3274299999999999	4644831887.525428
1.32744	4644190224.611136
1.32745	4643762498.581738
1.32746	4616682413.513326
1.3274700000000001	4580680489.177994
1.32748	4594835840.719538
1.32749	4626366132.107016
1.3275	4634682627.471003
1.32751	4583634715.2564745
1.32752	4603095656.280291
1.3275299999999999	4624129626.518738
1.32754	4624875008.224029
1.32755	4603307641.550181
1.32756	4634042366.631952
1.3275700000000001	4641945102.393464
1.32758	4618277234.528967
1.32759	4634042366.631952
1.3276	4624981501.132574
1.32761	4598328567.69999
1.32762	4587963984.155982
1.3276299999999999	4468893449.197669
1.32764	4183309530.60242
1.32765	4385912872.151113
1.32766	4589971617.00543
1.3276700000000001	4591874395.336071
1.32768	4517519126.763036
1.32769	4567304849.393315
1.3277	4585640453.674648
1.32771	4537639607.593044
1.32772	4529392952.332995
1.3277299999999999	4583423635.93744
1.32774	4459950103.591374
1.32775	4530644642.77553
1.32776	4336107094.491862
1.3277700000000001	4469716725.616971
1.32778	4623810213.992593
1.32779	4643014072.818034
1.3278	4645794548.129073
1.32781	4630415892.225322
1.32782	4622532784.507547
1.3278299999999998	4616469812.326606
1.32784	4537326169.379417
1.32785	4585957229.436071
1.32786	4605109910.550946
1.32787	4603095656.280291
1.32788	4591557210.845426
1.32789	4587013306.69217
1.3279	4537953067.458981
1.3279100000000001	4614875615.4646845
1.32792	4621042896.150672
1.3279299999999998	4608716565.680644
1.32794	4541716275.273524
1.32795	4572250330.736516
1.32796	4608928809.808959
1.32797	4471878547.893199
1.32798	4570145216.403596
1.32799	4586062826.219346
1.328	4531166282.5437565
1.3280100000000001	4424457217.220345
1.32802	4185525575.371112
1.3280299999999998	4366063019.503176
1.3280399999999999	4213179864.974717
1.32805	4521994189.848761
1.32806	4534715026.099043
1.32807	4646436432.70418
1.32808	4631695500.194481
1.32809	4632015457.435713
1.3281	4640021575.79138
1.3281100000000001	4503498267.434511
1.32812	4547681071.004926
1.32813	4646222461.325769
1.3281399999999999	4653074435.256772
1.32815	4573303251.499143
1.32816	4557220055.886465
1.32817	4637351333.294796
1.32818	4650825018.18083
1.32819	4523347988.392599
1.3282	4064714062.4547663
1.3282100000000001	4299718267.2383795
1.3282200000000002	4597905065.490777
1.32823	4585851635.084244
1.3282399999999999	4518559443.749216
1.32825	4555961023.4003105
1.32826	4641303838.275711
1.32827	4639487404.315773
1.32828	4596105616.198825
1.32829	4591768664.738032
1.3283	4632015457.435713
1.32831	4615406953.240267
1.3283200000000002	4617001333.651451
1.32833	4619447120.074291
1.3283399999999999	4631482207.645488
1.32835	4597164030.47636
1.32836	4519287808.180075
1.32837	4454920928.084712
1.32838	4549671076.580055
1.32839	4324142525.0986395
1.3284	4461696245.80964
1.32841	4617107645.259852
1.3284200000000002	4584901395.322773
1.32843	4624342580.461079
1.32844	4598328567.69999
1.32845	4597799196.033025
1.32846	4586590846.609017
1.32847	4544017549.503323
1.3284799999999999	4553863408.84362
1.32849	4496763011.769076
1.3285	4323146969.108832
1.32851	3424601164.3395905
1.3285200000000001	3542909019.77628
1.32853	4379857693.324426
1.32854	4448463177.368852
1.32855	4528767236.795335
1.32856	4601823949.648363
1.32857	4593354879.363506
1.3285799999999999	4571829230.311083
1.32859	4541402555.463379
1.3286	4580575016.326201
1.32861	4570776648.915304
1.3286200000000001	4620404519.579978
1.32863	4595682318.721582
1.32864	4581313377.291952
1.32865	4632868784.807085
1.32866	4623065003.898044
1.32867	4494589159.696456
1.3286799999999999	4593989518.630161
1.32869	4630949019.244381
1.3287	4630842388.930234
