1.2994700000000001	4659185481.576512
1.29948	4742747458.675157
1.29949	4821919991.5150385
1.2995	4827030022.584372
1.29951	4824474330.488542
1.29952	4817480883.676716
1.2995299999999999	4805405045.054078
1.29954	4796229986.444575
1.29955	4783876946.899093
1.29956	4792918012.190855
1.2995700000000001	4822031021.604231
1.29958	4834148640.806837
1.29959	4826696594.679485
1.2996	4811272997.494606
1.29961	4785198963.583403
1.29962	4823807850.767881
1.2996299999999998	4789277481.983017
1.29964	4720739110.419516
1.29965	4782555295.45105
1.29966	4811162215.11522
1.29967	4823141463.118456
1.29968	4822697255.829894
1.29969	4814597655.303248
1.2997	4770237476.067881
1.2997100000000001	4557954652.173983
1.29972	4770676851.409653
1.2997299999999998	4719760920.464146
1.29974	4686514876.99286
1.29975	4736308691.316372
1.29976	4805958319.603636
1.29977	4825585334.660205
1.29978	4767382522.541075
1.29979	4676920632.724922
1.2998	4810054531.607244
1.2998100000000001	4822808303.816464
1.29982	4807397131.5750065
1.2998299999999998	4815817272.038529
1.2998399999999999	4821142852.470273
1.29985	4768260787.744112
1.29986	4773973456.706155
1.29987	4772214983.830205
1.29988	4674013904.285025
1.29989	4811826947.656045
1.2999	4817259035.591634
1.2999100000000001	4811716152.521633
1.29992	4795567408.554731
1.29993	4682200424.459142
1.2999399999999999	4819145070.005246
1.29995	4816260845.627984
1.29996	4767053214.7972145
1.29997	4817369958.357115
1.29998	4748538898.993717
1.29999	4797334486.36688
1.3	4822142054.250015
1.30001	4715958774.855301
1.3000200000000002	4780683580.916357
1.30003	4833035665.088058
1.3000399999999999	4826140932.685211
1.30005	4820254846.928067
1.30006	4816815370.069719
1.30007	4829364662.936643
1.30008	4793580224.027779
1.30009	4738708564.948973
1.3001	4816815370.069719
1.30011	4797997308.40443
1.3001200000000002	4560789204.378246
1.30013	4653395869.353528
1.30014	4776062484.860512
1.30015	4805737002.14002
1.30016	4794132137.116135
1.30017	4671108982.390712
1.30018	4505780176.712574
1.30019	4719217569.185663
1.3002	4735654391.287557
1.30021	4710315527.869597
1.3002200000000002	4789277481.983017
1.30023	4783876946.899093
1.30024	4786300923.226379
1.30025	4807729226.274164
1.30026	4819921887.019571
1.30027	4818146489.234187
1.3002799999999999	4808614924.299254
1.30029	4818590277.362333
1.3003	4672615012.748569
1.30031	4737944836.920705
1.3003200000000001	4790159780.758146
1.30033	4824474330.488542
1.30034	4813378347.438676
1.30035	4755979784.906331
1.30036	4653503018.986731
1.30037	4691373388.345974
1.3003799999999999	4772764437.012781
1.30039	4805626347.230152
1.3004	4806843691.385634
1.30041	4718456982.481568
1.3004200000000001	4812935039.324908
1.30043	4794904922.197084
1.30044	4771226127.497996
1.30045	4730423243.99954
1.30046	4718565630.219511
1.30047	4792255891.835559
1.3004799999999999	4631375565.054367
1.30049	4446107919.140127
1.3005	4396630820.548595
1.30051	4730532167.274029
1.3005200000000001	4797555416.871454
1.30053	4785860108.920681
1.30054	4791152561.168238
1.30055	4775952513.223807
1.30056	4763980772.554427
1.30057	4614450589.286234
1.3005799999999998	4616576111.6961355
1.30059	4781674397.344871
1.3006	4682847339.03937
1.30061	4795456987.805733
1.30062	4808725648.0244255
1.30063	4810386809.879433
1.30064	4814486796.37167
1.30065	4818368378.188961
1.30066	4822919354.360059
1.30067	4826363189.806189
1.3006799999999998	4827252320.650394
1.30069	4809722276.287232
1.3007	4805405045.054078
1.30071	4773643693.692436
1.30072	4615300680.791277
1.30073	4689753325.17263
1.30074	4811051435.286665
1.30075	4791483533.693448
1.3007600000000001	4782775545.333038
1.30077	4797334486.36688
1.3007799999999998	4824585419.39424
1.30079	4740891323.44945
1.3008	4723566131.475347
1.30081	4789498041.440264
1.30082	4827030022.584372
1.30083	4825696449.148014
1.30084	4818146489.234187
1.30085	4703595866.077686
1.3008600000000001	4738381237.863523
1.30087	4730750021.347263
1.30088	4698400131.607719
1.3008899999999999	3958767534.5254908
1.3009	4361943139.550112
1.30091	4754556361.697734
1.30092	4620617301.970836
1.30093	4773643693.692436
1.30094	4820365838.675447
1.30095	4753023920.826975
1.3009600000000001	4753899540.834208
1.3009700000000002	4754775322.151483
1.30098	4779362811.706053
1.3009899999999999	4826807734.755297
1.301	4814819380.824417
1.30101	4792255891.835559
1.30102	4333312403.934389
1.30103	4272578000.7230067
1.30104	4714547329.58543
1.30105	4810719111.105365
1.30106	4780793661.491195
1.3010700000000002	4809168568.421091
1.30108	4830031910.412289
1.3010899999999999	4825474222.730872
1.3011	4664552656.095377
1.30111	4699914961.010808
1.30112	4809611529.614111
1.30113	4808614924.299254
1.30114	4754884806.159728
1.30115	4784207416.825335
1.30116	4753571164.429581
1.3011700000000002	4748101562.538819
1.30118	4740673002.362747
1.30119	4772214983.830205
1.3012	4766175172.016829
1.30121	4781674397.344871
1.30122	4726612509.034751
1.3012299999999999	4807950635.485204
1.30124	4758060939.265969
1.30125	4710098614.817897
1.30126	4810608341.479538
1.3012700000000001	4801091688.989686
1.30128	4801202239.483968
1.30129	4781344102.387392
1.3013	4612432249.444897
1.30131	4661546277.106401
1.30132	4759923796.672498
1.3013299999999999	4775402693.021522
1.30134	4725089074.746027
1.30135	4705329054.079055
1.30136	4535341563.410928
1.3013700000000001	4704895697.214678
1.30138	4715633019.215401
1.30139	4575620530.756571
1.3014	4753899540.834208
1.30141	4820254846.928067
1.30142	4818590277.362333
1.3014299999999999	4814930247.4141245
1.30144	4816815370.069719
1.30145	4775732577.546824
1.30146	4658541835.7768955
1.3014700000000001	4642907164.698962
1.30148	3951299959.3106756
1.30149	4515023343.109398
1.3015	4783987101.0047455
1.30151	4769798141.19221
1.30152	4743184301.976136
1.3015299999999999	4433839825.763032
1.30154	2754165285.6087418
1.30155	2649415056.1389556
1.30156	4344902146.970122
1.3015700000000001	4535132708.022516
1.30158	4533775382.415027
1.30159	4796671755.895275
1.3016	4814265086.166209
1.30161	4787072445.963054
1.30162	4681877000.682932
1.3016299999999998	4788285090.11031
1.30164	4723239850.356017
1.30165	4682416052.7221155
1.30166	4818479326.498293
1.30167	4803303182.596451
1.30168	4788946661.841178
1.30169	4791483533.693448
1.3017	4752476740.224491
1.3017100000000001	4806511657.854947
1.30172	4801755030.139798
1.3017299999999998	4809057834.497418
1.30174	4822253089.45245
1.30175	4811716152.521633
1.30176	4775182782.664112
1.30177	4680906863.391457
1.30178	4800981141.040893
1.30179	4805626347.230152
1.3018	4763103295.686693
1.3018100000000001	4814154234.892229
1.30182	4816260845.627984
1.3018299999999998	4816815370.069719
1.3018399999999999	4780353354.399689
1.30185	4815595500.563829
1.30186	4810829883.281786
1.30187	4792476588.456806
1.30188	4746680497.213345
1.30189	4590500087.437197
1.3019	4692453741.364404
1.3019100000000001	4736526811.4144945
1.30192	4795567408.554731
1.30193	4734891155.49425
1.3019399999999999	4689537359.023535
1.30195	4800207376.668102
1.30196	4777382342.030831
1.30197	4785860108.920681
1.30198	4723566131.475347
1.30199	4767053214.7972145
1.302	4816039053.726418
1.3020100000000001	4802529043.9849415
1.3020200000000002	4810497574.404247
1.30203	4821031842.831695
1.3020399999999999	4807950635.485204
1.30205	4815484618.65626
1.30206	4821475896.722987
1.30207	4812602585.033345
1.30208	4794684113.749492
1.30209	4802750213.713242
1.3021	4776282435.730657
1.30211	4802529043.9849415
1.3021200000000002	4809057834.497418
1.30213	4773313953.457134
1.3021399999999999	4720086961.259192
1.30215	4799875801.541962
1.30216	4804188065.239088
1.30217	4805626347.230152
1.30218	4811162215.11522
1.30219	4809057834.497418
1.3022	4715415861.289812
1.30221	4754884806.159728
1.3022200000000002	4806179647.259551
1.30223	4766284918.51934
1.30224	4640235261.601864
1.30225	4122114015.825716
1.30226	4666056572.602653
1.30227	4734455075.985095
1.3022799999999999	4795898686.057348
1.30229	4790600991.096475
1.3023	4727156711.736157
1.30231	4655110559.585431
1.3023200000000001	4735872481.253355
1.30233	4793469849.034867
1.30234	4803966829.2968025
1.30235	4723348608.224849
1.30236	4706087524.640557
1.30237	4802418462.940208
1.3023799999999999	4789498041.440264
1.30239	4811826947.656045
1.3024	4808836374.299154
1.30241	4798439240.638994
1.3024200000000001	4793800981.638201
1.30243	4793249106.673333
1.30244	4747773586.630491
1.30245	4542343779.910528
1.30246	4777822375.469384
1.30247	4738817679.002203
1.3024799999999999	4738926795.567906
1.30249	4820365838.675447
1.3025	4795236153.935164
1.30251	4782004715.119124
1.3025200000000001	4811272997.494606
1.30253	4811383782.424898
1.30254	4805847659.597822
1.30255	4802639627.575946
1.30256	4785309148.129946
1.30257	4806843691.385634
1.3025799999999998	4703920790.191767
1.30259	4618489918.952491
1.3026	4799986324.039099
1.30261	4817924610.497521
1.3026200000000001	4795677831.846292
1.30263	4805737002.14002
1.30264	4806290314.90975
1.30265	4778152427.146183
1.30266	4778372474.263944
1.30267	4806843691.385634
1.3026799999999998	4823474645.435072
1.30269	4789939190.82736
1.3027	4788174837.040959
1.30271	4736090581.262819
1.30272	4699265688.614322
1.30273	4747992234.718732
1.30274	4749413692.753318
1.30275	4804741199.670601
1.3027600000000001	4783326214.41518
1.30277	4794352920.143679
1.3027799999999998	4793138739.304574
1.30279	4800760052.779525
1.3028	4729443047.383375
1.30281	4717370642.684882
1.30282	4719760920.464146
1.30283	4706412620.878259
1.30284	4712485207.882088
1.30285	4779803027.561004
1.3028600000000001	4796892655.87928
1.30287	4803081987.403599
1.30288	4816704460.073958
1.3028899999999999	4794794516.702222
1.3029	4809279304.894536
1.30291	4809833025.510438
1.30292	4821142852.470273
1.30293	4814154234.892229
1.30294	4795125740.813497
1.30295	4670678777.166271
1.3029600000000001	4754118471.03956
1.3029700000000002	4765187567.201196
1.30298	4777492346.5909395
1.3029899999999999	4787844093.064504
1.303	4800870595.637512
1.30301	4765187567.201196
1.30302	4803413784.012841
1.30303	4818368378.188961
1.30304	4807397131.5750065
1.30305	4795346569.5992365
1.30306	4765297290.963003
1.3030700000000002	4485181271.221179
1.30308	4575620530.756571
1.3030899999999999	4795125740.813497
1.3031	4781564296.490594
1.30311	4770017803.572025
1.30312	4801423348.109237
1.30313	4793580224.027779
1.30314	4808504203.123562
1.30315	4794794516.702222
1.30316	4794794516.702222
1.3031700000000002	4800760052.779525
1.30318	4783326214.41518
1.30319	4661975641.157764
1.3032	4786300923.226379
1.30321	4740018099.423708
1.30322	4735654391.287557
1.3032299999999999	4745915484.364975
1.30324	4738599453.408138
1.30325	4652645890.999016
1.30326	4799654764.182206
1.3032700000000002	4791152561.168238
1.30328	4605428031.261275
1.30329	4722587355.729588
1.3033	4701430278.815918
1.30331	4763980772.554427
1.30332	4730423243.99954
1.3033299999999999	4696669495.845537
1.30334	4749085626.209376
1.30335	4748101562.538819
1.30336	4805515694.868197
1.3033700000000001	4813156688.278019
1.30338	4801423348.109237
1.30339	4811605359.938343
1.3034	4798328753.764359
1.30341	4797334486.36688
1.30342	4792145547.336153
1.3034299999999999	4802418462.940208
1.30344	4734128042.710124
1.30345	4642372661.026778
1.30346	4811051435.286665
1.3034700000000001	4801533906.240359
1.30348	4717913781.315852
1.30349	4755760768.9862995
1.3035	4689537359.023535
1.30351	4726721344.562795
1.30352	4794021749.415101
1.3035299999999999	4738163032.367872
1.30354	4755541763.152073
1.30355	4769468666.5891075
1.30356	4786631560.600758
1.3035700000000001	4797997308.40443
1.30358	4789277481.983017
1.30359	4662297690.14926
1.3036	4732711159.537083
1.30361	4778812598.901244
1.30362	4760471834.698396
1.3036299999999998	4779362811.706053
1.30364	4787844093.064504
1.30365	4740345539.583455
1.30366	4748538898.993717
1.30367	4676597573.651227
1.30368	4631908802.566203
1.30369	4559529185.836153
1.3037	3986483767.168024
1.3037100000000001	3066196616.0107317
1.30372	3523303051.819477
1.3037299999999998	4416212879.563552
1.30374	4641945102.393464
1.30375	4698508317.514286
1.30376	4736854010.39628
1.30377	4763432330.570383
1.30378	4781013830.245073
1.30379	4780683580.916357
1.3038	4795015330.234157
1.3038100000000001	4794132137.116135
1.30382	4778922636.394613
1.3038299999999998	4775072831.283046
1.3038399999999999	4801644466.917188
1.30385	4760033399.230115
1.30386	4785309148.129946
1.30387	4773643693.692436
1.30388	4790490684.702147
1.30389	4784427742.792095
1.3039	4790711300.030749
1.3039100000000001	4801644466.917188
1.30392	4802860802.396907
1.30393	4808282768.420377
1.3039399999999999	4790821611.504991
1.30395	4805626347.230152
1.30396	4757075015.810138
1.30397	4740236390.35034
1.30398	4794463315.470288
1.30399	4788836393.538751
1.304	4761348826.788454
1.3040100000000001	4728571932.013797
1.3040200000000002	4670463689.412348
1.30403	4671108982.390712
1.3040399999999999	4760800687.800922
1.30405	4810165288.48098
1.30406	4809943777.28375
1.30407	4797997308.40443
1.30408	4783436355.839603
1.30409	4641945102.393464
1.3041	4757622725.839158
1.30411	4805958319.603636
1.3041200000000002	4773973456.706155
1.30413	4774303242.499901
1.3041399999999999	4729878665.246357
1.30415	4516687045.627018
1.30416	4573092647.950643
1.30417	4779362811.706053
1.30418	4686191155.195141
1.30419	4770127638.555417
1.3042	4807729226.274164
1.30421	4801976164.222603
1.3042200000000002	4790380380.847689
1.30423	4804741199.670601
1.30424	4811051435.286665
1.30425	4819367004.947443
1.30426	4802307884.4416685
1.30427	4781674397.344871
1.3042799999999999	4772105100.784466
1.30429	4809611529.614111
1.3043	4805073110.898126
1.30431	4754775322.151483
1.3043200000000001	4713678957.855785
1.30433	4743075087.378854
1.30434	4676705257.529565
1.30435	4737399392.261982
1.30436	4659078201.101279
1.30437	4795456987.805733
1.3043799999999999	4777052343.5477705
1.30439	4791152561.168238
1.3044	4809057834.497418
1.30441	4795898686.057348
1.3044200000000001	4590288691.963369
1.30443	4767492296.844178
1.30444	4749085626.209376
1.30445	4747882909.415981
1.30446	4799323227.227865
1.30447	4800760052.779525
1.3044799999999999	4799986324.039099
1.30449	4770676851.409653
1.3045	4724109983.429385
1.30451	4785749911.687943
1.3045200000000001	4798991713.174516
1.30453	4563940774.3369255
1.30454	4523035537.374956
1.30455	4739690681.881965
1.30456	4802639627.575946
1.30457	4792697295.241762
1.3045799999999999	4786521345.604893
1.30459	4779913087.860097
1.3046	4722043679.064451
1.30461	4780243283.963181
1.3046200000000001	4784317578.540407
1.30463	4768809785.656834
1.30464	4789167206.063263
1.30465	4792918012.190855
1.30466	4792035205.377513
1.30467	4794904922.197084
1.3046799999999998	4805183753.06911
1.30469	4785198963.583403
1.3047	4773863533.1705475
1.30471	4793911364.25581
1.30472	4799433737.001361
1.30473	4793580224.027779
1.30474	4783656646.296856
1.30475	4754227939.923077
1.3047600000000001	4491899179.74527
1.30477	4674552050.999667
1.3047799999999998	4785970308.690852
1.30479	4792807652.44576
1.3048	4726721344.562795
1.30481	4740891323.44945
1.30482	4796340424.99275
1.30483	4796671755.895275
1.30484	4802086735.082934
1.30485	4799654764.182206
1.3048600000000001	4771445855.640506
1.30487	4798660222.0205345
1.3048799999999998	4763542013.915909
1.3048899999999999	4642158876.787662
1.3049	4640342108.197404
1.30491	4766504419.105547
1.30492	4796782204.615665
1.30493	4787733850.149368
1.30494	4792697295.241762
1.30495	4627111874.32345
1.3049600000000001	4698724696.800782
1.30497	4760910310.549936
1.30498	4781454198.171454
1.3049899999999999	4791152561.168238
1.305	4775512651.998002
1.30501	4785309148.129946
1.30502	4708146846.801645
1.30503	4581840850.849631
1.30504	4744167346.524121
1.30505	4788174837.040959
1.30506	4774962882.433696
1.3050700000000002	4795125740.813497
1.30508	4804630567.689688
1.3050899999999999	4804409311.36988
1.3051	4795236153.935164
1.30511	4799986324.039099
1.30512	4804077445.994399
1.30513	4795015330.234157
1.30514	4756636893.18605
1.30515	4793028374.477107
1.30516	4738599453.408138
1.3051700000000002	4687809987.826066
1.30518	4736963081.746322
1.30519	4797003109.686138
1.3052	4765955686.592681
1.30521	4781674397.344871
1.30522	4682847339.03937
1.30523	4748538898.993717
1.30524	4711183279.975493
1.30525	4776942349.118991
1.30526	4700997281.025476
1.3052700000000002	4643976356.67207
1.30528	4765516746.066234
1.30529	4803413784.012841
1.3053	4792476588.456806
1.30531	4796229986.444575
1.30532	4780353354.399689
1.3053299999999999	4744167346.524121
1.30534	4779032676.421718
1.30535	4690833305.1147785
1.30536	4627324965.60654
1.3053700000000001	4632122114.76107
1.30538	4749194979.206023
1.30539	4807175747.853157
1.3054	4677136017.838922
1.30541	4568461822.795508
1.30542	4762335636.009273
1.3054299999999999	4800317906.800106
1.30544	4794794516.702222
1.30545	4795346569.5992365
1.30546	4763432330.570383
1.3054700000000001	4507959441.430192
1.30548	4632335436.779572
1.30549	4774193311.370783
1.3055	4718022416.545981
1.30551	4796450866.083877
1.30552	4797003109.686138
1.3055299999999999	4641303838.275711
1.30554	4745915484.364975
1.30555	4796450866.083877
1.30556	4757622725.839158
1.3055700000000001	4789939190.82736
1.30558	4774852936.115982
1.30559	4772324869.406123
1.3056	4674659687.777582
1.30561	4648469652.330006
1.30562	4728680812.659741
1.3056299999999998	4798660222.0205345
1.30564	4791152561.168238
1.30565	4727265559.795075
1.30566	4731839442.214443
1.30567	4690185287.308755
1.30568	4732166317.393051
1.30569	4726068368.98339
1.3057	4804077445.994399
1.30571	4790270079.533041
1.30572	4747992234.718732
1.3057299999999998	4579836774.360568
1.30574	4762993622.442912
1.30575	4771555723.506409
1.30576	4672615012.748569
1.30577	4780573502.876209
1.30578	4805958319.603636
1.30579	4790159780.758146
1.3058	4792697295.241762
1.3058100000000001	4768370582.270253
1.30582	4781674397.344871
1.3058299999999998	4775402693.021522
1.30584	4777052343.5477705
1.30585	4793690601.562197
1.30586	4801202239.483968
1.30587	4798218269.433769
1.30588	4788064586.51025
1.30589	4747664266.362241
1.3059	4709556375.889427
1.3059100000000001	4567304849.393315
1.30592	4759156649.428471
1.30593	4803192583.726723
1.3059399999999999	4804077445.994399
1.30595	4803303182.596451
1.30596	4796450866.083877
1.30597	4794904922.197084
1.30598	4806511657.854947
1.30599	4791704194.745489
1.306	4782114826.1145315
1.3060100000000001	4798328753.764359
1.3060200000000002	4718565630.219511
1.30603	4773753612.165995
1.3060399999999999	4797555416.871454
1.30605	4809943777.28375
1.30606	4805515694.868197
1.30607	4752257885.621895
1.30608	4595893962.586802
1.30609	4520016290.018853
1.3061	4769029402.520146
1.30611	4796009116.976942
1.3061200000000002	4779142718.982617
1.30613	4687162387.67791
1.3061399999999999	4375321795.930094
1.30615	4340702285.206723
1.30616	4693210136.503413
1.30617	4735218241.485024
1.30618	4787844093.064504
1.30619	4798549730.0576935
1.3062	4789498041.440264
1.30621	4719000246.18923
1.3062200000000002	4501424807.307614
1.30623	4663908268.844398
1.30624	4773313953.457134
1.30625	4786411133.146773
1.30626	4798107787.647145
1.30627	4663371347.469924
1.3062799999999999	4713896035.792173
1.30629	4808836374.299154
1.3063	4800538974.699431
1.30631	4559949153.333452
1.3063200000000001	4667238561.439755
1.30633	4795567408.554731
1.30634	4752476740.224491
1.30635	4739035914.646139
1.30636	4767602073.674959
1.30637	4771665593.902123
1.3063799999999999	4795125740.813497
1.30639	4805515694.868197
1.3064	4790159780.758146
1.30641	4773753612.165995
1.3064200000000001	4680691304.62762
1.30643	4735109210.310952
1.30644	4689537359.023535
1.30645	4755322767.403224
1.30646	4652110266.179072
1.30647	4735763435.015029
1.3064799999999999	4752039041.097713
1.30649	4689537359.023535
1.3065	4770676851.409653
1.30651	4743839642.372442
1.3065200000000001	4613706887.663357
1.30653	4771445855.640506
1.30654	4751710793.2073965
1.30655	4664982297.05723
1.30656	4674013904.285025
1.30657	4680799082.7686825
1.3065799999999999	4745259857.20031
1.30659	4776722367.859429
1.3066	4791593862.949232
1.30661	4798660222.0205345
1.3066200000000001	4764529277.683824
1.30663	4744932077.583272
1.30664	4648148558.512514
1.30665	4764090468.528441
1.30666	4670463689.412348
1.30667	4743075087.378854
1.3066799999999998	4796119550.439332
1.30669	4800870595.637512
1.3067	4794573713.338873
1.30671	4778592531.515462
1.30672	4774633051.075231
1.30673	4709339497.797143
1.30674	4467041631.642355
1.30675	4609247194.328596
1.3067600000000001	4714221671.441366
1.30677	4774193311.370783
1.3067799999999998	4779252764.07739
1.30679	4711183279.975493
1.3068	4657147574.895384
1.30681	4776612381.028514
1.30682	4754337411.327235
1.30683	4767272750.765568
1.30684	4795898686.057348
1.30685	4780573502.876209
1.3068600000000001	4767931419.333956
1.30687	4742856665.728422
1.3068799999999998	4784648078.905456
1.3068899999999999	4795456987.805733
1.3069	4792145547.336153
1.30691	4792366238.875751
1.30692	4741873892.76816
1.30693	4611264140.431599
1.30694	4698291948.192177
1.30695	4796229986.444575
1.3069600000000001	4781674397.344871
1.30697	4772214983.830205
1.30698	4802750213.713242
1.3069899999999999	4753899540.834208
1.307	4600764462.508307
1.30701	4721282636.88199
1.30702	4756527368.834955
1.30703	4741327995.786203
1.30704	4702079850.282232
1.30705	4635002791.062804
1.30706	4755103781.739271
1.3070700000000002	4784537909.580419
1.30708	4759704599.128195
1.3070899999999999	4713244831.972265
1.3071	4564150956.4163475
1.30711	4750179269.491705
1.30712	4778812598.901244
1.30713	4798107787.647145
1.30714	4784648078.905456
1.30715	4733147078.4182
1.30716	4712919263.798422
1.3071700000000002	4664552656.095377
1.30718	4713027784.024211
1.30719	4770237476.067881
1.3072	4793690601.562197
1.30721	4685004366.570315
1.30722	4736635875.230434
1.30723	4717805148.587113
1.30724	4739581547.727312
1.30725	4803524387.975953
1.30726	4804519938.256121
1.3072700000000002	4801865595.908251
1.30728	4787403136.634156
1.30729	4754337411.327235
1.3073	4796892655.87928
1.30731	4778372474.263944
1.30732	4770017803.572025
1.3073299999999999	4783766795.329822
1.30734	4791924865.959561
1.30735	4786962220.815526
1.30736	4746134046.882455
1.3073700000000001	4654145968.599992
1.30738	4686946540.843167
1.30739	4693318202.90457
1.3074	4623065003.898044
1.30741	4771775466.827725
1.30742	4794242527.358988
1.3074299999999999	4714547329.58543
1.30744	4532835933.435713
1.30745	4706412620.878259
1.30746	4787513371.934262
1.3074700000000001	4791042242.073667
1.30748	4756527368.834955
1.30749	4700889037.809067
1.3075	4793138739.304574
1.30751	4799544249.319449
1.30752	4765297290.963003
1.3075299999999999	4512944576.710919
1.30754	4678105373.607072
1.30755	4785970308.690852
1.30756	4779472861.868686
1.3075700000000001	4789498041.440264
1.30758	4783766795.329822
1.30759	4768150995.746055
1.3076	4775622613.506411
1.30761	4800207376.668102
1.30762	4794352920.143679
1.3076299999999998	4688025874.424928
1.30764	4575515174.413267
1.30765	4773533777.749796
1.30766	4798218269.433769
1.30767	4724980276.801952
1.30768	4727918700.783948
1.30769	4790270079.533041
1.3077	4762664617.86306
1.30771	4740563845.589591
1.30772	4768041206.276022
1.3077299999999998	4742201461.125978
1.30774	4653395869.353528
1.30775	4709881711.75516
1.30776	4711183279.975493
1.30777	4771665593.902123
1.30778	4775182782.664112
1.30779	4755541763.152073
1.3078	4742747458.675157
1.3078100000000001	4708472085.297195
1.30782	4792145547.336153
1.3078299999999998	4797776357.550468
1.30784	4789387760.441998
1.30785	4773313953.457134
1.30786	4759266234.321667
1.30787	4773533777.749796
1.30788	4787623609.772641
1.30789	4781344102.387392
1.3079	4773094139.287521
1.3079100000000001	4773973456.706155
1.30792	4682955166.82553
1.30793	4760800687.800922
1.3079399999999999	4794021749.415101
1.30795	4782445174.313578
1.30796	4774083382.772893
1.30797	4589548884.464395
1.30798	4657362049.405433
1.30799	4742638254.136428
1.308	4729334149.18651
1.3080100000000001	4737944836.920705
1.3080200000000002	4774742992.329845
1.30803	4766504419.105547
1.3080399999999999	4754775322.151483
1.30805	4739035914.646139
1.30806	4671001427.369868
1.30807	4259317356.232674
1.30808	2555524212.115156
1.30809	2765476676.090892
1.3081	4479917331.714015
1.30811	4642800259.041492
1.3081200000000002	4536699357.903025
1.30813	4639914736.576304
1.3081399999999999	4709881711.75516
1.30815	4781013830.245073
1.30816	4776612381.028514
1.30817	4779362811.706053
1.30818	4752476740.224491
1.30819	4382884237.0454645
1.3082	4361340556.461063
1.30821	4772105100.784466
1.3082200000000002	4782004715.119124
1.30823	4772324869.406123
1.30824	4735545350.07086
1.30825	4730314323.233094
1.30826	4774523112.3520565
1.30827	4788064586.51025
1.3082799999999999	4590605788.824827
1.30829	4716393150.713711
1.3083	4795677831.846292
1.30831	4790490684.702147
1.3083200000000001	4784427742.792095
1.30833	4782335055.711691
1.30834	4776832357.222897
1.30835	4737944836.920705
1.30836	4775402693.021522
1.30837	4752039041.097713
1.3083799999999999	4552605303.705195
1.30839	4739690681.881965
1.3084	4786300923.226379
1.30841	4789056932.682656
1.3084200000000001	4793800981.638201
1.30843	4732384246.7234125
1.30844	4691481412.453936
1.30845	4793469849.034867
1.30846	4801202239.483968
1.30847	4791152561.168238
1.3084799999999999	4691157347.59193
1.30849	4538371047.630819
1.3085	4638098846.259168
1.30851	4623171455.129219
1.3085200000000001	4754118471.03956
1.30853	4794684113.749492
1.30854	4765297290.963003
1.30855	4744058109.291663
1.30856	4768370582.270253
1.30857	4736744941.55767
1.3085799999999999	4708580503.121757
1.30859	4751929622.614857
1.3086	4557429928.458257
1.30861	4556065929.487446
1.3086200000000001	4506610248.54405
1.30863	4589971617.00543
1.30864	4685220123.962586
1.30865	4769139214.7445
1.30866	4774852936.115982
1.30867	4789056932.682656
1.3086799999999998	4775622613.506411
1.30869	4766394667.548906
1.3087	4766833688.938614
1.30871	4780463427.370673
1.30872	4782995805.358161
1.30873	4784758250.767264
1.30874	4802529043.9849415
1.30875	4784427742.792095
1.3087600000000001	4777822375.469384
1.30877	4768919592.824264
1.3087799999999998	4772764437.012781
1.30879	4784648078.905456
1.3088	4781784500.734343
1.30881	4733692033.483018
1.30882	4741546347.037162
1.30883	4687162387.67791
1.30884	4779362811.706053
1.30885	4780463427.370673
1.3088600000000001	4746461909.531477
1.30887	4788174837.040959
1.3088799999999998	4805847659.597822
1.3088899999999999	4802307884.4416685
1.3089	4796340424.99275
1.30891	4793580224.027779
1.30892	4684465016.557641
1.30893	4744495073.313604
1.30894	4655753731.303975
1.30895	4730532167.274029
1.3089600000000001	4762554954.720092
1.30897	4645473639.09487
1.30898	4580891442.167523
1.3089899999999999	4645901522.73339
1.309	4361440981.194745
1.30901	4582368385.138445
1.30902	4744604320.607647
1.30903	4752476740.224491
1.30904	4633295507.442139
1.30905	4610096327.244599
1.3090600000000001	4742529052.112218
1.3090700000000002	4767711853.033473
1.30908	4762664617.86306
1.3090899999999999	4752586171.305323
1.3091	4760143004.311453
1.30911	4744167346.524121
1.30912	4676166862.93213
1.30913	4597587464.430583
1.30914	4466527374.07243
1.30915	4722804843.922325
1.30916	4781123918.424251
1.3091700000000002	4743402738.715141
1.30918	4767821634.91978
1.3091899999999999	4790049484.522926
1.3092	4776722367.859429
1.30921	4714547329.58543
1.30922	4718456982.481568
1.30923	4732275280.80373
1.30924	4758060939.265969
1.30925	4730096489.224037
1.30926	4665734263.965706
1.3092700000000002	4737835742.965176
1.30928	4763542013.915909
1.30929	4766723929.800343
1.3093	4788726127.775316
1.30931	4791152561.168238
1.30932	4785639716.99256
1.3093299999999999	4710098614.817897
1.30934	4685759560.915218
1.30935	4541193420.962414
1.30936	4514191721.67136
1.3093700000000001	4764638986.287781
1.30938	4796229986.444575
1.30939	4770347316.109477
1.3094	4709664818.68097
1.30941	4722587355.729588
1.30942	4686946540.843167
1.3094299999999999	4570881896.148751
1.30944	4719108906.436425
1.30945	4667990892.044392
1.30946	4783656646.296856
1.3094700000000001	4769688313.795689
1.30948	4619659858.374257
1.30949	4741000487.76313
1.3095	4786411133.146773
1.30951	4771006409.474108
1.30952	4636710703.785859
1.3095299999999999	4676274536.892872
1.30954	4499248701.601929
1.30955	4671646794.6446085
1.30956	4765955686.592681
1.3095700000000001	4754884806.159728
1.30958	4691913533.76013
1.30959	4629136637.776051
1.3096	4695047603.777325
1.30961	4740454691.329852
1.30962	4757841827.507445
1.3096299999999998	4764968127.256883
1.30964	4785860108.920681
1.30965	4776172459.029455
1.30966	4770347316.109477
1.3096700000000001	4671754364.525734
1.30968	4661760954.188837
1.30969	4759156649.428471
1.3097	4751382567.990858
1.30971	4671324099.862141
1.30972	4743948874.574456
1.3097299999999998	4775072831.283046
1.30974	4745041334.939826
1.30975	4664445252.037787
1.30976	4772544648.148753
1.30977	4790380380.847689
1.30978	4779582914.565346
1.30979	4578255227.916941
1.3098	4544959315.918794
1.3098100000000001	4772324869.406123
1.30982	4753680620.710751
1.3098299999999998	4783987101.0047455
1.30984	4779692969.796093
1.30985	4770457158.680262
1.30986	4663478726.799663
1.30987	4653717325.654912
1.30988	4690185287.308755
1.30989	4590711492.64635
1.3099	4732602186.090041
1.3099100000000001	4779582914.565346
1.30992	4762883951.7244215
1.3099299999999998	4659185481.576512
1.3099399999999999	4715307286.077145
1.30995	4760581449.8752
1.30996	4746243331.915693
1.30997	4768699981.017777
1.30998	4776282435.730657
1.30999	4789277481.983017
1.31	4778262449.43838
1.3100100000000001	4744932077.583272
1.31002	4761019935.823136
1.31003	4752805041.026361
1.3100399999999999	4752805041.026361
1.31005	4668528345.294225
1.31006	4652324508.70714
1.31007	4743948874.574456
1.31008	4779362811.706053
1.31009	4785309148.129946
1.3101	4744604320.607647
1.31011	4772434757.51228
1.3101200000000002	4777492346.5909395
1.31013	4728680812.659741
1.3101399999999999	4655003372.937664
1.31015	4631908802.566203
1.31016	4763980772.554427
1.31017	4743948874.574456
1.31018	4672615012.748569
1.31019	4751382567.990858
1.3102	4751491973.877172
1.31021	4734564092.097013
1.3102200000000002	4721826225.923864
1.31023	4599069790.430777
1.31024	4505987680.335839
1.31025	4521890068.283392
1.31026	4714764447.512754
1.31027	4754556361.697734
1.31028	4669926013.360634
1.31029	4748648239.40136
1.3103	4768041206.276022
1.31031	4704245736.751605
1.3103200000000002	4641945102.393464
1.31033	4729116360.315097
1.31034	4446824604.82376
1.31035	4522723107.9399
1.31036	4778702563.941534
1.31037	4785860108.920681
1.3103799999999999	4778262449.43838
1.31039	4718456982.481568
1.3104	4756198810.91267
1.31041	4760033399.230115
1.3104200000000001	4751273164.623698
1.31043	4704679033.749655
1.31044	4766284918.51934
1.31045	4783987101.0047455
1.31046	4790931925.519278
1.31047	4775512651.998002
1.3104799999999999	4786411133.146773
1.31049	4717805148.587113
1.3105	4764090468.528441
1.31051	4762006676.879944
1.3105200000000001	4752805041.026361
1.31053	4775732577.546824
1.31054	4789387760.441998
1.31055	4779472861.868686
1.31056	4742201461.125978
1.31057	4764529277.683824
1.3105799999999999	4778702563.941534
1.31059	4762554954.720092
1.3106	4765297290.963003
1.31061	4774742992.329845
1.3106200000000001	4768370582.270253
1.31063	4781234009.13833
1.31064	4750179269.491705
1.31065	4651467597.789067
1.31066	4738599453.408138
1.31067	4781123918.424251
1.3106799999999998	4694290912.49743
1.31069	4645473639.09487
1.3107	4744495073.313604
1.31071	4746680497.213345
1.31072	4755103781.739271
1.31073	4650610844.705262
1.31074	4694182823.699084
1.31075	4749741781.960057
1.3107600000000001	4665949133.916505
1.31077	4691913533.76013
1.3107799999999998	4564571349.614052
1.31079	4633935665.091671
1.3108	4478782782.406641
1.31081	3644936779.5658493
1.31082	4377639556.283776
1.31083	4723131094.991418
1.31084	4772434757.51228
1.31085	4715850187.141731
1.3108600000000001	4678967191.836752
1.31087	4694939497.555718
1.3108799999999998	4737181231.98095
1.3108899999999999	4676382213.332928
1.3109	4784868425.165903
1.31091	4756417847.005742
1.31092	4748320225.731236
1.31093	4776942349.118991
1.31094	4728245305.117959
1.31095	4626046565.093873
1.3109600000000001	4692129609.338616
1.31097	4767602073.674959
1.31098	4754227939.923077
1.3109899999999999	4754994292.688965
1.311	4773204045.106976
1.31101	4767821634.91978
1.31102	4742529052.112218
1.31103	4758170498.929235
1.31104	4695696293.383578
1.31105	4626579189.0465975
1.3110600000000001	4754994292.688965
1.3110700000000002	4780353354.399689
1.31108	4761787383.41767
1.3110899999999999	4762993622.442912
1.3111	4772434757.51228
1.31111	4776392414.964195
1.31112	4772434757.51228
1.31113	4765516746.066234
1.31114	4750069893.831198
1.31115	4721826225.923864
1.31116	4755103781.739271
1.3111700000000002	4777272340.003643
1.31118	4713027784.024211
1.3111899999999999	4753242810.707588
1.3112	4774083382.772893
1.31121	4777052343.5477705
1.31122	4695371937.377989
1.31123	4735109210.310952
1.31124	4748976275.730647
1.31125	4763871079.106227
1.31126	4755541763.152073
1.3112700000000002	4766284918.51934
1.31128	4764529277.683824
1.31129	4759047067.058512
1.3113	4775952513.223807
1.31131	4769468666.5891075
1.31132	4704570705.758731
1.3113299999999999	4745587659.460362
1.31134	4719108906.436425
1.31135	4726721344.562795
1.31136	4754884806.159728
1.3113700000000001	4720739110.419516
1.31138	4764858411.074262
1.31139	4765407017.251343
1.3114	4771775466.827725
1.31141	4770347316.109477
1.31142	4770127638.555417
1.3114299999999999	4646757408.248107
1.31144	4551557148.272522
1.31145	4448258322.78585
1.31146	4696020671.795681
1.3114700000000001	4757841827.507445
1.31148	4777272340.003643
1.31149	4752586171.305323
1.3115	4751601382.28266
1.31151	4755103781.739271
1.31152	4768260787.744112
1.3115299999999999	4704895697.214678
1.31154	4655539330.858007
1.31155	4716067365.069225
1.31156	4675843855.925189
1.3115700000000001	4259513509.5622625
1.31158	4444981932.143772
1.31159	4656611431.8297615
1.3116	4754118471.03956
1.31161	4695263823.688393
1.31162	4348605391.806085
1.3116299999999999	4568356631.285668
1.31164	4744932077.583272
1.31165	4756636893.18605
1.31166	4767711853.033473
1.3116700000000001	4754118471.03956
1.31168	4719434902.190402
1.31169	4735436311.364921
1.3117	4732166317.393051
1.31171	4623703748.05362
1.31172	4754884806.159728
1.3117299999999998	4746024764.365568
1.31174	4722369877.552341
1.31175	4759266234.321667
1.31176	4771555723.506409
1.31177	4731185759.592559
1.31178	4561209287.932886
1.31179	4702946085.180518
1.3118	4732711159.537083
1.3118100000000001	4733910033.076819
1.31182	4741983079.706595
1.3118299999999998	4723348608.224849
1.31184	4732275280.80373
1.31185	4738381237.863523
1.31186	4727374410.36036
1.31187	4607443306.148624
1.31188	4622107053.110242
1.31189	4726503676.01271
1.3119	4747554948.611155
1.3119100000000001	4689105456.561044
1.31192	4668958352.44743
1.3119299999999998	4732602186.090041
1.3119399999999999	4677997657.490222
1.31195	4598752108.916994
1.31196	4671754364.525734
1.31197	4609671741.23459
1.31198	4528245873.211557
1.31199	4708688923.442739
1.312	4698941086.05216
1.3120100000000001	4724653898.0002985
1.31202	4680583528.968193
1.31203	4695804417.031254
1.3120399999999999	4730858952.146144
1.31205	4743184301.976136
1.31206	4715524439.002544
1.31207	4708255257.137207
1.31208	4703704171.621839
1.31209	4681877000.682932
1.3121	4696669495.845537
1.31211	4668205865.919167
1.3121200000000002	4725306678.149816
1.31213	4719434902.190402
1.3121399999999999	4716393150.713711
1.31215	4710423988.141461
1.31216	4710966326.963232
1.31217	4641303838.275711
1.31218	4554492591.785095
1.31219	4699914961.010808
1.3122	4705329054.079055
1.31221	4669280883.804212
1.3122200000000002	4672615012.748569
1.31223	4691157347.59193
1.31224	4677889943.853619
1.31225	4700564323.113769
1.31226	4686299059.976399
1.31227	4662082988.349789
1.31228	4666701256.673248
1.31229	4637458113.48465
1.3123	4659721921.007623
1.31231	4662941854.875179
1.3123200000000002	4668635843.369574
1.31233	4675520871.230013
1.31234	4621042896.150672
1.31235	4640128417.466547
1.31236	4630202658.603079
1.31237	4611264140.431599
1.3123799999999999	4620936493.930814
1.31239	4584584692.493267
1.3124	4598752108.916994
1.31241	4528350141.126429
1.3124200000000001	4594941641.942745
1.31243	4599811132.642161
1.31244	4573724487.693197
1.31245	4516895051.541706
1.31246	4529810144.052768
1.31247	4506091435.730979
1.3124799999999999	4425578004.968976
1.31249	4459128626.084644
1.3125	4465704685.099286
1.31251	4432512816.230462
1.3125200000000001	4366264088.765399
1.31253	4314097936.349105
1.31254	4355820755.633916
1.31255	4329921272.545095
1.31256	4293287776.9618134
1.31257	4244631571.3078103
1.3125799999999999	4170518000.4358463
1.31259	4064433291.652127
1.3126	4031809464.4346447
1.31261	3986116615.3524175
1.3126200000000001	3897175826.2000594
1.31263	3787040939.050057
1.31264	3662772965.0811453
1.31265	3543153763.714187
1.31266	3375903314.612836
1.31267	3157693695.3453526
1.3126799999999998	2753467786.9528933
1.31269	1729457921.9137278
1.3127	1455492594.1516273
1.31271	1758611869.3354433
1.31272	2785287306.8993177
1.31273	3166941200.1237774
1.31274	3352509367.3425827
1.31275	3520059463.742189
1.31276	3649303637.4488645
1.31277	3793324534.7650476
1.3127799999999998	3874984770.6998234
1.31279	3965153458.968165
1.3128	4052378476.407372
1.31281	4109604232.5154777
1.31282	4177630257.756452
1.31283	4234576665.3005714
1.31284	4288545281.235698
1.31285	4302095036.0280695
1.3128600000000001	4345302345.676221
1.31287	4374113016.847472
1.3128799999999998	4376530909.056883
1.31289	4459128626.084644
1.3129	4402709188.321575
1.31291	4345002193.19108
1.31292	4473011348.244487
1.31293	4494485669.147962
1.31294	4546738740.611352
1.31295	4561944527.260463
1.3129600000000001	4566568746.153515
1.31297	4550194906.973525
1.31298	4421401965.818384
1.3129899999999999	4589971617.00543
1.313	4568356631.285668
1.31301	4519704069.138832
1.31302	4566568746.153515
1.31303	4498316406.937117
1.31304	4516791047.386984
1.31305	4603943655.936734
1.3130600000000001	4444674894.274551
1.3130700000000002	4563520439.214676
1.31308	4565202012.014391
1.3130899999999999	4656825881.648941
1.3131	4659614628.180558
1.31311	4637885258.831981
1.31312	4675843855.925189
1.31313	4684680749.111355
1.31314	4589337532.794074
1.31315	4668528345.294225
1.31316	4650182527.342133
1.3131700000000002	4547785786.436915
1.31318	4641838218.888043
1.3131899999999999	4686514876.99286
1.3132	4681877000.682932
1.31321	4502461418.0131035
1.31322	4602035876.352671
1.31323	4712376700.149431
1.31324	4717370642.684882
1.31325	4708363669.969038
1.31326	4701213774.9356165
1.3132700000000002	4693318202.90457
1.31328	4726394845.4966135
1.31329	4729878665.246357
1.3133	4703812479.659846
1.31331	4462312694.507326
1.31332	4556275748.908509
1.3133299999999999	4708905771.574259
1.31334	4729443047.383375
1.31335	4732384246.7234125
1.31336	4719434902.190402
1.3133700000000001	4689429379.678542
1.31338	4562995074.750921
1.31339	4640876378.080095
1.3134	4720956513.495431
1.31341	4723892435.134156
1.31342	4733583037.450778
1.3134299999999999	4586907688.023526
1.31344	4625087996.493237
1.31345	4605746173.947345
1.31346	4719217569.185663
1.3134700000000001	4730967885.453299
1.31348	4623597284.566089
1.31349	4714330221.656546
1.3135	4745696931.912421
1.31351	4742747458.675157
1.31352	4743621185.513742
1.3135299999999999	4745915484.364975
1.31354	4744167346.524121
1.31355	4720956513.495431
1.31356	4707388044.343376
1.3135700000000001	4754009004.67663
1.31358	4727156711.736157
1.31359	4611264140.431599
1.3136	4702946085.180518
1.31361	4739145036.236981
1.31362	4731839442.214443
1.3136299999999999	4475483908.795591
1.31364	4648790768.328621
1.31365	4642372661.026778
1.31366	4565307130.88562
1.3136700000000001	4734019036.638517
1.31368	4748648239.40136
1.31369	4732602186.090041
1.3137	4666271457.396655
1.31371	4622319913.907472
1.31372	4650825018.18083
1.3137299999999998	4587541436.51625
1.31374	4649111906.509928
1.31375	4736635875.230434
1.31376	4724218761.333983
1.31377	4699482102.779867
1.31378	4634255777.083338
1.31379	4689645340.854872
1.3138	4702729511.496361
1.3138100000000001	4650610844.705262
1.31382	4578360647.353015
1.3138299999999998	4418450561.593242
1.31384	3906699437.502605
1.31385	2941778705.930825
1.31386	3180606923.6672487
1.31387	4187453525.0230865
1.31388	4491692324.906494
1.31389	4604367714.346276
1.3139	4605534076.381473
1.3139100000000001	4630735761.071296
1.31392	4677459114.108308
1.3139299999999998	4697859239.439376
1.3139399999999999	4699265688.614322
1.31395	4721500064.988801
1.31396	4737399392.261982
1.31397	4695371937.377989
1.31398	4742529052.112218
1.31399	4753461710.668686
1.314	4747882909.415981
1.3140100000000001	4741437170.154752
1.31402	4744604320.607647
1.31403	4656182561.817584
1.3140399999999999	4491382060.509092
1.31405	4669926013.360634
1.31406	4748210892.876302
1.31407	4677889943.853619
1.31408	4541820853.359435
1.31409	4738926795.567906
1.3141	4764968127.256883
1.3141100000000001	4745915484.364975
1.3141200000000002	4657576533.792644
1.31413	4731403643.765525
1.3141399999999999	4652110266.179072
1.31415	4685543778.681529
1.31416	4704462380.262123
1.31417	4727047866.183531
1.31418	4688241770.965982
1.31419	4743075087.378854
1.3142	4674874968.768802
1.31421	4592931835.226823
1.3142200000000002	4695371937.377989
1.31423	4630415892.225322
1.3142399999999999	4722261142.219357
1.31425	4737617562.589915
1.31426	4754118471.03956
1.31427	4737617562.589915
1.31428	4652324508.70714
1.31429	4560579177.109662
1.3143	4684465016.557641
1.31431	4753242810.707588
1.3143200000000002	4754665840.66417
1.31433	4643441729.911697
1.31434	4663693492.876744
1.31435	4735763435.015029
1.31436	4654360304.877779
1.31437	4461901719.246117
1.3143799999999999	4517415108.238616
1.31439	4745696931.912421
1.3144	4761787383.41767
1.31441	4724327541.743333
1.3144200000000001	4616044639.323959
1.31443	4663586108.601911
1.31444	4737399392.261982
1.31445	4735981530.002593
1.31446	4711617215.974315
1.31447	4662619761.387898
1.3144799999999999	4699698526.911864
1.31449	4735000181.647367
1.3145	4754009004.67663
1.31451	4769358846.778913
1.3145200000000001	4743730412.685544
1.31453	4533462211.123401
1.31454	4721065218.787864
1.31455	4755432264.017008
1.31456	4661116952.599108
1.31457	4646971404.2623005
1.3145799999999999	4748538898.993717
1.31459	4723131094.991418
1.3146	4732384246.7234125
1.31461	4762335636.009273
1.3146200000000001	4764090468.528441
1.31463	4684680749.111355
1.31464	4690617289.231914
1.31465	4725741915.021586
1.31466	4745041334.939826
1.31467	4759704599.128195
1.3146799999999998	4759595004.141373
1.31469	4746024764.365568
1.3147	4713896035.792173
1.31471	4695155712.488196
1.31472	4728354178.242954
1.31473	4731185759.592559
1.31474	4709122629.692253
1.31475	4732929113.95893
1.31476	4683817878.502441
1.31477	4575515174.413267
1.3147799999999998	4633615575.211774
1.31479	4719108906.436425
1.3148	4721934951.242396
1.31481	4665304553.74833
1.31482	4657469290.364376
1.31483	4696669495.845537
1.31484	4740782161.649342
1.31485	4727483263.432032
1.3148600000000001	4708472085.297195
1.31487	4669495917.086651
1.3148799999999998	4736635875.230434
1.31489	4736744941.55767
1.3149	4696345072.615825
1.31491	4701863316.488749
1.31492	4722478615.38906
1.31493	4697751068.478193
1.31494	4706954497.84772
1.31495	4725415483.609664
1.3149600000000001	4699698526.911864
1.31497	4715850187.141731
1.31498	4714655887.299271
1.3149899999999999	4712268194.91523
1.315	4711834198.961794
1.31501	4622426347.982138
1.31502	4610627114.752616
1.31503	4691913533.76013
1.31504	4677459114.108308
1.31505	4590182997.87708
1.3150600000000001	4698291948.192177
1.3150700000000002	4690293284.059383
1.31508	4491899179.74527
1.3150899999999999	4418552301.348528
1.3151	4608504331.326327
1.31511	4576147348.863342
1.31512	4627431514.928088
1.31513	4637885258.831981
1.31514	4646650413.936543
1.31515	4489520924.135666
1.31516	4579520421.370583
1.3151700000000002	4633615575.211774
1.31518	4643548650.33973
1.3151899999999999	4635643184.59856
1.3152	4627538066.703053
1.31521	4599917048.427018
1.31522	4605534076.381473
1.31523	4584901395.322773
1.31524	4547995224.534521
1.31525	4542239189.783926
1.31526	4508167045.414599
1.3152700000000002	4472805363.202469
1.31528	4487453899.331313
1.31529	4464059761.717963
1.3153	4422725648.974918
1.31531	4392684382.31188
1.31532	4346303003.7174
1.3153299999999999	4293485494.723094
1.31534	4247662476.779579
1.31535	4163321986.3289175
1.31536	4028932580.1638994
1.3153700000000002	3942484549.3649135
1.31538	3809342306.4768376
1.31539	3650396169.137979
1.3154	3501547321.6899247
1.31541	3238247209.852349
1.31542	2438091497.86815
1.3154299999999999	1628920916.5525317
1.31544	1627159027.4564328
1.31545	2430356593.335812
1.31546	3231617862.55553
1.3154700000000001	3503805580.5746493
1.31548	3703053614.426259
1.31549	3820322268.8441124
1.3155	3961229457.4925995
1.31551	4072677300.2329745
1.31552	4126007375.8156857
1.3155299999999999	4221045173.6368766
1.31554	4286274692.2344737
1.31555	4325138310.350079
1.31556	4337505115.592171
1.3155700000000001	4415399458.009241
1.31558	4436597192.040372
1.31559	4428126305.844083
1.3156	4442833112.390412
1.31561	4531687982.371438
1.31562	4551871569.561298
1.3156299999999999	4514191721.67136
1.31564	4438742995.729773
1.31565	4540461526.048464
1.31566	4595788139.435872
1.3156700000000001	4607867686.902725
1.31568	4535341563.410928
1.31569	4588492223.437169
1.3157	4523452143.528206
1.31571	4552605303.705195
1.31572	4658434570.1219845
1.3157299999999998	4678751722.396034
1.31574	4690941316.78672
1.31575	4698616505.911955
1.31576	4695804417.031254
1.31577	4699265688.614322
1.31578	4644724937.550107
1.31579	4655110559.585431
1.3158	4628816879.389767
1.3158100000000001	4630842388.930234
1.31582	4704354057.259754
1.3158299999999998	4674552050.999667
1.31584	4641731337.843697
1.31585	4646008499.800899
1.31586	4693210136.503413
1.31587	4730423243.99954
1.31588	4683062997.094546
1.31589	4556905265.150104
1.3159	4647827486.87463
1.3159100000000001	4612750875.981929
1.31592	4725197875.195295
1.3159299999999998	4667131095.537642
1.3159399999999999	4508789914.734022
1.31595	4703595866.077686
1.31596	4730532167.274029
1.31597	4721717503.108776
1.31598	4724436324.6574545
1.31599	4732711159.537083
1.316	4720195646.529216
1.3160100000000001	4731403643.765525
1.31602	4749632416.372956
1.31603	4742747458.675157
1.3160399999999999	4705545747.479329
1.31605	4721173926.583358
1.31606	4701538534.495007
1.31607	4595576500.443877
1.31608	4668420849.694062
1.31609	4743293519.088225
1.3161	4750835576.345225
1.3161100000000001	4685867455.758538
1.3161200000000002	4710640916.177523
1.31613	4742419852.6024475
1.3161399999999999	4741000487.76313
1.31615	4732711159.537083
1.31616	4731185759.592559
1.31617	4607125046.232845
1.31618	4569408655.387636
1.31619	4712810746.071374
1.3162	4717044789.519975
1.31621	4671754364.525734
1.3162200000000002	4670356149.249772
1.31623	4680475755.790384
1.3162399999999999	4746680497.213345
1.31625	4697210251.031703
1.31626	4699049284.414806
1.31627	4678967191.836752
1.31628	4715850187.141731
1.31629	4728789695.812783
1.3163	4753680620.710751
1.31631	4733365052.915316
1.3163200000000002	4737399392.261982
1.31633	4708905771.574259
1.31634	4721173926.583358
1.31635	4704787364.234951
1.31636	4707496437.206684
1.31637	4719217569.185663
1.3163799999999999	4727592119.010166
1.31639	4650289602.984549
1.3164	4734564092.097013
1.31641	4744713570.417231
1.3164200000000001	4691589439.049273
1.31643	4660794985.167237
1.31644	4714655887.299271
1.31645	4747773586.630491
1.31646	4757513178.788688
1.31647	4752148462.100034
1.3164799999999999	4756198810.91267
1.31649	4761129563.620581
1.3165	4756527368.834955
1.31651	4710423988.141461
1.3165200000000001	4719000246.18923
1.31653	4741218823.931458
1.31654	4740236390.35034
1.31655	4760691067.576036
1.31656	4744932077.583272
1.31657	4683062997.094546
1.3165799999999999	4743839642.372442
1.31659	4511282252.715852
1.3166	4595047445.602126
1.31661	4693750493.3931875
1.3166200000000001	4726177191.982
1.31663	4730967885.453299
1.31664	4731076821.268744
1.31665	4728245305.117959
1.31666	4742310655.6070595
1.31667	4746789794.829211
1.3166799999999999	4727809837.686057
1.31669	4682631690.915366
1.3167	4741437170.154752
1.31671	4750835576.345225
1.3167200000000001	4752148462.100034
1.31673	4590182997.87708
1.31674	4618064559.899716
1.31675	4744058109.291663
1.31676	4717153404.740599
1.31677	4730532167.274029
1.3167799999999998	4753899540.834208
1.31679	4738381237.863523
1.3168	4745806206.880618
1.31681	4739690681.881965
1.31682	4587963984.155982
1.31683	4734455075.985095
1.31684	4743293519.088225
1.31685	4739363286.956622
1.3168600000000001	4734346062.383355
1.31687	4758827909.88817
1.3168799999999998	4757622725.839158
1.31689	4729551948.087722
1.3169	4751491973.877172
1.31691	4750069893.831198
1.31692	4752257885.621895
1.31693	4760910310.549936
1.31694	4753571164.429581
1.31695	4754556361.697734
1.3169600000000001	4760691067.576036
1.31697	4750726185.572869
1.3169799999999998	4747664266.362241
1.3169899999999999	4733910033.076819
1.317	4462415444.237192
1.31701	4652110266.179072
1.31702	4614981878.126052
1.31703	4622532784.507547
1.31704	4700023181.798013
1.31705	4700672558.853261
1.3170600000000001	4630629135.667544
1.31707	4715090143.151756
1.31708	4674229155.536151
1.3170899999999999	4744713570.417231
1.3171	4746571202.114119
1.31711	4736635875.230434
1.31712	4681445803.733027
1.31713	4334609714.761459
1.31714	4298629353.756101
1.31715	4619340754.598112
1.31716	4678105373.607072
1.3171700000000002	4724871481.363014
1.31718	4745478389.524366
1.3171899999999999	4741109654.590441
1.3172	4726503676.01271
1.31721	4679936927.1232815
1.31722	4625727020.154877
1.31723	4721391349.683779
1.31724	4738272133.859605
1.31725	4751601382.28266
1.31726	4733583037.450778
1.3172700000000002	4701213774.9356165
1.31728	4719760920.464146
1.31729	4754227939.923077
1.3173	4730205404.974612
1.31731	4631055652.013808
1.31732	4702079850.282232
1.31733	4736526811.4144945
1.31734	4741983079.706595
1.31735	4736308691.316372
1.31736	4722152409.390085
1.3173700000000002	4742529052.112218
1.31738	4696345072.615825
1.31739	4685759560.915218
1.3174	4734564092.097013
1.31741	4716936176.800282
1.31742	4709990162.037925
1.3174299999999999	4734455075.985095
1.31744	4645473639.09487
1.31745	4696561352.278917
1.31746	4750398028.368267
1.3174700000000001	4748757582.326687
1.31748	4649968383.45368
1.31749	4607443306.148624
1.3175	4724762688.429136
1.31751	4718456982.481568
1.31752	4738926795.567906
1.3175299999999999	4765297290.963003
1.31754	4705654097.921676
1.31755	4697102095.013877
1.31756	4750179269.491705
1.3175700000000001	4736526811.4144945
1.31758	4754556361.697734
1.31759	4751601382.28266
1.3176	4741109654.590441
1.31761	4756527368.834955
1.31762	4760471834.698396
1.3176299999999999	4756527368.834955
1.31764	4753352259.428048
1.31765	4759595004.141373
1.31766	4756965481.371033
1.3176700000000001	4757294092.254885
1.31768	4674874968.768802
1.31769	4601082283.035353
1.3177	4720304334.301857
1.31771	4753571164.429581
1.31772	4751273164.623698
1.3177299999999998	4760910310.549936
1.31774	4747227010.460275
1.31775	4705762450.858913
1.31776	4661546277.106401
1.31777	4746461909.531477
1.31778	4753790079.512274
1.31779	4732602186.090041
1.3178	4705004032.688911
1.31781	4705220711.121033
1.31782	4745915484.364975
1.3178299999999998	4749413692.753318
1.31784	4626898792.853369
1.31785	4674982612.98224
1.31786	4741109654.590441
1.31787	4539520691.625371
1.31788	4632655438.227566
1.31789	4744167346.524121
1.3179	4729769757.0191555
1.3179100000000001	4693642417.038309
1.31792	4673798662.946377
1.3179299999999998	4735436311.364921
1.31794	4655432134.33753
1.31795	4677028324.042055
1.31796	4737072155.607853
1.31797	4728571932.013797
1.31798	4599599308.388749
1.31799	4729334149.18651
1.318	4700023181.798013
1.3180100000000001	4632228774.542331
1.31802	4618277234.528967
1.31803	4600234810.414732
1.3180399999999999	4585429281.990074
1.31805	4374918832.457754
1.31806	4520224449.25446
1.31807	4721608782.797113
1.31808	4719543572.446037
1.31809	4704787364.234951
1.3181	4730205404.974612
1.3181100000000001	4738817679.002203
1.3181200000000002	4708146846.801645
1.31813	4669926013.360634
1.3181399999999999	4724653898.0002985
1.31815	4631162287.238574
1.31816	4507025341.802639
1.31817	4674336784.879018
1.31818	4716827566.581458
1.31819	4655003372.937664
1.3182	4537430646.378242
1.31821	4718239694.510659
1.3182200000000002	4759266234.321667
1.31823	4757513178.788688
1.3182399999999999	4751820206.6514435
1.31825	4742419852.6024475
1.31826	4733365052.915316
1.31827	4546215308.100835
1.31828	4700564323.113769
1.31829	4715958774.855301
1.3183	4693966653.568759
1.31831	4726068368.98339
1.3183200000000002	4739254160.340449
1.31833	4752367311.663355
1.31834	4765516746.066234
1.31835	4754118471.03956
1.31836	4742747458.675157
1.31837	4736744941.55767
1.3183799999999999	4726612509.034751
1.31839	4745041334.939826
1.3184	4738926795.567906
1.31841	4740127243.63043
1.3184200000000001	4714873010.225958
1.31843	4694507097.560793
1.31844	4621574944.001557
1.31845	4620298132.059096
1.31846	4504950257.771898
1.31847	4703704171.621839
1.3184799999999999	4750069893.831198
1.31849	4738817679.002203
1.3185	4728136434.499832
1.31851	4730641093.056577
1.3185200000000001	4724109983.429385
1.31853	4675197908.845077
1.31854	4706412620.878259
1.31855	4734346062.383355
1.31856	4727156711.736157
1.31857	4754556361.697734
1.3185799999999999	4769139214.7445
1.31859	4751710793.2073965
1.3186	4714004578.509229
1.31861	4725633102.045482
1.3186200000000001	4729007469.640413
1.31863	4735872481.253355
1.31864	4732493215.152177
1.31865	4706629364.179776
1.31866	4649433066.875441
1.31867	4529705842.5204735
1.3186799999999999	4700347859.111283
1.31869	4695696293.383578
1.3187	4685435891.291063
1.31871	4762664617.86306
1.3187200000000001	4753242810.707588
1.31873	4727918700.783948
1.31874	4740454691.329852
1.31875	4743621185.513742
1.31876	4726939023.1371355
1.31877	4661438942.2724495
1.3187799999999998	4721500064.988801
1.31879	4735654391.287557
1.3188	4737617562.589915
1.31881	4719760920.464146
1.31882	4638098846.259168
1.31883	4526473685.940555
1.31884	4717696518.359706
1.31885	4595047445.602126
1.3188600000000001	4372703196.655974
1.31887	4689105456.561044
1.3188799999999998	4729007469.640413
1.31889	4741218823.931458
1.3189	4747773586.630491
1.31891	4761129563.620581
1.31892	4754994292.688965
1.31893	4746571202.114119
1.31894	4701863316.488749
1.31895	4591240048.264333
1.3189600000000001	4658970923.096242
1.31897	4674552050.999667
1.3189799999999998	4650825018.18083
1.3189899999999999	4682955166.82553
1.319	4724871481.363014
1.31901	4743621185.513742
1.31902	4730641093.056577
1.31903	4696453211.202365
1.31904	4711725706.219
1.31905	4729987575.981311
1.3190600000000001	4709881711.75516
1.31907	4695371937.377989
1.31908	4732384246.7234125
1.3190899999999999	4753133364.507251
1.3191	4752148462.100034
1.31911	4730750021.347263
1.31912	4746024764.365568
1.31913	4753680620.710751
1.31914	4758827909.88817
1.31915	4750398028.368267
1.31916	4737072155.607853
1.3191700000000002	4754775322.151483
1.31918	4748866927.769757
1.3191899999999999	4735000181.647367
1.3192	4673475819.523247
1.31921	4733910033.076819
1.31922	4671861936.883777
1.31923	4750507411.584456
1.31924	4723239850.356017
1.31925	4760033399.230115
1.31926	4766833688.938614
1.3192700000000002	4751929622.614857
1.31928	4717587890.6335535
1.31929	4723783664.743391
1.3193	4745369122.104375
1.31931	4748101562.538819
1.31932	4754227939.923077
1.31933	4749085626.209376
1.31934	4731839442.214443
1.31935	4745041334.939826
1.31936	4740236390.35034
1.3193700000000002	4723348608.224849
1.31938	4739472416.085557
1.31939	4682200424.459142
1.3194	4718674280.459188
1.31941	4678213092.204186
1.31942	4678967191.836752
1.3194299999999999	4713244831.972265
1.31944	4735000181.647367
1.31945	4682847339.03937
1.31946	4659721921.007623
1.3194700000000001	4540566075.242374
1.31948	4674229155.536151
1.31949	4744822822.742433
1.3195	4701322025.629461
1.31951	4677459114.108308
1.31952	4659614628.180558
1.3195299999999999	4734891155.49425
1.31954	4734455075.985095
1.31955	4745806206.880618
1.31956	4733692033.483018
1.3195700000000001	4741327995.786203
1.31958	4752695604.905927
1.31959	4748976275.730647
1.3196	4676705257.529565
1.31961	4688781555.818607
1.31962	4725415483.609664
1.3196299999999999	4679829168.8338585
1.31964	4573092647.950643
1.31965	4378748484.349237
1.31966	4588386570.7156
1.3196700000000001	4614131845.341202
1.31968	4698508317.514286
1.31969	4690833305.1147785
1.3197	4720847810.706
1.31971	4756308327.698333
1.31972	4743511960.856961
1.3197299999999998	4691157347.59193
1.31974	4474041415.755964
1.31975	4731185759.592559
1.31976	4744932077.583272
1.31977	4737835742.965176
1.31978	4741437170.154752
1.31979	4741546347.037162
1.3198	4732820135.4933605
1.31981	4715958774.855301
1.31982	4652110266.179072
1.3198299999999998	4698724696.800782
1.31984	4731185759.592559
1.31985	4728136434.499832
1.31986	4715633019.215401
1.31987	4695804417.031254
1.31988	4719108906.436425
1.31989	4710966326.963232
1.3199	4734455075.985095
1.3199100000000001	4739908957.730094
1.31992	4744822822.742433
1.3199299999999998	4755760768.9862995
1.31994	4748101562.538819
1.31995	4751710793.2073965
1.31996	4759704599.128195
1.31997	4760910310.549936
1.31998	4757622725.839158
1.31999	4749523053.304063
1.32	4757951382.125399
1.3200100000000001	4753242810.707588
1.32002	4717913781.315852
1.32003	4642051988.359979
1.3200399999999999	4690077293.044834
1.32005	4673906282.376673
1.32006	4613281969.123756
1.32007	4697859239.439376
1.32008	4594201084.53726
1.32009	4641624459.260348
1.3201	4707930033.61908
1.3201100000000001	4687270314.822901
1.3201200000000002	4683925728.636357
1.32013	4673798662.946377
1.3201399999999999	4519704069.138832
1.32015	4732384246.7234125
1.32016	4744167346.524121
1.32017	4629989434.800399
1.32018	4660151117.021842
1.32019	4706629364.179776
1.3202	4626046565.093873
1.32021	4365962488.344336
1.3202200000000002	4657898278.894072
1.32023	4752695604.905927
1.3202399999999999	4751820206.6514435
1.32025	4591240048.264333
1.32026	4585746043.163789
1.32027	4735981530.002593
1.32028	4742419852.6024475
1.32029	4719108906.436425
1.3203	4681014646.496
1.32031	4718348337.245304
1.3203200000000002	4680906863.391457
1.32033	4367671832.899156
1.32034	4631162287.238574
1.32035	4693642417.038309
1.32036	4667238561.439755
1.32037	4646650413.936543
1.3203799999999999	4679290414.603545
1.32039	4668743343.920187
1.3204	4730858952.146144
1.32041	4742856665.728422
1.3204200000000001	4737181231.98095
1.32043	4706846117.462903
1.32044	4614769355.250058
1.32045	4660365729.853302
1.32046	4512425034.6733465
1.32047	3246833363.502004
1.3204799999999999	2871573917.6118107
1.32049	4168309901.493168
1.3205	4594201084.53726
1.32051	4617532916.173472
1.3205200000000001	4709664818.68097
1.32053	4722478615.38906
1.32054	4674121528.671512
1.32055	4677028324.042055
1.32056	4698508317.514286
1.32057	4674982612.98224
1.3205799999999999	4732711159.537083
1.32059	4751382567.990858
1.3206	4741546347.037162
1.32061	4736854010.39628
1.3206200000000001	4728571932.013797
1.32063	4714547329.58543
1.32064	4737508476.170049
1.32065	4748210892.876302
1.32066	4744713570.417231
1.32067	4745041334.939826
1.3206799999999999	4745806206.880618
1.32069	4723131094.991418
1.3207	4644617990.037372
1.32071	4739145036.236981
1.3207200000000001	4753571164.429581
1.32073	4732711159.537083
1.32074	4605003875.197415
1.32075	4716610353.646177
1.32076	4631482207.645488
1.32077	4618489918.952491
1.3207799999999998	4661868296.437454
1.32079	4709231062.4963045
1.3208	4733692033.483018
1.32081	4743511960.856961
1.32082	4742747458.675157
1.32083	4730532167.274029
1.32084	4740563845.589591
1.32085	4659936514.07344
1.3208600000000001	4534923862.252048
1.32087	4674982612.98224
1.3208799999999998	4431492309.931587
1.32089	4516271062.5336
1.3209	4693426271.794057
1.32091	4686622789.228175
1.32092	4646757408.248107
1.32093	4687378244.453015
1.32094	4709447935.594825
1.32095	4739472416.085557
1.3209600000000001	4738926795.567906
1.32097	4736308691.316372
1.3209799999999998	4749851150.065422
1.3209899999999999	4719108906.436425
1.321	4721173926.583358
1.32101	4730532167.274029
1.32102	4716284552.998382
1.32103	4622213482.283531
1.32104	4657362049.405433
1.32105	4733365052.915316
1.3210600000000001	4746789794.829211
1.32107	4731403643.765525
1.32108	4696777641.902286
1.3210899999999999	4692561790.3487
1.3211	4709231062.4963045
1.32111	4730967885.453299
1.32112	4736744941.55767
1.32113	4735218241.485024
1.32114	4719108906.436425
1.32115	4617213959.316196
1.3211600000000001	4500595690.581743
1.3211700000000002	4641731337.843697
1.32118	4727047866.183531
1.3211899999999999	4728463053.874894
1.3212	4739035914.646139
1.32121	4730096489.224037
1.32122	4659721921.007623
1.32123	4703054375.762739
1.32124	4719543572.446037
1.32125	4630309274.186719
1.32126	4697751068.478193
1.3212700000000002	4729769757.0191555
1.32128	4717913781.315852
1.3212899999999999	4681553599.247273
1.3213	4704245736.751605
1.32131	4723348608.224849
1.32132	4507751847.006063
1.32133	4404230092.839231
1.32134	4673475819.523247
1.32135	4738053933.388245
1.32136	4710098614.817897
1.3213700000000002	4706304252.970475
1.32138	4733583037.450778
1.32139	4728463053.874894
1.3214	4657898278.894072
1.32141	4705220711.121033
1.32142	4729878665.246357
1.3214299999999999	4683386502.799315
1.32144	4644404102.399432
1.32145	4732166317.393051
1.32146	4677566817.824576
1.3214700000000001	4694615193.825907
1.32148	4708688923.442739
1.32149	4672937796.7072
1.3215	4743621185.513742
1.32151	4746352619.465361
1.32152	4752695604.905927
1.3215299999999999	4747882909.415981
1.32154	4687162387.67791
1.32155	4512632844.3106575
1.32156	4537535125.782765
1.3215700000000001	4660043814.312287
1.32158	4713896035.792173
1.32159	4590500087.437197
1.3216	3723488355.4287343
1.32161	4051911955.9494004
1.32162	4417840172.254583
1.3216299999999999	4472702374.23865
1.32164	4633935665.091671
1.32165	4678428536.839496
1.32166	4678428536.839496
1.3216700000000001	4648469652.330006
1.32168	4699806742.715432
1.32169	4695588172.225514
1.3217	4707496437.206684
1.32171	4650396681.092521
1.32172	4605428031.261275
1.3217299999999998	4578782349.371893
1.32174	4660473039.97534
1.32175	4744604320.607647
1.32176	4704245736.751605
1.3217700000000001	4576147348.863342
1.32178	4677459114.108308
1.32179	4660794985.167237
1.3218	4595470684.602699
1.32181	4651681810.720481
1.32182	4677997657.490222
1.3218299999999998	4734346062.383355
1.32184	4747992234.718732
1.32185	4748866927.769757
1.32186	4723674896.857147
1.32187	4721934951.242396
1.32188	4754227939.923077
1.32189	4741218823.931458
1.3219	4711074802.22049
1.3219100000000001	4726394845.4966135
1.32192	4720847810.706
1.3219299999999998	4696020671.795681
1.32194	4718239694.510659
1.32195	4729660851.29963
1.32196	4718348337.245304
1.32197	4644938839.96341
1.32198	4623703748.05362
1.32199	4537221694.786238
1.322	4690617289.231914
1.3220100000000001	4722369877.552341
1.32202	4716610353.646177
1.3220299999999998	4723892435.134156
1.3220399999999999	4679398160.487551
1.32205	4095434646.443947
1.32206	3327055150.845666
1.32207	4152216596.526245
1.32208	4593249114.6764555
1.32209	4556065929.487446
1.3221	4478164058.439378
1.3221100000000001	4582051857.2770405
1.32212	4748320225.731236
1.32213	4726830182.596897
1.3221399999999999	4715090143.151756
1.32215	4666808712.677843
1.32216	4717044789.519975
1.32217	4721282636.88199
1.32218	4571934501.78139
1.32219	4586696457.982016
1.3222	4696345072.615825
1.32221	4715415861.289812
1.3222200000000002	4712268194.91523
1.32223	4595470684.602699
1.3222399999999999	4613813123.413462
1.32225	4684465016.557641
1.32226	4608822686.523017
1.32227	4489210809.728116
1.32228	4182924251.2988753
1.32229	4545063968.679336
1.3223	4696669495.845537
1.32231	4718131054.277558
1.3223200000000002	4564781560.733226
1.32233	4581418867.145329
1.32234	4691157347.59193
1.32235	4721934951.242396
1.32236	4627964298.338233
1.32237	4641410709.476421
1.3223799999999999	4662297690.14926
1.32239	4703487563.027333
1.3224	4676059191.4506235
1.32241	4731730488.839203
1.3224200000000002	4712268194.91523
1.32243	4721934951.242396
1.32244	4738272133.859605
1.32245	4738926795.567906
1.32246	4721500064.988801
1.32247	4682739513.736007
1.3224799999999999	4647292416.76203
1.32249	4729225253.49711
1.3225	4713027784.024211
1.32251	4734128042.710124
1.3225200000000001	4734237051.291718
1.32253	4734019036.638517
1.32254	4727700977.094823
1.32255	4732493215.152177
1.32256	4731948398.098455
1.32257	4694399003.78466
1.3225799999999999	4620191746.987867
1.32259	4651146296.887992
1.3226	4724980276.801952
1.32261	4710857854.203699
1.3226200000000001	4688673593.876408
1.32263	4610945616.591073
1.32264	4686946540.843167
1.32265	4684572881.592631
1.32266	4741983079.706595
1.32267	4723022342.130974
1.3226799999999999	4653288722.1874895
1.32269	4674121528.671512
1.3227	4671969511.718793
1.32271	4636817469.2245035
1.3227200000000001	4690185287.308755
1.32273	4661438942.2724495
1.32274	4707821630.771979
1.32275	4721282636.88199
1.32276	4719434902.190402
1.32277	4609353327.389285
1.3227799999999998	4128002959.698189
1.32279	4334909149.334827
1.3228	4685435891.291063
1.32281	4726068368.98339
1.32282	4710423988.141461
1.32283	4727047866.183531
1.32284	4722152409.390085
1.32285	4743839642.372442
1.3228600000000001	4727265559.795075
1.32287	4694507097.560793
1.3228799999999998	4717805148.587113
1.32289	4746571202.114119
1.3229	4739254160.340449
1.32291	4696669495.845537
1.32292	4632548768.622123
1.32293	4691913533.76013
1.32294	4711183279.975493
1.32295	4727047866.183531
1.3229600000000001	4738053933.388245
1.32297	4741983079.706595
1.3229799999999998	4731948398.098455
1.3229899999999999	4647720467.92388
1.323	4705654097.921676
1.32301	4647720467.92388
1.32302	4609990177.075903
1.32303	4689321402.819838
1.32304	4617001333.651451
1.32305	4733910033.076819
1.3230600000000001	4732711159.537083
1.32307	4709773263.969528
1.32308	4620298132.059096
1.3230899999999999	4540356979.26186
1.3231	4679074930.2781925
1.32311	4714330221.656546
1.32312	4725089074.746027
1.32313	4745259857.20031
1.32314	4728136434.499832
1.32315	4706195887.557928
1.3231600000000001	4693642417.038309
1.3231700000000002	4718456982.481568
1.32318	4725850730.50325
1.3231899999999999	4721934951.242396
1.3232	4660794985.167237
1.32321	4651253394.722278
1.32322	4742638254.136428
1.32323	4736635875.230434
1.32324	4737726651.521598
1.32325	4717696518.359706
1.32326	4703379262.470701
1.3232700000000002	4736744941.55767
1.32328	4726068368.98339
1.3232899999999999	4686299059.976399
1.3233	4650182527.342133
1.32331	4542971371.246491
1.32332	4681445803.733027
1.32333	4525223147.816761
1.32334	4702621228.394329
1.32335	4696669495.845537
1.32336	4637885258.831981
1.3233700000000002	4713353359.694625
1.32338	4719000246.18923
1.32339	4708363669.969038
1.3234	4719978278.491713
1.32341	4728789695.812783
1.32342	4745696931.912421
1.3234299999999999	4725197875.195295
1.32344	4697102095.013877
1.32345	4660473039.97534
1.32346	4626579189.0465975
1.3234700000000001	4521369496.417324
1.32348	4715307286.077145
1.32349	4626046565.093873
1.3235	4629882826.581247
1.32351	4693750493.3931875
1.32352	4634789346.210927
1.3235299999999999	4655539330.858007
1.32354	4699590313.600028
1.32355	4671754364.525734
1.32356	4711400242.979022
1.3235700000000001	4708688923.442739
1.32358	4719869598.226716
1.32359	4717370642.684882
1.3236	4685435891.291063
1.32361	4645366674.342843
1.32362	4594624245.581509
1.3236299999999999	4629669617.507019
1.32364	4706629364.179776
1.32365	4732275280.80373
1.32366	4716501750.929624
1.3236700000000001	4683602185.684473
1.32368	4690401283.296738
1.32369	4627324965.60654
1.3237	4707279653.975897
1.32371	4713136306.748819
1.32372	4574672410.994373
1.3237299999999999	4692885952.229524
1.32374	4745696931.912421
1.32375	4735981530.002593
1.32376	4702837797.091731
1.3237700000000001	4669388399.2076
1.32378	4719869598.226716
1.32379	4732384246.7234125
1.3238	4683710030.851839
1.32381	4701213774.9356165
1.32382	4652753023.36313
1.3238299999999998	4593460646.485927
1.32384	4696885790.449235
1.32385	4705545747.479329
1.32386	4605109910.550946
1.32387	4506714018.274517
1.32388	4726394845.4966135
1.32389	4737508476.170049
1.3239	4649861315.207513
1.3239100000000001	4683817878.502441
1.32392	4742201461.125978
1.3239299999999998	4754227939.923077
1.32394	4719000246.18923
1.32395	4543180587.626997
1.32396	4602141843.364716
1.32397	4633615575.211774
1.32398	4695912543.168614
1.32399	4720630412.635899
1.324	4713678957.855785
1.3240100000000001	4555751218.472539
1.32402	4634682627.471003
1.3240299999999998	4745041334.939826
1.3240399999999999	4724327541.743333
1.32405	4533879777.653037
1.32406	4436597192.040372
1.32407	4643014072.818034
1.32408	4683817878.502441
1.32409	4584479129.744888
1.3241	4721173926.583358
1.3241100000000001	4724001208.029462
1.32412	4719760920.464146
1.32413	4683062997.094546
1.3241399999999999	4656718655.504879
1.32415	4672399835.829754
1.32416	4707171266.10417
1.32417	4637778468.806836
1.32418	4417941897.954974
1.32419	4704245736.751605
1.3242	4730532167.274029
1.32421	4711617215.974315
1.3242200000000002	4542657564.7404
1.32423	4564781560.733226
1.3242399999999999	4700997281.025476
1.32425	4675628530.316094
1.32426	4730641093.056577
1.32427	4672292251.086272
1.32428	4654253135.505066
1.32429	4693966653.568759
1.3243	4697426570.53867
1.32431	4686083252.898433
1.3243200000000002	4657791028.057434
1.32433	4560789204.378246
1.32434	4726177191.982
1.32435	4740782161.649342
1.32436	4724653898.0002985
1.32437	4732384246.7234125
1.32438	4740673002.362747
1.32439	4717262022.462228
1.3244	4705437399.531795
1.32441	4674336784.879018
1.3244200000000002	4688457677.44965
1.32443	4714438774.371214
1.32444	4688781555.818607
1.32445	4727374410.36036
1.32446	4732493215.152177
1.32447	4716175957.783579
1.3244799999999999	4715741601.928456
1.32449	4725850730.50325
1.3245	4727483263.432032
1.32451	4713678957.855785
1.3245200000000001	4727047866.183531
1.32453	4732384246.7234125
1.32454	4738708564.948973
1.32455	4743839642.372442
1.32456	4737181231.98095
1.32457	4717587890.6335535
1.3245799999999999	4719543572.446037
1.32459	4685328006.3847685
1.3246	4666056572.602653
1.32461	4731621537.972678
1.3246200000000001	4684788619.113829
1.32463	4618915317.184087
1.32464	4642907164.698962
1.32465	4304968717.941966
1.32466	4542552967.3887005
1.32467	4623065003.898044
1.3246799999999999	4665949133.916505
1.32469	4587541436.51625
1.3247	4626898792.853369
1.32471	4664982297.05723
1.3247200000000001	4731948398.098455
1.32473	4646543422.088587
1.32474	4664874883.106906
1.32475	4708905771.574259
1.32476	4717153404.740599
1.32477	4703487563.027333
1.3247799999999998	4693318202.90457
1.32479	4722043679.064451
1.3248	4653610171.087173
1.32481	4617320275.82054
1.32482	4651681810.720481
1.32483	4704679033.749655
1.32484	4727047866.183531
1.32485	4599493399.920061
1.32486	4691373388.345974
1.32487	4703379262.470701
1.3248799999999998	4687917929.882753
1.32489	4722261142.219357
1.3249	4718022416.545981
1.32491	4713896035.792173
1.32492	4705979164.218306
1.32493	4672399835.829754
1.32494	4392077552.456555
1.32495	4472084490.252812
1.3249600000000001	4663586108.601911
1.32497	4675305560.494571
1.3249799999999998	4571197652.389943
1.32499	4585323699.794545
1.325	4686514876.99286
1.32501	4721391349.683779
1.32502	4732711159.537083
1.32503	4738163032.367872
1.32504	4721717503.108776
1.32505	4704029103.217678
1.3250600000000001	4679721413.025632
1.32507	4679505908.852527
1.32508	4691913533.76013
1.3250899999999999	4677997657.490222
1.3251	4630096045.474323
1.32511	4485697676.524011
1.32512	4585112542.696709
1.32513	4707604832.565839
1.32514	4669603437.44144
1.32515	4611370319.934742
1.3251600000000001	4667238561.439755
1.3251700000000002	4664552656.095377
1.32518	4695696293.383578
1.3251899999999999	4685220123.962586
1.3252	4539520691.625371
1.32521	4673906282.376673
1.32522	4661116952.599108
1.32523	4641090103.256586
1.32524	4677997657.490222
1.32525	4460360899.093862
1.32526	4546738740.611352
1.3252700000000002	4607655491.639802
1.32528	4504535355.626828
1.3252899999999999	4332115230.872218
1.3253	4406157326.148265
1.32531	4582895980.165382
1.32532	4580153149.204199
1.32533	4504224204.094916
1.32534	4305365238.473964
1.32535	4644617990.037372
1.32536	4697102095.013877
1.3253700000000002	4644297162.274096
1.32538	4548728333.835064
1.32539	4514191721.67136
1.3254	4683278665.081391
1.32541	4706412620.878259
1.32542	4656289775.617491
1.3254299999999999	4686083252.898433
1.32544	4677889943.853619
1.32545	4616788717.778235
1.32546	4367671832.899156
1.3254700000000001	4173207699.721088
1.32548	4531061949.78558
1.32549	4640983239.43804
1.3255	4702512947.78558
1.32551	4710857854.203699
1.32552	4709664818.68097
1.3255299999999999	4720086961.259192
1.32554	4699265688.614322
1.32555	4699373894.451324
1.32556	4712376700.149431
1.3255700000000001	4714221671.441366
1.32558	4681122432.08237
1.32559	4664982297.05723
1.3256	4631908802.566203
1.32561	4570460921.754997
1.32562	4614875615.4646845
1.3256299999999999	4635536446.198507
1.32564	4591451487.550727
1.32565	4657147574.895384
1.32566	4654896188.757914
1.3256700000000001	4629776220.816793
1.32568	4679290414.603545
1.32569	4717370642.684882
1.3257	4713678957.855785
1.32571	4661975641.157764
1.32572	4671861936.883777
1.3257299999999999	4728898581.472981
1.32574	4720304334.301857
1.32575	4694182823.699084
1.32576	4682092614.051347
1.3257700000000001	4479092176.446683
1.32578	4639701065.526185
1.32579	4736199635.034053
1.3258	4739799818.549533
1.32581	4731185759.592559
1.32582	4716718958.863449
1.3258299999999998	4690077293.044834
1.32584	4636817469.2245035
1.32585	4588914858.651645
1.32586	4638953294.335392
1.32587	4725089074.746027
1.32588	4682200424.459142
1.32589	4663049224.315371
1.3259	4714764447.512754
1.3259100000000001	4725633102.045482
1.32592	4726177191.982
1.3259299999999998	4632548768.622123
1.32594	3820762125.019116
1.32595	4060224056.1773887
1.32596	4650289602.984549
1.32597	4661331609.909965
1.32598	4725850730.50325
1.32599	4696128802.912531
1.326	4642479556.838307
1.3260100000000001	4607867686.902725
1.32602	4432819013.944096
1.3260299999999998	4620510909.550533
1.3260399999999999	4723783664.743391
1.32605	4707171266.10417
1.32606	4674444416.700171
1.32607	4664767471.629869
1.32608	4724871481.363014
1.32609	4744276586.271909
1.3261	4641090103.256586
1.3261100000000001	4529497246.660644
1.32612	4727918700.783948
1.32613	4732166317.393051
1.3261399999999999	4728245305.117959
1.32615	4714004578.509229
1.32616	4674552050.999667
1.32617	4686191155.195141
1.32618	4633722269.381629
1.32619	4598222688.490851
1.3262	4658005532.200297
1.32621	4664874883.106906
1.3262200000000002	4418857534.67065
1.32623	4392987828.67974
1.3262399999999999	4675951522.448336
1.32625	4691697468.132043
1.32626	4680475755.790384
1.32627	4709664818.68097
1.32628	4732711159.537083
1.32629	4712268194.91523
1.3263	4703812479.659846
1.32631	4717044789.519975
1.3263200000000002	4708255257.137207
1.32633	4724327541.743333
1.32634	4737726651.521598
1.32635	4701755053.331364
1.32636	4726830182.596897
1.32637	4708580503.121757
1.32638	4673045396.315108
1.32639	4668743343.920187
1.3264	4664660062.626046
1.32641	4712593718.113274
1.3264200000000002	4714981575.438939
1.32643	4595047445.602126
1.32644	4584584692.493267
1.32645	4707388044.343376
1.32646	4663586108.601911
1.32647	4727265559.795075
1.3264799999999999	4701646792.666803
1.32649	4717913781.315852
1.3265	4729878665.246357
1.32651	4645794548.129073
1.3265200000000001	4499041508.312958
1.32653	4598646219.955571
1.32654	4734455075.985095
1.32655	4737399392.261982
1.32656	4706520991.281352
1.32657	4686406967.242288
1.3265799999999999	4710423988.141461
1.32659	4663049224.315371
1.3266	4575515174.413267
1.32661	4579731320.935804
1.3266200000000001	4660365729.853302
1.32663	4683817878.502441
1.32664	4667131095.537642
1.32665	4545796605.479178
1.32666	4621468529.530986
1.32667	4619447120.074291
1.3266799999999999	4721608782.797113
1.32669	4698075588.834033
1.3267	4685651668.556222
1.32671	4708472085.297195
1.3267200000000001	4732602186.090041
1.32673	4701971582.139031
1.32674	4614875615.4646845
1.32675	4572882054.10059
1.32676	4629669617.507019
1.32677	4651896033.517011
1.3267799999999998	4593566416.043734
1.32679	4184658287.647727
1.3268	4381774261.591176
1.32681	4621149300.82056
1.32682	4564466247.684636
1.32683	4581102404.87204
1.32684	4658005532.200297
1.32685	4659292764.521997
1.32686	4707062880.728136
1.32687	4693534343.17195
1.3268799999999998	4708255257.137207
1.32689	4728680812.659741
1.3269	4732384246.7234125
1.32691	4723457368.597934
1.32692	4675413214.622863
1.32693	4367470698.809412
1.32694	4435677879.4692335
1.32695	4553863408.84362
1.3269600000000001	4625620510.080319
1.32697	4514815423.388083
1.3269799999999998	4634789346.210927
1.32699	4673798662.946377
1.327	4691913533.76013
1.32701	4612963305.901377
1.32702	4341102097.073462
1.32703	4466835921.509634
1.32704	4570671404.105217
1.32705	4560159151.587701
1.3270600000000001	4476308399.334218
1.32707	4028747045.2340274
1.32708	3876412630.852217
1.3270899999999999	4323843834.231638
1.3271	4647185410.131582
1.32711	4683925728.636357
1.32712	4708688923.442739
1.32713	4697426570.53867
1.32714	4696236936.519219
1.32715	4701538534.495007
1.3271600000000001	4566673896.495305
1.3271700000000002	4706304252.970475
1.32718	4688349722.964958
1.3271899999999999	4595364871.197974
1.3272	4612219843.98094
1.32721	4520744889.2845125
1.32722	4400580804.310871
1.32723	4385710898.049792
1.32724	4543808294.580204
1.32725	4670141076.35309
1.32726	4710098614.817897
1.3272700000000002	4711291760.228318
1.32728	4719760920.464146
1.3272899999999999	4706304252.970475
1.3273	4662512401.836361
1.32731	4669065860.424192
1.32732	4643976356.67207
1.32733	4540670626.843665
1.32734	4555541423.206438
1.32735	4692561790.3487
1.32736	4683062997.094546
1.3273700000000002	4700672558.853261
1.32738	4620830094.160929
1.32739	4604473735.051512
1.3274	4512840663.518195
1.32741	4710098614.817897
1.32742	4726612509.034751
1.3274299999999999	4724218761.333983
1.32744	4712810746.071374
1.32745	4716501750.929624
1.32746	4700456089.866468
1.3274700000000001	4644511044.987165
1.32748	4655968141.623695
1.32749	4712810746.071374
1.3275	4718022416.545981
1.32751	4688457677.44965
1.32752	4693426271.794057
1.3275299999999999	4708363669.969038
1.32754	4713896035.792173
1.32755	4700889037.809067
1.32756	4715307286.077145
1.3275700000000001	4722913591.774629
1.32758	4709447935.594825
1.32759	4714981575.438939
1.3276	4709990162.037925
1.32761	4690509285.020896
1.32762	4665841697.704214
1.3276299999999999	4343801790.566972
1.32764	3794110716.950945
1.32765	4288249049.2542434
1.32766	4666164013.762677
1.3276700000000001	4665949133.916505
1.32768	4590288691.963369
1.32769	4636390422.21972
1.3277	4651146296.887992
1.32771	4616150928.903406
1.32772	4651788920.885571
1.3277299999999999	4670463689.412348
1.32774	4478164058.439378
1.32775	4554492591.785095
1.32776	4475793074.949647
1.3277700000000001	4596105616.198825
1.32778	4708580503.121757
1.32779	4726721344.562795
1.3278	4722804843.922325
1.32781	4710532450.910744
1.32782	4712051191.941939
1.3278299999999998	4704245736.751605
1.32784	4628177428.877785
1.32785	4674552050.999667
1.32786	4702188120.918428
1.32787	4700780797.085001
1.32788	4690617289.231914
1.32789	4686083252.898433
1.3279	4661224280.018869
1.3279100000000001	4703487563.027333
1.32792	4705979164.218306
1.3279299999999998	4700239630.848193
1.32794	4659078201.101279
1.32795	4628603719.403109
1.32796	4677997657.490222
1.32797	4610520952.3622265
1.32798	4665734263.965706
1.32799	4645794548.129073
1.328	4589020523.537632
1.3280100000000001	4498316406.937117
1.32802	4371293830.863566
1.3280299999999998	4486937291.847497
1.3280399999999999	4401999612.62994
1.32805	4571302909.317465
1.32806	4561419344.219833
1.32807	4711508728.227662
1.32808	4719434902.190402
1.32809	4719652245.203926
1.3281	4717587890.6335535
1.3281100000000001	4622319913.907472
1.32812	4658434570.1219845
1.32813	4726830182.596897
1.3281399999999999	4730532167.274029
1.32815	4680691304.62762
1.32816	4671431662.312859
1.32817	4721608782.797113
1.32818	4726286017.4863825
1.32819	4578044396.32675
1.3282	4289730413.812489
1.3282100000000001	4475690017.192015
1.3282200000000002	4691049330.945752
1.32823	4687054463.018024
1.3282399999999999	4644617990.037372
1.32825	4665734263.965706
1.32826	4719978278.491713
1.32827	4721717503.108776
1.32828	4695047603.777325
1.32829	4689429379.678542
1.3283	4713244831.972265
1.32831	4683062997.094546
1.3283200000000002	4692669841.820943
1.32833	4705437399.531795
1.3283399999999999	4709014199.38491
1.32835	4689105456.561044
1.32836	4615513228.13628
1.32837	4581313377.291952
1.32838	4646650413.936543
1.32839	4505572682.645001
1.3284	4585006967.79427
1.32841	4699482102.779867
1.3284200000000002	4682200424.459142
1.32843	4701755053.331364
1.32844	4681338010.700835
1.32845	4676920632.724922
1.32846	4660151117.021842
1.32847	4631482207.645488
1.3284799999999999	4616895024.490937
1.32849	4534088575.340526
1.3285	4131711605.096667
1.32851	2784902531.8172994
1.3285200000000001	2869260634.7262464
1.32853	4230483446.162557
1.32854	4469407979.187741
1.32855	4574777747.93209
1.32856	4664230451.341714
1.32857	4672937796.7072
1.3285799999999999	4659292764.521997
1.32859	4648362618.593
1.3286	4673691045.994082
1.32861	4674982612.98224
1.3286200000000001	4699265688.614322
1.32863	4646222461.325769
1.32864	4635002791.062804
1.32865	4715090143.151756
1.32866	4696777641.902286
1.32867	4576252719.763148
1.3286799999999999	4675090259.674325
1.32869	4713244831.972265
1.3287	4714330221.656546
