1.31901	856856.3114227875
1.31902	827021.8808346633
1.31903	746538.1393737055
1.31904	856607.751425596
1.31905	932532.5504905912
1.31906	913936.4533917806
1.31907	931455.2609829368
1.31908	1002582.2235150696
1.31909	966344.5463109572
1.3191	1026786.1453298492
1.31911	1040399.1770513536
1.31912	1031216.8482427448
1.31913	996538.3123540905
1.31914	1066473.3318822682
1.31915	1036406.194361988
1.31916	545519.149068366
1.3191700000000002	1099739.9452989884
1.31918	1094888.7666178613
1.31919	978333.6692914895
1.3192	892435.8335892238
1.31921	852273.5294331808
1.31922	680444.9574293417
1.31923	816324.8176797356
1.31924	754527.3732085712
1.31925	729449.1121129666
1.31926	711038.3088665074
1.3192700000000002	644253.8165728498
1.31928	557418.0144644901
1.31929	554349.9337979822
1.3193	535545.0382653124
1.31931	447618.4716071071
1.31932	426791.7344692885
1.31933	344085.99792217475
1.31934	226171.0425786825
1.31935	269531.1721586669
1.31936	322899.9665295286
1.3193700000000002	333793.5957982336
1.31938	303886.21507119946
1.31939	238133.22851561892
1.3194	180353.67657712413
1.31941	169650.0531335414
1.31942	299664.98511252826
1.31943	404827.4939122782
1.31944	526572.2883763546
1.31945	360083.31653232186
1.31946	530940.6779129817
1.31947	299032.9188569728
1.31948	602020.1117192368
1.31949	800814.6325356099
1.3195	774028.585812635
1.31951	1067087.4200130985
1.31952	1174518.8737555929
1.31953	1287300.683963445
1.31954	1200494.0170840612
1.31955	1322117.3364057078
1.31956	1082006.82452975
1.31957	1544116.2733578668
1.31958	1648200.3423039669
1.31959	1488024.21961542
1.3196	1603429.981762604
1.31961	1624538.469459604
1.31962	1131800.8089249162
1.31963	1124449.6147800938
1.31964	1722185.7841141762
1.31965	1746505.6703805663
1.31966	1803059.2573552674
1.31967	1755658.324282244
1.31968	1660160.207448306
1.31969	1517469.6018834168
1.3197	1536667.8319373918
1.31971	1668322.4731387026
1.31972	1639947.70728827
1.3197299999999998	1683875.5849090472
1.31974	1669859.7627608478
1.31975	1628058.4772696418
1.31976	1553459.7313765844
1.31977	1429255.920840985
1.31978	1583507.0454298297
1.31979	1576050.0315242752
1.3198	1553423.9620561963
1.31981	1545147.7008299576
1.31982	1543263.1989056678
1.3198299999999998	1484738.602061337
1.31984	1315406.549770105
1.31985	1341127.2904143636
1.31986	1089155.7785953218
1.31987	1110964.0353927088
1.31988	1078747.991203097
1.31989	981854.1950036515
1.3199	864728.9523233669
1.31991	804310.9846551608
1.31992	711449.3714204766
1.3199299999999998	625957.7200024796
1.31994	533538.7905831282
1.31995	412786.9890749913
1.31996	363428.5153929856
1.31997	338945.59959664807
1.31998	331380.5389997021
1.31999	305026.8009635828
1.32	303579.19149401033
1.32001	265436.1075026956
1.32002	216137.93606220614
1.32003	127163.0687683838
1.32004	106365.06259275439
1.32005	84722.15617211664
1.32006	49054.62950898968
1.32007	61268.32395295564
1.32008	63228.08085657183
1.32009	54663.5710777145
1.3201	49875.12532720833
1.32011	20241.840573760634
1.3201200000000002	6855.43472502792
1.32013	24836.24869757534
1.32014	65642.93638874988
1.32015	89264.95697622559
1.32016	119652.5614048774
1.32017	121254.2584595119
1.32018	99820.32970490647
1.32019	46518.638994686014
1.3202	42884.76158609715
1.32021	46121.030251451346
1.3202200000000002	33089.10344233983
1.32023	50643.18370821789
1.32024	155731.69122386462
1.32025	250523.2285976465
1.32026	323992.53209584864
1.32027	399120.467838521
1.32028	379262.5842916785
1.32029	517793.983679472
1.3203	561244.3732266035
1.32031	423960.1137448917
1.3203200000000002	593839.3880425004
1.32033	608534.2127907395
1.32034	588808.4039826032
1.32035	449626.6038618394
1.32036	241720.23066034645
1.32037	181960.44907921692
1.32038	204685.93446753157
1.32039	348080.7451525981
1.3204	499924.0154741389
1.32041	558553.7861265963
1.32042	540750.5875599524
1.32043	525811.4027671451
1.32044	597022.9141910765
1.32045	683036.6383017534
1.32046	769863.9790119333
1.32047	818798.4276320131
1.32048	760483.857703157
1.32049	678728.3660320286
1.3205	818462.9035521377
1.32051	884626.6119962679
1.32052	962855.2438999956
1.32053	994761.5720716292
1.32054	961222.6591754096
1.32055	1064094.0137556826
1.32056	1155260.700969302
1.32057	1296313.3690798187
1.32058	1184649.8396968232
1.32059	1567581.032722046
1.3206	1259215.323458837
1.32061	1427216.9669014153
1.32062	1820455.2178197831
1.32063	1772352.0829638178
1.32064	1390849.055733835
1.32065	1187380.7396162734
1.32066	2089584.797721525
1.32067	2132848.4614968617
1.32068	2122462.3739075013
1.32069	2172701.1788637433
1.3207	2259279.6993178464
1.32071	2402204.6317012087
1.32072	2633479.851736035
1.32073	2651612.1479323297
1.32074	1365746.1974089094
1.32075	2264748.600718949
1.32076	3057384.0810764474
1.32077	3167232.89962073
1.3207799999999998	3228494.1217126367
1.32079	2169651.595151483
1.3208	2842038.782367078
1.32081	2953860.627022756
1.32082	3098203.9264448583
1.32083	2785030.7842714973
1.32084	3484095.093840708
1.32085	3287532.0845521037
1.32086	3332345.3232425367
1.32087	3256341.9194103857
1.3208799999999998	2366028.6546231015
1.32089	2389901.489919596
1.3209	1784678.5339605026
1.32091	2851477.8343910063
1.32092	2745680.50417742
1.32093	2937852.5846194113
1.32094	3182584.9153443123
1.32095	2984557.841168644
1.32096	3305978.3107043193
1.32097	2971255.5092622004
1.3209799999999998	3222997.732722958
1.32099	2533086.3812499708
1.321	2843871.703284998
1.32101	2965172.7480021724
1.32102	2812742.659709148
1.32103	2434669.414705851
1.32104	2296307.2659202144
1.32105	2666858.66452148
1.32106	2810541.484480082
1.32107	2775300.4110551127
1.32108	2961283.5901052123
1.32109	2787019.45275811
1.3211	2838311.128529252
1.32111	3012034.902334979
1.32112	2953928.6429602783
1.32113	3029911.8943314827
1.32114	2973377.152667478
1.32115	2929004.2375531043
1.32116	2805433.637951716
1.3211700000000002	2390506.8912555864
1.32118	2530404.784067245
1.32119	1864146.3291647884
1.3212	2366682.5028285813
1.32121	2256004.69952971
1.32122	2111251.640316091
1.32123	2025769.3689008243
1.32124	1323518.4506253959
1.32125	1389728.615372779
1.32126	1549672.763146122
1.3212700000000002	1281032.0634313915
1.32128	1091993.3660453716
1.32129	847338.6177912386
1.3213	925612.050414643
1.32131	943202.6233469292
1.32132	542216.8379583417
1.32133	904865.4373056507
1.32134	871316.6238146755
1.32135	857859.1740005694
1.32136	728532.6165642361
1.3213700000000002	765023.8945461597
1.32138	811218.787143591
1.32139	794213.0155553038
1.3214	682062.2290135188
1.32141	457489.3621365026
1.32142	140841.9404720201
1.32143	384907.1689805339
1.32144	490406.25403442275
1.32145	665889.2442123609
1.32146	645819.2709171644
1.32147	1029413.8332569002
1.32148	1304307.5253573605
1.32149	1386691.9678763705
1.3215	1419318.9458220475
1.32151	1459318.2038936897
1.32152	1497476.445857944
1.32153	1469805.9461490002
1.32154	1391201.3806644042
1.32155	1304007.2320247788
1.32156	1425213.738082623
1.32157	1382802.003159423
1.32158	1388385.278313445
1.32159	1350143.7178145929
1.3216	1332876.7732561098
1.32161	955445.6775196141
1.32162	1023222.3081464298
1.32163	1085375.4647685876
1.32164	765193.0203690216
1.32165	1006444.8919214676
1.32166	954662.8002228319
1.32167	886853.7362191984
1.32168	908027.4968348991
1.32169	877451.2560684659
1.3217	766026.8634912051
1.32171	608028.5891131429
1.32172	646797.0046513858
1.3217299999999998	536005.196325785
1.32174	378326.706759654
1.32175	259012.06836669726
1.32176	172544.45218557323
1.32177	113984.29042386696
1.32178	240884.58003603524
1.32179	159315.48866530214
1.3218	307533.1948583416
1.32181	445274.6797858465
1.32182	593350.072819038
1.3218299999999998	719059.784075469
1.32184	819841.6919393509
1.32185	886841.48396668
1.32186	945575.0404894669
1.32187	1026218.879092477
1.32188	1062037.862579731
1.32189	1031573.0794395122
1.3219	1081981.910688732
1.32191	1043325.9272882091
1.32192	1026975.3037492002
1.3219299999999998	1034951.5040067937
1.32194	1025817.2551335028
1.32195	1021010.0101446278
1.32196	981436.035549301
1.32197	925878.5013218204
1.32198	851153.7168888544
1.32199	853473.4194355684
1.3219999999999998	765977.47750621
1.32201	624953.9250364138
1.32202	301616.43330939556
1.3220299999999998	476674.5881425818
1.32204	353197.80831274687
1.32205	236371.4394691993
1.32206	68184.55335712607
1.32207	107230.66517018301
1.32208	120613.24445712345
1.32209	38460.772237116274
1.3221	45267.655278916376
1.32211	39525.102057995755
1.32212	58075.906850798456
1.32213	31798.966120398884
1.32214	88254.93511714523
1.32215	172459.0541947544
1.32216	241242.59975164363
1.32217	291241.99681365106
1.32218	301227.0717432233
1.32219	235096.4114317731
1.3222	191386.8083446268
1.32221	65705.23909635546
1.3222200000000002	107945.61376109703
1.32223	199974.21470611522
1.32224	196945.47184729727
1.32225	265424.495161451
1.32226	340693.61935105623
1.32227	442827.9250549667
1.32228	511330.85506215185
1.32229	565830.0393603923
1.3223	643685.9059703463
1.32231	677616.5428348061
1.3223200000000002	754881.8786127855
1.32233	779124.749019117
1.32234	728158.6282291459
1.32235	800864.4205667969
1.32236	840103.8983920786
1.32237	774426.1333399154
1.32238	983705.2744413066
1.32239	1127716.669331469
1.3224	1192998.781245283
1.32241	1258635.5668764377
1.3224200000000002	1341745.0445879428
1.32243	1420201.607882878
1.32244	1436812.1770342838
1.32245	1442779.6231294791
1.32246	1058473.5256607782
1.32247	838662.0666923829
1.32248	1316467.069481117
1.32249	1220140.941491915
1.3225	1117197.6152686721
1.32251	943456.7586808548
1.32252	705824.940177026
1.32253	972883.8632014295
1.32254	1288190.2269748712
1.32255	1507509.2998834918
1.32256	1371923.8307559902
1.32257	1632488.0091280176
1.32258	1873225.2362425746
1.32259	1795188.2623645882
1.3226	1631586.1121412832
1.32261	1974876.7639049985
1.32262	1658402.7147042288
1.32263	2138996.135808641
1.32264	1924199.0681843057
1.32265	2292292.323360263
1.32266	2331202.499103568
1.32267	2319583.4423154444
1.32268	2242797.1729613543
1.32269	2361130.5475360327
1.3227	2301812.7958985157
1.32271	2138848.384293373
1.32272	1996227.3431315613
1.32273	2085883.2660410157
1.32274	1738000.9119810148
1.32275	2126424.6594565674
1.32276	2057263.874717681
1.32277	1951461.555756897
1.3227799999999998	2016693.9712175538
1.32279	1925262.7137550528
1.3228	1789822.6511240485
1.32281	1566246.0906334126
1.32282	1495477.9018561228
1.32283	1645280.687744115
1.32284	1567220.1254028315
1.32285	1597827.8992876082
1.32286	944926.4374772214
1.32287	900173.036340451
1.3228799999999998	1283216.691257028
1.32289	1161074.2673840718
1.3229	1034903.8438261184
1.32291	603648.3251500204
1.32292	414678.9593604839
1.32293	251484.37092469388
1.32294	586475.669896578
1.32295	666555.0145413326
1.32296	774164.0499330871
1.32297	513350.51257889095
1.3229799999999998	627829.9074374101
1.32299	536986.0455470404
1.3230000000000002	818562.7924125718
1.32301	746885.4515921501
1.32302	635066.2014816984
1.32303	648661.3177529579
1.32304	679530.5714282894
1.32305	629193.1705279412
1.32306	553366.67322791
1.32307	447591.67473912006
1.32308	381277.3442699852
1.32309	243606.0108047752
1.3231	189294.9377806028
1.32311	229127.91332991212
1.32312	182873.1728640738
1.32313	144153.76840177018
1.32314	89919.52415733432
1.32315	70370.72088368323
1.32316	35422.156704225104
1.3231700000000002	23909.087422518238
1.32318	18801.002189669853
1.32319	8174.628028392884
1.3232	2107.443790507517
1.32321	2801.5153088012685
1.32322	11165.341221835313
1.32323	25165.525288325065
1.32324	46266.11148433793
1.32325	72767.08873173624
1.32326	102416.75230849172
1.3232700000000002	134035.2411369775
1.32328	157039.53477166087
1.32329	136312.5995214234
1.3233	217936.51406712318
1.32331	235003.8623100125
1.32332	217436.77598888308
1.32333	263281.2916942257
1.32334	273545.13798858336
1.32335	260359.8424092977
1.32336	229599.00412610575
1.3233700000000002	187275.9462024639
1.32338	202647.38318201614
1.32339	286179.1569733759
1.3234	341834.5848371857
1.32341	368839.988661752
1.32342	480580.3396308936
1.32343	526024.5336380028
1.32344	358274.58366417873
1.32345	567214.0762971784
1.32346	635449.4380888208
1.32347	663651.3772420239
1.32348	676623.3795414115
1.32349	525281.3723204682
1.3235	483637.5361208327
1.32351	669937.055324172
1.32352	656554.8290870654
1.32353	504295.3922198143
1.32354	451331.8684016836
1.32355	553983.7171414298
1.32356	532108.2592667951
1.32357	471725.11605775094
1.32358	436156.1493927529
1.32359	373704.21820678347
1.3236	288212.6243812822
1.32361	287289.0015732291
1.32362	242523.0380838755
1.32363	198550.96400848567
1.32364	222640.41353983694
1.32365	356685.9478279542
1.32366	381050.9072654781
1.32367	454272.0324307465
1.32368	474513.9668711717
1.32369	478222.4939645368
1.3237	469145.9807433351
1.32371	357414.36216612905
1.32372	399196.7528615613
1.32373	431601.5542885085
1.32374	457497.7894796059
1.32375	460692.34929901594
1.32376	446754.56615059025
1.32377	434629.29959964065
1.32378	450347.7528106328
1.32379	486373.6070325035
1.3238	477423.72835186677
1.32381	459857.2099133277
1.32382	433308.29201385815
1.3238299999999998	369471.54784645716
1.32384	362171.2733202928
1.32385	313672.9006294139
1.32386	266588.8615285271
1.32387	266948.2019622131
1.32388	235995.1077459857
1.32389	198694.113080058
1.3239	163854.73652983955
1.32391	138925.1901863557
1.32392	116436.72993408864
1.3239299999999998	91709.00889004607
1.32394	68820.52795861218
1.32395	46721.20120649248
1.32396	33480.96755269683
1.32397	21010.14259716314
1.32398	11284.621580803301
1.32399	4262.663006794205
1.324	783.8843608599126
1.32401	297.02294511698926
1.32402	124.48728634246046
1.3240299999999998	291.2480323615115
1.32404	415.86943274099923
1.32405	189.8938938645674
1.32406	30.251784638056485
1.32407	91.61909551390544
1.32408	406.2758428905757
1.32409	1491.1591576761832
1.3241	3663.3380763814894
1.32411	7422.120483755028
1.32412	12887.272152048829
1.32413	19786.819862048564
1.32414	28588.54152987269
1.32415	37680.182709480374
1.32416	44711.063485060295
1.32417	54901.22059018655
1.32418	72329.08981577307
1.32419	83501.44672011357
1.3242	97342.16472743226
1.32421	102966.03753217806
1.3242200000000002	119597.47204979803
1.32423	143770.57179828716
1.32424	158540.7834552494
1.32425	167947.28982523555
1.32426	173515.78924846492
1.32427	162493.12839399403
1.32428	134198.60458361902
1.32429	157487.46774720054
1.3243	118846.39152693766
1.32431	168634.33331053777
1.3243200000000002	215217.21145910397
1.32433	254034.08970770336
1.32434	279842.7113739793
1.32435	294150.0997512102
1.32436	315817.36084672203
1.32437	314953.18169264303
1.32438	288723.4110868963
1.32439	335545.17637274245
1.3244	378061.9760760113
1.32441	440107.73351975786
1.3244200000000002	500458.41946152213
1.32443	553718.456981086
1.32444	569281.4072883896
1.32445	625889.9815849204
1.32446	709040.430529422
1.32447	464091.9122327994
1.32448	619154.4519364232
1.32449	825134.9826994862
1.3245	869176.5485331005
1.32451	874506.4157602405
1.32452	850468.0443682211
1.32453	916380.8395007034
1.32454	782364.2550059048
1.32455	929982.9790894843
1.32456	955775.7337611592
1.32457	932571.2015314541
1.32458	710001.0647379208
1.32459	659254.3437642688
1.3246	786505.9274439666
1.32461	830877.5028342503
1.32462	784357.4031697211
1.32463	719770.4287380505
1.32464	669346.5049122978
1.32465	611941.63143847
1.32466	578763.3209993821
1.32467	533052.5190013656
1.32468	517886.9886783762
1.32469	480904.6761245294
1.3247	465784.465316706
1.32471	473129.47004248
1.32472	482193.1094408904
1.32473	316358.1301804805
1.32474	507331.7005559357
1.32475	512074.3235852781
1.32476	574214.2949905747
1.32477	533804.2165721747
1.3247799999999998	437404.2515043657
1.32479	588483.1063250729
1.3248	581268.783231018
1.32481	510496.7716732989
1.32482	586594.5180289922
1.32483	549432.0632737671
1.32484	588060.4880315573
1.32485	578390.298757781
1.32486	539572.7395466475
1.32487	501691.7969105165
1.3248799999999998	503951.7991400885
1.32489	494511.049448809
1.3249	501673.31424213597
1.32491	490476.26956408477
1.32492	455363.27302103885
1.32493	439559.8332908411
1.32494	415415.7899101072
1.32495	416086.8590286935
1.32496	431750.6499306839
1.32497	429332.7319785661
1.3249799999999998	398176.8439979834
1.32499	333797.4387611444
1.325	331250.8489630914
1.32501	316157.14419386804
1.32502	275580.1930280883
1.32503	231232.03431418695
1.32504	187122.92607695324
1.32505	189263.1221123652
1.32506	171642.56660505946
1.32507	150668.6857391918
1.32508	127520.20434833756
1.32509	115170.16790779318
1.3251	103328.70821457387
1.32511	63311.41207825617
1.32512	76302.89222612944
1.32513	74180.54162831482
1.32514	72771.94791396969
1.32515	66159.61967992783
1.32516	58541.385948259674
1.3251700000000002	48381.01774969827
1.32518	38208.676980366086
1.32519	28558.408403924062
1.3252	17500.360699043496
1.32521	14585.55636817249
1.32522	7631.220457115948
1.32523	7445.639416085707
1.32524	6573.489900190742
1.32525	5620.384145344535
1.32526	6983.996290095604
1.3252700000000002	11584.785581369882
1.32528	20307.57192099544
1.32529	31600.503324376383
1.3253	43311.57730563603
1.32531	58842.213302477765
1.32532	67704.57246673838
1.32533	62610.04270378968
1.32534	67290.53791024174
1.32535	91204.44396958596
1.32536	110822.00418772014
1.3253700000000002	111750.12047340267
1.32538	118668.64951743392
1.32539	142805.52165410054
1.3254	153141.53644917757
1.32541	155821.00460725938
1.32542	152104.4780010976
1.32543	145725.98516399635
1.32544	142487.2484649648
1.32545	143881.51431319886
1.32546	137661.02534525862
1.32547	128287.9897881022
1.32548	125335.47174837695
1.32549	141148.08814783962
1.3255	151765.48006366074
1.32551	158107.3282936103
1.32552	178284.66938404183
1.32553	190099.07340489764
1.32554	177652.77675333674
1.32555	155651.7471903411
1.32556	139393.65315520813
1.32557	182620.6986821705
1.32558	284976.4683160332
1.32559	245811.3885096052
1.3256	380389.04412598454
1.32561	431069.2064366211
1.32562	532425.6870668449
1.32563	587715.30425544
1.32564	637219.4156595465
1.32565	681911.4770690367
1.32566	712866.16148555
1.32567	778929.2274437578
1.32568	815419.3254054745
1.32569	863722.0363507085
1.3257	894540.4837788668
1.32571	899327.7616453153
1.32572	951132.452518719
1.32573	929169.6163015445
1.32574	981476.7135120105
1.32575	958746.960229703
1.32576	976411.7567120609
1.32577	1035857.464582681
1.32578	1037862.929377266
1.32579	1026644.2993801272
1.3258	998893.0696701269
1.32581	969993.8930149508
1.32582	933050.1778664072
1.3258299999999998	873904.548962956
1.32584	782901.2743889424
1.32585	680575.0127971766
1.32586	534256.7279676115
1.32587	408429.40339692205
1.32588	182043.4259175197
1.32589	44365.76760802297
1.3259	52314.73141698551
1.32591	246646.5243915269
1.32592	370149.35760510666
1.3259299999999998	477595.2513223807
1.32594	544132.9181411128
1.32595	674450.3742590308
1.32596	730889.9664599292
1.32597	839440.6574614205
1.32598	862694.4418830912
1.32599	898282.6261653755
1.3259999999999998	698722.9368599126
1.32601	910196.1622175036
1.32602	645893.6278887151
1.3260299999999998	905884.8571202259
1.32604	1091239.3042251882
1.32605	1014168.2261588016
1.32606	711360.9155931526
1.32607	1210542.3847298354
1.32608	1245489.2975217192
1.32609	1261856.5895778893
1.3261	1259041.3684495415
1.32611	1194180.5681193352
1.32612	1223460.6337803085
1.32613	1191982.8310318468
1.32614	1151012.393735848
1.32615	1088228.2604258824
1.32616	1007279.5107960756
1.32617	912470.8515118122
1.32618	824024.2639894431
1.32619	411344.7890514741
1.3262	465563.58098368545
1.32621	700340.1099209475
1.3262200000000002	693871.4206041864
1.32623	633092.2541731375
1.32624	623970.4171758675
1.32625	656892.0411146465
1.32626	622108.3062736411
1.32627	604867.1515947578
1.32628	575246.519934704
1.32629	527979.426577709
1.3263	452678.637446529
1.32631	315611.6313176753
1.3263200000000002	252649.2422310111
1.32633	358764.1177264107
1.32634	484820.52777459024
1.32635	586248.8448685914
1.32636	687752.2185334957
1.32637	705571.4510770707
1.32638	829342.6498044363
1.32639	880846.0273622605
1.3264	896963.9735317989
1.32641	910062.040636841
1.3264200000000002	896177.4256274019
1.32643	907429.7218602912
1.32644	888814.2318741286
1.32645	815083.3092003119
1.32646	832465.0322645814
1.32647	857199.6795184738
1.32648	806594.0239528578
1.32649	738131.942952847
1.3265	670111.3903431704
1.32651	587723.4238985204
1.32652	702903.9761215018
1.32653	759797.7445098754
1.32654	781415.4612223459
1.32655	763457.7358316919
1.32656	623966.1069558121
1.32657	501638.66107417905
1.32658	729044.4363102621
1.32659	766610.917747212
1.3266	794355.6703233577
1.32661	809576.6991142314
1.32662	831895.9308744131
1.32663	821760.0043203558
1.32664	863976.6394346928
1.32665	798485.4374359294
1.32666	940398.6565026349
1.32667	954599.0547735062
1.32668	1006027.841852925
1.32669	1015359.8821196822
1.3267	1030457.2994516536
1.32671	962686.7623762814
1.32672	1051622.8160337494
1.32673	1021597.9199497292
1.32674	942987.639225592
1.32675	823840.238100675
1.32676	922040.5051772066
1.32677	792525.0532582706
1.3267799999999998	814749.3074874212
1.32679	794167.2982949099
1.3268	779778.0391313713
1.32681	741397.2998379957
1.32682	648831.6102608157
1.32683	573366.0842717878
1.32684	598148.4752426989
1.32685	600924.6234478862
1.32686	554126.6021655846
1.32687	506916.0008676664
1.3268799999999998	422418.5680313512
1.32689	388630.6061805325
1.3269	320957.1093850146
1.32691	247830.64090770547
1.32692	166376.88923847314
1.32693	134530.5754876415
1.32694	71329.14199426956
1.32695	42732.76554005767
1.32696	93518.38537831436
1.32697	130045.10210927222
1.3269799999999998	158215.85408495454
1.32699	175653.57774113608
1.327	195551.8820100634
1.32701	206652.18424951122
1.32702	212000.55603612648
1.32703	232496.81081478822
1.32704	244878.12992493503
1.32705	187230.24258721079
1.32706	247876.29720382424
1.32707	234970.8565282262
1.32708	195297.19244566886
1.32709	198623.2116672516
1.3271	298087.66149548057
1.32711	325467.0293644791
1.32712	373116.9683261996
1.32713	418036.3046351165
1.32714	443304.35723773495
1.32715	444855.5365009039
1.32716	366646.0410867942
1.3271700000000002	351926.52401832904
1.32718	510741.32638120657
1.32719	605103.9668158499
1.3272	655396.322228885
1.32721	722034.5841705597
1.32722	754358.8677694447
1.32723	802317.0103341392
1.32724	863145.4787594379
1.32725	896020.6114654137
1.32726	902491.2501122928
1.3272700000000002	963596.0254653469
1.32728	975906.0267180692
1.32729	748879.5995437991
1.3273	558690.1312329557
1.32731	887811.977888978
1.32732	796329.8585656374
1.32733	1036000.5834661393
1.32734	1044792.3884295031
1.32735	1149105.7557777946
1.32736	1131227.6192295658
1.3273700000000002	1151542.5766015265
1.32738	1156964.4110848678
1.32739	1364300.3796972048
1.3274	1208286.713654815
1.32741	1345705.4150756977
1.32742	1465311.641589025
1.32743	1459083.008544752
1.32744	1444208.843383147
1.32745	1381433.5524406896
1.32746	1304818.1827375444
1.32747	1230013.8453598479
1.32748	1159551.3877612923
1.32749	1371576.3879090073
1.3275	1446172.1708109162
1.32751	688533.3805741984
1.32752	1358845.2481543566
1.32753	1570507.4467538337
1.32754	1611832.8400684902
1.32755	1516177.3343722066
1.32756	1680234.895527943
1.32757	1688729.1499252543
1.32758	1472855.022333695
1.32759	1604833.5686399103
1.3276	1621698.0705556285
1.32761	1574997.9759188208
1.32762	1503488.1171689834
1.32763	1485867.2139974553
1.32764	1464198.6429352753
1.32765	1394697.427970923
1.32766	1346108.2935303971
1.32767	1268615.461082393
1.32768	1087426.7195462445
1.32769	1100499.8811825886
1.3277	926322.045647683
1.32771	935388.4434969644
1.32772	753466.5904928813
1.32773	691464.6779943521
1.32774	561826.2154336065
1.32775	479395.5518014529
1.32776	291862.2996140647
1.32777	107435.29978165834
1.32778	213100.76069696265
1.32779	261996.8078863861
1.3278	248641.7191985889
1.32781	207053.22531756238
1.32782	147815.84826743868
1.3278299999999998	73074.18830652769
1.32784	41974.3519783404
1.32785	71899.19037297447
1.32786	129023.25675819695
1.32787	174926.25563630808
1.32788	252028.12010026837
1.32789	296081.31435639947
1.3279	313236.95968338003
1.32791	357424.23802635656
1.32792	474897.6275730647
1.3279299999999998	526543.1897203494
1.32794	565060.5657976865
1.32795	588102.4653684325
1.32796	604886.650522253
1.32797	608242.8325969428
1.32798	644574.3213036753
1.32799	615097.5539864333
1.328	519590.25833375717
1.32801	623216.5817922684
1.32802	672773.6911287367
1.3280299999999998	674543.5594585515
1.32804	686189.3921766154
1.32805	694941.104233735
1.32806	681475.1124883769
1.32807	711315.0539384536
1.32808	726029.0531533726
1.32809	746749.6023310487
1.3281	746407.509267021
1.32811	679366.3002059115
1.32812	721634.0217185945
1.32813	763100.9601615433
1.32814	754046.2769658774
1.32815	705574.7003611604
1.32816	577702.1715060576
1.32817	614923.3719749335
1.32818	638700.1233032009
1.32819	609744.6522026311
1.3282	542675.2312632329
1.32821	532323.942487226
1.3282200000000002	551226.3883824322
1.32823	347386.55034922186
1.32824	524902.9336259529
1.32825	536287.9020981132
1.32826	519395.2815978346
1.32827	494099.02852473647
1.32828	450154.91879898903
1.32829	296522.05413253146
1.3283	355022.59982167615
1.32831	273174.40134245186
1.3283200000000002	232779.64417810852
1.32833	181968.82886051878
1.32834	107868.34115010848
1.32835	30409.48043398004
1.32836	108846.88378788457
1.32837	89724.2837214842
1.32838	166878.735388585
1.32839	209122.13301552844
1.3284	205316.56982739797
1.32841	183304.86858708362
1.3284200000000002	135882.334633318
1.32843	141910.65350459525
1.32844	130454.18021620168
1.32845	96813.96345139953
1.32846	93250.24896774236
1.32847	111695.58318337443
1.32848	160326.3848840979
1.32849	171445.06950774873
1.3285	183842.11174625988
1.32851	197218.65833511009
1.32852	198542.2777691861
1.32853	201789.70247682426
1.32854	157576.6995775822
1.32855	193875.9772816319
1.32856	191333.49295830738
1.32857	187025.57558898753
1.32858	167230.31199077054
1.32859	119904.91899012616
1.3286	134458.72848101673
1.32861	135147.80608664884
1.32862	133796.88423068626
1.32863	123780.71870565962
1.32864	115871.3321521292
1.32865	119292.46150580965
1.32866	119603.80603471381
1.32867	108319.5881298702
1.32868	109178.46901518645
1.32869	122690.23547838256
1.3287	110704.93977399817
1.32871	132552.2182466973
1.32872	109362.39183509504
1.32873	106201.09631623348
1.32874	91204.02395856682
1.32875	93669.67211257249
1.32876	91154.2663453227
1.32877	81644.13647547699
1.32878	68771.10459577937
1.32879	48211.65054704725
1.3288	31399.447040212515
1.32881	8791.237238639002
1.32882	7050.972161368694
1.32883	27493.244860172406
1.32884	40378.762048249235
1.32885	59037.2337528069
1.32886	72988.93049655264
1.32887	85709.70493521815
1.3288799999999998	94130.20402237592
1.32889	85515.13782222847
1.3289	108889.49909404184
1.32891	118840.64493335574
1.32892	136744.85655452346
1.32893	148674.33341302184
1.32894	158731.09053191135
1.32895	151900.77862170344
1.32896	162807.34723114202
1.32897	153669.61386656517
1.3289799999999998	115623.47028309092
1.32899	137145.0066872612
1.329	127890.4159895231
1.32901	117650.28945282154
1.32902	105193.52296116317
1.32903	86073.60642749045
1.32904	70201.75995344312
1.32905	94438.26506244489
1.32906	83012.59686253889
1.32907	69791.41442059427
1.3290799999999998	67401.56801771387
1.32909	60806.219094315675
1.3291	49672.15476680922
1.32911	38566.391002431264
1.32912	33295.918513367884
1.32913	35908.64355414256
1.32914	34605.569438527884
1.32915	31008.017466186382
1.32916	28854.396811230363
1.32917	23818.258261132403
1.32918	18199.397051996628
1.32919	11866.64635802598
1.3292	5992.430419934678
1.32921	1713.8625933443875
1.32922	213.6180764056161
1.32923	1719.0915278338034
1.32924	4147.114249733675
1.32925	6705.8216712627445
1.32926	9480.494704974848
1.3292700000000002	12407.720446598789
1.32928	15449.200162267969
1.32929	20005.803555984112
1.3293	23164.077004934174
1.32931	25790.454755959523
1.32932	27116.64777572481
1.32933	30248.51092171073
1.32934	27142.19710554703
1.32935	30126.4528523966
1.32936	28994.725397587143
1.3293700000000002	31633.919126801644
1.32938	32293.937468052838
1.32939	32152.592771800097
1.3294	33466.24606977605
1.32941	30843.311498582796
1.32942	29480.23899448848
1.32943	28167.545206813094
1.32944	24157.278157958906
1.32945	22717.524233477398
1.32946	21287.46760170176
1.3294700000000002	17656.800091309742
1.32948	13120.065403434506
1.32949	8753.868129426659
1.3295	5425.44043753294
1.32951	3786.186477026528
1.32952	3785.8987934106653
1.32953	4615.0350103742885
1.32954	5563.819086471442
1.32955	5294.683446084472
1.32956	5817.615308340864
1.32957	5827.321778085864
1.32958	4833.881503261847
1.32959	3508.3103121484028
1.3296	2069.8077083173002
1.32961	950.0336758476496
1.32962	293.7866113961693
1.32963	39.84978659600538
1.32964	27.099108263308292
1.32965	201.32513547107186
1.32966	549.4700180070172
1.32967	1206.1185585382318
1.32968	2296.238530191545
1.32969	4068.2065996004994
1.3297	6458.148097710955
1.32971	8853.296313728608
1.32972	11317.486887716208
1.32973	13288.103434452007
1.32974	15077.48829533489
1.32975	16237.26953758228
1.32976	18358.703167142685
1.32977	21421.801958365264
1.32978	23834.77189658139
1.32979	24741.04276708834
1.3298	24359.030545112797
1.32981	23941.42521151906
1.32982	22716.844226230576
1.3298299999999998	19536.105863954366
1.32984	16800.724102643533
1.32985	14269.212315793664
1.32986	10525.385229665704
1.32987	7541.313582956313
1.32988	9442.043567010913
1.32989	12789.277183974471
1.3299	14275.785044217559
1.32991	14090.000223556071
1.32992	14498.864795368858
1.3299299999999998	15426.521188093004
1.32994	15233.08971985691
1.32995	14644.178030634484
1.32996	13342.708560316001
1.32997	9445.653280890812
1.32998	7617.281404686805
1.32999	6510.449881773613
1.33	4855.153890521877
1.33001	5335.314195232505
1.33002	5376.108190337876
1.3300299999999998	7457.735905601822
1.33004	8409.9032582256
1.33005	9014.86027908721
1.33006	8652.288658824562
1.33007	7281.5695158387325
1.33008	6364.2759199589855
1.33009	5016.975728840285
1.3301	3406.826368633857
1.33011	2036.526192141936
1.33012	1057.876573843253
1.33013	788.2917837525584
1.33014	467.3766377600496
1.33015	141.99923346597902
1.33016	60.02967609242242
1.33017	191.10893839256678
1.33018	595.7416994820225
1.33019	1108.5084295108152
1.3302	1518.1476092651722
1.33021	1780.6312870807644
1.3302200000000002	1549.1625869068216
1.33023	1309.902587442867
1.33024	2348.518577851545
1.33025	3265.675289040717
1.33026	4400.753063782242
1.33027	5943.4689746696395
1.33028	7011.4687058917225
1.33029	8634.31721303256
1.3303	10200.559654120154
1.33031	11620.397921168704
1.3303200000000002	12367.103630879397
1.33033	12009.612644868936
1.33034	10708.878716778196
1.33035	9498.696250098572
1.33036	8003.298221175039
1.33037	7239.35710242304
1.33038	5763.78802002524
1.33039	4461.408598894964
1.3304	3461.082886786645
1.33041	3432.5984338572102
1.3304200000000002	2704.051757134992
1.33043	2911.1930113089643
1.33044	2730.5240117627204
1.33045	2435.0955105334465
1.33046	1911.872823840071
1.33047	1317.0128125100102
1.33048	1276.300678164088
1.33049	1292.9210314096727
1.3305	1581.6522372782047
1.33051	1721.817034021546
1.33052	1515.2699129178745
1.33053	1328.2046611446926
1.33054	1269.6090222675145
1.33055	1227.2696658752584
1.33056	1023.3542558135083
1.33057	921.2765142486453
1.33058	784.4820304965779
1.33059	554.555478395897
1.3306	343.10891304256955
1.33061	311.46410272916967
1.33062	327.2608092689736
1.33063	335.22314790888805
1.33064	357.3929654050766
1.33065	269.9267961863118
1.33066	127.16892497895728
1.33067	45.43912920837195
1.33068	76.19526783704114
1.33069	116.83178175599924
1.3307	140.06350819581542
1.33071	110.75134266937724
1.33072	82.40394432171394
1.33073	127.93577373000299
1.33074	124.08891865010031
1.33075	136.84848693604383
1.33076	144.85983960647832
1.33077	101.11882163112507
1.33078	92.77073555095028
1.33079	86.1739499239958
1.3308	59.513158516169135
1.33081	52.507337864068184
1.33082	45.26306927559043
1.33083	33.75265963803359
1.33084	14.886753594923626
1.33085	30.969985355793266
1.33086	65.12084091111682
1.33087	139.10700491217634
1.3308799999999998	144.34176117330182
1.33089	81.45467214800547
1.3309	56.88083982895688
1.33091	124.92662290136768
1.33092	172.86815625351994
1.33093	197.76525791678608
1.33094	144.14148765113683
1.33095	151.59783531726478
1.33096	120.10082757705707
1.33097	61.14148744521495
1.3309799999999998	16.55118145540776
1.33099	4.406887866460033
1.331	1.2975706094028367
1.33101	0.8849077527319374
1.33102	0.9426489758059076
1.33103	1.6434708293047813
1.33104	2.9069997873410007
1.33105	17.055089390170487
1.33106	45.2615059715592
1.33107	89.88247031725983
1.3310799999999998	206.32364422751408
1.33109	343.1697513207651
1.3311	468.6104833159011
1.33111	506.4085155712068
1.33112	640.9276386209907
1.33113	809.5375535566469
1.33114	866.4110848306826
1.33115	1063.3861510374609
1.33116	1504.980940715632
1.33117	2058.6191100938668
1.33118	2493.492119497057
1.33119	2645.775557561026
1.3312	2465.999589696752
1.33121	1931.0032289914334
1.33122	2293.5435977047573
1.33123	2113.58637184493
1.33124	1745.9226534147206
1.33125	1618.1359251128113
1.33126	1318.8427006220031
1.3312700000000002	926.4265653752274
1.33128	610.7816769078296
1.33129	448.8218587567183
1.3313	269.73915954935717
1.33131	98.51333009724794
1.33132	4.996432216699222
1.33133	40.37402057434075
1.33134	160.3178943106196
1.33135	254.0966854750168
1.33136	298.55063552374384
1.3313700000000002	333.98349106847337
1.33138	281.1175764111736
1.33139	315.8777239114865
1.3314	317.65961119410525
1.33141	299.84029742222714
1.33142	234.2054516398496
1.33143	152.84139750316396
1.33144	72.78049415948573
1.33145	20.83607922110396
1.33146	4.984791526466021
1.3314700000000002	2.03238508917992
1.33148	0.7006433429759438
1.33149	1.127327237049128
1.3315	1.0759423449257106
1.33151	0.8068875230556978
1.33152	0.9504121945082872
1.33153	0.13520289782269862
1.33154	0.2470057140343004
1.33155	0.047359815300025934
1.33156	0.0985278486278083
1.33157	0.07382985236845235
1.33158	0.08024149286778037
1.33159	0.1712825026838111
1.3316	0.035632065662067294
1.33161	0.16155670983031467
1.33162	0.08907585507281199
1.33163	0.04634703971022409
1.33164	0.06428016753421614
1.33165	0.3825797684715532
1.33166	2.8982310171398
1.33167	5.585512138972769
1.33168	3.0612443741359803
1.33169	1.4808395330885424
1.3317	3.5963090011108867
1.33171	3.1966935149176807
1.33172	3.7441996643023137
1.33173	3.6384297996279913
1.33174	4.906716883427541
1.33175	6.872931255084045
1.33176	12.864473005758207
1.33177	13.337026067172385
1.33178	24.30345401155861
1.33179	49.08671849814585
1.3318	53.78683627913814
1.33181	42.823878677895706
1.33182	69.59419248512764
1.3318299999999998	54.54613713323102
1.33184	76.316773306878
1.33185	116.19996573774364
1.33186	142.55320961971069
1.33187	127.06121386427023
1.33188	74.5682584134295
1.33189	30.545412891755447
1.3319	104.09982513712194
1.33191	249.6835899574242
1.33192	392.3954835214866
1.3319299999999998	503.6965775711142
1.33194	431.893830202576
1.33195	576.9803197013812
1.33196	743.8630731547769
1.33197	1032.2502577764558
1.33198	1105.9691171758798
1.33199	800.2045196562098
1.3319999999999999	507.719682739552
1.33201	1195.8755865985256
1.33202	1455.7104511651032
1.3320299999999998	1657.3109508048708
1.33204	1849.5539335754947
1.33205	2099.186380468573
1.33206	2078.2462235319526
1.33207	1827.22067232768
1.33208	1835.6378328163944
1.33209	1900.9688482103284
1.3321	2353.9595731089717
1.33211	2637.254244670075
1.33212	3297.7520577118776
1.33213	4698.227039338548
1.33214	6451.756974914049
1.33215	8222.066783442366
1.33216	9603.311142129736
1.33217	11414.923360654244
1.33218	12819.113713035977
1.33219	13880.272744506943
1.3322	14139.758760731509
1.33221	13456.961193041208
1.3322200000000002	13052.659233193266
1.33223	14624.061339218386
1.33224	15290.757472654192
1.33225	15198.089580570131
1.33226	14994.569447906935
1.33227	13816.848638933823
1.33228	13847.51996583396
1.33229	14081.599881720005
1.3323	13869.72978255957
1.33231	13031.787811171667
1.3323200000000002	11791.009791112805
1.33233	10032.011007242412
1.33234	8700.856378649014
1.33235	7375.509045920007
1.33236	6516.013868836497
1.33237	5321.891302316567
1.33238	3993.55803455309
1.33239	2977.1245223919323
1.3324	2071.9534785780484
1.33241	1217.558957191438
1.3324200000000002	576.1983363322651
1.33243	256.54998878124235
1.33244	185.4150574306517
1.33245	212.03961157876708
1.33246	457.2134524253131
1.33247	501.3061124277897
1.33248	197.4140235151942
1.33249	219.57960525425847
1.3325	1311.9491424716807
1.33251	2609.822674383649
1.33252	4120.567188642167
1.33253	5899.062533933255
1.33254	7353.66768422445
1.33255	9214.992795213657
1.33256	10939.689609826999
1.33257	12078.666770511723
1.33258	12723.922054557876
1.33259	12708.549943318545
1.3326	11949.039588571542
1.33261	10813.667208580362
1.33262	9882.61780453413
1.33263	8059.423920823134
1.33264	5976.74875843665
1.33265	5017.668897533092
1.33266	4982.393221100837
1.33267	5422.954991893352
1.33268	6083.786992646277
1.33269	7693.3590236605505
1.3327	8919.961912940664
1.33271	9243.107414106498
1.33272	7954.117459845755
1.33273	6955.045892395348
1.33274	7448.623107742475
1.33275	9097.184442887212
1.33276	10373.898632171642
1.33277	11093.689339209759
1.33278	11512.58898398319
1.33279	12592.47217817514
1.3328	14825.146715258408
1.33281	16351.251556111236
1.33282	15893.077457434129
1.33283	15974.453150889187
1.33284	19050.351793990783
1.33285	21041.272459582437
1.33286	23217.903402932367
1.33287	24818.92690530736
1.3328799999999998	24568.97282740357
1.33289	26006.325861897272
1.3329	28361.095352009837
1.33291	31392.65158517725
1.33292	32873.73122125607
1.33293	30874.718030134347
1.33294	30551.110429464217
1.33295	28815.02495271293
1.33296	26273.98816803612
1.33297	22007.514668733922
1.3329799999999998	18555.172663838785
1.33299	18177.409872668388
1.3330000000000002	16512.35435486961
1.33301	12987.57295107198
1.33302	10530.572925044866
1.33303	7425.248624474999
1.33304	6296.018565692808
1.33305	10363.274457099324
1.33306	12637.291403237456
1.33307	13448.34989754996
1.3330799999999998	11469.9097313576
1.33309	10396.639853889112
1.3331	13578.819018973665
1.33311	16513.837244389455
1.33312	18355.997927997643
1.33313	20414.79390897249
1.33314	23876.13358124652
1.33315	28698.288686277116
1.33316	33399.50266488025
1.33317	36683.43535466863
1.33318	37736.3594464452
1.33319	35674.18005831853
1.3332	34153.08979726365
1.33321	33131.111037191076
1.33322	29313.386887489447
1.33323	32576.243306092118
1.33324	33331.89461094738
1.33325	33691.162779592014
1.33326	30906.58352900361
1.3332700000000002	26159.232630327573
1.33328	23918.943888395937
1.33329	21923.30369434676
1.3333	20044.489501609554
1.33331	20119.49149238067
1.33332	20768.158996647064
1.33333	19610.33442610768
1.33334	16843.06016530107
1.33335	13088.744798208892
1.33336	8935.482323128677
1.3333700000000002	9291.054337551364
1.33338	7143.482744435616
1.33339	5374.288793123161
1.3334	4411.426015252379
1.33341	2915.0835049924103
1.33342	2264.613020591839
1.33343	3549.2124804286577
1.33344	6115.486333848811
1.33345	8709.094440091927
1.33346	11110.638053521949
1.3334700000000002	12486.651764152519
1.33348	14536.605347800896
1.33349	15411.858038788108
1.3335	15390.934856741618
1.33351	15300.79512284332
1.33352	18080.689995224555
1.33353	20851.581506253024
1.33354	22431.225431345872
1.33355	22410.936239255785
1.33356	21502.55167315286
1.33357	23227.260997834885
1.33358	23321.903821104435
1.33359	17792.255233957458
1.3336	17777.717471985292
1.33361	23129.70000737985
1.33362	26040.241043791713
1.33363	27559.3518833998
1.33364	28030.832741760067
1.33365	25191.382373527857
1.33366	16462.01526242482
1.33367	20896.23289650491
1.33368	24038.922648099237
1.33369	22741.2325878672
1.3337	19974.227865990564
1.33371	18205.139033083356
1.33372	11313.943353759449
1.33373	21112.759471387842
1.33374	26880.9739499302
1.33375	29769.120224172533
1.33376	29571.748228995333
1.33377	26311.947867665556
1.33378	30278.8934699562
1.33379	31319.585086017643
1.3338	35469.98460699216
1.33381	32413.953144726693
1.33382	24868.695229108293
1.3338299999999998	10374.854147547903
1.33384	13349.6229636861
1.33385	18826.38778412022
1.33386	18329.220677267633
1.33387	20872.044883244274
1.33388	22189.320341335108
1.33389	20040.705219176478
1.3339	21975.86608767449
1.33391	24715.13573844829
1.33392	25752.002153781923
1.3339299999999998	23887.95652580504
1.33394	25323.165888455424
1.33395	23262.265062547667
1.33396	18660.788902132073
1.33397	11867.056224549237
1.33398	9646.904961444372
1.33399	11709.032191416509
1.334	12609.387753603858
1.33401	11600.93517499083
1.33402	11753.440145083838
1.3340299999999998	14148.81278161818
1.33404	15247.056161657669
1.33405	16722.838669173612
1.33406	17594.989013777125
1.33407	16146.89421344715
1.33408	15061.734922145959
1.33409	13643.003796972049
1.3341	10908.524214345549
1.33411	5906.646771312016
1.33412	4300.243024018466
1.33413	8647.249701085453
1.33414	14651.294566595689
1.33415	21992.72278282791
1.33416	28662.95751800636
1.33417	33343.48580397516
1.33418	37182.10731535221
1.33419	40595.97720729163
1.3342	46411.7559608309
1.33421	48600.97702857236
1.3342200000000002	48184.571366320466
1.33423	44235.098635586364
1.33424	51906.88893442542
1.33425	54693.787631822335
1.33426	59293.62467687068
1.33427	60825.54375054637
1.33428	56037.661047336966
1.33429	59132.46725938741
1.3343	56323.80678472834
1.33431	54313.151087771796
1.3343200000000002	55659.71778849501
1.33433	62567.81661881878
1.33434	66595.82447862213
1.33435	69173.69903216808
1.33436	70231.02389135517
1.33437	69616.79091695827
1.33438	61551.69259645975
1.33439	67775.54210722589
1.3344	70671.28694215746
1.33441	74694.22060695077
1.3344200000000002	73003.38536490369
1.33443	75756.69157108043
1.33444	72188.33083275391
1.33445	62139.96438402953
1.33446	59606.002956228476
1.33447	52497.18302663082
1.33448	47634.76203605535
1.33449	42363.71132461004
1.3345	40864.01170671992
1.33451	34536.633347617666
1.3345200000000002	30571.658523678707
1.33453	27155.137113351473
1.33454	21913.209964237256
1.33455	18447.308046991966
1.33456	15178.365270404978
1.33457	14538.680745727705
1.33458	13897.990164605591
1.33459	13820.73054945686
1.3346	14303.522385586904
1.33461	14425.271638830563
1.33462	12514.427884895757
1.33463	12774.914436210134
1.33464	10291.128475231551
1.33465	11688.613544962349
1.33466	16655.512471941012
1.33467	21068.227532434288
1.33468	25294.843688758672
1.33469	28345.687833540025
1.3347	29362.633205813432
1.33471	28491.74180037203
1.33472	25639.054174178917
1.33473	25629.78718099745
1.33474	29153.587193239036
1.33475	28806.135551893836
1.33476	27367.870110810087
1.33477	26312.250796903976
1.33478	24616.65278365172
1.33479	22862.62010579897
1.3348	20199.471188732008
1.33481	16325.782262420882
1.33482	13171.4928361333
1.33483	12023.25339115644
1.33484	11682.07526567324
1.33485	10880.428515977555
1.33486	10822.559944938688
1.33487	9335.594941249785
1.3348799999999998	10704.219348953824
1.33489	11089.526421791648
1.3349	8147.605637428376
1.33491	6336.74163207265
1.33492	4049.4123215677296
1.33493	3265.261742989307
1.33494	7703.835487132664
1.33495	12283.89229783879
1.33496	15949.240248088388
1.33497	23772.50787845312
1.3349799999999998	28522.59268117709
1.33499	32689.10273226921
1.335	33274.228908918616
1.33501	34599.67345299853
1.33502	40138.856880408566
1.33503	42864.42477225917
1.33504	52437.98560493014
1.33505	57250.06709637247
1.33506	66749.95849604573
1.33507	71066.51192593692
1.3350799999999998	72678.67481342409
1.33509	73464.91830743702
1.3351	65771.84126702772
1.33511	69553.02130475293
1.33512	64022.25988643103
1.33513	62788.918113848194
1.33514	60867.29475817338
1.33515	55818.99334015309
1.33516	48759.47265766708
1.33517	39149.29989530693
1.33518	39348.302366071526
1.33519	34575.462645134794
1.3352	29978.368932701036
1.33521	26317.94651574703
1.33522	19282.70690169784
1.33523	10213.227360304458
1.33524	12660.941437878384
1.33525	24502.08262261385
1.33526	28431.51486273753
1.3352700000000002	40643.584227136336
1.33528	44471.522710407706
1.33529	44508.196832598966
1.3353	38546.060614011745
1.33531	44283.20036696642
1.33532	45026.480332901345
1.33533	41819.70837607559
1.33534	44841.27988738402
1.33535	45006.06053598232
1.33536	49193.644685829764
1.3353700000000002	50045.381009036326
1.33538	47631.910360999835
1.33539	46533.2086607826
1.3354	43461.82912586457
1.33541	38731.11502383695
1.33542	28639.669372494947
1.33543	36391.58740735085
1.33544	44196.10533687132
1.33545	47533.3036948234
1.33546	52360.64647932501
1.3354700000000002	55457.974023898816
1.33548	56475.87912005952
1.33549	55419.167809284656
1.3355	52482.316986474434
1.33551	47875.02348290019
1.33552	46262.169980871164
1.33553	48587.102431641775
1.33554	47900.38455039095
1.33555	45541.57016732343
1.33556	41324.82279985069
1.33557	34565.114511163905
1.33558	29906.04620750165
1.33559	23910.849174087973
1.3356	21058.236556493808
1.33561	16153.587928132158
1.33562	13180.837322060139
1.33563	19294.432084497883
1.33564	22256.916680090966
1.33565	23000.644206926514
1.33566	24242.58907380053
1.33567	23141.25990338381
1.33568	21781.460655510007
1.33569	19953.955529939423
1.3357	17915.00773444104
1.33571	17418.26926799756
1.33572	16881.30435927676
1.33573	16630.14362546922
1.33574	16890.169191911835
1.33575	16106.345092708068
1.33576	14571.759674340965
1.33577	12620.948657100305
1.33578	11325.437819675584
1.33579	10518.14128064006
1.3358	9439.478464668073
1.33581	7944.855450175326
1.33582	6715.958440720205
1.33583	6286.8485741072445
1.33584	5423.1797592270705
1.33585	4269.234398411228
1.33586	3219.393033934099
1.33587	2402.165913049213
1.33588	1529.5370451744063
1.33589	791.4618757607202
1.3359	361.89701418838547
1.33591	270.73474815369883
1.33592	117.65814580940027
1.3359299999999998	49.67867453334778
1.33594	49.04909515073325
1.33595	35.63419891836661
1.33596	13.118041485066547
1.33597	1.3636628209177157
1.33598	0.0020385341910637827
1.33599	1.3303073788474558
1.3359999999999999	32.55599701578307
1.33601	167.25264707952445
1.33602	496.5545891633734
1.3360299999999998	1010.4434197259607
1.33604	1627.2189753146338
1.33605	2200.6450536782418
1.33606	2564.9919118747657
1.33607	2721.322422039842
1.33608	2698.329615579727
1.33609	2863.4526102868876
1.3361	2970.550911248708
1.33611	1908.3235068670542
1.33612	3255.614694203514
1.3361299999999998	6424.776139389934
1.33614	9516.297268600738
1.33615	12386.311563731133
1.33616	14760.089809131416
1.33617	16008.808147968984
1.33618	16709.597932681474
1.33619	16703.827638566883
1.3362	17749.903651599452
1.33621	21849.42437847312
1.33622	24029.902019637
1.33623	29254.79101333562
1.33624	31916.554378665245
1.33625	33460.775336544015
1.33626	34251.453026200885
1.33627	33656.116320709785
1.33628	30575.38962513505
1.33629	25007.48402233794
1.3363	26699.369148794503
1.33631	28552.096317702202
1.3363200000000002	29162.180922351206
1.33633	29246.708732513154
1.33634	30997.309525671528
1.33635	30715.811945475132
1.33636	29267.592526086144
1.33637	29747.399091885985
1.33638	28742.86135409801
1.33639	25829.797416003632
1.3364	23624.085187050627
1.33641	20478.1632108148
1.3364200000000002	16141.020905421085
1.33643	16970.709523890997
1.33644	15772.04472726425
1.33645	14367.030045661784
1.33646	13280.60928622406
1.33647	11760.099601816679
1.33648	11313.13579174515
1.33649	10767.974043443624
1.3365	9630.969333468638
1.33651	8181.802652927131
1.3365200000000002	6863.869217852216
1.33653	6793.7725038516965
1.33654	6600.411313053775
1.33655	5731.9580064140455
1.33656	4560.39016083741
1.33657	3266.6078395751983
1.33658	2033.3587081515172
1.33659	1366.6364507903115
1.3366	1670.8751498156125
1.33661	1715.256208645638
1.33662	2416.445474407529
1.33663	3165.0166571091954
1.33664	3412.1176716001282
1.33665	3121.2244479366423
1.33666	2836.3250460454533
1.33667	3622.171423843393
1.33668	4515.761535455455
1.33669	4996.512750320627
1.3367	4929.898751683377
1.33671	4384.317530227557
1.33672	5135.869736694385
1.33673	5324.40398735494
1.33674	7388.716443922534
1.33675	9922.863107147923
1.33676	12330.253345850733
1.33677	13733.872144121146
1.33678	16274.662835762261
1.33679	16625.70230941955
1.3368	16274.700309601414
1.33681	15013.778348539105
1.33682	13275.747998621899
1.33683	15661.018406804593
1.33684	16829.995505646664
1.33685	16981.067957083487
1.33686	15658.16986051932
1.33687	13649.916666722676
1.3368799999999998	13931.632186842506
1.33689	13134.574252011762
1.3369	11457.398010343877
1.33691	10051.340837181622
1.33692	8013.680067928414
1.33693	6782.5030854506285
1.33694	6121.022839580961
1.33695	5065.1113825344955
1.33696	4681.435024318114
1.33697	4397.450909966944
1.3369799999999998	5135.302130761458
1.33699	6075.149923643416
1.337	6321.920061001316
1.33701	5890.592769809527
1.33702	4984.022566036289
1.33703	3837.5584209149847
1.33704	2777.704228857533
1.33705	1752.6209550905373
1.33706	897.4101970379705
1.33707	251.63381386406692
1.3370799999999998	83.96591017194334
1.33709	206.6055577550104
1.3371	263.7059931754988
1.33711	228.4046808749757
1.33712	127.53518015983965
1.33713	48.62896205383999
1.33714	168.582697995467
1.33715	516.68636385507
1.33716	1122.752420461194
1.33717	1645.8111490697365
1.33718	1935.1872766917752
1.33719	2085.2973916423107
1.3372	2323.646185181615
1.33721	2820.1811145857173
1.33722	3429.477832455064
1.33723	3961.2568207908007
1.33724	4338.2442516834335
1.33725	4479.267509223162
1.33726	4280.9484676298935
1.3372700000000002	3841.050349066785
1.33728	3441.5731116719344
1.33729	3246.519382060307
1.3373	3440.8758250040264
1.33731	3609.391572721292
1.33732	3598.0401063828945
1.33733	3310.335412924744
1.33734	2887.2141666311736
1.33735	2303.2283629871317
1.33736	1903.987092976096
1.3373700000000002	1617.3015396828241
1.33738	1307.4918787324182
1.33739	1002.3560130121342
1.3374	644.9053800426941
1.33741	340.8207281765422
1.33742	152.93292678254988
1.33743	144.20223779093146
1.33744	249.69336374982316
1.33745	375.29173490602824
1.33746	412.88870266133665
1.3374700000000002	267.4373129035073
1.33748	141.92928012416763
1.33749	163.14283314046725
1.3375	538.2363194331099
1.33751	881.2497362112401
1.33752	1036.7403461014703
1.33753	1021.2898130060072
1.33754	1213.6347413112185
1.33755	1577.4877666712748
1.33756	2422.741061766705
1.33757	3283.5905717813603
1.33758	3972.5100079546773
1.33759	4349.726996227329
1.3376	4541.956808471135
1.33761	4441.104578511463
1.33762	4199.7844382726835
1.33763	3687.5761717138093
1.33764	3170.662381937146
1.33765	2530.4280900639114
1.33766	1766.07035260467
1.33767	1237.1461273618295
1.33768	1080.624973579968
1.33769	895.5255889690683
1.3377	598.1581163347344
1.33771	425.28297763238123
1.33772	223.4935531101064
1.33773	112.35644771468216
1.33774	36.42377881199874
1.33775	14.78209537341378
1.33776	31.59526483357513
1.33777	111.15116013836024
1.33778	265.676413579839
1.33779	531.5743294230568
1.3378	888.3538727960513
1.33781	1300.840351247688
1.33782	1877.2797694857834
1.33783	2498.9467393336386
1.33784	3036.4210953600073
1.33785	3532.197672315541
1.33786	3982.795428792188
1.33787	4165.805605246683
1.33788	4097.792846815017
1.33789	3896.9335470993774
1.3379	3821.0260630324933
1.33791	3877.117830814803
1.33792	3887.4068893848244
1.3379299999999998	3697.7453533748303
1.33794	3132.845661144381
1.33795	2276.108706308141
1.33796	1243.5063289590469
1.33797	641.3232725141181
1.33798	681.4029352068932
1.33799	345.0658652852011
1.338	260.87772588717394
1.33801	102.49908771372864
1.33802	228.11403152946343
1.3380299999999998	777.4831758584894
1.33804	1384.9752102231414
1.33805	1992.411317538517
1.33806	2515.724040821557
1.33807	3172.0936459897357
1.33808	3891.3025621017214
1.33809	4715.926198278698
1.3381	5615.46855933862
1.33811	6574.776587789218
1.33812	7058.086881442805
1.3381299999999998	7231.443543872107
1.33814	6843.133302106111
1.33815	6298.744613961289
1.33816	5703.100174499192
1.33817	4806.423119453684
1.33818	3897.597607233761
1.33819	2818.772332154125
1.3382	2229.949356142981
1.33821	1577.4986636083574
1.33822	1142.0759863046644
1.33823	764.1841047575087
1.33824	498.31848785085157
1.33825	265.9310204017566
1.33826	73.0920259941851
1.33827	81.2783727225065
1.33828	197.35993797752158
1.33829	277.68664922648884
1.3383	248.74135741387755
1.33831	425.0597671733018
1.3383200000000002	898.8164247292717
1.33833	1452.9611430720865
1.33834	1895.8850414630035
1.33835	2179.8268615535108
1.33836	2298.0792426182634
1.33837	2342.771865950408
1.33838	2199.348239768045
1.33839	2116.6448780806118
1.3384	2178.0357302791067
1.33841	2107.720405072996
1.3384200000000002	1806.658214312957
1.33843	1285.1623677138318
1.33844	1003.3974661913948
1.33845	610.0297285795014
1.33846	878.8039494010808
1.33847	886.0311692796922
1.33848	747.2122788672937
1.33849	818.2763513481783
1.3385	923.1770511257678
1.33851	752.7434756761955
1.3385200000000002	1041.7751649445054
1.33853	1323.5154031150525
1.33854	1883.9961024350034
1.33855	2407.226745561092
1.33856	2776.246346297638
1.33857	2935.7630494882897
1.33858	2927.7028804068977
1.33859	2967.9528684616716
1.3386	3392.469876321238
1.33861	3621.679376149543
1.33862	3540.0467714045258
1.33863	3107.9283639942464
1.33864	2450.405733674113
1.33865	1737.0967189972152
1.33866	1069.2173564969116
1.33867	554.541432550822
1.33868	467.06250042991735
1.33869	641.3099823391635
1.3387	683.5007571576897
1.33871	573.443982790732
1.33872	351.2278942997676
1.33873	154.7953819063731
1.33874	73.86488057590597
1.33875	163.6172164797185
1.33876	190.99280192233738
1.33877	420.47289010737165
1.33878	833.6735061675221
1.33879	1007.3143015986792
1.3388	1254.1226168906067
1.33881	1501.2153622851733
1.33882	1896.7539624141282
1.33883	2596.34858324985
1.33884	3327.9439255370794
1.33885	3984.015322050948
1.33886	4646.661113256839
1.33887	4841.946650590342
1.3388799999999998	4596.5607044718
1.33889	4334.519888422788
1.3389	4318.789133757539
1.33891	3856.088564679889
1.33892	3141.210207199851
1.33893	2588.415548821049
1.33894	1307.9947474993492
1.33895	1333.168366055208
1.33896	2424.180759765745
1.33897	2869.4720574517464
1.3389799999999998	3187.5059197297746
1.33899	3185.656901318577
1.339	3105.5319380842693
1.33901	2528.377983840215
1.33902	1945.834951427189
1.33903	1713.969147146958
1.33904	1351.4096009492848
1.33905	972.5523778005321
1.33906	467.51871438164574
1.33907	65.4808035149114
1.3390799999999998	111.13606099875193
1.33909	611.8444148716757
1.3391	1353.6051561133647
1.33911	2374.980236632633
1.33912	3529.051531419343
1.33913	4495.789824221787
1.33914	5445.728681359963
1.33915	5930.331900103682
1.33916	6339.7772634123585
1.33917	6622.622495772435
1.33918	6806.596404798259
1.33919	6323.244864852141
1.3392	5462.984898721088
1.33921	4282.733001382958
1.33922	3020.8280131858423
1.33923	1706.4084773519837
1.33924	869.1085051958506
1.33925	1233.3121216527595
1.33926	1061.016163535204
1.3392700000000002	826.7305760474401
1.33928	980.4783309732652
1.33929	499.0683171580465
1.3393	287.12763910780603
1.33931	702.7162556314803
1.33932	764.4709732133223
1.33933	670.5991521388945
1.33934	656.8875034808548
1.33935	773.5884911031435
1.33936	825.560679819315
1.3393700000000002	754.4300871259908
1.33938	576.7040482381868
1.33939	371.1641312488266
1.3394	394.81077797170923
1.33941	349.1652380519232
1.33942	335.90154390892326
1.33943	285.3671645171086
1.33944	176.07512281852996
1.33945	105.68491440462842
1.33946	182.8386474781565
1.3394700000000002	390.15304430615515
1.33948	720.3888793646255
1.33949	1176.3728698084915
1.3395	1728.9761399245365
1.33951	2498.820153714655
1.33952	3463.5463193463343
1.33953	4456.8806053732615
1.33954	5496.4464355297605
1.33955	6751.480225730809
1.33956	7968.2692391188675
1.33957	9224.163663443913
1.33958	10708.730769173188
1.33959	11888.799420411638
1.3396	12486.479255874863
1.33961	13896.134212850908
1.33962	14405.455658886543
1.33963	14691.224657535098
1.33964	15551.597231508662
1.33965	16240.111251023836
1.33966	16529.777204436232
1.33967	16635.045764902916
1.33968	16132.103511825533
1.33969	15782.180279108465
1.3397	15228.705915103716
1.33971	14451.535697500278
1.33972	14427.098602362525
1.33973	14478.514319953118
1.33974	14250.562263436386
1.33975	13939.557896299826
1.33976	13093.447162701359
1.33977	12102.748261250435
1.33978	11058.748974334
1.33979	10230.715316445823
1.3398	9395.394061667375
1.33981	8848.18103955736
1.33982	8217.391906882502
1.33983	7487.158033540748
1.33984	6758.1526937135595
1.33985	5784.195989432588
1.33986	4739.668854849991
1.33987	3832.7633057010826
1.33988	2943.1811951716795
1.33989	2172.03090314228
1.3399	1652.5552949028906
1.33991	1360.1944548155384
1.33992	960.4505288186286
1.3399299999999998	554.0436733341421
1.33994	227.45579183924588
1.33995	106.79329833473801
1.33996	199.1778315983456
1.33997	248.19155497124515
1.33998	215.24248629619618
1.33999	145.3339241292608
1.34	71.22836901553298
1.34001	21.450973185787912
1.34002	16.53377411553723
1.3400299999999998	16.75482900853193
1.34004	20.684593955965944
1.34005	30.887588303359475
1.34006	51.22453208616113
1.34007	55.128604615674476
1.34008	45.72187163200136
1.34009	30.50527890267025
1.3401	17.742711872165252
1.34011	10.21972006690692
1.34012	2.9921061720935547
1.3401299999999998	0.21063910461386254
1.34014	0.012668202590106894
1.34015	0.72020643923379
1.34016	6.237003675739918
1.34017	20.69822006091809
1.34018	39.41059575682625
1.34019	42.33923433991893
1.3402	33.130348173949976
1.34021	95.92305457717892
1.34022	180.18930077327641
1.34023	238.94447885839367
1.34024	241.2253804361766
1.34025	197.8577199055774
1.34026	105.03136266290754
1.34027	37.8508816627413
1.34028	120.865123459857
1.34029	325.99804828371936
1.3403	663.411506740328
1.34031	1044.6143800654338
1.3403200000000002	1388.6922122593255
1.34033	1623.0429030739926
1.34034	1642.324607077325
1.34035	1806.2297867391892
1.34036	2077.9304151702827
1.34037	2104.1514707578426
1.34038	2077.576384074775
1.34039	1803.0509539796499
1.3404	1504.9116353778713
1.34041	1260.732649473197
1.3404200000000002	917.3329640216543
1.34043	674.9568355981536
1.34044	429.59775188091436
1.34045	342.733850390694
1.34046	373.17883107103376
1.34047	322.84866878387567
1.34048	197.7456779187253
1.34049	74.0031148643011
1.3405	6.236400533173982
1.34051	5.603469340181164
1.3405200000000002	14.370603271331856
1.34053	27.40103705495513
1.34054	57.851017253742
1.34055	70.88641288516378
1.34056	64.36607100567655
1.34057	53.75476901129881
1.34058	52.98561749818643
1.34059	63.1019819390954
1.3406	198.24580219017082
1.34061	356.6769136451552
1.34062	583.0730922600652
1.34063	1022.9561084024796
1.34064	1464.4818714503647
1.34065	1859.0839435881187
1.34066	2110.0512315788133
1.34067	2181.5591862433953
1.34068	1966.9032593553666
1.34069	1481.0475429975722
1.3407	1896.8806223275046
1.34071	2104.4131163657007
1.34072	2013.0937476731933
1.34073	1900.299263355709
1.34074	2608.645109723097
1.34075	3247.872709123479
1.34076	3477.146589097778
1.34077	3802.5856066749548
1.34078	4115.342639522042
1.34079	3812.299393466229
1.3408	3021.405392581678
1.34081	1125.45465034142
1.34082	1007.4256402423172
1.34083	2906.4844247220753
1.34084	5026.121697992069
1.34085	6502.883894764215
1.34086	7553.287230115324
1.34087	8569.746986746728
1.3408799999999998	8797.96034191995
1.34089	8577.801658892466
1.3409	7756.789394075495
1.34091	7153.67161099573
1.34092	6472.573636930183
1.34093	6104.709467060417
1.34094	5546.857386321323
1.34095	4740.716665775756
1.34096	4681.445803733027
1.34097	4259.3271636846275
1.3409799999999998	3646.0196086211877
1.34099	3435.12068821771
1.341	3413.579329156969
1.34101	3224.809020768313
1.34102	3141.3693351138104
1.34103	2337.8842220754627
1.34104	893.797220968561
1.34105	1412.6546390400122
1.34106	2972.411959356987
1.34107	3826.810879697774
1.3410799999999998	3928.1946516353933
1.34109	3866.08145500992
1.3411	3446.212076583737
1.34111	2727.325669065193
1.34112	2349.952046072521
1.34113	1771.2056952678681
1.34114	1110.4013982820372
1.34115	754.5777584317602
1.34116	608.4319336550566
1.34117	400.2017653108336
1.3411799999999998	292.7129927252067
1.34119	289.9646128293226
1.3412	592.2894541546168
1.34121	1073.9003897585808
1.34122	1528.2450578112487
1.34123	1815.8375805163375
1.34124	1850.9087137054453
1.34125	1615.4927004018884
1.34126	1192.6554580046331
1.34127	587.7315436537776
1.34128	756.3956106895038
1.34129	1398.4823835286084
1.3413	1840.483803708367
1.34131	1893.755904823852
1.34132	1471.2619387299333
1.34133	538.0554069450181
1.34134	663.5841436421255
1.34135	1554.4401312775788
1.34136	2121.680573893608
1.3413700000000002	2323.7478448736397
1.34138	2328.863316118917
1.34139	2120.8746442401803
1.3414	1795.498307165136
1.34141	1369.7553330300946
1.34142	1044.073324695583
1.34143	742.2274295924617
1.34144	475.4775322151482
1.34145	265.701496208324
1.34146	120.98095265428968
1.3414700000000002	53.32047381804034
1.34148	94.13800708674631
1.34149	204.1582808476919
1.3415	347.82596604131186
1.34151	497.4151401038052
1.34152	608.0635910597041
1.34153	648.3044460649138
1.34154	597.1727748672403
1.34155	462.05428270193937
1.34156	297.1720772353453
1.3415700000000002	165.87196899021842
1.34158	62.518564852983395
1.34159	11.423416196327102
1.3416	0.3281761380762811
1.34161	1.1405596412689183
1.34162	6.314282379946108
1.34163	5.224912237149828
1.34164	1.7475998549850624
1.34165	18.592851473270358
1.34166	75.6627287641768
1.34167	167.55909267101262
1.34168	253.50877693814547
1.34169	327.56161222490016
1.3417	380.1106168244018
1.34171	372.38484660901605
1.34172	426.3595547493177
1.34173	482.87308632141736
1.34174	453.6730696420207
1.34175	382.01023597459914
1.34176	305.9179779392448
1.34177	220.07413320616897
1.34178	131.98786381802697
1.34179	63.52460891123382
1.3418	36.9878425283548
1.34181	27.42066607357593
1.34182	12.103026940536127
1.34183	2.4755858974298697
1.34184	0.1842404560645548
1.34185	0.938899266988254
1.34186	6.3371647819181804
1.34187	23.309233906229416
1.34188	53.16343085678271
1.34189	103.55474414912088
1.3419	161.88216351632494
1.34191	194.40435962823213
1.34192	173.5921171916283
1.3419299999999998	210.8603873594312
1.34194	229.5287016160223
1.34195	156.99723363359405
1.34196	133.1291012165652
1.34197	238.5860241203789
1.34198	266.03023617142014
1.34199	222.52663465630744
1.3419999999999999	254.2675860596218
1.34201	203.2974821914906
1.34202	209.34278619352372
1.3420299999999998	234.31818786244332
1.34204	202.67631524344768
1.34205	129.14065951617306
1.34206	69.84607404169304
1.34207	34.362361310144394
1.34208	13.473641882303216
1.34209	6.9066110637239575
1.3421	2.8472329437175827
1.34211	14.012641140513635
1.34212	48.687558854403804
1.3421299999999998	123.29628749604868
1.34214	244.79863959432708
1.34215	379.62167405668833
1.34216	475.90799415045615
1.34217	481.2835300626078
1.34218	366.6021435620211
1.34219	197.6869495550289
1.3422	356.6530973509436
1.34221	544.1279065148088
1.34222	673.9241196676426
1.34223	720.9016175679893
1.34224	607.7584418940318
1.34225	378.02976821281317
1.34226	140.15222602156047
1.34227	135.1910683255081
1.34228	336.2203531643538
1.34229	491.2731173190084
1.3423	556.698434470975
1.34231	794.0338189552934
1.3423200000000002	1209.2469481318926
1.34233	1633.9847539899813
1.34234	1930.8920747095026
1.34235	2073.614399456025
1.34236	1917.595491730921
1.34237	2053.118422930958
1.34238	2620.263697813085
1.34239	2910.268107054997
1.3424	3076.025985809457
1.34241	3299.119144848537
1.3424200000000002	3425.0585501450732
1.34243	3433.191273794453
1.34244	3410.2718485872524
1.34245	3216.0589446790505
1.34246	2785.0115460268453
1.34247	2217.818490634348
1.34248	1805.6684092950159
1.34249	1203.2420474778246
1.3425	554.9054624509283
1.34251	498.3942233731247
1.3425200000000002	697.4033031212473
1.34253	904.8779385700104
1.34254	1068.909655287518
1.34255	1415.4352269451615
1.34256	1557.6038070383966
1.34257	1565.3519550565302
1.34258	1486.7638743903344
1.34259	1320.9001819440932
1.3426	1084.67592287615
1.34261	1022.0167180413789
1.34262	829.8813409097087
1.34263	582.3069854405702
1.34264	336.26216126605203
1.34265	126.64177822796657
1.34266	37.617332859454244
1.34267	52.39996537385825
1.34268	18.491919747960146
1.34269	7.842400187261231
1.3427	2.237834680619963
1.34271	0.12907496025781673
1.34272	0.025063458559224105
1.34273	1.0153131241457605
1.34274	8.686203504445357
1.34275	34.89305540159768
1.34276	89.41389215984562
1.34277	171.93923891018017
1.34278	266.61832764670396
1.34279	380.36889946213614
1.3428	470.512320459174
1.34281	519.3079844510792
1.34282	668.2623598519414
1.34283	837.4367200850262
1.34284	981.845151833966
1.34285	1027.535890126825
1.34286	1156.8818297530506
1.34287	1157.750560712461
1.34288	1066.3309139478586
1.34289	872.011073521624
1.3429	652.6554966767243
1.34291	410.70122667642073
1.34292	217.9365140671236
1.34293	111.42817048756665
1.34294	86.99714489240587
1.34295	187.92432543659552
1.34296	331.73859425510034
1.34297	509.5983345678165
1.3429799999999998	644.0669290810941
1.34299	665.9153102555265
1.3430000000000002	593.2161964992313
1.34301	445.9529077465783
1.34302	267.1388179797439
1.34303	87.48044831100641
1.34304	56.68902662086101
1.34305	60.78676061079919
1.34306	78.0627775782713
1.34307	89.05432167871295
1.3430799999999998	117.48948496410486
1.34309	98.90585463642952
1.3431	149.01569065605958
1.34311	207.0260519136259
1.34312	228.36524018965488
1.34313	216.68008635621914
1.34314	261.3117870567507
1.34315	241.56944415132838
1.34316	234.3834810033064
1.34317	194.786116930589
1.3431799999999998	129.33170411165537
1.34319	72.39423779673082
1.3432	34.40511390473071
1.34321	9.78851926712799
1.34322	1.2079362094475763
1.34323	0.2173621894492035
1.34324	0.6504231644324824
1.34325	1.6965317823179125
1.34326	2.844926168037551
1.34327	2.548883582549021
1.34328	0.6287890932783388
1.34329	0.07595108808471059
1.3433	0.7325782154809557
1.34331	3.4718423784956225
1.34332	11.360436015703065
1.34333	28.61686139378149
1.34334	59.58706575574675
1.34335	108.3732256453714
1.34336	181.50015489256643
1.3433700000000002	283.22005318249563
1.34338	404.75386077910605
1.34339	518.6567089833309
1.3434	634.8454334741175
1.34341	721.6190672598798
1.34342	734.6796323660099
1.34343	745.9333079257134
1.34344	801.6263789589789
1.34345	961.9909801248344
1.34346	1158.443881215033
1.3434700000000002	1255.3302666168154
1.34348	1270.6238414668726
1.34349	1233.255326838392
1.3435	1031.8225144949122
1.34351	736.9143268199298
1.34352	399.7983523773888
1.34353	416.56713177047345
1.34354	848.3772226456559
1.34355	1264.1918902044292
1.34356	1507.2871614714036
1.3435700000000002	1838.4041850563344
1.34358	2178.8633810721526
1.34359	2602.585465026238
1.3436	2912.493736113553
1.34361	3097.861519214873
1.34362	3024.370546930912
1.34363	2984.392912964353
1.34364	2966.709347587559
1.34365	2893.9898260224927
1.34366	2740.6400503458085
1.34367	2404.3019020288034
1.34368	1952.418886038636
1.34369	1416.3317797834754
1.3437	850.8166887683662
1.34371	577.1278071859391
1.34372	711.1267245785492
1.34373	732.3235493805545
1.34374	702.9460582828094
1.34375	656.7710482731154
1.34376	503.9483179764107
1.34377	354.8934630937455
1.34378	251.26962985530616
1.34379	153.5048140870868
1.3438	65.29230489800085
1.34381	22.013190908247395
1.34382	7.714930178960066
1.34383	1.762759240681369
1.34384	0.24552402777465002
1.34385	0.9568701350633548
1.34386	0.32656376917809504
1.34387	1.5431352783934942
1.34388	7.568172111342079
1.34389	18.393314638079612
1.3439	37.89404792163658
1.34391	90.04674114153812
1.34392	165.27265354878304
1.3439299999999998	242.75433830409744
1.34394	295.1120887653712
1.34395	318.08705848461517
1.34396	263.2334040712139
1.34397	288.66757242846785
1.34398	368.8518788498319
1.34399	326.52241504906317
1.344	212.70563725820614
1.34401	131.1016024234983
1.34402	212.22229170554047
1.3440299999999998	241.21927065193717
1.34404	170.2017417109712
1.34405	59.09585222252968
1.34406	3.1537771335631097
1.34407	0.2850014043445234
1.34408	32.41059470388506
1.34409	127.22955260152264
1.3441	303.32136379787096
1.34411	511.63117583671135
1.34412	660.949076331892
1.3441299999999998	676.3959522670449
1.34414	761.1074973240013
1.34415	750.7632401907608
1.34416	642.5441885599812
1.34417	476.8183933080032
1.34418	344.4117821288288
1.34419	166.28420560303317
1.3442	143.03258907394252
1.34421	234.40345030659145
1.34422	296.20882951006513
1.34423	309.25946482384546
1.34424	269.87148573577093
1.34425	158.85760109797963
1.34426	47.07474758434346
1.34427	45.38841321342851
1.34428	179.65694070169292
1.34429	366.98727019369517
1.3443	500.36624010411055
1.34431	529.907419094754
1.3443200000000002	446.7113632426908
1.34433	273.93656142541437
1.34434	305.0310150936827
1.34435	314.99452117599844
1.34436	251.99562448861093
1.34437	182.17886834256217
1.34438	165.02889814200213
1.34439	147.37845520079503
1.3444	261.53571260276414
1.34441	322.43486790032534
1.3444200000000002	306.88523926545724
1.34443	194.96515529414089
1.34444	49.77531303854457
1.34445	176.55905675701095
1.34446	236.75436785510132
1.34447	232.12397552437702
1.34448	188.8156552231651
1.34449	128.97929536916658
1.3445	76.40574241359329
1.34451	40.61935285768743
1.3445200000000002	20.103468788776254
1.34453	21.087641025966906
1.34454	11.603419670053807
1.34455	4.452264940997786
1.34456	1.1968149347365458
1.34457	0.1944213704104863
1.34458	0.0025838779748727533
1.34459	0.0010618373560401981
1.3446	0.04806268181175849
1.34461	0.21693968239324876
1.34462	0.05190892081468066
1.34463	0.005503715802824035
1.34464	0.036723156207804836
1.34465	0.7754610698653693
1.34466	3.95760093536406
1.34467	11.10718485967066
1.34468	23.03477635302033
1.34469	38.527249021878816
1.3447	51.86149118753514
1.34471	61.694720350272405
1.34472	70.3840089730961
1.34473	68.30036113506505
1.34474	58.30516114491925
1.34475	42.943456729434345
1.34476	26.41234734602743
1.34477	15.787704897423687
1.34478	6.497271276955748
1.34479	1.4680741782908129
1.3448	0.13353219869383434
1.34481	0.020460158793709448
1.34482	0.092646283007698
1.34483	0.19676869258782045
1.34484	0.30991100614565203
1.34485	0.6037247773308729
1.34486	0.22051289961154552
1.34487	0.012437296847885972
1.34488	0.2425476102456201
1.34489	2.197242546852754
1.3449	8.343782986544749
1.34491	21.370958452629285
1.34492	42.14606183508472
1.34493	69.22404929951635
1.34494	106.08060794564236
1.34495	151.6467125631252
1.34496	190.2085347305304
1.34497	261.332245406828
1.3449799999999998	330.59706984167127
1.34499	380.8237278597161
1.345	413.13120524799456
1.34501	390.3111878109616
1.34502	332.74228908918684
1.34503	223.4770861032201
1.34504	96.87484039539973
1.34505	89.85846592697966
1.34506	138.69091072605696
1.34507	283.51040344210236
1.3450799999999998	443.80173936181916
1.34509	597.4753605494486
1.3451	641.1003293614863
1.34511	677.7413759120262
1.34512	598.2049467065408
1.34513	404.3570318680864
1.34514	325.5952046524671
1.34515	278.81041958575344
1.34516	340.60655363649977
1.34517	425.1087068046154
1.3451799999999998	434.40518470953634
1.34519	569.677412261947
1.3452	931.9808742016576
1.34521	1400.3222839896218
1.34522	1769.6158520069273
1.34523	1978.440528505346
1.34524	1998.0575820077052
1.34525	1879.8751197249662
1.34526	2046.2043330759768
1.34527	2066.678873759909
1.34528	2054.276982260531
1.34529	2056.5487082584477
1.3453	1976.4826210413573
1.34531	1790.5398868929087
1.34532	1480.4065570015412
1.34533	1141.087636803994
1.34534	1068.2650008350065
1.34535	1100.3453183657152
1.34536	1058.549082343576
1.3453700000000002	901.8244383822639
1.34538	640.3066318984496
1.34539	447.8679655809234
1.3454	234.00330968099152
1.34541	212.2525907811286
1.34542	177.79232120672933
1.34543	115.62293781855871
1.34544	47.81784500734352
1.34545	10.75546026126118
1.34546	0.507608633447341
1.3454700000000002	2.4681866559148458
1.34548	24.146711873626398
1.34549	77.19212559302741
1.3455	148.9206763578082
1.34551	236.66988513485973
1.34552	329.65904790599103
1.34553	463.0469202165235
1.34554	673.7565495998707
1.34555	754.1139939793076
1.34556	702.5706449619101
1.3455700000000002	571.0485064564025
1.34558	486.14072014973516
1.34559	535.6794671785788
1.3456	536.8451080542692
1.34561	411.1591882857051
1.34562	204.9788253320137
1.34563	29.34377608430811
1.34564	61.53426251962379
1.34565	210.77932044139595
1.34566	507.3422142345729
1.34567	810.1473206051579
1.34568	986.395313046488
1.34569	986.0001931131472
1.3457	1085.327981589327
1.34571	1161.0929818409918
1.34572	1065.7835186575257
1.34573	832.3212830592132
1.34574	857.7979420798447
1.34575	754.699391798853
1.34576	573.6737790421299
1.34577	439.55983329084114
1.34578	526.8779213701747
1.34579	535.2713515811889
1.3458	484.18128645085295
1.34581	469.5620608311534
1.34582	434.0632321915927
1.34583	299.7188102678811
1.34584	145.23189362407922
1.34585	106.64831545098863
1.34586	52.41046344332095
1.34587	17.908285110842836
1.34588	33.838803616864716
1.34589	44.496617657177964
1.3459	33.1361463751507
1.34591	14.723836967752087
1.34592	3.2070446025565573
1.3459299999999998	0.17289044813451998
1.34594	0.002058453211680244
1.34595	0.3901719103345376
1.34596	5.885589930335394
1.34597	26.385297785180157
1.34598	65.04291550788014
1.34599	109.8780643160848
1.3459999999999999	134.13743579459614
1.34601	112.16568165788368
1.34602	119.23698883679329
1.3460299999999998	241.03660407222213
1.34604	416.4050616719793
1.34605	557.0369445640841
1.34606	663.6742993443956
1.34607	750.424492172067
1.34608	782.4273086561124
1.34609	886.2392902593208
1.3461	849.5383722206
1.34611	737.1349448704398
1.34612	722.50357441034
1.3461299999999998	682.0213970714317
1.34614	799.7900557539308
1.34615	803.5390736008889
1.34616	697.679560660121
1.34617	622.8550643667588
1.34618	508.76121990436064
1.34619	397.2199020689016
1.3462	358.49904244508963
1.34621	267.17388154271566
1.34622	153.30735822730543
1.34623	75.21769143165825
1.34624	22.26383629552907
1.34625	4.027569097798012
1.34626	16.346508325552378
1.34627	50.36084401616578
1.34628	80.75231844058034
1.34629	81.27200985901725
1.3463	117.36618823618988
1.34631	131.4165313202903
1.3463200000000002	104.07489945632649
1.34633	65.27156112377604
1.34634	65.93924952569901
1.34635	49.45269908585429
1.34636	27.377828584448217
1.34637	13.939461605577742
1.34638	11.600721479835846
1.34639	17.14391481070884
1.3464	31.518243033948774
1.34641	36.57749840117609
1.3464200000000002	24.88542143923215
1.34643	24.94853221083241
1.34644	20.833392690971678
1.34645	12.796788730739
1.34646	5.8483182803114415
1.34647	1.660550164574753
1.34648	0.24180540261648376
1.34649	0.048059251213343514
1.3465	0.0009314423925418347
1.34651	0.007699756657838062
1.3465200000000002	0.005128979934142459
1.34653	0.014859219563769966
1.34654	0.13921627205293427
1.34655	0.4810575111089152
1.34656	0.414901495277183
1.34657	0.10873365831501862
1.34658	0.004154617058973237
1.34659	8.464061494291475e-05
1.3466	0.017657491261676768
1.34661	0.1792354869149768
1.3466200000000002	0.6691153607391406
1.34663	3.3864681859647203
1.34664	7.798696152779697
1.34665	14.6487645961225
1.34666	25.89208356469679
1.34667	39.90313339355178
1.34668	57.67146716171882
1.34669	72.25052380382157
1.3467	70.09757597366638
1.34671	57.64823298756519
1.34672	74.35240144624393
1.34673	65.5183572848818
1.34674	66.44556520384069
1.34675	70.80240337679481
1.34676	64.4808865547
1.34677	60.366361481163494
1.34678	64.19792632070416
1.34679	56.799563734594486
1.3468	44.48043235626709
1.34681	28.134681301344305
1.34682	10.503402297674775
1.34683	1.8942923264786875
1.34684	0.4650899981227459
1.34685	3.670050160305065
1.34686	10.401907800612845
1.34687	42.92783637881189
1.34688	105.64695885459517
1.34689	192.8732506226885
1.3469	289.8771614857938
1.34691	377.49308453254366
1.34692	463.89639759323836
1.34693	531.4299176176961
1.34694	547.9387315221277
1.34695	528.9821287724524
1.34696	528.6375395961794
1.34697	532.7911471605962
1.3469799999999998	469.6528909694492
1.34699	491.10685932908905
1.347	520.009167385644
1.34701	430.9143927725824
1.34702	290.1035210754244
1.34703	181.43371784636207
1.34704	84.85217910571184
1.34705	82.70771070378831
1.34706	46.00351328643432
1.34707	65.47537583547921
1.3470799999999998	68.89171559099374
1.34709	138.51793227518257
1.3471	275.6347694602031
1.34711	423.05516340489123
1.34712	464.8030829670077
1.34713	488.78852311066873
1.34714	512.4505929685009
1.34715	521.707403743051
1.34716	420.3054292560512
1.34717	458.045899899422
1.3471799999999998	477.34898120814086
1.34719	551.197196505143
1.3472	640.8907449222277
1.34721	680.0987866011682
1.34722	582.2573775325733
1.34723	308.64553595481584
1.34724	207.80021855836785
1.34725	404.68769559307526
1.34726	522.0631025497102
1.34727	519.241026721971
1.34728	488.34303728569114
1.34729	466.70343783414
1.3473	605.4147532521204
1.34731	670.925038847711
1.34732	618.9548922897868
1.34733	522.4755839025237
1.34734	413.6709274436259
1.34735	297.01542208560045
1.34736	210.2887308842163
1.3473700000000002	174.72940579420742
1.34738	208.22985658082303
1.34739	223.07915974540958
1.3474	187.66747035183704
1.34741	141.0597143335681
1.34742	84.50453182485155
1.34743	42.74388571535335
1.34744	41.489194192718905
1.34745	78.46934003526891
1.34746	104.32202293866207
1.3474700000000002	92.479186331831
1.34748	93.21396891614401
1.34749	131.0213288988999
1.3475	158.52143679261306
1.34751	152.92341926900215
1.34752	118.67930653780311
1.34753	92.95869109389685
1.34754	77.42264426982173
1.34755	46.526994568727204
1.34756	31.180279221028577
1.3475700000000002	24.670900401088108
1.34758	16.711560286727238
1.34759	16.481889569786734
1.3476	10.687447638926605
1.34761	5.639401298714619
1.34762	2.674681045344821
1.34763	0.8700996621014606
1.34764	0.2591415189247723
1.34765	0.04800096849081119
1.34766	0.0036274046049796405
1.34767	8.15610860279975e-06
1.34768	7.514550372242578e-06
1.34769	0.0019306520032964008
1.3477	0.010758853651120346
1.34771	0.12354694190518085
1.34772	0.5025114941492557
1.34773	1.1974186001696598
1.34774	2.564017588469057
1.34775	3.7038296159639112
1.34776	5.139596207747413
1.34777	4.640865692079621
1.34778	3.319341991237612
1.34779	2.6684680051916
1.3478	1.379647060610083
1.34781	0.4675929988945383
1.34782	0.08094965459550482
1.34783	0.005691070950694471
1.34784	8.881922921721955e-06
1.34785	3.712960251660919e-05
1.34786	0.009365630075882266
1.34787	0.08132554830112385
1.34788	0.32613694594087883
1.34789	0.4380321627665264
1.3479	0.07403737288362444
1.34791	0.0028068228279665647
1.34792	0.13348516418407186
1.34793	2.156567221928563
1.34794	6.537173326576448
1.34795	11.587159895603852
1.34796	17.51648655200027
1.34797	23.307516481677762
1.34798	29.23782080259356
1.34799	28.638812096740736
1.348	22.49168538792891
1.34801	20.96664780340635
1.34802	17.69982612205265
1.3480299999999998	15.365015404389071
1.34804	9.03312458353928
1.34805	5.396907816107012
1.34806	2.07320381817948
1.34807	0.4240460284218733
1.34808	0.04435871940703695
1.34809	0.0005234835030925114
1.3481	6.528737389652507e-05
1.34811	0.02378794906979569
1.34812	0.3119298956951691
1.3481299999999998	1.7553915360774683
1.34814	5.418798476120749
1.34815	11.988090145458504
1.34816	19.755089427967647
1.34817	24.68504936183527
1.34818	28.001867740679003
1.34819	26.558772571631298
1.3482	17.003800465129558
1.34821	5.805598528550157
1.34822	3.0036339188543337
1.3482299999999998	7.52544177634967
1.34824	15.574101472518628
1.34825	16.765596124717185
1.34826	26.969630723522393
1.34827	26.803036637103013
1.34828	16.401440772396537
1.34829	12.119312945713999
1.3483	8.931512286613565
1.34831	5.2030739684536735
1.34832	7.396188992163688
1.34833	4.99099345098759
1.34834	1.711196959900954
1.34835	0.3806510218625484
1.34836	0.007985075007087259
1.34837	0.03608984360063673
1.34838	0.2401496732112636
1.34839	0.19130794208888052
1.3484	0.03879537909499897
1.34841	0.002244176446666901
1.3484200000000002	5.376058674779589e-06
1.34843	0.0019485519996603321
1.34844	0.04620872653774879
1.34845	0.23040080916972516
1.34846	0.35982472321822206
1.34847	0.5532481877463238
1.34848	0.3429501522530484
1.34849	0.021643276114491482
1.3485	1.7245023876349626e-05
1.34851	0.1913524380470725
1.3485200000000002	3.184028892819234
1.34853	10.8583040891328
1.34854	25.860921738297638
1.34855	46.60955966103083
1.34856	63.03300326851871
1.34857	67.97261841983796
1.34858	65.42398595840453
1.34859	104.73745093971507
1.3486	140.5785307514007
1.34861	158.84223894876126
1.3486200000000002	149.74109340191146
1.34863	116.11330852644235
1.34864	127.12969351732454
1.34865	160.31974004921238
1.34866	176.9937781881651
1.34867	156.1874016504561
1.34868	110.02541111518113
1.34869	76.73120173330886
1.3487	98.26571081223295
1.34871	96.27643488891971
1.34872	82.28506186609114
1.34873	68.05765798808586
1.34874	73.42788177591622
1.34875	80.5803222779165
1.34876	68.96964649317395
1.34877	50.41107979075201
1.34878	31.238127991290806
1.34879	15.496013997212719
1.3488	7.186741102949912
1.34881	2.632212820040936
1.34882	0.5838065994243157
1.34883	0.05653013205787514
1.34884	0.0007599077959637982
1.34885	1.5411538658066233e-05
1.34886	0.012533374018680474
1.34887	0.21097548794685805
1.34888	1.1489866958259223
1.34889	2.9742193857602484
1.3489	5.576619332747898
1.34891	7.530399207937356
1.34892	6.45108850217246
1.34893	3.4384601859796518
1.34894	0.9369965676305364
1.34895	0.09551839139819207
1.34896	0.0006363462659004024
1.34897	0.002715963943155404
1.3489799999999998	0.22226495912545108
1.34899	1.8323102033161929
1.349	6.2059746891935275
1.34901	16.384153193034813
1.34902	35.2312457682813
1.34903	61.6383493539746
1.34904	90.50696462523766
1.34905	111.69686913370084
1.34906	113.13656792898136
1.34907	105.42946434364069
1.3490799999999998	152.99350704332096
1.34909	181.08021438722162
1.3491	165.65784216389946
1.34911	173.82210301433759
1.34912	168.5442729505151
1.34913	167.85759638565202
1.34914	254.74871381412427
1.34915	297.29047848733626
1.34916	427.09845460808197
1.34917	544.8086571364183
1.3491799999999998	603.7511903344199
1.34919	590.285343455388
1.3492	522.9076554313922
1.34921	430.95309097535073
1.34922	303.1782208180282
1.34923	193.67876181259945
1.34924	99.31823659271367
1.34925	33.251558079554194
1.34926	4.653878062132836
1.34927	0.039215883162640235
1.34928	0.5201396965891022
1.34929	12.356600335770853
1.3493	45.96909988823059
1.34931	82.68505126489234
1.34932	114.70754896675577
1.34933	121.26151783125644
1.34934	105.46807030000332
1.34935	84.22945681675122
1.34936	191.1278612468234
1.3493700000000002	390.73111799297345
1.34938	613.7959238438432
1.34939	842.5816564097249
1.3494	972.8390612754273
1.34941	952.5307397971446
1.34942	984.2082474360693
1.34943	1270.4336839289285
1.34944	1616.311265784345
1.34945	1891.7598328963495
1.34946	1997.445782911093
1.3494700000000002	2066.9596563660234
1.34948	2105.789714055808
1.34949	1936.8946519225665
1.3495	1753.0891424447898
1.34951	1809.4350556469706
1.34952	1937.2559346577634
1.34953	2064.524304742609
1.34954	2058.012460850987
1.34955	1831.061789954736
1.34956	1628.058477269642
1.3495700000000002	1429.8517129771885
1.34958	1589.3187243303037
1.34959	1573.7074471249468
1.3496	1202.480382670014
1.34961	1532.17016027707
1.34962	1621.6756661235777
1.34963	1455.0234743918256
1.34964	1271.469655798177
1.34965	1294.1332630458735
1.34966	1345.0207984099025
1.34967	1306.1227679043998
1.34968	1200.8561870948165
1.34969	1035.6142078543296
1.3497	871.9930027915785
1.34971	720.4734809234208
1.34972	688.4350923749049
1.34973	525.2886294009434
1.34974	304.7424817379342
1.34975	120.14950889860629
1.34976	106.80510221855793
1.34977	198.58114021371102
1.34978	270.13695489918916
1.34979	264.16057423889265
1.3498	237.37938481360078
1.34981	242.712419734694
1.34982	237.0270983603381
1.34983	181.18531693300048
1.34984	123.4238245994193
1.34985	65.4266976119047
1.34986	49.7740523236787
1.34987	34.13799417844268
1.34988	20.625097013427226
1.34989	8.017445196925165
1.3499	1.4809486493975748
1.34991	0.15180532292695345
1.34992	0.00039386156297879104
1.34993	0.0016288121490424636
1.34994	0.2471906275091416
1.34995	2.368154322014409
1.34996	9.391371056075434
1.34997	23.48929596267848
1.34998	45.35205806314396
1.34999	70.0259484927328
1.35	84.71006207703681
1.35001	99.60749080512049
1.35002	98.24828993924379
1.3500299999999998	88.8910425888003
1.35004	72.06476918893814
1.35005	52.05350765362554
1.35006	35.136945093803575
1.35007	51.796450560503274
1.35008	68.3735296368371
1.35009	74.5361574698287
1.3501	64.39809197277256
1.35011	48.399402474591554
1.35012	32.532392246930115
1.3501299999999998	20.66036548562641
1.35014	20.77121973117687
1.35015	15.575679422982356
1.35016	12.00878307886998
1.35017	8.361842825179469
1.35018	4.9927175767843535
1.35019	2.4360825450938433
1.3502	0.8622019485277481
1.35021	0.24602939575748944
1.35022	0.03684274667890509
1.3502299999999998	0.0016143957292339235
1.35024	1.9586326958688613e-06
1.35025	0.0003176577094602558
1.35026	0.016963560030292427
1.35027	0.11744052932024805
1.35028	0.486434086289736
1.35029	1.1048517298849276
1.3503	1.820212112376775
1.35031	2.2501527454383705
1.35032	2.573469348974398
1.35033	2.2002549159826263
1.35034	1.4726922453763551
1.35035	0.7509637957381962
1.35036	0.28123929461680075
1.35037	0.07321144858042293
1.35038	0.01128282884092206
1.35039	0.00025623974885709
1.3504	3.6528765890726143e-06
1.35041	1.5602636833967218e-06
1.3504200000000002	0.00015979058988470395
1.35043	0.0064846568593713355
1.35044	0.03914902946245792
1.35045	0.17056778117937896
1.35046	0.4697188619628912
1.35047	0.9856687778188712
1.35048	1.3502525309271147
1.35049	1.096950423125749
1.3505	0.586747165155513
1.35051	0.1934732824856682
1.3505200000000002	0.05093191434155036
1.35053	0.18638029723462007
1.35054	1.476818078025498
1.35055	4.867522861880204
1.35056	9.385512663285656
1.35057	13.584729652002327
1.35058	16.699328192486597
1.35059	18.216167037816355
1.3506	15.191686863935692
1.35061	11.281374073000665
1.3506200000000002	8.154343461228844
1.35063	4.647003504514415
1.35064	1.9045001008745968
1.35065	0.4509329804422215
1.35066	0.0427773621052057
1.35067	0.000474830273230528
1.35068	1.5846125821798513e-05
1.35069	0.013001725717878256
1.3507	0.225930571038636
1.35071	1.2782564711146536
1.35072	3.50478999171712
1.35073	5.688411424754809
1.35074	8.527466068719086
1.35075	15.691266553787806
1.35076	21.873183682163614
1.35077	23.502334330746695
1.35078	23.09058840765657
1.35079	16.313494467582128
1.3508	7.860388290209593
1.35081	2.464052744948145
1.35082	0.5654275951561878
1.35083	0.01791150175701797
1.35084	0.0473287462441248
1.35085	1.153479817369638
1.35086	5.498876931587243
1.35087	17.663794357204065
1.35088	34.41533489325304
1.35089	56.289319712062216
1.3509	81.0755680111715
1.35091	101.34912417066231
1.35092	108.01995698417808
1.35093	104.90205597188765
1.35094	118.92906375464644
1.35095	126.17461841855342
1.35096	112.50400938941134
1.35097	70.67405334938212
1.3509799999999998	18.891872243794037
1.35099	3.2602957661457075
1.351	28.43374079326612
1.35101	102.28406981824621
1.35102	194.22628347072427
1.35103	256.5960697172469
1.35104	271.7027286734211
1.35105	252.20285581992516
1.35106	188.1784989680524
1.35107	274.0722088813684
1.3510799999999998	319.4346326888788
1.35109	309.2986325967854
1.3511	292.9928349867749
1.35111	190.9259674876661
1.35112	227.6229250981581
1.35113	248.8822933685353
1.35114	235.21336768430274
1.35115	191.07857772756225
1.35116	257.83923264323874
1.35117	245.6885968336291
1.3511799999999998	281.69685607731617
1.35119	352.90109019459845
1.3512	386.75861826414337
1.35121	356.62846147868584
1.35122	268.9075525440751
1.35123	201.95518140483554
1.35124	197.07112690245117
1.35125	181.89886952714684
1.35126	139.29932115844886
1.35127	71.90779969658587
1.35128	109.0279885775752
1.35129	81.10432235171092
1.3513	53.71443352484708
1.35131	59.12457064951272
1.35132	86.27262253063459
1.35133	96.81641562873348
1.35134	92.33492483744774
1.35135	77.4795340009899
1.35136	56.46131645997287
1.3513700000000002	36.23205775883421
1.35138	19.04434322907423
1.35139	8.420773772236958
1.3514	2.6433885226514526
1.35141	0.3681052402555776
1.35142	0.009837279253530912
1.35143	3.198516533665471e-05
1.35144	0.025593341992529075
1.35145	0.22853619902864974
1.35146	0.29205254828517796
1.3514700000000002	0.142025393100752
1.35148	0.010294138332569
1.35149	5.6631882728690914e-06
1.3515	0.0007071777695858355
1.35151	0.08720753280391827
1.35152	0.9586189281846292
1.35153	4.471981517887506
1.35154	12.612349588607822
1.35155	26.03640389479619
1.35156	42.853075891569326
1.3515700000000002	59.18041414071824
1.35158	72.0143425199426
1.35159	79.85902434114493
1.3516	80.84887851068369
1.35161	80.7699845857488
1.35162	75.76122704878848
1.35163	61.4443564623341
1.35164	63.65756175050144
1.35165	63.160273217053394
1.35166	52.8390499054703
1.35167	37.40976671732388
1.35168	27.321780629441303
1.35169	17.058820523726105
1.3517	8.784782229202099
1.35171	5.469215047402444
1.35172	2.8358744511371707
1.35173	1.3381968399769495
1.35174	0.478797638791345
1.35175	0.13191737476457785
1.35176	0.02323004226707449
1.35177	0.0021319548349129037
1.35178	1.5944176745845338e-05
1.35179	9.02595159238621e-07
1.3518	0.000534518818779698
1.35181	0.010078641557903034
1.35182	0.06763430007257576
1.35183	0.28980174754539123
1.35184	0.942855198660818
1.35185	2.462787836606768
1.35186	4.569997894702689
1.35187	6.3508959861618495
1.35188	10.999805348683822
1.35189	15.13923742608577
1.3519	23.3472105560886
1.35191	28.876529716888882
1.35192	31.334372357756877
1.35193	28.5875541336812
1.35194	20.72950826022052
1.35195	13.03649973046834
1.35196	5.879332202296946
1.35197	1.148209140988854
1.35198	0.039898264031592835
1.35199	0.002400485019226433
1.3519999999999999	0.07115935452258731
1.35201	1.2201746556978077
1.35202	6.627122523741168
1.3520299999999998	14.154319677888596
1.35204	26.321158475232274
1.35205	46.84583668232736
1.35206	63.574360461368904
1.35207	68.27551740636171
1.35208	96.55060511655405
1.35209	123.57283205608688
1.3521	126.572104171666
1.35211	118.06468153571184
1.35212	89.75920554361994
1.3521299999999998	89.20064608388475
1.35214	118.59489638678149
1.35215	167.94844996802058
1.35216	191.54684365865535
1.35217	209.7249019362344
1.35218	208.07887924689305
1.35219	189.25571375182082
1.3522	165.13647122906556
1.35221	137.3393539108529
1.35222	121.06901247175527
1.3522299999999998	109.33444380716034
1.35224	99.08387893410051
1.35225	75.98397336451103
1.35226	68.85397222301948
1.35227	71.04736901178298
1.35228	70.68853807244074
1.35229	57.523857266523116
1.3523	48.547402701574725
1.35231	42.310484646817216
1.35232	26.55064035701813
1.35233	15.418069535223422
1.35234	17.35485542008929
1.35235	13.979640395388513
1.35236	8.532631694534729
1.35237	6.2020462422706135
1.35238	3.3219034065798034
1.35239	2.2440731009019
1.3524	1.394986484776514
1.35241	0.6497106713319968
1.3524200000000002	0.2471308711004561
1.35243	0.07237323741276498
1.35244	0.016149125143425678
1.35245	0.00213478429911675
1.35246	4.304896356885513e-05
1.35247	6.120600028906167e-07
1.35248	2.9257418235479032e-06
1.35249	0.0007695423052995348
1.3525	0.005903886503439622
1.35251	0.007416277982612708
1.3525200000000002	0.001560702047033001
1.35253	2.9498980038392428e-06
1.35254	0.0020501989180851587
1.35255	0.049197269541066166
1.35256	0.2650330289727109
1.35257	0.7906385757082077
1.35258	1.8597218771619304
1.35259	2.8914254545764204
1.3526	5.534495007264977
1.35261	9.9003603000685
1.3526200000000002	13.06919987691435
1.35263	16.622601748932215
1.35264	15.699578764229395
1.35265	19.91076744994853
1.35266	28.920979658414375
1.35267	27.544253075795087
1.35268	24.182656108772253
1.35269	24.674706753471785
1.3527	21.296194274528233
1.35271	40.76289310136689
1.35272	54.12276804854589
1.35273	51.0086700135051
1.35274	37.055527500046466
1.35275	68.13119399652585
1.35276	88.09393305583227
1.35277	92.91225486673432
1.35278	137.8243649285106
1.35279	167.82397369676622
1.3528	173.94181603398334
1.35281	142.33542419543463
1.35282	87.82011470169769
1.35283	77.35582103892298
1.35284	79.92911419885209
1.35285	130.15264548129102
1.35286	165.90596462822347
1.35287	168.2244046502619
1.35288	158.4597622558698
1.35289	140.55749221393344
1.3529	134.8040685716092
1.35291	110.77302101395388
1.35292	75.56401055270256
1.35293	36.82527510968615
1.35294	10.200395241848986
1.35295	10.422982293735414
1.35296	24.411192755384636
1.35297	35.67919112317927
1.3529799999999998	32.76551511500908
1.35299	20.44264090988468
1.3530000000000002	8.69562895494851
