1.31901	9542232.629712634
1.31902	8484768.549935976
1.31903	6650434.186704565
1.31904	8478519.044115959
1.31905	10205634.24978744
1.31906	9287097.393402305
1.31907	9281966.571547698
1.31908	10973116.75099107
1.31909	10354520.684392903
1.3191	11394099.29921954
1.31911	11334177.24762996
1.31912	11139866.851666493
1.31913	10299117.193407001
1.31914	11856049.394763287
1.31915	12495683.024171555
1.31916	12205624.36028736
1.3191700000000002	13278530.027167307
1.31918	13137114.949600602
1.31919	11193605.58108417
1.3192	10028592.854967156
1.31921	10097177.712423438
1.31922	10198821.715600783
1.31923	9700631.33783958
1.31924	8748226.121037671
1.31925	8691005.004475601
1.31926	8676009.122762773
1.3192700000000002	7518479.1553232325
1.31928	5737332.240929509
1.31929	6274368.187008789
1.3193	6631167.528802622
1.31931	5405177.994476574
1.31932	5336788.600711663
1.31933	4133519.587890665
1.31934	2161125.56076975
1.31935	3049158.498212403
1.31936	4140282.73891888
1.3193700000000002	4382278.761036721
1.31938	3934232.303466996
1.31939	2731303.7437939937
1.3194	1861444.1056043785
1.31941	3260693.667171325
1.31942	4386720.8615752775
1.31943	5381334.6446313765
1.31944	6199833.1226464175
1.31945	5923385.528768033
1.31946	5705845.396552084
1.31947	4405447.194727281
1.31948	6072814.284943911
1.31949	8239294.001510197
1.3195	7700519.057411185
1.31951	10706068.06177278
1.31952	11947306.352421476
1.31953	13095738.670193575
1.31954	11967405.313072415
1.31955	12485329.26159492
1.31956	9380802.660251878
1.31957	14402901.811656345
1.31958	16070152.57096363
1.31959	13290765.639128836
1.3196	14412190.699680366
1.31961	14527804.937031435
1.31962	13334907.27051123
1.31963	16385888.676661035
1.31964	14952368.78722151
1.31965	15338044.731453832
1.31966	16422149.44566134
1.31967	15311579.724888947
1.31968	14203324.193089295
1.31969	12008534.22024444
1.3197	13087599.60626174
1.31971	15528160.096063655
1.31972	15385797.068589035
1.3197299999999998	16637190.905272655
1.31974	16674775.671777105
1.31975	16135781.339566303
1.31976	14830985.14827386
1.31977	12989427.192920884
1.31978	15901935.954798575
1.31979	15654889.265797488
1.3198	15260543.458847955
1.31981	15492803.04975602
1.31982	16261477.403740205
1.3198299999999998	15697482.226499107
1.31984	14140019.22711239
1.31985	14864147.285587145
1.31986	12896444.693378633
1.31987	13979769.153227802
1.31988	12716863.216202367
1.31989	11709005.230404545
1.3199	10225157.35286081
1.31991	9962538.20801547
1.31992	9203224.15729232
1.3199299999999998	8588552.999402449
1.31994	7356817.793621497
1.31995	5162261.494926143
1.31996	4669280.883804211
1.31997	4533566.599150273
1.31998	4867657.35836531
1.31999	4696345.072615825
1.32	4980351.5551123945
1.32001	4369884.919323791
1.32002	3507114.944752271
1.32003	2514606.304146268
1.32004	1510914.8859203418
1.32005	1047273.224199657
1.32006	391859.15713082673
1.32007	825043.7904505279
1.32008	1349646.398102205
1.32009	1530312.0570800954
1.3201	1454487.5226659116
1.32011	743630.1677328366
1.3201200000000002	324653.4332868994
1.32013	1008881.1320564244
1.32014	2312756.9781384184
1.32015	2934742.4904384566
1.32016	3886690.8685224913
1.32017	3989054.776941405
1.32018	3493011.375635547
1.32019	1854727.0247251908
1.3202	1854727.0247251908
1.32021	1875080.8567437318
1.3202200000000002	1434531.2057119482
1.32023	1977288.315650969
1.32024	4752586.171305323
1.32025	6395286.425734115
1.32026	6688827.562253316
1.32027	7925378.27355832
1.32028	6551790.47016665
1.32029	8481447.926621206
1.3203	8672014.592753354
1.32031	5520393.044394475
1.3203200000000002	8946434.774867024
1.32033	9509769.707265513
1.32034	9548606.580333568
1.32035	6456393.62467785
1.32036	5031876.807623939
1.32037	3998526.696807336
1.32038	4116328.2538971873
1.32039	5596544.998307052
1.3204	7435325.74648275
1.32041	7665491.386961497
1.32042	7128037.896844222
1.32043	5602991.969312448
1.32044	6372062.105290258
1.32045	7485830.685190317
1.32046	8721476.200308044
1.32047	9016126.574472122
1.32048	7231693.313397015
1.32049	5592422.830409003
1.3205	6823858.300568331
1.32051	7238857.042622277
1.32052	8292204.423597993
1.32053	8423449.955048002
1.32054	7391456.068585533
1.32055	8403302.549346343
1.32056	9459321.79704164
1.32057	11284959.37527762
1.32058	9469346.315980688
1.32059	14269540.880332047
1.3206	10942082.880366806
1.32061	11851136.4916799
1.32062	15881078.77545305
1.32063	14252137.380826233
1.32064	12220247.447100185
1.32065	16487317.449667387
1.32066	16502129.845537718
1.32067	16090517.054818612
1.32068	15955117.247859625
1.32069	16162926.574203333
1.3207	16576009.997441273
1.32071	18001139.60418011
1.32072	20143735.025054075
1.32073	20004145.282373194
1.32074	20995682.660669185
1.32075	21771081.320296276
1.32076	23458487.106449503
1.32077	24928147.17149543
1.3207799999999998	25051284.54938913
1.32079	12350939.660148613
1.3208	18707252.14909813
1.32081	20731942.70745049
1.32082	23521770.051456247
1.32083	20580693.266223706
1.32084	26770716.81199413
1.32085	23167544.186187066
1.32086	24726349.29605799
1.32087	23186756.43497615
1.3208799999999998	14803349.74728748
1.32089	15890223.291015916
1.3209	23280376.51999915
1.32091	21198737.64141765
1.32092	15287976.272270773
1.32093	17947336.268325243
1.32094	20796009.15737138
1.32095	19938845.125208534
1.32096	23812226.23276836
1.32097	20397173.967158373
1.3209799999999998	23637960.35904816
1.32099	15580450.108966207
1.321	19138592.697783228
1.32101	20867960.21193297
1.32102	19376262.07859759
1.32103	16791519.5719304
1.32104	17023936.86528544
1.32105	20231589.287191197
1.32106	21657084.94710071
1.32107	20693788.210048556
1.32108	22305912.79536953
1.32109	20765385.595552657
1.3211	20789785.093472887
1.32111	23407767.76253204
1.32112	23154744.86504368
1.32113	25270858.73303921
1.32114	25113659.40540083
1.32115	25381658.701303225
1.32116	24079086.11978584
1.3211700000000002	19256173.929191943
1.32118	21742025.46161736
1.32119	15067458.362161012
1.3212	21304433.966434803
1.32121	20813254.75312977
1.32122	18397126.72854944
1.32123	19048465.68995455
1.32124	10507998.448724937
1.32125	11795327.400163567
1.32126	14798919.234007666
1.3212700000000002	11422206.304562606
1.32128	9224652.183079837
1.32129	6707026.155974513
1.3213	7524367.518888879
1.32131	8914972.33894107
1.32132	8150795.556115996
1.32133	8568997.181827355
1.32134	8072536.177363048
1.32135	8260569.70022847
1.32136	5985631.825548893
1.3213700000000002	6993587.292116918
1.32138	8441507.292753719
1.32139	8837918.65583215
1.3214	7858868.103345647
1.32141	5755194.4279436935
1.32142	4015873.27735438
1.32143	4081407.892777499
1.32144	4598752.108916994
1.32145	7114755.826667761
1.32146	5803633.782042342
1.32147	9906266.334291857
1.32148	13951149.736969486
1.32149	14552915.24308346
1.3215	14821426.340511808
1.32151	14666956.367178101
1.32152	15250005.488989064
1.32153	14447077.415979475
1.32154	13110522.494469015
1.32155	10756971.05447037
1.32156	13086092.92740694
1.32157	12353499.443433935
1.32158	12501150.971130652
1.32159	11947031.258693544
1.3216	11817619.429483367
1.32161	7504296.759387189
1.32162	8051188.597058995
1.32163	9351257.153995607
1.32164	8997254.390546562
1.32165	8394213.288485078
1.32166	8067333.298343202
1.32167	7858506.197428035
1.32168	8693807.105095895
1.32169	9116119.29934908
1.3217	7829607.656436668
1.32171	6320479.106114399
1.32172	7312569.386779859
1.3217299999999998	5996253.70750693
1.32174	4005991.2835736712
1.32175	2539042.6729745073
1.32176	1513073.4125707652
1.32177	1990535.8328938747
1.32178	2649537.069020659
1.32179	2277456.024948544
1.3218	3343797.74069472
1.32181	5218671.978766575
1.32182	7426599.431406774
1.3218299999999998	9254223.84104157
1.32184	10510176.274828164
1.32185	11033162.12766981
1.32186	11213211.144907253
1.32187	12513534.635188336
1.32188	12654354.597596848
1.32189	11714398.668373713
1.3219	12081476.12513528
1.32191	10837771.743278475
1.32192	10420054.72890788
1.3219299999999998	10073722.889400434
1.32194	10360721.503229387
1.32195	11024020.191137133
1.32196	10766635.241146686
1.32197	10250144.78696151
1.32198	10226570.108141882
1.32199	11168889.648032896
1.3219999999999998	10451292.439943302
1.32201	9027552.026921943
1.32202	7013906.949745733
1.3220299999999998	8669618.757582176
1.32204	7113445.360913303
1.32205	5910442.5457732035
1.32206	2372739.171072627
1.32207	3514552.215591462
1.32208	3990892.2276104833
1.32209	1340818.519993565
1.3221	1794816.2792735575
1.32211	1769864.4256195056
1.32212	2324020.7428813013
1.32213	1247756.9570016668
1.32214	2405636.474729308
1.32215	4166102.9716380876
1.32216	5225164.890163818
1.32217	6052154.413526158
1.32218	5679629.418298207
1.32219	4134852.2919674967
1.3222	3473361.6111729518
1.32221	1990581.667202917
1.3222200000000002	2996677.451417495
1.32223	2729606.2255135826
1.32224	1833960.5947498246
1.32225	2827938.7572114835
1.32226	3641748.919134474
1.32227	4770347.316109477
1.32228	5366856.7076549465
1.32229	5928570.654587039
1.3223	6995036.741984491
1.32231	7114592.005246772
1.3223200000000002	8288195.756535565
1.32233	8460382.534093028
1.32234	7041415.955068374
1.32235	8447145.988930829
1.32236	8909636.790795237
1.32237	7400141.0899227485
1.32238	10549940.25007628
1.32239	13011578.913314775
1.3224	13255923.832610656
1.32241	13793992.959892966
1.3224200000000002	14601584.968117883
1.32243	15761589.049638355
1.32244	15916955.423200415
1.32245	15654528.80280094
1.32246	10859254.21312625
1.32247	7906422.167417888
1.32248	13292295.883156825
1.32249	12614208.350084715
1.3225	10573043.037421847
1.32251	9400262.904006977
1.32252	6351115.342126338
1.32253	9296083.157150358
1.32254	12844286.966758545
1.32255	15409551.548948867
1.32256	12297872.89303511
1.32257	15603067.956711192
1.32258	18783218.043190334
1.32259	16849227.724339742
1.3226	13789547.018573815
1.32261	18692612.366858426
1.32262	14960634.055143002
1.32263	20297380.818091627
1.32264	15759048.786365788
1.32265	21591360.069336653
1.32266	22366086.49055912
1.32267	21699513.643035226
1.32268	19581682.293487765
1.32269	22016080.27083216
1.3227	20505482.839012813
1.32271	18302061.063110527
1.32272	15543900.228557987
1.32273	17962219.532892153
1.32274	13944084.310611367
1.32275	18329051.85968385
1.32276	17600702.409472805
1.32277	15966142.45993417
1.3227799999999998	18012749.109839078
1.32279	17314103.128901556
1.3228	16442202.779566647
1.32281	14343000.052331233
1.32282	12271001.240167998
1.32283	15118545.106966276
1.32284	14511088.807914278
1.32285	15859883.761122825
1.32286	12154861.091718042
1.32287	11470702.072018744
1.3228799999999998	12775561.58980736
1.32289	12553360.47639645
1.3229	11620371.1642445
1.32291	9395285.8938185
1.32292	4814930.247414124
1.32293	2918905.265657097
1.32294	6812711.52939542
1.32295	7430704.65613198
1.32296	8564460.288900582
1.32297	7926473.280669123
1.3229799999999998	9308720.702694327
1.32299	9228263.782817887
1.3230000000000002	8991662.554107219
1.32301	8821044.236112475
1.32302	8944786.932455722
1.32303	7849283.2254368635
1.32304	8626010.848488014
1.32305	8222805.164923457
1.32306	7276960.206134617
1.32307	5827201.0181987975
1.32308	5692722.31630162
1.32309	5428376.97844791
1.3231	4714004.578509228
1.32311	3896009.4355150783
1.32312	2968451.789766328
1.32313	2581368.463566088
1.32314	1686980.2569960263
1.32315	1375719.8383528718
1.32316	691655.7631437124
1.3231700000000002	598472.2254508173
1.32318	411188.53793273505
1.32319	173391.5783832357
1.3232	19027.949932180432
1.32321	28837.658862410335
1.32322	220704.40436245085
1.32323	585372.0740519312
1.32324	1143536.4178373222
1.32325	1795518.9787223132
1.32326	2452110.291113271
1.3232700000000002	3157402.8744011093
1.32328	3688077.1722615487
1.32329	3857624.932827575
1.3233	4520953.08207411
1.32331	4585218.120030109
1.32332	3856736.7841169313
1.32333	4943675.998839011
1.32334	5146002.584594184
1.32335	4660794.985167238
1.32336	3617928.668433538
1.3233700000000002	2314515.001488282
1.32338	2856603.7369921217
1.32339	4323246.51439254
1.3234	5063140.74433949
1.32341	5092253.320027444
1.32342	7314421.780819927
1.32343	8068819.492934028
1.32344	7176951.311751617
1.32345	7678563.851155936
1.32346	8704423.243827531
1.32347	9131245.095211547
1.32348	9261258.363799993
1.32349	8249165.181214277
1.3235	8400980.951799806
1.32351	8779504.383340681
1.32352	8633561.758579597
1.32353	8215613.502404887
1.32354	7523328.060904763
1.32355	7059598.4649269385
1.32356	6918946.938406609
1.32357	5814735.976943092
1.32358	5495788.361075041
1.32359	4729987.5759813115
1.3236	2941778.705930825
1.32361	2986826.5284641045
1.32362	2327501.663230929
1.32363	2166356.8663981855
1.32364	2953180.5537774307
1.32365	4833258.239730529
1.32366	5076331.790943016
1.32367	6914169.149562532
1.32368	7314253.361973371
1.32369	7302305.530565469
1.3237	7211738.98694866
1.32371	6553601.046903846
1.32372	6245683.894337232
1.32373	6163253.0599321965
1.32374	7103460.993379598
1.32375	7208750.590601289
1.32376	6525593.248947764
1.32377	5962384.785310768
1.32378	7248030.296374692
1.32379	8333357.242790032
1.3238	8402335.139076922
1.32381	8271799.518641342
1.32382	7933777.1954162875
1.3238299999999998	6285791.914637973
1.32384	6705945.198200614
1.32385	5780028.768407042
1.32386	4668528.345294225
1.32387	5544341.851006767
1.32388	5234557.804244622
1.32389	4568567.0167275015
1.3239	3765997.2625650764
1.32391	3488108.6164795705
1.32392	3341873.449895333
1.3239299999999998	2846819.945917276
1.32394	2279292.177433743
1.32395	1537021.703521076
1.32396	1304217.4300972377
1.32397	937965.7924995958
1.32398	665156.7459357614
1.32399	365312.89295634674
1.324	115065.7307785633
1.32401	57236.095547474484
1.32402	27255.11381853139
1.3240299999999998	40425.83508650855
1.32404	34836.29824235081
1.32405	9110.705322416326
1.32406	390.16112963518594
1.32407	2108.8126592435888
1.32408	13430.494396820877
1.32409	68354.32515822824
1.3241	173934.20639962162
1.32411	350464.4733337968
1.32412	587248.6133957091
1.32413	837596.7817321586
1.32414	1156165.484354329
1.32415	1423606.623685194
1.32416	1413253.273226887
1.32417	1692700.0225868172
1.32418	2295038.630198439
1.32419	2405470.3049880937
1.3242	2745996.6305247173
1.32421	2506455.5087385084
1.3242200000000002	2796147.002881661
1.32423	3667498.965391245
1.32424	4020221.6681504208
1.32425	4155372.870099034
1.32426	4216382.47927869
1.32427	3637977.426864693
1.32428	2629238.6026826208
1.32429	3415308.979726365
1.3243	2351310.5907215527
1.32431	3462182.8439615807
1.3243200000000002	4442117.0700074835
1.32433	5168327.194406152
1.32434	5475074.083346589
1.32435	5370070.65711525
1.32436	5693771.05109423
1.32437	5512390.809852077
1.32438	4527516.0650275815
1.32439	5168089.189623374
1.3244	5502879.463293556
1.32441	6138468.053770742
1.3244200000000002	7161763.905951128
1.32443	8072536.177363048
1.32444	7468097.856637073
1.32445	8368931.246454118
1.32446	9836712.99051533
1.32447	8850748.496892039
1.32448	7878980.0350554865
1.32449	10541441.427853847
1.3245	11158350.522886656
1.32451	10790957.945254672
1.32452	10284424.63536381
1.32453	11086386.113386614
1.32454	10766883.154938957
1.32455	11221476.388866317
1.32456	11049687.607783783
1.32457	10304098.462319767
1.32458	7172655.956947555
1.32459	9463896.89068497
1.3246	9258912.928943897
1.32461	8558940.356902212
1.32462	7792916.089802481
1.32463	6740001.605712371
1.32464	5970215.39496598
1.32465	5009564.81513398
1.32466	4348305.011162464
1.32467	3576596.9346677614
1.32468	3209002.0903807487
1.32469	2620233.531086089
1.3247	2346442.9526877487
1.32471	2592567.067294456
1.32472	3211515.334163263
1.32473	3831510.3231156
1.32474	4345602.518895893
1.32475	4511074.505274151
1.32476	5509599.112245918
1.32477	5262595.620803176
1.3247799999999998	6202260.457058308
1.32479	6278270.16180498
1.3248	6278703.8643228775
1.32481	6830775.310253223
1.32482	6495760.440124758
1.32483	5784022.850178971
1.32484	6952644.119441788
1.32485	7006965.835989335
1.32486	6388957.51220506
1.32487	5662914.440058821
1.3248799999999998	5903913.691904337
1.32489	5805237.6068845475
1.3249	6129569.8719380135
1.32491	6018246.888869573
1.32492	5397715.621123366
1.32493	5058712.523217014
1.32494	4604473.735051512
1.32495	4914054.853326559
1.32496	5705845.396552084
1.32497	5968565.991373541
1.3249799999999998	5577505.407332674
1.32499	5713602.199051219
1.325	5490855.31342688
1.32501	4799323.227227867
1.32502	4256768.184798554
1.32503	3513095.857420052
1.32504	2676208.834332928
1.32505	3067255.8257122794
1.32506	2851806.141807272
1.32507	2530696.124454575
1.32508	2094257.1170109732
1.32509	1933347.8509635061
1.3251	1810422.7567530144
1.32511	1546073.0146383406
1.32512	1285138.6943661915
1.32513	1371955.420833296
1.32514	1560594.2412784772
1.32515	1506711.1425105159
1.32516	1430737.6308750175
1.3251700000000002	1241166.3709899946
1.32518	1002743.8337007251
1.32519	779934.2637388107
1.3252	507893.9037223236
1.32521	383871.6151444915
1.32522	223560.97757152122
1.32523	159325.3935848628
1.32524	140863.02158548386
1.32525	98795.23531740242
1.32526	128051.89209855426
1.3252700000000002	258107.1289645936
1.32528	536143.4442797491
1.32529	855706.8331252977
1.3253	1117892.3907117464
1.32531	1545040.9694945014
1.32532	1682286.655652934
1.32533	1467641.555235686
1.32534	1398620.8557452743
1.32535	1595364.7794926187
1.32536	1768886.6325922557
1.3253700000000002	1624388.8508273906
1.32538	1575904.8786365788
1.32539	1692037.5626591442
1.3254	1847481.0821589744
1.32541	1807382.1965983503
1.32542	1597938.2771409382
1.32543	1430671.744489305
1.32544	1215178.284535505
1.32545	1055893.2169900723
1.32546	826083.5993825715
1.32547	671699.461305295
1.32548	710074.6362535056
1.32549	1010787.8199348494
1.3255	1229447.5334590916
1.32551	1353131.486768413
1.32552	1740403.7083867132
1.32553	1928235.1704381574
1.32554	1926060.833760622
1.32555	1673054.1594508002
1.32556	1348652.3081667796
1.32557	2001059.489641384
1.32558	3012936.6479572807
1.32559	3751198.102085164
1.3256	4278878.9459151095
1.32561	4800096.849081119
1.32562	5228534.764665948
1.32563	5648329.1915994175
1.32564	5967741.46046674
1.32565	6391311.724772809
1.32566	6474556.126136002
1.32567	7262731.687606842
1.32568	7614650.943185832
1.32569	8113719.694279466
1.3257	8313425.322956279
1.32571	7874445.83473425
1.32572	8687203.598149456
1.32573	8311128.555974552
1.32574	8731724.006178612
1.32575	8252394.862097201
1.32576	8552439.28994527
1.32577	9969881.582511555
1.32578	10389628.049090374
1.32579	10600344.99777892
1.3258	10696950.841953812
1.32581	10877522.743009934
1.32582	10842014.905276548
1.3258299999999998	10679231.47366404
1.32584	10045463.962749202
1.32585	9029838.85425808
1.32586	7337362.909161237
1.32587	6617287.442691216
1.32588	3299970.062852284
1.32589	2014280.739313399
1.3259	1713996.7732882511
1.32591	4716827.566581458
1.32592	5631317.317928945
1.3259299999999998	6450895.400719755
1.32594	6491424.346063029
1.32595	8171842.7320675235
1.32596	9780250.985403752
1.32597	9944890.371547926
1.32598	9810248.308398973
1.32599	9310221.212124577
1.3259999999999998	5418761.044516259
1.32601	8549485.892125707
1.32602	7117049.722679201
1.3260299999999998	7457443.986099402
1.32604	10500984.0783376
1.32605	9971488.667073566
1.32606	9314080.77568054
1.32607	11509063.86458551
1.32608	11728703.29693487
1.32609	11988090.145458475
1.3261	11772264.193865847
1.32611	10537801.171656452
1.32612	10977918.442923747
1.32613	10456828.853581356
1.32614	9846683.982881518
1.32615	8909841.945125768
1.32616	7844224.2365246825
1.32617	6670371.158897977
1.32618	5558914.572492099
1.32619	3212920.65114126
1.3262	3955669.511674183
1.32621	3987677.2441369114
1.3262200000000002	3987034.558300192
1.32623	3956398.240042521
1.32624	4228243.598253116
1.32625	4849645.570913789
1.32626	4831366.68194638
1.32627	5029328.461738661
1.32628	5042895.86337973
1.32629	4661009.627650623
1.3263	3961503.098980701
1.32631	2646000.9757274673
1.3263200000000002	1897099.021351533
1.32633	3199484.422222908
1.32634	4902075.547241936
1.32635	6220424.167268145
1.32636	7557706.112186672
1.32637	7469817.647707506
1.32638	9328031.414206233
1.32639	9919733.392390797
1.3264	9752141.632264135
1.32641	9835127.627475183
1.3264200000000002	9511302.624578316
1.32643	9760903.06861554
1.32644	9688354.02259917
1.32645	9067133.288827294
1.32646	9219343.574515603
1.32647	9371303.430676043
1.32648	8193510.224618737
1.32649	7212901.47561966
1.3265	6027677.387270594
1.32651	4673045.396315108
1.32652	6281162.077899027
1.32653	7057973.119440151
1.32654	7030075.675121124
1.32655	6378374.282196918
1.32656	5275334.466981798
1.32657	4458307.299885727
1.32658	5123538.452924538
1.32659	5727037.146136902
1.3266	6095930.402485398
1.32661	6205831.792990613
1.32662	6322225.7603289075
1.32663	6042963.902381328
1.32664	6780004.779204262
1.32665	7473430.498181367
1.32666	7578443.200917503
1.32667	7924465.8831872875
1.32668	8851971.357455347
1.32669	9114650.072929617
1.3267	9285814.42210796
1.32671	8502369.993028544
1.32672	9936878.965484396
1.32673	9537839.28087483
1.32674	8269133.435269359
1.32675	6646300.910195039
1.32676	8122131.189875941
1.32677	6372502.286949863
1.3267799999999998	6620183.080863196
1.32679	6248848.563929622
1.3268	6284344.7241822975
1.32681	5823445.293695902
1.32682	5731390.506703367
1.32683	5303834.940226627
1.32684	5549706.298465561
1.32685	6187995.65385118
1.32686	5963483.19834125
1.32687	5776170.444404744
1.3268799999999998	5009564.81513398
1.32689	4769798.14119221
1.3269	3972921.646185197
1.32691	3137545.2646374423
1.32692	2312703.7255541002
1.32693	1640665.3268903266
1.32694	712021.3234789169
1.32695	343716.19861753425
1.32696	1055868.904430171
1.32697	1551065.0070030969
1.3269799999999998	1839797.3967052896
1.32699	1891690.139172309
1.327	2005210.6381994789
1.32701	1920171.4141330658
1.32702	1782337.7271327844
1.32703	1789039.7907822174
1.32704	1717829.2763743275
1.32705	1584929.6863956556
1.32706	1449539.3184582668
1.32707	1183232.2548628277
1.32708	967622.59268553
1.32709	1311807.16905081
1.3271	1592172.065512456
1.32711	1897055.339535169
1.32712	2387976.2327702297
1.32713	2965923.8750049733
1.32714	3351737.5123997424
1.32715	3550258.697157192
1.32716	3135378.6735511664
1.3271700000000002	3065420.0947070145
1.32718	4015595.880237128
1.32719	4604473.735051512
1.3272	4765297.290963003
1.32721	5147187.631906538
1.32722	5150744.411486866
1.32723	5352417.7221046835
1.32724	5887351.963355075
1.32725	6215699.35411071
1.32726	6400884.637196988
1.3272700000000002	6994875.677165562
1.32728	7076687.20694847
1.32729	5349583.86120016
1.3273	7108205.911195638
1.32731	7709922.277154912
1.32732	8600624.758479983
1.32733	8676009.122762773
1.32734	7607991.172136689
1.32735	9064837.016590295
1.32736	8570575.79483232
1.3273700000000002	9113600.770464193
1.32738	9404592.881991316
1.32739	11621441.489270754
1.3274	10284187.830461552
1.32741	11602190.71352644
1.32742	13010680.136328505
1.32743	12984941.578390533
1.32744	12870635.762533333
1.32745	12094557.957144614
1.32746	10979182.39524923
1.32747	10771594.6017556
1.32748	9952220.737845747
1.32749	11902823.671374625
1.3275	12957762.034746556
1.32751	14146206.714021664
1.32752	14034598.72921175
1.32753	14726854.633935515
1.32754	14690277.509810807
1.32755	12582878.410594938
1.32756	15237018.680808695
1.32757	15620322.63825152
1.32758	13468833.98824788
1.32759	14980972.26544532
1.3276	15285864.306187605
1.32761	14945828.688663365
1.32762	14225253.026810747
1.32763	14467050.584836096
1.32764	14778487.888238667
1.32765	14148486.996914996
1.32766	13839805.922746992
1.32767	13039171.575074675
1.32768	10820815.694948576
1.32769	11759530.964334074
1.3277	9396800.357033562
1.32771	10335226.52906376
1.32772	7642052.202363633
1.32773	7861039.888880182
1.32774	6884303.368501858
1.32775	6549980.393641211
1.32776	4248444.997194093
1.32777	2288916.7643700847
1.32778	3711931.900441398
1.32779	4069302.7320932173
1.3278	3644013.690992435
1.32781	2829111.082671551
1.32782	1808797.712057765
1.3278299999999998	947615.1600576816
1.32784	273989.55057814746
1.32785	652260.3812887585
1.32786	1509280.6356411632
1.32787	2210853.6759242937
1.32788	3199705.4424106674
1.32789	3634377.205854632
1.3279	3665050.8116097418
1.32791	4880676.243853056
1.32792	5510233.464800696
1.3279299999999998	5955387.156691005
1.32794	6106326.19159995
1.32795	6039625.359675943
1.32796	5912756.579118443
1.32797	5382202.083202097
1.32798	5641959.963656467
1.32799	5088268.262301121
1.328	3931515.570505037
1.32801	4570881.8961487515
1.32802	4719000.24618923
1.3280299999999998	4417636.727880612
1.32804	4538266.548978706
1.32805	4847524.357850013
1.32806	4926403.72565578
1.32807	5541533.972101368
1.32808	5975854.297155735
1.32809	6400884.637196988
1.3281	6504291.550788014
1.32811	6646300.910195039
1.32812	7039308.520776152
1.32813	7110170.252443182
1.32814	7009063.587500555
1.32815	6219564.843271937
1.32816	5975854.297155735
1.32817	5745925.622297187
1.32818	5307499.965316444
1.32819	4903430.227918956
1.3282	4373710.164702673
1.32821	4574988.429084081
1.3282200000000002	5052659.127595642
1.32823	5126960.836592057
1.32824	5125780.446135258
1.32825	5475200.153037682
1.32826	5760099.692394841
1.32827	5865026.787211715
1.32828	5555331.76290576
1.32829	4735872.481253357
1.3283	4876744.468057317
1.32831	3851855.6200309214
1.3283200000000002	3516171.099432661
1.32833	3021342.7798432964
1.32834	2134371.435155188
1.32835	833308.8611421613
1.32836	1940260.3107432062
1.32837	2590955.774519021
1.32838	3425784.1839666483
1.32839	3818475.4258015794
1.3284	3763050.096439346
1.32841	3256266.940230008
1.3284200000000002	2049745.7754533985
1.32843	2566019.781281201
1.32844	2406578.320111601
1.32845	1765834.5097719268
1.32846	1613726.7568391678
1.32847	1867583.3782710785
1.32848	3158275.41759679
1.32849	3312302.5580502944
1.3285	3540951.676781205
1.32851	3974477.1089269775
1.32852	3995213.568905885
1.32853	4116328.2538971873
1.32854	3802857.045447423
1.32855	3876412.630852217
1.32856	3865360.461744357
1.32857	3736026.946797149
1.32858	3159584.6845222176
1.32859	3086100.038697403
1.3286	2482675.7374002337
1.32861	2501727.485465888
1.32862	2746376.0301865223
1.32863	2531512.056004087
1.32864	2340776.7762532043
1.32865	2623976.855054822
1.32866	2722011.7777463067
1.32867	2210497.357130783
1.32868	2267148.668686536
1.32869	2939273.505798891
1.3287	3036407.112156303
1.32871	3443340.7322812723
1.32872	2718191.186648576
1.32873	2681390.0902332016
1.32874	2316327.695987451
1.32875	2445175.299418786
1.32876	2553994.748875889
1.32877	2471894.8915685453
1.32878	2152682.597744482
1.32879	1502761.2919502459
1.3288	1079294.5896258382
1.32881	271073.46051505767
1.32882	262899.0398528677
1.32883	970706.6391673052
1.32884	1169176.291036157
1.32885	1628020.9902694274
1.32886	1873354.6385270662
1.32887	2066807.3627610381
1.3288799999999998	2210191.986729745
1.32889	1871759.3015705044
1.3289	2121387.4731370667
1.32891	2375089.611032829
1.32892	2907568.800244645
1.32893	3276272.3754609944
1.32894	3637474.856426328
1.32895	3139207.3316490683
1.32896	3927534.421946882
1.32897	3798393.901545063
1.3289799999999998	3064573.2048409083
1.32899	3303847.554667442
1.329	3072911.126870546
1.32901	2801108.942450875
1.32902	2628572.7419948624
1.32903	2362762.122197485
1.32904	2342502.1598974993
1.32905	2584342.085263751
1.32906	2124026.83827792
1.32907	1759583.9827494922
1.3290799999999998	1949530.3472668496
1.32909	1881871.6510772703
1.3291	1455827.772293981
1.32911	997086.8760912148
1.32912	841652.8531645542
1.32913	1143589.0808481064
1.32914	1220253.3258010491
1.32915	1130810.9363336556
1.32916	1197567.4959701078
1.32917	1039225.9912674669
1.32918	881109.7358101503
1.32919	619376.8941915865
1.3292	326708.17374253744
1.32921	82504.56901862465
1.32922	7075.856227343147
1.32923	89704.86562998658
1.32924	228094.5980344653
1.32925	302372.9938696431
1.32926	412577.93705219135
1.3292700000000002	511714.8259508538
1.32928	601758.1764398925
1.32929	835947.4936388994
1.3293	934854.4507288164
1.32931	983671.299051533
1.32932	947013.1291638784
1.32933	1073667.9766908702
1.32934	1025250.5241767226
1.32935	1165815.9693740343
1.32936	997013.4107217405
1.3293700000000002	1182578.5571944215
1.32938	1196492.55328102
1.32939	1356500.6306334988
1.3294	1332508.536669547
1.32941	1363138.5501264336
1.32942	1309664.3323018148
1.32943	1178229.79242259
1.32944	949963.6773583678
1.32945	923600.1611054223
1.32946	1007627.4729014478
1.3294700000000002	850754.0005875326
1.32948	608953.3163852054
1.32949	371513.8424257348
1.3295	191748.0694070628
1.32951	115442.57358249366
1.32952	146188.42932926194
1.32953	213079.66238816388
1.32954	293422.8965804687
1.32955	262081.8827581741
1.32956	351054.8682605141
1.32957	419483.61308307573
1.32958	365402.0672247537
1.32959	283147.67508409155
1.3296	169756.72965432506
1.32961	73846.17412601145
1.32962	17534.484399453853
1.32963	663.3198593844933
1.32964	330.46388179785265
1.32965	10886.994411783022
1.32966	34767.38285351165
1.32967	78255.52331000655
1.32968	135705.3595397472
1.32969	226919.5951169219
1.3297	334987.03587396897
1.32971	385965.9563915974
1.32972	403458.6211909527
1.32973	364116.19858628156
1.32974	317435.1389888255
1.32975	293966.60717987
1.32976	386405.2335901464
1.32977	519735.04299703037
1.32978	675102.9410908576
1.32979	765136.6409408004
1.3298	803159.8686020218
1.32981	848424.1069990145
1.32982	869434.7614124734
1.3298299999999998	744716.5407872284
1.32984	661699.7948542809
1.32985	566394.4641802431
1.32986	364486.96379674907
1.32987	200488.2846057726
1.32988	331532.4171393755
1.32989	588512.9177935622
1.3299	675476.1198668807
1.32991	638079.8056269853
1.32992	673086.6858852715
1.3299299999999998	774591.9870298035
1.32994	773556.4292076748
1.32995	760191.4837616506
1.32996	728851.4128795429
1.32997	566918.9838236549
1.32998	328725.95822411816
1.32999	294211.06357497076
1.33	177725.60447002226
1.33001	240702.16690534976
1.33002	292183.03774167306
1.3300299999999998	426899.84783183795
1.33004	537577.3969169634
1.33005	524747.0430360014
1.33006	510012.71086572
1.33007	411808.2093693394
1.33008	363429.3522190318
1.33009	283027.08602115704
1.3301	172264.98076956437
1.33011	83113.77341747393
1.33012	34000.554514360934
1.33013	39400.252041937114
1.33014	26000.517978028467
1.33015	4359.784268746288
1.33016	2039.0834511639373
1.33017	9372.662957367702
1.33018	37293.74526087965
1.33019	78323.66478063077
1.3302	105167.60893054976
1.33021	121637.92416479936
1.3302200000000002	80906.60915329642
1.33023	46715.82253904817
1.33024	123268.18458011617
1.33025	175515.3077910792
1.33026	239616.10259539913
1.33027	338438.6858299721
1.33028	388299.65081536025
1.33029	481598.3607346933
1.3303	672547.5578151911
1.33031	726423.6918762631
1.3303200000000002	813124.4122779368
1.33033	818819.1667782482
1.33034	693638.1959023487
1.33035	605333.90554966
1.33036	487050.5072635277
1.33037	472122.82814197714
1.33038	348119.218584358
1.33039	247212.25719866078
1.3304	173115.51816364983
1.33041	209498.0572722933
1.3304200000000002	140544.22337123475
1.33043	187726.2479179755
1.33044	182941.82195580823
1.33045	164835.5949632058
1.33046	125878.33794454054
1.33047	68717.2862162738
1.33048	66493.77660483574
1.33049	67393.96375226146
1.3305	102857.27159796377
1.33051	130496.84141302244
1.33052	107153.90435344359
1.33053	90983.57552830834
1.33054	89400.71661258709
1.33055	94542.26440820203
1.33056	74234.36535345708
1.33057	71856.32466912165
1.33058	64559.1791754088
1.33059	40976.607517100296
1.3306	19096.993487806492
1.33061	18469.62169194984
1.33062	21995.35622649468
1.33063	23818.587324803917
1.33064	31107.85027585545
1.33065	24210.56920023594
1.33066	8375.58209863044
1.33067	1570.1964820187916
1.33068	5219.801646028967
1.33069	9243.107414106498
1.3307	12840.028863559202
1.33071	8187.456394482206
1.33072	4433.574392077822
1.33073	11185.206335127627
1.33074	9736.547793492624
1.33075	11620.879556340213
1.33076	14016.223046383315
1.33077	7408.205142503932
1.33078	7297.565470940802
1.33079	7498.786692364269
1.3308	4079.707247385324
1.33081	3894.6191951652095
1.33082	3593.4118860436242
1.33083	2603.076910728786
1.33084	517.5281768981789
1.33085	2320.598461598919
1.33086	7404.3339831350295
1.33087	19402.24570156649
1.3308799999999998	18442.423896576136
1.33089	6068.355291010077
1.3309	3350.1866214916113
1.33091	13253.9399930533
1.33092	19575.73151723037
1.33093	24924.990416484816
1.33094	13634.367632796442
1.33095	19288.435361904838
1.33096	17635.95573064444
1.33097	8728.065564973545
1.3309799999999998	1564.1197505126174
1.33099	335.27718385117754
1.331	79.036736585775
1.33101	60.25512614635394
1.33102	63.911939935443364
1.33103	138.10010220785506
1.33104	152.48671198822262
1.33105	1929.93196813342
1.33106	5034.020734262071
1.33107	8717.78190579449
1.3310799999999998	24189.450343092736
1.33109	38669.450436559935
1.3311	47640.02711547168
1.33111	39150.021058703736
1.33112	50607.63007097389
1.33113	66050.63542482197
1.33114	63552.99178869736
1.33115	79600.53744378357
1.33116	131782.57824537568
1.33117	204602.0590502029
1.33118	257985.91745498328
1.33119	274050.12216097966
1.3312	265255.25712997
1.33121	216388.910361001
1.33122	233048.8692056261
1.33123	197938.83052052328
1.33124	149126.2166859385
1.33125	153600.63106888704
1.33126	126492.85648384555
1.3312700000000002	82424.43901604044
1.33128	50827.29530310714
1.33129	41903.66412043835
1.3313	28903.404444395772
1.33131	12328.209330346705
1.33132	641.9896107736017
1.33133	5765.3808335553185
1.33134	20822.841818490026
1.33135	25891.30853286329
1.33136	25521.723543938428
1.3313700000000002	31954.939526524464
1.33138	23115.2183389462
1.33139	34013.631319809465
1.3314	37718.81150962647
1.33141	41865.279983856715
1.33142	35626.076817394445
1.33143	25823.196500573595
1.33144	12641.80246620444
1.33145	3198.4826555050304
1.33146	680.1222767867446
1.3314700000000002	206.8245080530416
1.33148	44.337683612845545
1.33149	140.36182295577532
1.3315	212.07672100858662
1.33151	175.54602503748532
1.33152	702.9557699085846
1.33153	212.66547967741883
1.33154	130.78291106814729
1.33155	72.38940383523621
1.33156	123.47669597821778
1.33157	33.353621804434965
1.33158	25.132980830966968
1.33159	64.04157438714616
1.3316	6.641405538450317
1.33161	49.59695341909125
1.33162	14.02590845509388
1.33163	6.317263613865205
1.33164	8.690664810898298
1.33165	57.57169288606703
1.33166	798.8348441879308
1.33167	1518.200045131511
1.33168	438.5549325465514
1.33169	106.81371003967544
1.3317	660.4166288900433
1.33171	329.6355176375042
1.33172	406.35162421797884
1.33173	316.1353055863377
1.33174	457.2692527927323
1.33175	577.1025589064121
1.33176	1429.0486039255618
1.33177	1058.9659596959243
1.33178	2146.841589360742
1.33179	5558.389802436273
1.3318	4736.537717683091
1.33181	2137.4993926519387
1.33182	4398.514216516144
1.3318299999999998	1621.2761723936035
1.33184	1794.1840849066875
1.33185	5128.69650406827
1.33186	9178.484947074108
1.33187	9294.135504160891
1.33188	4532.752436281146
1.33189	1428.0913874042678
1.3319	8480.139567423463
1.33191	22132.934562459297
1.33192	34387.45222291275
1.3319299999999998	42629.77102983273
1.33194	23968.72871710746
1.33195	36120.35416674787
1.33196	46736.37238447167
1.33197	74527.74827781935
1.33198	79774.6669977326
1.33199	55702.41184621032
1.3319999999999999	30116.25737595373
1.33201	49246.79820855952
1.33202	42279.320612289725
1.3320299999999998	52405.15381201378
1.33204	66024.63363150207
1.33205	85433.26419412065
1.33206	82518.62827689195
1.33207	60354.96466503174
1.33208	53868.266497552664
1.33209	44254.96483560288
1.3321	43956.99546465628
1.33211	38062.823402909424
1.33212	67944.60841249
1.33213	127431.26666227225
1.33214	208494.6906147209
1.33215	289950.5921362111
1.33216	350705.841719369
1.33217	419143.7551873722
1.33218	468688.1788731031
1.33219	499611.00951937685
1.3322	477949.4872205297
1.33221	404823.76533043757
1.3322200000000002	346393.7121788453
1.33223	415550.6825652905
1.33224	461880.89639529615
1.33225	477563.3609796521
1.33226	489934.47461973963
1.33227	431904.76953636116
1.33228	449985.9977399079
1.33229	477306.1168035148
1.3323	505396.2323518492
1.33231	470026.12763014523
1.3323200000000002	402305.5278461396
1.33233	321092.3805659971
1.33234	270214.7177553039
1.33235	215062.65352929343
1.33236	190959.38178105425
1.33237	147939.4500762597
1.33238	103528.99544093736
1.33239	81447.73285999591
1.3324	55010.80496963645
1.33241	27805.518631789684
1.3324200000000002	7848.668745643788
1.33243	1327.7765675534868
1.33244	2245.2049963362547
1.33245	6436.503355554827
1.33246	20100.87671883395
1.33247	28812.769173419267
1.33248	14198.615545552504
1.33249	16180.167008441424
1.3325	81106.93688830282
1.33251	128893.49502311276
1.33252	179035.84897821915
1.33253	241525.5056458686
1.33254	268366.9311916638
1.33255	319339.0286934101
1.33256	365037.9358481079
1.33257	389143.696525184
1.33258	367296.67765822227
1.33259	341452.26663030515
1.3326	292075.41335889423
1.33261	237050.56784991227
1.33262	180599.27394219057
1.33263	111688.38213513703
1.33264	57381.51362530003
1.33265	26996.409052747982
1.33266	25484.317079654233
1.33267	52405.99849010282
1.33268	81495.75733880153
1.33269	139121.73975544065
1.3327	194231.6502154084
1.33271	220745.0633608829
1.33272	182783.925467967
1.33273	132376.83703546616
1.33274	109785.75679972356
1.33275	185810.39219243007
1.33276	254863.70955715922
1.33277	285059.8156881157
1.33278	293946.3013873889
1.33279	328834.9727029246
1.3328	425922.9090181415
1.33281	486166.4665801205
1.33282	428173.71201152744
1.33283	398386.85482059896
1.33284	521882.8194776552
1.33285	548870.6396569044
1.33286	649332.289987523
1.33287	721722.0931507478
1.3328799999999998	688601.5564372481
1.33289	727235.3814171766
1.3329	835070.2271268716
1.33291	984423.562192485
1.33292	1041142.0805296823
1.33293	895890.6415792542
1.33294	961966.6147064104
1.33295	940086.8980890872
1.33296	882529.0299556124
1.33297	698740.6346432422
1.3329799999999998	586533.7404071455
1.33299	615100.3866218707
1.3330000000000002	571826.1341220664
1.33301	406774.7623291664
1.33302	329887.60657219985
1.33303	196987.19676769886
1.33304	148246.00546730007
1.33305	363657.0404589058
1.33306	484310.6284827529
1.33307	525622.5635073703
1.3330799999999998	395570.594490457
1.33309	359408.21536152635
1.3331	442801.4149750631
1.33311	537301.434425945
1.33312	560704.4462992536
1.33313	582277.4883372386
1.33314	727955.7821766848
1.33315	905178.0207338576
1.33316	1101336.4171895832
1.33317	1236288.9855258164
1.33318	1205368.9501118138
1.33319	1026147.9928520331
1.3332	978581.4972931592
1.33321	890303.3345713405
1.33322	678839.3360197272
1.33323	857541.2106481999
1.33324	902719.8659823786
1.33325	925415.9915348744
1.33326	827202.8080066186
1.3332700000000002	635367.5054927273
1.33328	613129.2004271469
1.33329	536929.1715801822
1.3333	462027.6854848896
1.33331	475208.2809196289
1.33332	523973.1102274829
1.33333	496028.922373158
1.33334	421741.1714299308
1.33335	339421.2277100001
1.33336	270445.02702908724
1.3333700000000002	285826.1766424295
1.33338	197804.87919134434
1.33339	133877.31694087968
1.3334	104803.3101991472
1.33341	42710.23883483373
1.33342	22076.692066749107
1.33343	63891.19336556041
1.33344	164863.30429476788
1.33345	275781.4178077682
1.33346	350357.1621881573
1.3334700000000002	356893.79719964595
1.33348	409092.95446623524
1.33349	382279.49180995056
1.3335	307538.8598813184
1.33351	236600.68627942144
1.33352	357831.0312042877
1.33353	509869.46057210455
1.33354	571782.6853878592
1.33355	563810.2928064407
1.33356	523573.91329722974
1.33357	657591.2109527296
1.33358	732409.5525318991
1.33359	576009.9692394839
1.3336	580173.6495024737
1.33361	666797.5570012989
1.33362	747685.5716585767
1.33363	842863.0201916998
1.33364	938767.4006264765
1.33365	894210.9835854893
1.33366	548309.7897169322
1.33367	637438.0737037589
1.33368	803849.9702012868
1.33369	719886.4513742919
1.3337	600863.7446083528
1.33371	635925.1483943184
1.33372	417005.7083223808
1.33373	716658.077176755
1.33374	867053.7082821316
1.33375	892851.0218466462
1.33376	819560.4646510567
1.33377	602666.4287891155
1.33378	804146.1740340398
1.33379	1055309.8700341429
1.3338	1138046.4804179429
1.33381	1084026.7519770064
1.33382	866498.868628387
1.3338299999999998	416502.8715824673
1.33384	479986.4749432226
1.33385	526016.0551925853
1.33386	427092.5540656319
1.33387	552106.6777764603
1.33388	633039.7773918158
1.33389	534462.20612498
1.3339	575750.0707450168
1.33391	725382.3765209022
1.33392	799309.5465590964
1.3339299999999998	794917.3937975181
1.33394	822102.5588910814
1.33395	777442.0018618463
1.33396	628299.9136081068
1.33397	405609.38952216937
1.33398	266696.3057937753
1.33399	317454.8744806095
1.334	345878.0485393015
1.33401	288803.86433093395
1.33402	291912.7067999685
1.3340299999999998	349431.4577539386
1.33404	365451.71138864354
1.33405	407155.2133362863
1.33406	432285.8300747642
1.33407	360543.7736614049
1.33408	312331.6532263032
1.33409	276966.3450873218
1.3341	206439.12042324405
1.33411	89067.24109042842
1.33412	47728.193858103135
1.33413	103370.11513577684
1.33414	237656.66585258552
1.33415	418972.0000666382
1.33416	572222.5916722186
1.33417	643896.4044846894
1.33418	674894.6726389846
1.33419	718455.708792598
1.3342	789552.4763576047
1.33421	751463.6887198931
1.3342200000000002	648876.4315086795
1.33423	632866.343427407
1.33424	692117.7702915192
1.33425	736022.3461161244
1.33426	817329.1720486685
1.33427	796889.3082549125
1.33428	695088.3346421648
1.33429	609198.745024923
1.3343	507940.6846338907
1.33431	438574.1193572032
1.3343200000000002	434882.56841326033
1.33433	481459.76553032495
1.33434	547149.4915737393
1.33435	629751.1945980451
1.33436	677518.252969813
1.33437	680199.0170472192
1.33438	744622.2342326561
1.33439	793982.6273533567
1.3344	932758.037480345
1.33441	1105121.4283998476
1.3344200000000002	1122044.290029077
1.33443	1286559.867366781
1.33444	1256463.8560017212
1.33445	1177822.9165381887
1.33446	1100271.845295733
1.33447	902852.905500472
1.33448	823521.61007456
1.33449	777332.8118221018
1.3345	757795.461637818
1.33451	602735.8173201126
1.3345200000000002	548518.1467360493
1.33453	500115.1375172375
1.33454	364377.0370219895
1.33455	283012.097457222
1.33456	194900.9697498836
1.33457	181558.6730612185
1.33458	165682.25620453447
1.33459	153705.70951611554
1.3346	147671.94668384574
1.33461	150852.66953949752
1.33462	164180.66106580227
1.33463	165271.13133839983
1.33464	112042.29602097443
1.33465	134849.70477694375
1.33466	240295.70036565253
1.33467	312034.0586264359
1.33468	381214.1390153028
1.33469	433002.0973814701
1.3347	469861.65059119544
1.33471	465771.5953941148
1.33472	411535.2115459568
1.33473	442871.7721317024
1.33474	524768.7924316556
1.33475	524865.4673193665
1.33476	468126.255705509
1.33477	453191.7549324231
1.33478	431993.2888822581
1.33479	426116.1554209978
1.3348	377458.31773567275
1.33481	265129.46776833467
1.33482	180689.53489777923
1.33483	164638.7272156459
1.33484	172857.4094093179
1.33485	153887.73233386196
1.33486	163866.05560499482
1.33487	181977.20902773188
1.3348799999999998	226725.30771451697
1.33489	234448.79233820888
1.3349	158592.2643757013
1.33491	96093.49736292976
1.33492	71843.08946400479
1.33493	66988.9236831456
1.33494	115735.60866922053
1.33495	167119.45089053412
1.33496	260769.62352177183
1.33497	361792.0337854502
1.3349799999999998	454373.5057633714
1.33499	490082.2800826727
1.335	438209.713454516
1.33501	416824.2716816917
1.33502	525794.4528833779
1.33503	531429.9176176961
1.33504	706704.7331358205
1.33505	795007.086739417
1.33506	906281.260449296
1.33507	940359.6810476348
1.3350799999999998	929287.2958188868
1.33509	952888.3120375765
1.3351	937104.4495570406
1.33511	934555.2897187992
1.33512	864948.0023826327
1.33513	853966.8259920974
1.33514	816651.9435868084
1.33515	706634.7649449961
1.33516	586909.3117889665
1.33517	614855.4118879136
1.33518	553346.2868218017
1.33519	423381.6196691153
1.3352	384000.68580916047
1.33521	385186.4489266456
1.33522	297393.8614891621
1.33523	231925.2321579556
1.33524	306957.323926634
1.33525	484847.3206873794
1.33526	613069.9084436204
1.3352700000000002	788250.0373530659
1.33528	842108.4010722288
1.33529	786243.3767364509
1.3353	724129.0992029018
1.33531	697220.262474647
1.33532	699676.0367710291
1.33533	652412.0893168697
1.33534	593080.9847646467
1.33535	546440.650925679
1.33536	587471.7671180436
1.3353700000000002	543828.5456015023
1.33538	453861.1403662309
1.33539	399679.61651781935
1.3354	337615.98434122954
1.33541	303414.9669531763
1.33542	222326.89361469191
1.33543	302197.5923968938
1.33544	402823.68682307366
1.33545	485948.22484606435
1.33546	594760.3385602472
1.3354700000000002	690211.1963871928
1.33548	741964.2838112094
1.33549	763123.8028670647
1.3355	746704.8978521627
1.33551	671122.810326063
1.33552	660129.2856421941
1.33553	767859.9212330681
1.33554	772221.6974126039
1.33555	722899.6259000546
1.33556	635868.0443594387
1.33557	498832.7975587398
1.33558	409701.92074821936
1.33559	308148.45883218374
1.3356	308133.55889342306
1.33561	217285.62721086908
1.33562	166810.35246031778
1.33563	339429.8248277254
1.33564	446149.07818353653
1.33565	463165.2840898891
1.33566	459524.84792668634
1.33567	425731.71081623295
1.33568	385685.2231884946
1.33569	316596.42025419616
1.3357	259620.5107689208
1.33571	248987.7610781949
1.33572	236326.26976133802
1.33573	242290.84245707386
1.33574	250980.5114651511
1.33575	235728.4496928868
1.33576	200205.49808850448
1.33577	145511.72862460694
1.33578	118376.91017244414
1.33579	141315.89064359255
1.3358	165896.7965791243
1.33581	165797.50851498582
1.33582	150348.46552636454
1.33583	175776.9805476864
1.33584	158614.17622031178
1.33585	121965.49985319744
1.33586	90350.59147700923
1.33587	85711.87585548883
1.33588	66290.30237461657
1.33589	34171.181878527605
1.3359	12589.225130146191
1.33591	13870.560149474273
1.33592	4371.032141520627
1.3359299999999998	1314.8372519231364
1.33594	2981.755300859759
1.33595	3464.7747040839818
1.33596	1679.179022143016
1.33597	382.37368813669383
1.33598	0.7628673009906306
1.33599	401.68905640741616
1.3359999999999999	6698.028636898996
1.33601	24755.91597683617
1.33602	52262.83928946213
1.3360299999999998	80624.86491609644
1.33604	99866.30925190698
1.33605	101257.453216048
1.33606	83141.14476810883
1.33607	61948.529244423225
1.33608	38522.28145507728
1.33609	48306.65880904962
1.3361	61560.48036032549
1.33611	41268.054935765176
1.33612	84265.34437582482
1.3361299999999998	191232.63093496536
1.33614	292107.6965105497
1.33615	380509.0583600125
1.33616	446110.0426350985
1.33617	460337.1239034829
1.33618	445480.8093333961
1.33619	400388.87325652735
1.3362	393942.64816311
1.33621	524605.6939346425
1.33622	623910.0768044249
1.33623	743173.1316835878
1.33624	792313.3981867287
1.33625	805821.7772976669
1.33626	805977.6521214241
1.33627	756984.5226842167
1.33628	665075.5771482504
1.33629	506974.3650886664
1.3363	506913.6664385874
1.33631	582852.9514606005
1.3363200000000002	595137.0665513979
1.33633	600815.3226630082
1.33634	662050.3202835146
1.33635	642094.5740884969
1.33636	584226.1605984038
1.33637	608417.9241533426
1.33638	575614.8638431543
1.33639	472152.18083502026
1.3364	409141.9399084061
1.33641	311967.9650098321
1.3364200000000002	217155.08327495807
1.33643	204693.0041913421
1.33644	160569.10993434972
1.33645	124030.35878686245
1.33646	124110.92144824039
1.33647	119527.82035056279
1.33648	137936.11823047846
1.33649	144174.68127662243
1.3365	121030.54808817654
1.33651	82664.11108660407
1.3365200000000002	65598.8158762698
1.33653	86912.45149136138
1.33654	97587.45677317644
1.33655	81199.62059384737
1.33656	55416.99852679783
1.33657	38881.58853256755
1.33658	21846.35567429896
1.33659	10269.161880000744
1.3366	12614.847362608103
1.33661	13210.644323489843
1.33662	32825.09562984436
1.33663	61175.70740288319
1.33664	74684.76176696789
1.33665	64178.12133702778
1.33666	49898.098960694784
1.33667	82532.8799696991
1.33668	101351.22447726747
1.33669	104762.77652488038
1.3367	87810.81338309817
1.33671	52856.32936024967
1.33672	59484.662245462576
1.33673	60275.94112405242
1.33674	115323.01817558943
1.33675	189623.4308561463
1.33676	261932.2659534889
1.33677	339863.87127056107
1.33678	392390.9659275376
1.33679	398529.9823877764
1.3368	371538.6510788522
1.33681	330687.6683717402
1.33682	299241.62192143325
1.33683	375753.47009453963
1.33684	450868.60972048226
1.33685	481169.39938008826
1.33686	434661.3254497825
1.33687	346058.08486158465
1.3368799999999998	398900.8851515452
1.33689	385433.9803843811
1.3369	319975.70159846765
1.33691	272666.63593294576
1.33692	180173.5352174966
1.33693	165143.3157048894
1.33694	177824.25586638163
1.33695	169951.89053005146
1.33696	156362.28198710034
1.33697	120091.70202538284
1.3369799999999998	135227.18266524255
1.33699	184116.1987918092
1.337	202000.75840797907
1.33701	187399.31539711144
1.33702	152563.27397359716
1.33703	109513.58598016578
1.33704	77345.66895861269
1.33705	47087.32292270156
1.33706	21563.09022050636
1.33707	8489.048210335352
1.3370799999999998	2781.896704323728
1.33709	2222.890142742036
1.3371	3565.2829312850536
1.33711	6275.711926677082
1.33712	4957.628730766265
1.33713	2980.27266860386
1.33714	11955.23177055822
1.33715	28094.738879943467
1.33716	41346.9996118556
1.33717	43376.44942490583
1.33718	36777.31334537078
1.33719	27595.4830085602
1.3372	19830.013049465182
1.33721	30165.602226499046
1.33722	53467.39189359533
1.33723	71418.70975558783
1.33724	84175.36340181879
1.33725	86417.16206465496
1.33726	73430.9251700126
1.3372700000000002	50659.161831130055
1.33728	27101.479491149283
1.33729	20544.472746304848
1.3373	38582.7341053245
1.33731	57052.279348200056
1.33732	64841.94000190264
1.33733	59575.267355075055
1.33734	45875.09747012112
1.33735	30070.455033441314
1.33736	20265.81155616075
1.3373700000000002	24768.85895000397
1.33738	26391.799306147506
1.33739	23285.362323268953
1.3374	13518.01736516652
1.33741	4600.584373954671
1.33742	507.1483303201285
1.33743	572.7155830279903
1.33744	3979.028043597017
1.33745	10617.126698471786
1.33746	15659.539982663247
1.3374700000000002	11957.461741522127
1.33748	5779.815828200309
1.33749	4697.761885462229
1.3375	15443.153919055625
1.33751	28323.37484173266
1.33752	31473.71442830076
1.33753	25601.770491305917
1.33754	35059.361300424964
1.33755	49807.75877467557
1.33756	79384.00395784149
1.33757	113206.14456977685
1.33758	141381.960631994
1.33759	157225.50560323708
1.3376	166226.40023931314
1.33761	162750.00103421192
1.33762	158878.81793706564
1.33763	138992.06267397312
1.33764	120245.54636075824
1.33765	98702.46525093463
1.33766	65302.37852791872
1.33767	42394.54709341953
1.33768	41579.18764184422
1.33769	37597.24305642349
1.3377	22239.959907611392
1.33771	17024.485661016446
1.33772	7400.993111696122
1.33773	3311.7534697556184
1.33774	491.6590073674263
1.33775	29.461916885599067
1.33776	263.119478676655
1.33777	2418.7946536609197
1.33778	6583.244727733862
1.33779	16055.025511546364
1.3378	28287.0071348959
1.33781	43622.54506765433
1.33782	64647.3906162341
1.33783	87265.18224396759
1.33784	101276.57364106506
1.33785	110221.92713018492
1.33786	116573.27562393124
1.33787	104981.55468472076
1.33788	79558.39259210108
1.33789	50805.999546238585
1.3379	47535.821099442765
1.33791	72180.51892607013
1.33792	96572.8392746639
1.3379299999999998	112214.50550491783
1.33794	107980.41692495694
1.33795	84892.04585822526
1.33796	46127.508759819284
1.33797	22784.001471207164
1.33798	24936.64369779821
1.33799	7777.0519497766845
1.338	6057.131468262642
1.33801	2045.064453268688
1.33802	4866.704754991946
1.3380299999999998	19655.314624272254
1.33804	33526.32880627251
1.33805	44578.55634961192
1.33806	48665.926962638616
1.33807	54722.382826055175
1.33808	83523.75292460264
1.33809	114464.02148859794
1.3381	151204.94689906892
1.33811	195446.99610866175
1.33812	220142.04676494788
1.3381299999999998	228373.65363100052
1.33814	212578.33443265324
1.33815	194279.95759113497
1.33816	177184.6112255539
1.33817	149185.97604623932
1.33818	111929.09698523412
1.33819	72003.39928748501
1.3382	49737.161906174806
1.33821	26176.04327619601
1.33822	19679.95042127008
1.33823	12091.105205225449
1.33824	10926.749831601328
1.33825	7841.298739196841
1.33826	950.9988680326172
1.33827	1136.9542776813507
1.33828	3167.422518701442
1.33829	5355.795672429912
1.3383	4035.8777255304435
1.33831	9451.614502385242
1.3383200000000002	28883.977631905942
1.33833	49969.03932089196
1.33834	60321.620493153314
1.33835	60414.05686190687
1.33836	51130.25986556058
1.33837	38273.74860944287
1.33838	20308.36685506421
1.33839	15434.231144580925
1.3384	30332.136379787164
1.33841	45934.71223332106
1.3384200000000002	50628.37637290224
1.33843	36535.747736991
1.33844	32156.66490409145
1.33845	13767.529001439028
1.33846	34638.41410990997
1.33847	36360.177947353346
1.33848	25541.35891741446
1.33849	30782.57880772169
1.3385	38827.81931765604
1.33851	22180.22768673376
1.3385200000000002	37476.84305521189
1.33853	46016.862025240654
1.33854	71280.87135755719
1.33855	86136.45616389353
1.33856	86101.55600859465
1.33857	69261.19812735221
1.33858	44135.189944562044
1.33859	40795.005874117225
1.3386	74666.36345547206
1.33861	104764.46511494149
1.33862	118150.07455044091
1.33863	109018.70026305801
1.33864	84934.86483728656
1.33865	54905.26601065119
1.33866	25816.656717016212
1.33867	6274.3826342920665
1.33868	4620.851373918907
1.33869	16487.924876078672
1.3387	23602.06488724139
1.33871	20681.11740140697
1.33872	9791.134128558471
1.33873	1818.3563603918444
1.33874	202.5009197028964
1.33875	3029.012042716164
1.33876	7737.452572780149
1.33877	20862.19497797349
1.33878	40848.39527598087
1.33879	45840.674582505635
1.3388	49947.6431215105
1.33881	55802.672672871726
1.33882	70531.80530148756
1.33883	105914.15361143484
1.33884	139826.987144733
1.33885	165803.61683344972
1.33886	197757.0614026197
1.33887	202682.84886122728
1.3388799999999998	171654.02841457716
1.33889	154576.33287314454
1.3389	155753.92511006922
1.33891	136495.7094006002
1.33892	101764.19465172103
1.33893	92175.60567814297
1.33894	52886.6428922732
1.33895	45802.48065918958
1.33896	48581.844547079716
1.33897	44874.84897671754
1.3389799999999998	69615.18794956309
1.33899	84728.98424633661
1.339	92788.25343073592
1.33901	74722.43226033356
1.33902	52956.83240120401
1.33903	51358.22433803856
1.33904	39718.78912169233
1.33905	29303.129204366163
1.33906	12007.981219540183
1.33907	1210.0101128050928
1.3390799999999998	1470.8012828713604
1.33909	11501.301807770107
1.3391	33469.636832228665
1.33911	65526.655197907785
1.33912	103916.61703323768
1.33913	136333.00268661286
1.33914	173414.73636366593
1.33915	186097.2690628531
1.33916	201870.1008562217
1.33917	228729.40487587953
1.33918	239431.34214745587
1.33919	227171.0576507048
1.3392	203981.60281807414
1.33921	165910.9308663647
1.33922	112947.07800617682
1.33923	52271.98590198579
1.33924	16789.81844638877
1.33925	45635.414550513386
1.33926	49996.43062131387
1.3392700000000002	42197.041211466734
1.33928	44424.239311823796
1.33929	21632.364894599108
1.3393	10833.80464174908
1.33931	18008.601998552833
1.33932	11141.046836758867
1.33933	3913.325744531935
1.33934	3105.5247873409553
1.33935	9678.209079740423
1.33936	16191.869688884883
1.3393700000000002	17372.567188857844
1.33938	12501.150971130657
1.33939	5207.017053071372
1.3394	4829.8206054045
1.33941	2004.084365594187
1.33942	3783.667808359401
1.33943	5021.402101520643
1.33944	2062.296002730085
1.33945	266.6361316713452
1.33946	1123.8206295202326
1.3394700000000002	4854.975023337197
1.33948	11341.09530356899
1.33949	22973.015203654344
1.3395	37703.87613438473
1.33951	60240.83735764027
1.33952	89102.72784596238
1.33953	114398.41307423887
1.33954	140180.30481500295
1.33955	179150.90236290515
1.33956	214734.09192503526
1.33957	254086.7393226014
1.33958	298460.5946945089
1.33959	335091.1824410018
1.3396	356644.8852044368
1.33961	396289.89646360435
1.33962	407355.88981251366
1.33963	407442.19234040857
1.33964	444028.6572159036
1.33965	471123.7519789674
1.33966	480620.1780585718
1.33967	489867.9203073788
1.33968	463022.3981523418
1.33969	449815.068588899
1.3397	419370.6183887175
1.33971	373393.7119161404
1.33972	361823.6913342826
1.33973	400676.61859191756
1.33974	420541.63612386154
1.33975	415471.2723667689
1.33976	386760.3993575019
1.33977	345975.2246516986
1.33978	310374.47646368673
1.33979	304954.4674744733
1.3398	296079.9508546974
1.33981	300881.1636222219
1.33982	292142.0012689494
1.33983	291607.7083997873
1.33984	270137.57691323076
1.33985	238464.09633997985
1.33986	198186.9252948836
1.33987	165812.77973310318
1.33988	127674.45127463901
1.33989	91769.00015735852
1.3399	70955.16266338801
1.33991	68583.39821205637
1.33992	50331.86232639145
1.3399299999999998	27878.409945481002
1.33994	7762.0422081301585
1.33995	2093.191680765633
1.33996	7520.920534877955
1.33997	12689.017606982534
1.33998	11063.817413857952
1.33999	7041.65916115955
1.34	2842.352913460713
1.34001	362.2913791762859
1.34002	148.79351384199262
1.3400299999999998	229.45789228542088
1.34004	232.42669136719886
1.34005	371.15643959556365
1.34006	1886.240215620257
1.34007	2600.327207051604
1.34008	2110.775283081565
1.34009	976.7018267692638
1.3401	412.5399389697921
1.34011	744.2794019674709
1.34012	325.87721792433143
1.3401299999999998	14.616116635659154
1.34014	0.29880372000770866
1.34015	68.81609107823225
1.34016	703.3313890180905
1.34017	2225.2253560196755
1.34018	4016.751827985072
1.34019	3210.3471702712627
1.3402	1270.8432893786949
1.34021	7166.18474282107
1.34022	15842.473888664286
1.34023	20553.652043312813
1.34024	19558.790731588888
1.34025	16127.423852528942
1.34026	9128.55423176022
1.34027	3656.2594002529827
1.34028	5756.413724976288
1.34029	19761.640753544125
1.3403	41688.37818774075
1.34031	60966.60338904365
1.3403200000000002	79732.42995239838
1.34033	90364.73929948901
1.34034	80057.31123209554
1.34035	86488.02900763943
1.34036	105741.62981971576
1.34037	105999.78881155953
1.34038	100939.2329147883
1.34039	82570.32614090477
1.3404	60709.68786762461
1.34041	52042.12242398297
1.3404200000000002	33443.98346176831
1.34043	21373.86194841945
1.34044	7593.937177099473
1.34045	5356.12865151288
1.34046	13479.56880904715
1.34047	16399.741403353037
1.34048	11837.036860338689
1.34049	5162.653765859394
1.3405	491.4892236845368
1.34051	285.63143384324144
1.3405200000000002	118.21266276025729
1.34053	430.63566995975617
1.34054	1913.2732519463896
1.34055	2013.7335234266181
1.34056	807.5678110191907
1.34057	308.3819852927642
1.34058	855.5571005543709
1.34059	1234.1188903450145
1.3406	7192.700882585727
1.34061	13492.020736356826
1.34062	22146.74983594608
1.34063	43372.55435913091
1.34064	63416.46067003207
1.34065	82102.80597928129
1.34066	93619.64716078463
1.34067	97166.3748333097
1.34068	81023.87319859171
1.34069	44377.823648498095
1.3407	74894.68525645355
1.34071	86666.24894396793
1.34072	73406.75057383817
1.34073	58056.386323425475
1.34074	99878.03742494794
1.34075	133534.65847049066
1.34076	134069.81187989807
1.34077	154418.3828558741
1.34078	186360.12797079366
1.34079	192133.90075084622
1.3408	176087.28607722055
1.34081	80007.3710080229
1.34082	71928.99627001434
1.34083	164432.62881728337
1.34084	252138.40429923887
1.34085	298624.88808612304
1.34086	326584.07221260987
1.34087	372326.54472329357
1.3408799999999998	367942.53824454686
1.34089	344204.06898137124
1.3409	292408.5047521756
1.34091	249964.8830519365
1.34092	214810.7443483215
1.34093	212599.3831019327
1.34094	181129.83854528173
1.34095	138882.97150918012
1.34096	140130.60595673358
1.34097	112944.21726956654
1.3409799999999998	72788.03579783834
1.34099	58682.41792200714
1.341	81684.18871424327
1.34101	98398.39169051226
1.34102	130960.70368973365
1.34103	120120.46369074605
1.34104	56142.0155306499
1.34105	86318.52289929656
1.34106	159772.48868367134
1.34107	197964.3553421613
1.3410799999999998	191256.41020117246
1.34109	179721.48565476594
1.3411	158049.09012977936
1.34111	112576.56679201957
1.34112	97554.6555872028
1.34113	73019.35627977707
1.34114	33510.58427049545
1.34115	18456.44275465104
1.34116	12560.068269810088
1.34117	3571.1245719378107
1.3411799999999998	2424.940014657771
1.34119	3956.680658373815
1.3412	16388.11489215325
1.34121	42749.791409338686
1.34122	70530.34366728125
1.34123	90802.54060267255
1.34124	96685.64526762263
1.34125	83827.979786643
1.34126	56892.49761810617
1.34127	14922.411090732017
1.34128	25157.008702535604
1.34129	74384.76580422928
1.3413	111192.373312793
1.34131	119403.20934219446
1.34132	96802.81797354492
1.34133	37258.296973593664
1.34134	44170.77304158509
1.34135	92032.02966109982
1.34136	117386.72870168615
1.3413700000000002	116684.45444033065
1.34138	112197.97018266932
1.34139	96254.26897258492
1.3414	77494.69975876082
1.34141	53296.906241786106
1.34142	38499.846680196366
1.34143	25279.413861310553
1.34144	14087.599614672166
1.34145	5987.134298588559
1.34146	1306.3453388182436
1.3414700000000002	79.19340202870842
1.34148	732.7452300603783
1.34149	4327.449415358636
1.3415	10015.623719263038
1.34151	18697.5627752741
1.34152	28104.767701158737
1.34153	35799.33834942127
1.34154	38785.82199858061
1.34155	34115.284706308325
1.34156	24692.553306478443
1.3415700000000002	17075.994254248748
1.34158	7421.33438244398
1.34159	1313.2638812231698
1.3416	9.851559847661687
1.34161	88.86095983942595
1.34162	893.2643464427174
1.34163	388.9976699849715
1.34164	20.565676498592747
1.34165	1197.1346465465615
1.34166	6714.056629954136
1.34167	14741.341254368177
1.34168	19391.481935838045
1.34169	22689.03369093959
1.3417	24953.53052375629
1.34171	19760.09371688197
1.34172	23242.026926910727
1.34173	28010.70243968032
1.34174	24621.301141365362
1.34175	19610.424735243072
1.34176	15046.829504065508
1.34177	10214.050482349416
1.34178	5020.07262390258
1.34179	1183.9217523948664
1.3418	733.5302020542763
1.34181	1302.5607876087736
1.34182	635.0501164517493
1.34183	85.90273672790846
1.34184	1.202253361403748
1.34185	16.93132709907202
1.34186	195.00960382226398
1.34187	1109.0113732642585
1.34188	2604.6057800828094
1.34189	5478.25192487075
1.3419	9073.79576826251
1.34191	10928.184032679612
1.34192	7780.114705089571
1.3419299999999998	11392.86627943022
1.34194	14132.109700930812
1.34195	6928.592190841822
1.34196	4799.09116498601
1.34197	14758.934318028469
1.34198	16540.475867643177
1.34199	10861.6298868537
1.3419999999999999	15266.623664863271
1.34201	9718.49465171502
1.34202	10989.957172612829
1.3420299999999998	14816.819831141223
1.34204	13202.981051579753
1.34205	7397.415279336904
1.34206	3595.522410433545
1.34207	1597.1437267524695
1.34208	419.80054687207314
1.34209	135.98593760031744
1.3421	6.664122934565213
1.34211	308.71945579666317
1.34212	1898.3968299478595
1.3421299999999998	5882.175798905984
1.34214	13231.131933396558
1.34215	21762.66114809945
1.34216	28553.54271422663
1.34217	28916.38510526377
1.34218	18664.914291287736
1.34219	5315.988098892702
1.3422	16464.630928380815
1.34221	30629.224425050485
1.34222	39760.60646216498
1.34223	45011.449633378514
1.34224	35991.007162421134
1.34225	18107.35432684722
1.34226	2933.391302722751
1.34227	2725.812633150772
1.34228	12039.432051911721
1.34229	13071.72792875511
1.3423	5942.333199730536
1.34231	12377.04585679558
1.3423200000000002	33510.81575421047
1.34233	58135.17712463607
1.34234	75884.836020752
1.34235	81058.95489140009
1.34236	62514.96609867837
1.34237	63516.12577029201
1.34238	89348.85676505936
1.34239	95045.81521233793
1.3424	90108.3422669456
1.34241	89641.88905509305
1.3424200000000002	82782.39748972582
1.34243	77637.04553040638
1.34244	101449.98800025793
1.34245	119788.46505814609
1.34246	118207.76335691856
1.34247	98694.05658860096
1.34248	94045.92881991318
1.34249	60273.72051722173
1.3425	16860.210791313726
1.34251	16261.814398151157
1.3425200000000002	31033.803075789205
1.34253	45031.24974139271
1.34254	53228.10439747429
1.34255	83670.23716421847
1.34256	98281.32434862664
1.34257	94761.95239968137
1.34258	92894.07188447042
1.34259	82454.24132024852
1.3426	64009.87808099279
1.34261	72029.59949783242
1.34262	63854.7192831161
1.34263	48580.166618590876
1.34264	31441.843377412384
1.34265	13969.214947808005
1.34266	5112.519764988336
1.34267	6868.0112835843165
1.34268	2608.278731186147
1.34269	1125.0452749071421
1.3427	298.18651548082426
1.34271	10.345107310708562
1.34272	0.44867719900137504
1.34273	80.80700303902701
1.34274	808.4832002834523
1.34275	3148.052743071994
1.34276	7445.279396205153
1.34277	12983.476613322957
1.34278	18024.11708873623
1.34279	24691.92789064217
1.3428	26795.261514690512
1.34281	22342.203335959435
1.34282	32961.04711327412
1.34283	45806.699417835145
1.34284	53930.94124480874
1.34285	50928.39621106219
1.34286	59285.02399787889
1.34287	56833.31650311988
1.34288	47801.1120278484
1.34289	34064.263222352565
1.3429	25171.49440976305
1.34291	14428.959021147512
1.34292	5468.535049694564
1.34293	1171.8364429264054
1.34294	380.21741074260535
1.34295	3903.327578003011
1.34296	11506.361120899426
1.34297	23220.041949345126
1.3429799999999998	33416.27220631244
1.34299	35376.348208070674
1.3430000000000002	30945.891605781788
1.34301	20786.386583584423
1.34302	14629.113183436548
1.34303	5120.1773016701145
1.34304	4295.789577698204
1.34305	3235.9961779997475
1.34306	1297.28082839144
1.34307	1393.0060415851858
1.3430799999999998	4494.185560032585
1.34309	3297.3496344670302
1.3431	7192.700882585727
1.34311	11939.441171271843
1.34312	12246.02100431181
1.34313	10608.549325065984
1.34314	16831.855728289247
1.34315	15606.33769190466
1.34316	17208.816354615163
1.34317	15279.213519844832
1.3431799999999998	10268.594400823427
1.34319	5956.0865498259045
1.3432	3214.11935445459
1.34321	867.2254212682155
1.34322	50.569888957500375
1.34323	5.254120151100801
1.34324	41.064732676584185
1.34325	67.17953601507321
1.34326	170.09126065802764
1.34327	212.27996140622298
1.34328	26.398484782777675
1.34329	0.4537953067458981
1.3433	30.00875653149217
1.34331	202.06728208220886
1.34332	728.8430217158552
1.34333	1834.0450537010854
1.34334	3660.816835238296
1.34335	6495.580958110509
1.34336	10744.222661470298
1.3433700000000002	16668.13464403127
1.34338	23617.776039573433
1.34339	28843.037858247837
1.3434	34427.540669710485
1.34341	36805.52356275887
1.34342	32513.296160336165
1.34343	32460.70889813769
1.34344	34908.24376558121
1.34345	45067.762812597226
1.34346	58654.45448574347
1.3434700000000002	63171.4724664078
1.34348	61629.124753920994
1.34349	66677.14564241882
1.3435	56297.48579409872
1.34351	36488.66716334553
1.34352	12004.829601764717
1.34353	12492.691055587824
1.34354	42703.355312446765
1.34355	68907.42165576879
1.34356	75680.84980042213
1.3435700000000002	93458.97206422924
1.34358	110631.04126182506
1.34359	136828.63674282245
1.3436	159455.682225782
1.34361	170782.7490446511
1.34362	159032.54169617698
1.34363	156015.23155346414
1.34364	157850.15039082177
1.34365	160778.88036917432
1.34366	152661.66686601914
1.34367	133523.2823832767
1.34368	109189.78227348084
1.34369	78639.72751401304
1.3437	38760.02067178668
1.34371	22067.03582137352
1.34372	39710.0103263891
1.34373	45132.147622100696
1.34374	45737.77144945438
1.34375	47792.527640773886
1.34376	35731.39730753636
1.34377	24436.387312121584
1.34378	19900.59218637152
1.34379	13684.344534433776
1.3438	5499.902619430597
1.34381	1636.0139405714074
1.34382	652.1237240687171
1.34383	164.46632946097603
1.34384	10.758680240285633
1.34385	85.39923886813719
1.34386	2.3186222546325594
1.34387	48.250853511253354
1.34388	435.68138039612643
1.34389	738.0707594708194
1.3439	1907.1023442750839
1.34391	5993.906996486429
1.34392	11791.579950768435
1.3439299999999998	17891.139418132087
1.34394	21536.989682504733
1.34395	23297.00001709055
1.34396	15449.804916770054
1.34397	17813.44839593604
1.34398	28996.461282932203
1.34399	25150.927191644667
1.344	12908.774075192483
1.34401	5341.546334828487
1.34402	16277.136294242537
1.3440299999999998	27557.828939413033
1.34404	26554.36986056119
1.34405	12724.44942792517
1.34406	1165.330195932978
1.34407	157.93376911361815
1.34408	7854.526332121653
1.34409	16402.34717455371
1.3441	32452.11452846291
1.34411	46140.36226451131
1.34412	48465.087370613786
1.3441299999999998	39064.65561298354
1.34414	46241.935116717264
1.34415	42448.85693174417
1.34416	32777.664074031425
1.34417	19642.646458798583
1.34418	11610.876348225198
1.34419	2591.570334695337
1.3442	944.5218302497873
1.34421	5014.862155697863
1.34422	11385.73312543708
1.34423	15740.770972534043
1.34424	17389.656363230817
1.34425	10638.833202542086
1.34426	2298.0792426182634
1.34427	1824.9333170960815
1.34428	13320.63719857791
1.34429	31820.50003703295
1.3443	43392.73258885501
1.34431	43235.75030091821
1.3443200000000002	32633.82648134631
1.34433	12965.939773994907
1.34434	18106.68723954921
1.34435	19995.948060428138
1.34436	12718.942383989204
1.34437	5504.121346531471
1.34438	6751.1537706114295
1.34439	5747.910537462671
1.3444	17408.80657616123
1.34441	24232.264457507466
1.3444200000000002	27267.41700946086
1.34443	20636.212911384835
1.34444	7736.472746962751
1.34445	20615.07883763176
1.34446	24400.571594282046
1.34447	23093.300137152597
1.34448	18374.139106579416
1.34449	11964.815332281047
1.3445	6501.566365223018
1.34451	3340.273283934237
1.3445200000000002	1566.2569099154807
1.34453	2622.8412180349624
1.34454	1731.1591677731994
1.34455	766.3938305049925
1.34456	248.1275572202104
1.34457	61.592807444993646
1.34458	0.6975414182143939
1.34459	0.2916023368367629
1.3446	17.75550381575695
1.34461	84.34687560615815
1.34462	17.943741330016426
1.34463	0.37915780464343896
1.34464	3.003834493108831
1.34465	125.14946575276377
1.34466	595.8102907282024
1.34467	1459.4358157848044
1.34468	2755.9859550098076
1.34469	4323.465522085124
1.3447	5373.942311089243
1.34471	5948.45252771237
1.34472	6913.277661122545
1.34473	6509.055880604219
1.34474	5449.830561365943
1.34475	3965.4730254586157
1.34476	2379.2057457801284
1.34477	1658.074346467684
1.34478	712.1344572542205
1.34479	135.74036104426045
1.3448	4.531594071969764
1.34481	0.4723783664743401
1.34482	13.638292484058823
1.34483	30.0091020220582
1.34484	7.401760015165854
1.34485	71.48731736081012
1.34486	22.68344433242104
1.34487	0.2373351154571933
1.34488	17.22273026868787
1.34489	185.6461726161552
1.3449	734.1655469529012
1.34491	1862.4001587979133
1.34492	3427.693650540766
1.34493	5180.026720462969
1.34494	7799.2348862318595
1.34495	11029.07271378498
1.34496	12496.085843892626
1.34497	18319.136555177087
1.3449799999999998	23676.03645489042
1.34499	27227.51462551406
1.345	30634.5849001323
1.34501	28760.73628863028
1.34502	25159.731379060508
1.34503	15489.057785301398
1.34504	3601.7701956207643
1.34505	3456.264733657877
1.34506	6399.6909234145
1.34507	17985.520052926164
1.3450799999999998	29894.823935374025
1.34509	42401.673737164776
1.3451	42187.228962400295
1.34511	45688.300121547814
1.34512	38116.761962023695
1.34513	19510.526986211924
1.34514	14018.030481500295
1.34515	9723.150319983117
1.34516	13162.761128524817
1.34517	20078.90384712876
1.3451799999999998	17908.450053003755
1.34519	24745.25878462776
1.3452	50525.54421082306
1.34521	84596.22818927585
1.34522	105116.04205757637
1.34523	109145.03890320467
1.34524	96718.59966742047
1.34525	73653.43398436178
1.34526	77580.57605140115
1.34527	84080.83190522829
1.34528	88386.91991934928
1.34529	93422.18058054594
1.3453	90476.3350111152
1.34531	77226.97077715491
1.34532	50866.39975168934
1.34533	23693.979043390817
1.34534	30733.56924483324
1.34535	48650.9135822333
1.34536	58707.420680179246
1.3453700000000002	56048.75885364305
1.34538	38814.679101012516
1.34539	28718.780877118388
1.3454	10736.259499114982
1.34541	13140.684854914944
1.34542	13578.850285395947
1.34543	9955.52116523687
1.34544	3956.07029566492
1.34545	725.1085064720113
1.34546	4.807806718338199
1.3454700000000002	79.2475783667743
1.34548	1960.785108785424
1.34549	6672.552507294831
1.3455	11781.809598961538
1.34551	17535.655303176285
1.34552	24650.515169500577
1.34553	33542.466909124465
1.34554	50251.033707511306
1.34555	50647.26523107706
1.34556	38860.64458454696
1.3455700000000002	23937.56662067735
1.34558	18486.044749232016
1.34559	26458.974028337616
1.3456	31892.164828915018
1.34561	24534.488039485987
1.34562	11903.810373786057
1.34563	2253.273971429527
1.34564	5536.406884270586
1.34565	16731.3891328795
1.34566	40690.77860327279
1.34567	64010.76241624785
1.34568	71892.89959604428
1.34569	57610.016551444074
1.3457	64829.99677519222
1.34571	69904.63943781077
1.34572	65254.73044185
1.34573	43572.953634296005
1.34574	53762.31981228835
1.34575	47166.42934948792
1.34576	31518.388181156148
1.34577	20980.12155075407
1.34578	34745.934770116335
1.34579	38570.47612903606
1.3458	34662.589184682416
1.34581	37761.218507997095
1.34582	41186.2261652683
1.34583	27970.54959927729
1.34584	9729.600312108487
1.34585	9353.81982084822
1.34586	3913.6771801667155
1.34587	626.9111585140662
1.34588	2913.184563290769
1.34589	5660.515709240076
1.3459	4813.666519608606
1.34591	2375.341191269065
1.34592	569.8505870327724
1.3459299999999998	27.658205557193256
1.34594	0.19616566732227025
1.34595	67.1512343308084
1.34596	1035.5092912163364
1.34597	4049.011404408474
1.34598	8777.200112408833
1.34599	13208.728088621085
1.3459999999999999	14017.836816589945
1.34601	7593.27275007943
1.34602	6363.089033409434
1.3460299999999998	17909.027362530676
1.34604	33929.46408271238
1.34605	43561.21655464687
1.34606	51463.580701372586
1.34607	57585.481164001765
1.34608	55634.21954471744
1.34609	69370.8474545058
1.3461	64023.43923090293
1.34611	49038.14122167699
1.34612	49171.10861136952
1.3461299999999998	42984.31399116794
1.34614	60579.54400736977
1.34615	62719.27073938406
1.34616	50261.332710782815
1.34617	45966.559612082296
1.34618	37187.92958884381
1.34619	29056.88134924375
1.3462	26920.926356379037
1.34621	20096.989240555118
1.34622	10085.55959619106
1.34623	4427.463606492368
1.34624	699.2154242603165
1.34625	13.985145851462347
1.34626	459.6655961208229
1.34627	3251.9660276747877
1.34628	6148.157719724042
1.34629	4952.129578447055
1.3463	9758.228873129161
1.34631	12189.503039763238
1.3463200000000002	8830.961675013044
1.34633	4287.005098363728
1.34634	6073.849127807245
1.34635	4756.812137393392
1.34636	2183.5895136146337
1.34637	822.5588891178243
1.34638	668.1515804067859
1.34639	1285.1386943661917
1.3464	3721.0285310955824
1.34641	4807.817788735025
1.3464200000000002	2421.675789650361
1.34643	3204.320881878523
1.34644	3167.407932215277
1.34645	2137.54861096096
1.34646	1125.7138256890103
1.34647	343.24640710372387
1.34648	41.09793491142164
1.34649	13.011668794428125
1.3465	0.15250426868034286
1.34651	2.503438921400317
1.3465200000000002	0.7103624558496617
1.34653	1.5135891295215451
1.34654	28.64738600915329
1.34655	146.78612306963242
1.34656	133.73281920157706
1.34657	40.030498646541616
1.34658	1.4759342128088335
1.34659	0.05109659966264893
1.3466	6.865402439434249
1.34661	68.09998245140109
1.3466200000000002	218.41024197114362
1.34663	728.0077456153458
1.34664	1249.3007479921248
1.34665	1972.05035423352
1.34666	3331.248263627435
1.34667	4752.586171305313
1.34668	6790.488217710823
1.34669	8379.015619520475
1.3467	6919.727624186764
1.34671	4230.493187221884
1.34672	7063.256860911291
1.34673	5070.981194619172
1.34674	5126.594886481553
1.34675	5725.402192749808
1.34676	4704.917364109962
1.34677	4150.046854750711
1.34678	4833.447436235787
1.34679	4083.203265239065
1.3468	3267.465419372188
1.34681	2044.1840719902343
1.34682	642.5974532237133
1.34683	46.86644371973416
1.34684	2.4713485441157643
1.34685	177.3397124760017
1.34686	483.60078816982764
1.34687	2987.89271916205
1.34688	7449.086201527895
1.34689	13275.778567196565
1.3469	19228.039250956244
1.34691	22676.446516907756
1.34692	26871.01058432065
1.34693	31421.723307195298
1.34694	29250.54753745029
1.34695	21180.58739014264
1.34696	21167.13111749607
1.34697	27402.74062483519
1.3469799999999998	23097.448104146515
1.34699	29466.5981188361
1.347	36930.994266056776
1.34701	31694.360981875718
1.34702	19697.67647089358
1.34703	12353.869233756155
1.34704	3799.9072826059087
1.34705	5394.037979482458
1.34706	1775.1456804762486
1.34707	3827.3307969164416
1.3470799999999998	3101.2444495305213
1.34709	8775.179320056379
1.3471	23111.12039593561
1.34711	38982.079244230925
1.34712	37249.547380396136
1.34713	36373.49224665205
1.34714	37275.973987889265
1.34715	39396.714025910296
1.34716	25049.381092133422
1.34717	30365.53939006937
1.3471799999999998	30490.882895516745
1.34719	37515.69530944381
1.3472	48632.321339557726
1.34721	57336.87247262626
1.34722	51123.43187860752
1.34723	25905.978454758642
1.34724	13214.538482310189
1.34725	26873.176219178353
1.34726	37870.670990924446
1.34727	34500.786848286385
1.34728	30458.113450201537
1.34729	26509.71141350551
1.3473	39524.373985415084
1.34731	45063.404584268865
1.34732	39461.35557135589
1.34733	30639.38190988977
1.34734	22759.305215278622
1.34735	13443.829625779235
1.34736	6481.880199804334
1.3473700000000002	2888.198246632768
1.34738	6914.85376335517
1.34739	11449.591707274778
1.3474	9929.125499285508
1.34741	6835.558430302659
1.34742	2710.971800017021
1.34743	381.09653490823797
1.34744	362.01202767704285
1.34745	2941.8803131224386
1.34746	6045.455100244764
1.3474700000000002	4772.654541315551
1.34748	4656.064629488987
1.34749	10246.180446243714
1.3475	16489.25369937434
1.34751	18015.113390580773
1.34752	13633.614190615088
1.34753	11194.353058691364
1.34754	11323.664669163332
1.34755	5951.4665910487
1.34756	4033.9545428542388
1.3475700000000002	3898.0373849999187
1.34758	2549.206399163445
1.34759	4034.8927928334538
1.3476	2976.9805691388865
1.34761	1786.0433678037266
1.34762	1112.310405496039
1.34763	435.7335495787812
1.34764	206.16218100467796
1.34765	63.88575034577608
1.34766	7.86285016861471
1.34767	0.04915752400883472
1.34768	0.0459534370880941
1.34769	2.888357858776458
1.3477	5.189541627972312
1.34771	91.79753089229182
1.34772	285.1274302774168
1.34773	490.40286643973235
1.34774	989.8582338816376
1.34775	1190.175483605685
1.34776	1817.1551112419413
1.34777	1477.5391598583249
1.34778	914.1869132621416
1.34779	898.2205771429688
1.3478	652.1958034294555
1.34781	320.72661450011043
1.34782	80.16596042806171
1.34783	9.14066936525583
1.34784	0.043357576596280985
1.34785	0.13494288783353048
1.34786	14.115263829795046
1.34787	72.61460846419841
1.34788	255.0357132682895
1.34789	347.3041717478093
1.3479	60.79165964231344
1.34791	1.8447562907731565
1.34792	76.55278587960828
1.34793	921.079252836374
1.34794	1496.4871775567663
1.34795	1258.3255067159544
1.34796	2366.3555561427247
1.34797	3565.0694941234838
1.34798	5083.537130254223
1.34799	4878.76612842305
1.348	3262.984418973846
1.34801	3798.857474465301
1.34802	3841.952578231139
1.3480299999999998	3173.2698104902806
1.34804	1748.5578288283843
1.34805	1383.101333364447
1.34806	646.8476430083431
1.34807	153.8916301188075
1.34808	23.71592127309973
1.34809	0.41758318266794503
1.3481	0.0795977881860981
1.34811	14.592644416145596
1.34812	125.83892511646751
1.3481299999999998	556.4536558073312
1.34814	1376.8194736582418
1.34815	2629.2264946192795
1.34816	3939.644188399099
1.34817	4275.402432528256
1.34818	4753.002032393309
1.34819	4608.249663002147
1.3482	2628.718006306503
1.34821	492.6970931495193
1.34822	164.38795771209038
1.3482299999999998	778.3770096273894
1.34824	2202.5967800593107
1.34825	1755.1369124279822
1.34826	4249.5603378707565
1.34827	4474.216550821858
1.34828	2154.8646662636834
1.34829	1638.6303710850116
1.3483	1229.2720297179553
1.34831	517.3840070103943
1.34832	1431.1132412167813
1.34833	1149.0634219370822
1.34834	375.64792998980863
1.34835	102.20543712223271
1.34836	0.7054804771974019
1.34837	7.07427600599781
1.34838	103.85059760206951
1.34839	97.953283816782
1.3484	23.644329341492142
1.34841	2.2437424264342307
1.3484200000000002	0.017196497464338746
1.34843	1.970711269024512
1.34844	32.067492364351075
1.34845	126.17461841855342
1.34846	121.62812170131477
1.34847	239.4748996810838
1.34848	224.85885765609063
1.34849	49.08219765249054
1.3485	0.3755847931196173
1.34851	333.35962583917564
1.3485200000000002	1961.0785975943525
1.34853	3430.567745315131
1.34854	6333.036630373312
1.34855	9949.242125106372
1.34856	11250.867238703177
1.34857	9481.06229275496
1.34858	6396.567689197799
1.34859	12746.44275870457
1.3486	17581.62448535242
1.34861	18766.53097626761
1.3486200000000002	16194.778036355376
1.34863	9602.537237877028
1.34864	11432.362849810608
1.34865	17521.811343678924
1.34866	21149.0566250124
1.34867	17636.44303684198
1.34868	10133.652324502023
1.34869	5541.189466765455
1.3487	10368.143514115467
1.34871	10626.078012370506
1.34872	8577.999172348713
1.34873	6413.660982847529
1.34874	8263.042756752193
1.34875	11406.279254392066
1.34876	10350.253816245176
1.34877	8288.615621241928
1.34878	5659.447036966862
1.34879	2876.285553606981
1.3488	1654.9123616146549
1.34881	825.1026842919498
1.34882	253.59985447763415
1.34883	35.74168311056039
1.34884	0.7887257141709701
1.34885	0.03906591492899263
1.34886	10.471574816816537
1.34887	112.01392105332779
1.34888	441.01057139775213
1.34889	833.6792649999765
1.3489	1372.1986887939688
1.34891	1823.442193805064
1.34892	1562.8417337390254
1.34893	876.5243795188658
1.34894	258.9476654634866
1.34895	31.55782038466852
1.34896	0.21605583512107224
1.34897	0.8177564908985555
1.3489799999999998	70.8647076831939
1.34899	423.524950139292
1.349	856.4125048685883
1.34901	2052.6173712135683
1.34902	4282.279402976066
1.34903	7514.723403151314
1.34904	10422.478310043654
1.34905	11243.641763757792
1.34906	8856.293484754264
1.34907	5904.022447015254
1.3490799999999998	12416.751798838264
1.34909	15993.370567708876
1.3491	12111.30664139951
1.34911	12509.41498606475
1.34912	9966.048583894832
1.34913	7812.2656012150355
1.34914	17540.541641801046
1.34915	20229.306753119843
1.34916	36003.77176835233
1.34917	51320.51430772469
1.3491799999999998	58093.42743108398
1.34919	56757.59699491251
1.3492	49859.39449286499
1.34921	42098.633588323304
1.34922	28664.343528388614
1.34923	19015.33583465461
1.34924	10500.766465907856
1.34925	4393.604900940554
1.34926	731.6106182592058
1.34927	3.45185067397118
1.34928	81.18260819398803
1.34929	2496.06562867816
1.3493	7606.3796825003665
1.34931	10470.22464911083
1.34932	12775.296841191546
1.34933	11208.229113038471
1.34934	7534.180142725084
1.34935	3540.0467714045258
1.34936	12746.677559019814
1.3493700000000002	32210.539577476295
1.34938	48725.46585306621
1.34939	61374.363332959365
1.3494	63074.96235646401
1.34941	54485.758359660955
1.34942	51523.69491532585
1.34943	74189.08247042295
1.34944	103870.44686029883
1.34945	128207.96298159016
1.34946	130671.53716860725
1.3494700000000002	133232.13887411734
1.34948	130965.52854923578
1.34949	104951.34291239569
1.3495	79954.14804615357
1.34951	78289.94716942156
1.34952	96338.30478683508
1.34953	115554.80259891012
1.34954	125326.52560441427
1.34955	110311.29931276246
1.34956	97261.50825908766
1.3495700000000002	79267.10552150126
1.34958	106335.92174704636
1.34959	116236.8949273125
1.3496	90269.90803286183
1.34961	104866.31326775404
1.34962	103666.15720597572
1.34963	85531.48257220932
1.34964	70436.21330838809
1.34965	76746.04429885339
1.34966	82774.96389643988
1.34967	79916.23218596802
1.34968	81442.85695722664
1.34969	74743.08168406179
1.3497	65200.36095027501
1.34971	53871.86366940726
1.34972	63905.465105516516
1.34973	50344.844060586416
1.34974	25684.493155364435
1.34975	5573.474263017173
1.34976	5035.330717182661
1.34977	16457.770428411764
1.34978	26500.49584486608
1.34979	25023.439285257227
1.3498	21244.91510589394
1.34981	24380.578146219916
1.34982	27547.931854658702
1.34983	20431.488145171665
1.34984	13682.769156734936
1.34985	5718.366676457428
1.34986	5761.598619915458
1.34987	4787.54644301925
1.34988	3891.383203434743
1.34989	1969.9218620849692
1.3499	540.6024380731342
1.34991	76.68951655178681
1.34992	0.2738350275256228
1.34993	0.9161593115709894
1.34994	109.97804619621948
1.34995	705.3326696598388
1.34996	2149.6908108024627
1.34997	4441.922735560116
1.34998	7753.8250898070155
1.34999	11545.905537257775
1.35	13471.594440224218
1.35001	14764.542694201069
1.35002	13299.122917012011
1.3500299999999998	11468.694915309143
1.35004	8584.124345804094
1.35005	5390.635909377192
1.35006	2627.97361155638
1.35007	5838.939831476744
1.35008	9526.360232031522
1.35009	11545.214336768748
1.3501	9833.972738155502
1.35011	7152.50219901771
1.35012	4525.014758387887
1.3501299999999998	2426.179897550526
1.35014	3405.6577374813173
1.35015	2477.7301184403077
1.35016	2037.0373872483965
1.35017	1549.098380821165
1.35018	1012.2505000937527
1.35019	736.7684157840655
1.3502	375.1025357006182
1.35021	174.0864623586557
1.35022	41.18385536374608
1.3502299999999998	3.1447563301704533
1.35024	0.01262487247603832
1.35025	0.8127575265956534
1.35026	21.43443301435662
1.35027	84.54073124685775
1.35028	288.9914539513642
1.35029	516.2641878423477
1.3503	716.8049570185593
1.35031	843.2357292268177
1.35032	1113.6122509346249
1.35033	1042.2094338825698
1.35034	814.7005321775996
1.35035	508.3970243945855
1.35036	252.04204807372588
1.35037	92.63903020929905
1.35038	21.37381273334016
1.35039	1.035895627684971
1.3504	0.03123899114458987
1.35041	0.010168408851159551
1.3504200000000002	0.5482390925979448
1.35043	10.91309661291143
1.35044	43.05147147661918
1.35045	145.21851788833285
1.35046	287.6245816528043
1.35047	486.84195753145593
1.35048	539.6075282081964
1.35049	315.15630498514406
1.3505	184.41065058627254
1.35051	23.485185778515447
1.3505200000000002	1.7762209985460795
1.35053	7.240974198873628
1.35054	192.967868629799
1.35055	797.3591825209078
1.35056	1700.1334024087446
1.35057	2393.172479551453
1.35058	2957.6651221006655
1.35059	3409.196233816082
1.3506	2539.9197787079747
1.35061	1578.4651579863466
1.3506200000000002	1595.1554058327201
1.35063	1134.587514271413
1.35064	647.8522926387698
1.35065	210.08159207499585
1.35066	30.636771679071806
1.35067	0.6272114818143513
1.35068	0.046858458765911215
1.35069	12.132379875660169
1.3507	131.5933672738127
1.35071	499.38328285612585
1.35072	878.8464443668247
1.35073	686.606641481899
1.35074	455.683181710708
1.35075	1679.7126773815107
1.35076	2938.0420010812763
1.35077	3109.567581849801
1.35078	3278.407993752431
1.35079	2149.8145605146187
1.3508	858.7050164469549
1.35081	248.6669112982297
1.35082	79.61428515664076
1.35083	1.0439627434390315
1.35084	2.971624976938186
1.35085	165.97932726309514
1.35086	710.2806770572432
1.35087	2426.8000767108183
1.35088	4173.40949708257
1.35089	6456.8693668674805
1.3509	9288.252219124928
1.35091	11424.968201629476
1.35092	11297.88110346058
1.35093	9649.948597762399
1.35094	12208.266468147942
1.35095	14486.784507824932
1.35096	14820.948561877849
1.35097	10396.23289633907
1.3509799999999998	2390.055577529986
1.35099	363.42935221903116
1.351	2832.115755118374
1.35101	12455.26580065884
1.35102	21245.208617270433
1.35103	21927.090041697487
1.35104	20141.23051690681
1.35105	18246.77009177363
1.35106	9364.25000731922
1.35107	20458.745504824084
1.3510799999999998	27386.024982522773
1.35109	25509.56189288645
1.3511	28521.016508007357
1.35111	19514.390888547892
1.35112	18832.240857366043
1.35113	20299.484067147656
1.35114	18422.34876728836
1.35115	11924.000896148416
1.35116	22876.36409175056
1.35117	19137.799485932806
1.3511799999999998	23743.40497301763
1.35119	35503.56795785495
1.3512	42164.50439882489
1.35121	38799.041784010915
1.35122	27053.097641476652
1.35123	16335.145230478081
1.35124	18492.77135194396
1.35125	19273.60703451145
1.35126	16736.783564920846
1.35127	8312.64052286375
1.35128	12493.928032644499
1.35129	6354.36269637636
1.3513	2389.940010890849
1.35131	3252.055884058172
1.35132	7220.279340169034
1.35133	7563.207227908579
1.35134	8499.179470646244
1.35135	8997.109373108404
1.35136	8333.779395293956
1.3513700000000002	6743.059626396346
1.35138	4149.206026371039
1.35139	2347.5291838303438
1.3514	1029.0441308403067
1.35141	191.90310425120117
1.35142	7.422804117796417
1.35143	0.06579077464928486
1.35144	21.20132482983684
1.35145	158.01925138555518
1.35146	182.5307339137352
1.3514700000000002	142.526624586437
1.35148	18.00598980869727
1.35149	0.040873986767601816
1.3515	1.637253773301543
1.35151	106.6394754118139
1.35152	660.2934664716021
1.35153	2129.271298184035
1.35154	4562.186131763685
1.35155	7638.322659920122
1.35156	10780.849913122494
1.3515700000000002	12693.839417451229
1.35158	12999.630256169543
1.35159	11557.342933361968
1.3516	9719.143625548806
1.35161	11385.444746276135
1.35162	11875.55731402036
1.35163	8750.825023021296
1.35164	10926.271806403729
1.35165	12971.075881889868
1.35166	11872.194419066167
1.35167	8564.854705954102
1.35168	7102.561452554133
1.35169	4707.062880728126
1.3517	2257.153007732262
1.35171	1780.5287886544909
1.35172	956.7357447322096
1.35173	664.3409145199743
1.35174	392.4930762466424
1.35175	172.55875551659406
1.35176	45.506244929004275
1.35177	6.524331209367768
1.35178	0.11593992097008132
1.35179	0.00868024533347348
1.3518	2.4601919890365918
1.35181	22.70852886126367
1.35182	102.94588701880508
1.35183	305.76727300686804
1.35184	685.562415030656
1.35185	1297.2718671239015
1.35186	1833.6481304470121
1.35187	1971.5509279723071
1.35188	3033.171732873141
1.35189	3414.821444075793
1.3519	5736.064154302388
1.35191	6728.093218016795
1.35192	7119.606649445163
1.35193	6288.672815203969
1.35194	4287.212398450309
1.35195	2912.1249149118908
1.35196	1551.4543449082196
1.35197	318.41755261448515
1.35198	8.554940630999548
1.35199	0.4441104578511472
1.3519999999999999	11.139789900458233
1.35201	266.60052481088667
1.35202	1502.142037376738
1.3520299999999998	2319.4499202021466
1.35204	3852.4765158410414
1.35205	7212.86825905731
1.35206	8902.377370141076
1.35207	7392.6815710406345
1.35208	11660.736993436882
1.35209	15154.269277584883
1.3521	13514.718370943508
1.35211	11224.93926923855
1.35212	6225.4392574251615
1.3521299999999998	6551.745212157765
1.35214	10505.99040908528
1.35215	17831.997722329193
1.35216	18802.387549743748
1.35217	23453.68024951937
1.35218	23897.03391874589
1.35219	20611.613966797493
1.3522	16602.595995872285
1.35221	11599.599644851665
1.35222	8534.105355067932
1.3522299999999998	6680.438957745518
1.35224	8041.350644208266
1.35225	6813.323343938127
1.35226	7296.406137722401
1.35227	9467.035376591535
1.35228	11318.164454389518
1.35229	9139.427666629474
1.3523	8363.479562989512
1.35231	8827.281980487145
1.35232	4946.761818108084
1.35233	2280.153055294784
1.35234	4241.046165927344
1.35235	3905.853951264253
1.35236	2248.283120884173
1.35237	2135.8217263593187
1.35238	1125.7138256890103
1.35239	1046.3645074093872
1.3524	887.9325975769516
1.35241	516.4877197586937
1.3524200000000002	268.1322175675939
1.35243	107.38657718581543
1.35244	32.65592575640593
1.35245	6.456349025644728
1.35246	0.2949483697074879
1.35247	0.005640583075846387
1.35248	0.0233212057228678
1.35249	2.8791944732708754
1.3525	13.181565742175708
1.35251	11.974847737953393
1.3525200000000002	3.90286922997726
1.35253	0.023214909768840296
1.35254	4.396276508245353
1.35255	66.18658902859936
1.35256	209.96021073817852
1.35257	332.3640175548391
1.35258	764.731536009542
1.35259	691.9950693445651
1.3526	1398.9268313451125
1.35261	2831.67886925533
1.3526200000000002	3128.7798067360172
1.35263	3623.7731265923226
1.35264	2186.1753844799487
1.35265	2647.8172062139943
1.35266	4877.429492430651
1.35267	3650.967777537394
1.35268	2134.0913229421662
1.35269	2007.4049928530246
1.3527	1463.5919091247104
1.35271	4916.261779491948
1.35272	7364.2241677090915
1.35273	5905.246080066011
1.35274	3072.6210393502924
1.35275	8404.928049352358
1.35276	11704.314959369258
1.35277	11730.377809375992
1.35278	19000.104956484683
1.35279	24454.117802696142
1.3528	25720.179785168686
1.35281	18667.57908980825
1.35282	7693.164165376445
1.35283	6949.667072817909
1.35284	6638.164340512339
1.35285	16112.799389617854
1.35286	23183.286378478988
1.35287	22481.27820352153
1.35288	20479.389218060118
1.35289	16871.82258699845
1.3529	16879.55527110581
1.35291	12991.700495693054
1.35292	8647.329345565251
1.35293	3838.062123343435
1.35294	388.02526126171193
1.35295	483.30801791965655
1.35296	3165.650752274714
1.35297	6935.216129499666
1.3529799999999998	7406.004984348638
1.35299	4897.810748884561
1.3530000000000002	2314.09401972717
