1.31901	136590344.3802314
1.31902	115685785.56317638
1.31903	94425653.68039024
1.31904	120315062.22336993
1.31905	136260506.83202806
1.31906	121375211.58717641
1.31907	114810074.82860748
1.31908	135275765.43708143
1.31909	148768162.88205472
1.3191	136113123.43313083
1.31911	102461332.60947645
1.31912	135628200.61838722
1.31913	152461433.90230563
1.31914	158964445.69080007
1.31915	152608948.49892262
1.31916	137632183.53059107
1.3191700000000002	159349241.2873906
1.31918	158671891.89515746
1.31919	149916695.21508473
1.3192	141094472.4286954
1.31921	150813423.970195
1.31922	151220266.81441063
1.31923	164123209.04899406
1.31924	155693327.3046779
1.31925	167205284.83217365
1.31926	169796994.99838582
1.3192700000000002	152219397.98136076
1.31928	111278176.41825484
1.31929	130957386.70193575
1.3193	151586316.5466798
1.31931	144430860.92415184
1.31932	153780050.78810513
1.31933	145468848.14245877
1.31934	99595565.07347392
1.31935	125221816.64916284
1.31936	153161637.18911305
1.3193700000000002	146706717.4834216
1.31938	147825718.9954874
1.31939	124830295.9076586
1.3194	97194121.79121757
1.31941	88589040.92726512
1.31942	96901388.47746454
1.31943	109713482.36066526
1.31944	119814671.12199774
1.31945	92165843.05509914
1.31946	85940920.29532841
1.31947	71916741.2391615
1.31948	92025884.43046828
1.31949	126619326.75109416
1.3195	128647099.80291028
1.31951	125822989.60972226
1.31952	131422583.41456372
1.31953	143674601.09118178
1.31954	140436500.86900812
1.31955	138522397.63771898
1.31956	124703889.70535403
1.31957	138736265.50295943
1.31958	154194896.57304415
1.31959	144085407.79432884
1.3196	134242490.28412881
1.31961	131577006.02501509
1.31962	120259667.84562822
1.31963	121006862.33959116
1.31964	122320711.90499324
1.31965	99868838.74136572
1.31966	93338324.35502952
1.31967	79582943.83532491
1.31968	105487257.13234352
1.31969	109766546.36107732
1.3197	125040297.98942366
1.31971	146835139.44497555
1.31972	147288893.64643288
1.3197299999999998	126185658.95778891
1.31974	104056688.31010082
1.31975	136536887.99194494
1.31976	147482333.3310931
1.31977	146713473.73300353
1.31978	154771146.59511295
1.31979	148473860.20613372
1.3198	135650063.06334987
1.31981	116944553.48226854
1.31982	82122091.21100125
1.3198299999999998	104659823.98122825
1.31984	135469023.4078469
1.31985	140909411.14279458
1.31986	129711953.50463918
1.31987	138624502.32436708
1.31988	147989192.34007663
1.31989	143714305.33563924
1.3199	138736265.50295943
1.31991	141094472.4286954
1.31992	145572721.07475042
1.3199299999999998	152753088.51346755
1.31994	163640199.39012486
1.31995	167424881.41390303
1.31996	172886069.14532194
1.31997	171885800.07797742
1.31998	166724721.25510606
1.31999	158226783.62645617
1.32	166540552.07776067
1.32001	160309773.31325462
1.32002	133788874.42396192
1.32003	88084602.73622605
1.32004	96218814.12083104
1.32005	104939743.90230396
1.32006	70586232.12725261
1.32007	95657714.43660522
1.32008	95745859.03337784
1.32009	95466280.02228317
1.3201	120634075.4251646
1.32011	110298599.9861392
1.3201200000000002	100983402.59887859
1.32013	123942428.11039132
1.32014	115797717.75189418
1.32015	127312193.26679005
1.32016	142301671.03727445
1.32017	130845864.2200502
1.32018	128348264.32192358
1.32019	122377055.64718279
1.3202	87283067.33669324
1.32021	81784311.13655074
1.3202200000000002	111198774.24455576
1.32023	136197770.99623737
1.32024	141860014.53160354
1.32025	121436712.04859556
1.32026	109239574.53852408
1.32027	132666111.50926456
1.32028	134245581.36728567
1.32029	115106540.1035968
1.3203	108685097.67273818
1.32031	109279827.29944478
1.3203200000000002	111668324.52008748
1.32033	93674201.55228467
1.32034	109390598.88796587
1.32035	107902125.580326
1.32036	94896457.40229964
1.32037	85390587.18977924
1.32038	97120296.5900551
1.32039	118061963.02725293
1.3204	144155096.11315763
1.32041	153861513.4373749
1.32042	153518246.07478708
1.32043	142866366.65759557
1.32044	121736272.56889242
1.32045	138032069.70219865
1.32046	157032664.5810006
1.32047	146770914.41833034
1.32048	118535926.88693105
1.32049	103941744.14021952
1.3205	93784269.50529408
1.32051	96077125.2621636
1.32052	129954104.22788912
1.32053	138736265.50295943
1.32054	117114319.70126484
1.32055	101260484.26214334
1.32056	126037563.78944255
1.32057	143327656.52216384
1.32058	138487316.52379236
1.32059	155675403.47974953
1.3206	146622290.61058065
1.32061	144062185.84199968
1.32062	145911660.55593982
1.32063	134762791.97972596
1.32064	137056614.53115407
1.32065	144224818.13742444
1.32066	149813172.19050887
1.32067	132260451.21684864
1.32068	140413867.0035925
1.32069	145995678.2394753
1.3207	126674733.70734768
1.32071	132007923.61922546
1.32072	149248508.58771908
1.32073	136810679.5252491
1.32074	109991721.67212862
1.32075	125938930.25025706
1.32076	130942310.54348402
1.32077	123424108.7936052
1.3207799999999998	119594167.49517676
1.32079	107653957.57808052
1.3208	123131735.28789608
1.32081	140265220.89623532
1.32082	151691064.8391281
1.32083	145224536.81696478
1.32084	140381539.2379052
1.32085	113642296.12700991
1.32086	100292856.2954683
1.32087	108780236.8297873
1.3208799999999998	91419743.82885233
1.32089	102454255.0758162
1.3209	99896437.33399723
1.32091	104486456.2623646
1.32092	99281881.74619922
1.32093	111542403.91795065
1.32094	119288890.70568672
1.32095	134084939.38363768
1.32096	145425310.58680433
1.32097	142761137.60100353
1.3209799999999998	148019863.71176046
1.32099	124073776.13349566
1.321	128212391.20422772
1.32101	131989687.31034926
1.32102	117349163.99597862
1.32103	82375867.27618773
1.32104	86614379.80447143
1.32105	130860929.27406941
1.32106	152384221.26721832
1.32107	156379564.74022412
1.32108	151897281.0172867
1.32109	146943371.44324908
1.3211	140938615.20056778
1.32111	148576457.74715266
1.32112	152510589.5843336
1.32113	153741105.63863233
1.32114	144787143.49402288
1.32115	118535926.88693105
1.32116	104330190.40975109
1.3211700000000002	117195247.35548472
1.32118	139158583.69238067
1.32119	141016522.28216034
1.3212	152904406.0150554
1.32121	152668697.35746866
1.32122	134196132.57673542
1.32123	146120113.2033076
1.32124	128810124.50198252
1.32125	113114947.94928662
1.32126	136122526.11935335
1.3212700000000002	133607242.26979116
1.32128	120625742.60626017
1.32129	107329720.89421856
1.3213	116936475.51770794
1.32131	119434556.16588911
1.32132	92286887.69855896
1.32133	90901280.28115
1.32134	111411494.500649
1.32135	126972596.2965092
1.32136	101610830.2623275
1.3213700000000002	119632726.31440988
1.32138	146912923.13280618
1.32139	152124792.900804
1.3214	131953222.25004368
1.32141	120052165.9798592
1.32142	112021143.09051144
1.32143	104951826.232304
1.32144	101540664.224694
1.32145	120581310.62555471
1.32146	100080622.96110594
1.32147	113320896.07308888
1.32148	138844921.72905898
1.32149	145522450.72000837
1.3215	155930115.29197758
1.32151	153804839.20143998
1.32152	158869306.58983523
1.32153	152640577.33416167
1.32154	132403662.93918924
1.32155	104455184.37864004
1.32156	104356618.9621101
1.32157	114390510.98475216
1.32158	133229377.89769368
1.32159	133508833.07533318
1.3216	125519153.00554064
1.32161	97985090.93355246
1.32162	71644028.83368404
1.32163	72395237.96699636
1.32164	97604535.72767664
1.32165	107203755.60453606
1.32166	113812509.65990484
1.32167	110884284.89282571
1.32168	129795608.85598695
1.32169	141873080.92351407
1.3217	130954371.33138736
1.32171	126680567.4287427
1.32172	116115447.43232892
1.3217299999999998	79148010.00537033
1.32174	91755055.02551456
1.32175	126200187.45496368
1.32176	116713206.30181366
1.32177	96972814.37013556
1.32178	111912861.40783048
1.32179	97620268.9880216
1.3218	105910739.39754874
1.32181	120198763.48698863
1.32182	130103805.57796238
1.3218299999999998	149623565.60944358
1.32184	159286877.91204387
1.32185	158398111.71429405
1.32186	148111915.97269318
1.32187	155092215.52152294
1.32188	166249366.85162902
1.32189	157961045.66447982
1.3219	149775231.66211095
1.32191	140313675.15451264
1.32192	131743743.5717222
1.3219299999999998	100946205.79081012
1.32194	123654521.15270811
1.32195	136965125.5703356
1.32196	114051237.00072429
1.32197	97478760.89570831
1.32198	93900953.01305868
1.32199	76631971.72343485
1.3219999999999998	105837604.11357142
1.32201	124299676.97039662
1.32202	119977552.98713848
1.3220299999999998	145965426.30166623
1.32204	145975509.58436754
1.32205	144560619.272921
1.32206	130454780.98128642
1.32207	105365880.32297172
1.32208	117079268.40831082
1.32209	106598231.58323528
1.3221	99165361.63517879
1.32211	107369269.90942751
1.32212	136694172.41623178
1.32213	129008997.36888684
1.32214	119091290.11664812
1.32215	127435374.62717448
1.32216	127259437.71171203
1.32217	123435477.09764796
1.32218	89871088.12601297
1.32219	76966192.03180873
1.3222	102430666.82757276
1.32221	106514810.73205528
1.3222200000000002	105935129.0543764
1.32223	89660261.25642991
1.32224	81446045.01446487
1.32225	107909579.45254672
1.32226	115125094.58110549
1.32227	84488966.94845209
1.32228	86361464.81789356
1.32229	117125106.82549152
1.3223	126319384.24541567
1.32231	118042935.22062576
1.3223200000000002	101896672.0123952
1.32233	103745674.83694308
1.32234	113781066.4455686
1.32235	129377870.92400956
1.32236	121778326.04982771
1.32237	106235581.63964538
1.32238	118067400.10676745
1.32239	138586204.25017592
1.3224	143750710.53176057
1.32241	147411036.53934652
1.3224200000000002	145057437.09894645
1.32243	149589117.47640982
1.32244	154123903.54699442
1.32245	149716615.19858453
1.32246	123219658.26636074
1.32247	107100130.49657586
1.32248	120215370.70700829
1.32249	129312348.7386257
1.3225	121515030.43436085
1.32251	134214673.73834892
1.32252	116664842.74899653
1.32253	138646847.7550277
1.32254	145365049.32835343
1.32255	149145446.97073123
1.32256	135363009.06714574
1.32257	131598215.44193172
1.32258	124185245.44284976
1.32259	123845434.16690114
1.3226	129936151.64504819
1.32261	142942047.94824296
1.32262	130400723.20247789
1.32263	114245736.04021956
1.32264	123688692.88034008
1.32265	144384309.41914454
1.32266	156906162.18688717
1.32267	147846143.28412983
1.32268	130547933.02589904
1.32269	133576481.60694268
1.3227	129616413.40786669
1.32271	120895462.21017228
1.32272	117836544.89492649
1.32273	131301594.46800464
1.32274	136113123.43313083
1.32275	144547305.36097974
1.32276	133432001.3292036
1.32277	103662099.38287598
1.3227799999999998	141488127.81618178
1.32279	154985118.60869464
1.3228	155718424.12660527
1.32281	141873080.92351407
1.32282	125386274.86543092
1.32283	140420333.4500268
1.32284	143588612.85450473
1.32285	151767926.2538989
1.32286	123052374.90992673
1.32287	109053598.29941843
1.3228799999999998	128997115.74829587
1.32289	148716789.05138654
1.3229	143694451.84207422
1.32291	112940576.43685576
1.32292	105012258.75215416
1.32293	103817364.56815128
1.32294	127843896.83873416
1.32295	132763899.53470656
1.32296	133039314.96986596
1.32297	131953222.25004368
1.3229799999999998	128744889.84634484
1.32299	115597914.75130582
1.3230000000000002	117907111.47057806
1.32301	99730960.1068784
1.32302	94569262.02168211
1.32303	117119713.13918708
1.32304	112090808.06138162
1.32305	134672834.2068937
1.32306	133143509.42713414
1.32307	116839583.45492782
1.32308	87329304.21764885
1.32309	72286966.48387067
1.3231	92282637.82817888
1.32311	120267975.37611064
1.32312	125843271.51402315
1.32313	140010304.45911393
1.32314	128581947.70957172
1.32315	128330533.57873994
1.32316	94907383.38964754
1.3231700000000002	108502563.74459524
1.32318	127761499.3970797
1.32319	114027604.30850764
1.3232	69208589.78242044
1.32321	72273651.95890611
1.32322	124540326.51405063
1.32323	140627417.04797998
1.32324	145485596.8266334
1.32325	138525587.27051917
1.32326	134109641.01728152
1.3232700000000002	147394066.19349298
1.32328	135856368.02173123
1.32329	116466225.27193324
1.3233	118636957.36915402
1.32331	108066229.76888588
1.32332	110042386.39695255
1.32333	102548662.40150328
1.32334	121618600.064637
1.32335	104804516.7987917
1.32336	85686025.74010131
1.3233700000000002	119173583.88543524
1.32338	121643806.0220937
1.32339	129506032.89035338
1.3234	131740710.09484568
1.32341	127626247.44539738
1.32342	146649301.92239106
1.32343	129544804.51883951
1.32344	99471805.30834232
1.32345	116879945.38725597
1.32346	114332579.00447372
1.32347	103233345.06706421
1.32348	124113779.24071774
1.32349	101943607.97056964
1.3235	99848144.80072927
1.32351	124193824.15199196
1.32352	108612547.4592626
1.32353	100133639.15303198
1.32354	106932568.83982068
1.32355	130963417.65133148
1.32356	134871441.73308963
1.32357	130220692.33521327
1.32358	132831170.61069
1.32359	122343246.2882468
1.3236	95909140.71367632
1.32361	92374053.18568157
1.32362	78773474.22248767
1.32363	83113199.28984989
1.32364	102799262.7448961
1.32365	124666566.92038924
1.32366	118486808.036182
1.32367	126084006.29842958
1.32368	119720907.4478692
1.32369	107114927.94856033
1.3237	120837018.20269267
1.32371	114585588.610379
1.32372	108427638.71001594
1.32373	122089973.64908004
1.32374	141537004.52449605
1.32375	141071732.51934084
1.32376	118593257.94905604
1.32377	102482568.14408536
1.32378	128875392.21182822
1.32379	140116732.14986885
1.3238	130945325.63631928
1.32381	134038636.08300184
1.32382	129267693.54776616
1.3238299999999998	114088008.70224564
1.32384	125866454.83650349
1.32385	116979564.44415112
1.32386	86714155.71897237
1.32387	80046067.35670121
1.32388	120290131.5964927
1.32389	136839034.10395637
1.3239	121414344.63974072
1.32391	120570205.1878532
1.32392	145174386.70004007
1.3239299999999998	149889082.08261865
1.32394	129975052.04286024
1.32395	102063392.54375812
1.32396	96252052.6616522
1.32397	78395295.23575562
1.32398	112072742.61366476
1.32399	130701327.9149897
1.324	128694503.87760924
1.32401	120561876.78079608
1.32402	124712504.2424106
1.3240299999999998	122690235.47838254
1.32404	97665235.13629425
1.32405	65821837.19561161
1.32406	55951276.60489974
1.32407	70034172.25154999
1.32408	92267764.82299909
1.32409	89090213.56146109
1.3241	118407714.91853169
1.32411	123529305.5685986
1.32412	134731765.27235448
1.32413	136577764.52393135
1.32414	126665983.62896316
1.32415	123950990.04572706
1.32416	112753491.75278953
1.32417	113642296.12700991
1.32418	99460353.85274996
1.32419	118699803.49775824
1.3242	136911522.50661
1.32421	130581002.96346729
1.3242200000000002	112323337.67815132
1.32423	129909227.42081007
1.32424	147975562.6594279
1.32425	148009639.2149564
1.32426	139952287.06785822
1.32427	109554444.2249292
1.32428	95831878.21577528
1.32429	115925772.87210828
1.3243	113875422.15882298
1.32431	132187381.58218697
1.3243200000000002	150110129.6307119
1.32433	161848992.39169028
1.32434	167513572.20522317
1.32435	161916087.08883718
1.32436	147075387.0604041
1.32437	156534474.63609767
1.32438	141074980.8534218
1.32439	133764231.87226631
1.3244	127711498.29084615
1.32441	114237844.49692445
1.3244200000000002	119250442.70809536
1.32443	135297571.07162616
1.32444	132803646.50613518
1.32445	145221192.93692678
1.32446	152510589.5843336
1.32447	126121753.43762565
1.32448	127658577.27197675
1.32449	148846970.55972916
1.3245	158430940.37753344
1.32451	155517762.7691911
1.32452	164346326.08593428
1.32453	167043661.1502929
1.32454	161190706.94230738
1.32455	167135998.40023845
1.32456	161852719.14536777
1.32457	143304556.69506714
1.32458	132962753.42230712
1.32459	117308640.02926885
1.3246	130133766.53553922
1.32461	151234195.357119
1.32462	139607901.79101208
1.32463	126590174.93002424
1.32464	139476165.76399958
1.32465	133521130.25958373
1.32466	113762728.58234283
1.32467	106429004.51713796
1.32468	90642108.61459656
1.32469	67437272.97598068
1.3247	73257146.82173164
1.32471	79924513.24160829
1.32472	121132310.18941356
1.32473	114469556.44855727
1.32474	125386274.86543092
1.32475	129906236.1847432
1.32476	137651199.43298006
1.32477	122357332.38584876
1.3247799999999998	106387352.15718365
1.32479	134548853.0469022
1.3248	127632124.98662834
1.32481	117119713.13918708
1.32482	124185245.44284976
1.32483	125357406.93236504
1.32484	146076380.7297095
1.32485	138261097.51987302
1.32486	142232878.7122821
1.32487	141729416.78142166
1.3248799999999998	134449750.30352807
1.32489	131746777.11844738
1.3249	119277904.29877771
1.32491	134834180.52460802
1.32492	126779781.80738394
1.32493	101213862.8216365
1.32494	73877127.36350122
1.32495	78623070.40926294
1.32496	109771601.41374075
1.32497	122151836.278326
1.3249799999999998	112867784.42419428
1.32499	96591742.33476324
1.325	105409559.87713815
1.32501	126639737.02012192
1.32502	145592834.07872492
1.32503	151335215.666601
1.32504	138726682.27225253
1.32505	114759857.42054775
1.32506	108682595.1346926
1.32507	126601834.85296392
1.32508	131634582.396678
1.32509	122837225.90767378
1.3251	102761397.07244402
1.32511	73139165.35913998
1.32512	75620579.29978158
1.32513	109609955.1384196
1.32514	90231878.73722656
1.32515	78299682.31496644
1.32516	109979059.13612305
1.3251700000000002	125126702.60693799
1.32518	128937724.05763501
1.32519	111838156.57561652
1.3252	90144658.95539272
1.32521	106123117.63583614
1.32522	94399566.51232462
1.32523	103769565.91183332
1.32524	134112729.04143636
1.32525	138672389.8006515
1.32526	144331126.07111558
1.3252700000000002	147594440.82363954
1.32528	141830619.54958168
1.32529	113258289.93195283
1.3253	84929780.17589544
1.32531	101421493.14070109
1.32532	106541792.68465585
1.32533	79463922.70075129
1.32534	69044644.84315681
1.32535	94828744.34987034
1.32536	107307480.97533391
1.3253700000000002	91717033.6173927
1.32538	73649533.44176771
1.32539	73870323.34195556
1.3254	106404501.15437382
1.32541	114303624.01742436
1.32542	101146299.85751653
1.32543	106269833.46541888
1.32544	104073461.6183867
1.32545	90148810.36594006
1.32546	65379259.8979501
1.32547	56578313.79190224
1.32548	76130731.02324043
1.32549	79689297.80742471
1.3255	107800307.58042867
1.32551	121792347.1048396
1.32552	129166532.19766054
1.32553	135628200.61838722
1.32554	112548574.82322596
1.32555	109347787.46995842
1.32556	106848886.34547724
1.32557	107837546.91825244
1.32558	121607399.09344706
1.32559	95686352.52614586
1.3256	94195466.2198432
1.32561	85605171.1720093
1.32562	83164886.66285603
1.32563	92346406.43840232
1.32564	78866033.69900768
1.32565	94262727.07610016
1.32566	112857389.39579499
1.32567	116990339.15638793
1.32568	129383829.13234016
1.32569	140501189.1615772
1.3257	131090131.76671147
1.32571	116780411.16531932
1.32572	130442766.20523584
1.32573	139566118.3654089
1.32574	118287812.37838644
1.32575	87062272.71516196
1.32576	105830293.36339322
1.32577	98909954.02601875
1.32578	114327313.91586636
1.32579	138637270.70086667
1.3258	149093942.85325694
1.32581	148860680.50370774
1.32582	143291358.46543717
1.3258299999999998	136933591.8152929
1.32584	124979850.26063928
1.32585	110357028.99640135
1.32586	114156330.46188432
1.32587	135120113.07450703
1.32588	109551921.6696695
1.32589	98226800.91010094
1.3259	132364035.67934856
1.32591	153928841.2171285
1.32592	161681377.2602709
1.3259299999999998	152110782.3348079
1.32594	123945282.02312154
1.32595	129619397.97044069
1.32596	137873245.85307324
1.32597	140669518.20610353
1.32598	144530664.69538406
1.32599	120054930.31496222
1.3259999999999998	93325430.07969922
1.32601	97534890.33493996
1.32602	81283051.61640993
1.3260299999999998	90897094.21888036
1.32604	130121781.32465018
1.32605	134125081.84912182
1.32606	124397026.67024642
1.32607	140116732.14986885
1.32608	148987557.36484432
1.32609	148006231.20630407
1.3261	121612999.45008583
1.32611	106196450.21370214
1.32612	137195542.08332962
1.32613	148514890.71811286
1.32614	150037562.49395934
1.32615	143021062.47365648
1.32616	132144776.27251662
1.32617	126482371.53805022
1.32618	105084823.71079265
1.32619	82510648.40389815
1.3262	77268058.5095702
1.32621	87218778.48378001
1.3262200000000002	68169482.95216125
1.32623	71336204.72492757
1.32624	102352864.132879
1.32625	121711047.4513328
1.32626	120002418.83080716
1.32627	135288225.36931077
1.32628	145669959.67413187
1.32629	120187693.28155814
1.3263	115005867.96391912
1.32631	125470029.47041158
1.3263200000000002	106605595.38253865
1.32633	136019132.28556687
1.32634	158715740.61675814
1.32635	153666783.19373918
1.32636	154074227.87780702
1.32637	141765319.17264178
1.32638	145968787.31850865
1.32639	147360131.36257353
1.3264	144877185.354476
1.32641	149430758.188326
1.3264200000000002	159034006.44676182
1.32643	149410114.9921655
1.32644	159650395.95977533
1.32645	162790853.44476578
1.32646	156671499.47469008
1.32647	158416349.02063718
1.32648	136022264.27788863
1.32649	139958732.25726205
1.3265	138299305.7513427
1.32651	112108876.42113976
1.32652	101209201.858325
1.32653	113388758.44628368
1.32654	140052220.8655358
1.32655	142925592.08409852
1.32656	110943024.16078313
1.32657	82106965.15596284
1.32658	109903114.5268494
1.32659	94726174.77207868
1.3266	75735587.72744393
1.32661	96948255.78317259
1.32662	107924488.7417624
1.32663	92344280.1082942
1.32664	110318919.61055696
1.32665	107644042.73876584
1.32666	109415789.90430877
1.32667	124050923.00422262
1.32668	144730479.1829653
1.32669	141491385.7382292
1.3267	133002559.92678516
1.32671	135803198.88453463
1.32672	152517613.11825758
1.32673	141214729.99922985
1.32674	120661855.64573601
1.32675	115255059.695013
1.32676	129050591.65992281
1.32677	112191511.73422028
1.3267799999999998	109071177.0793476
1.32679	93736773.35893825
1.3268	111701755.8799657
1.32681	86439052.95245396
1.32682	83471842.5145063
1.32683	91529270.29066652
1.32684	114103771.63197269
1.32685	132763899.53470656
1.32686	142567324.67697635
1.32687	140928879.84218717
1.3268799999999998	144607227.62267184
1.32689	152717919.8641114
1.3269	151363095.21125442
1.32691	139059287.54654458
1.32692	116142187.08055888
1.32693	95014524.66008753
1.32694	85927069.37187423
1.32695	78478374.67196551
1.32696	110179297.75442508
1.32697	112005667.86667548
1.3269799999999998	125354520.50463152
1.32699	128896166.14495143
1.327	120806415.95154476
1.32701	96529487.40785524
1.32702	89633426.72337154
1.32703	102728276.050664
1.32704	89610726.85311128
1.32705	82301926.27780245
1.32706	77844870.41009557
1.32707	59497675.67589797
1.32708	56699600.64282585
1.32709	70063205.0030535
1.3271	89250364.81773944
1.32711	96801034.8161636
1.32712	111429453.35917312
1.32713	125438253.89856696
1.32714	127502881.58386104
1.32715	124030929.96908818
1.32716	106394701.38894916
1.3271700000000002	117749751.6997088
1.32718	108390195.59690046
1.32719	76737915.87165064
1.3272	84590189.91435236
1.32721	97528153.0961025
1.32722	82503049.24229668
1.32723	70553733.4497507
1.32724	75420602.94120291
1.32725	98666562.99173312
1.32726	121439508.264417
1.3272700000000002	132895415.70746715
1.32728	134452846.15907824
1.32729	115987182.79185016
1.3273	94377832.711153
1.32731	100004605.2762254
1.32732	98457771.11534946
1.32733	99231601.38670251
1.32734	100078318.54613145
1.32735	128786398.98545045
1.32736	137720946.88939443
1.3273700000000002	134527168.08171925
1.32738	121428323.78743184
1.32739	112989997.75142431
1.3274	104135786.1528434
1.32741	133693409.81636418
1.32742	151593297.51527733
1.32743	157772025.09891468
1.32744	157043512.38784382
1.32745	154109708.86458233
1.32746	139392690.26129058
1.32747	122602690.26779224
1.32748	120553548.94902454
1.32749	136477167.37396148
1.3275	136725651.0365732
1.32751	103948924.42953272
1.32752	121963534.01744752
1.32753	144627207.22958204
1.32754	145710215.3327173
1.32755	132892355.71266556
1.32756	147965341.22272646
1.32757	154336980.74328467
1.32758	146929838.0818289
1.32759	152988927.46447027
1.3276	151911271.91817915
1.32761	146123477.78198856
1.32762	147363524.4940559
1.32763	141491385.7382292
1.32764	122334795.40807907
1.32765	105613637.33815396
1.32766	132482953.05335212
1.32767	139325304.21318507
1.32768	137416853.47834715
1.32769	138541536.53622743
1.3277	121865282.61804016
1.32771	114043358.89248279
1.32772	101849757.66405202
1.32773	111234626.27250028
1.32774	111170612.9007276
1.32775	99403116.34657791
1.32776	74119076.58359979
1.32777	90483626.83604611
1.32778	128221248.10835277
1.32779	143949446.72815794
1.3278	146723608.69077492
1.32781	139280398.27995712
1.32782	126937517.31817849
1.3278299999999998	104166962.41485004
1.32784	72192153.98880191
1.32785	88568644.89503074
1.32786	122484180.26836576
1.32787	131768013.90143666
1.32788	133939909.14291172
1.32789	124008084.7316439
1.3279	108377717.43278474
1.32791	125828784.10594936
1.32792	125293920.8725188
1.3279299999999998	132038323.06666508
1.32794	124439999.30181326
1.32795	127124717.25678834
1.32796	122084351.32747342
1.32797	87851665.6407271
1.32798	102740103.76136182
1.32799	113401813.5610276
1.328	97942232.69743928
1.32801	83978864.86095485
1.32802	69571281.00068809
1.3280299999999998	75585762.75347885
1.32804	65652308.26140043
1.32805	88119089.27532275
1.32806	99951657.40184855
1.32807	124359795.72670723
1.32808	134270312.59500268
1.32809	139476165.76399958
1.3281	136006605.03742224
1.32811	100399141.67817973
1.32812	108715132.62431656
1.32813	142998012.05969945
1.32814	145656543.59286892
1.32815	118861169.75787014
1.32816	112034040.7436548
1.32817	126917059.05650532
1.32818	119991366.708555
1.32819	90777872.44604054
1.3282	65272462.88994716
1.32821	72087505.90601291
1.3282200000000002	98773399.22503996
1.32823	102430666.82757276
1.32824	91529270.29066652
1.32825	94582328.15061665
1.32826	134152879.8266124
1.32827	143760640.82203224
1.32828	130259677.91906404
1.32829	119798119.25684771
1.3283	127817406.15309829
1.32831	137138691.0717249
1.3283200000000002	138739460.0603065
1.32833	139225889.10447377
1.32834	129673131.84992155
1.32835	102180965.03404336
1.32836	89289419.60649806
1.32837	82580973.83869
1.32838	92248645.90991302
1.32839	73245340.1162692
1.3284	82275399.54723589
1.32841	116990339.15638793
1.3284200000000002	112400954.69591288
1.32843	132690551.76108254
1.32844	132660002.14972496
1.32845	119398810.44642729
1.32846	115915096.20553406
1.32847	110583415.62470268
1.32848	122126525.0513163
1.32849	115757729.54320556
1.3285	114074874.59091404
1.32851	128824955.1693132
1.32852	140232927.35363942
1.32853	134908713.2386456
1.32854	119704368.53575468
1.32855	129589555.43696828
1.32856	143208897.0655239
1.32857	132975000.30844666
1.32858	119676808.75935736
1.32859	102624250.89274552
1.3286	101123012.74242131
1.32861	121213223.26224594
1.32862	139078500.62425905
1.32863	146190785.62733847
1.32864	146423235.77431127
1.32865	152468455.17247406
1.32866	141683735.97876796
1.32867	119522591.22837897
1.32868	134961532.1703217
1.32869	142639563.11954027
1.3287	122408055.76718605
1.32871	130133766.53553922
1.32872	125247769.3881476
1.32873	126800217.94079553
1.32874	114448472.31899446
1.32875	114348375.72517082
1.32876	129705980.18597022
1.32877	133551878.17584604
1.32878	134775204.66317856
1.32879	132984186.21331611
1.3288	121716652.58126476
1.32881	91657920.51842529
1.32882	99215608.43118936
1.32883	125461362.6071734
1.32884	111232065.03006512
1.32885	125164163.14772384
1.32886	122693060.55797993
1.32887	112318165.11639594
1.3288799999999998	91698028.82197352
1.32889	70370396.81528391
1.3289	64948630.79644206
1.32891	86652281.12077002
1.32892	104099825.13712198
1.32893	98998815.8677964
1.32894	109375487.06213874
1.32895	100198218.51167051
1.32896	123441161.64232844
1.32897	121512232.47959667
1.3289799999999998	104652594.5864094
1.32899	131271364.63906457
1.329	141465324.46218848
1.32901	135384828.76483557
1.32902	123316162.11126308
1.32903	99588685.4931852
1.32904	87950841.68721412
1.32905	110067727.51019552
1.32906	102157439.70591336
1.32907	104205346.01210982
1.3290799999999998	120603524.56973909
1.32909	136056720.9535579
1.3291	124434268.76001728
1.32911	111742915.90913004
1.32912	104529771.2502144
1.32913	113623980.62911436
1.32914	128623404.31387126
1.32915	137847851.00164723
1.32916	139704372.82915094
1.32917	124082347.1423448
1.32918	120567428.98824434
1.32919	113029029.85431404
1.3292	93570726.19177128
1.32921	74558987.20277822
1.32922	66395707.03787033
1.32923	72453605.15154535
1.32924	89941473.85562578
1.32925	120445339.46895616
1.32926	129288530.71749058
1.3292700000000002	118989872.72753212
1.32928	109923361.29344302
1.32929	111203895.25526944
1.3293	107156865.16614236
1.32931	114290465.08389115
1.32932	99565756.9907632
1.32933	94632431.7042685
1.32934	96894694.99787368
1.32935	102096299.1978688
1.32936	100925288.60766833
1.3293700000000002	132102184.69496198
1.32938	136072385.96416453
1.32939	130725406.20695776
1.3294	138691549.42277455
1.32941	132629459.57186554
1.32942	130145752.85035782
1.32943	136810679.5252491
1.32944	114343109.9091148
1.32945	92070393.6508874
1.32946	94630252.73708941
1.3294700000000002	72699261.63504949
1.32948	87530619.05504774
1.32949	109179223.19593686
1.3295	119492321.85886715
1.32951	109794352.03176937
1.32952	73880529.60928372
1.32953	78726328.85306317
1.32954	95226977.48651998
1.32955	92552893.34268291
1.32956	103359404.85878845
1.32957	128685614.28326292
1.32958	128404427.83857548
1.32959	114006601.58203983
1.3296	85534239.82588534
1.32961	80465552.94047605
1.32962	107460782.83213171
1.32963	125328545.64562118
1.32964	116072676.79972272
1.32965	118197965.15940893
1.32966	106563873.91147758
1.32967	92811117.10201664
1.32968	95082370.37009834
1.32969	114575035.37365268
1.3297	117438366.00567612
1.32971	109440986.72176535
1.32972	93605205.2721456
1.32973	82001160.75180344
1.32974	66737510.16273672
1.32975	52332321.40512107
1.32976	70308850.89086448
1.32977	90072040.20944694
1.32978	102506168.34442452
1.32979	107966742.91541898
1.3298	110922589.5826466
1.32981	114166845.13268717
1.32982	107198818.80281936
1.3298299999999998	101880249.53286593
1.32984	93715192.15396152
1.32985	74016747.99745017
1.32986	90030570.05162027
1.32987	118094589.26045968
1.32988	135023698.56598508
1.32989	134595332.60067043
1.3299	109991721.67212862
1.32991	125115178.54244252
1.32992	145485596.8266334
1.3299299999999998	143390374.82432622
1.32994	137053458.72231123
1.32995	123745666.74613008
1.32996	115781720.81102692
1.32997	116318823.26141185
1.32998	126981367.55567801
1.32999	140633893.3289837
1.33	138347080.88931087
1.33001	134973963.1592653
1.33002	101720854.55058935
1.3300299999999998	91476596.96938536
1.33004	97335216.67827156
1.33005	122987224.29340704
1.33006	124050923.00422262
1.33007	96362930.74677606
1.33008	108140905.06476632
1.33009	91373445.17391142
1.3301	70505013.48649807
1.33011	75238477.71946032
1.33012	67493196.97274329
1.33013	89480829.20850037
1.33014	97191883.8396231
1.33015	100255913.8472024
1.33016	73524147.89995056
1.33017	69926211.59065847
1.33018	86972108.70445557
1.33019	129362976.60356441
1.3302	129482179.19456436
1.33021	110110820.79631086
1.3302200000000002	109539309.76459582
1.33023	127596863.79896031
1.33024	113360042.48394914
1.33025	118757213.82041126
1.33026	91100340.45570976
1.33027	92223160.18822744
1.33028	119203772.513378
1.33029	96694105.4609122
1.3303	110823024.90080012
1.33031	122196846.96865968
1.3303200000000002	127941076.33398788
1.33033	144184972.85255384
1.33034	140413867.0035925
1.33035	139949064.58445936
1.33036	132635567.52483508
1.33037	100948530.18985704
1.33038	88135322.90655954
1.33039	107095198.46686187
1.3304	110060124.56353731
1.33041	113438375.87941982
1.3304200000000002	110708253.6216684
1.33043	86846035.93990764
1.33044	89550909.29300319
1.33045	120021762.49433072
1.33046	117665731.75493279
1.33047	107359381.28960864
1.33048	109244605.32267904
1.33049	95270841.22950742
1.3305	106438807.442143
1.33051	114651568.36610916
1.33052	83356601.52633534
1.33053	75523133.36057527
1.33054	100519426.00951388
1.33055	105489686.09416594
1.33056	108011500.6603445
1.33057	111899977.70517068
1.33058	128982265.26138698
1.33059	132120436.54699989
1.3306	120981788.3639906
1.33061	124948198.82780029
1.33062	117332952.72969712
1.33063	90092782.45110224
1.33064	78362809.83738533
1.33065	90392000.90857494
1.33066	70171377.17117535
1.33067	71014985.05712718
1.33068	88568644.89503074
1.33069	94000464.5744656
1.3307	124136643.94960392
1.33071	129945127.62643827
1.33072	128339398.64413239
1.33073	120864845.1579458
1.33074	116855726.55501644
1.33075	102037544.75623336
1.33076	79661778.85167292
1.33077	82943049.75297521
1.33078	114495917.07274778
1.33079	118781826.74374457
1.3308	93430785.47762448
1.33081	102690436.52586012
1.33082	118555034.16083016
1.33083	101162604.02880085
1.33084	103972862.30976006
1.33085	97129242.11189117
1.33086	93248101.82613051
1.33087	86764086.76948255
1.3308799999999998	74281386.24829656
1.33089	82702759.37191571
1.3309	94715269.64594255
1.33091	109640245.67286852
1.33092	129783654.78913696
1.33093	145037398.05768833
1.33094	142754563.35903648
1.33095	142295117.9540374
1.33096	139662560.53060812
1.33097	135104557.69205758
1.3309799999999998	104116605.39880282
1.33099	89375811.8984918
1.331	105572304.08263353
1.33101	131780150.74293208
1.33102	115138349.61044224
1.33103	87556824.04772198
1.33104	95266453.94615266
1.33105	126645569.1298228
1.33106	143304556.69506714
1.33107	142308224.42229965
1.3310799999999998	123137405.8444272
1.33109	97200835.95519254
1.3311	83774144.20625408
1.33111	65955345.547627695
1.33112	86482851.36542225
1.33113	96462830.22545922
1.33114	112310406.72038476
1.33115	103750452.61184163
1.33116	84393694.61730725
1.33117	104426326.33165804
1.33118	98971465.26287895
1.33119	94206311.49795283
1.3312	107260545.16793165
1.33121	99090039.150278
1.33122	106981824.44826669
1.33123	104011174.38472442
1.33124	107393995.44398448
1.33125	117733485.09401406
1.33126	120979002.68743798
1.3312700000000002	121115576.29827322
1.33128	108742671.95462446
1.33129	100765067.4648554
1.3313	83195531.38400199
1.33131	58813902.87161753
1.33132	61044986.21506382
1.33133	81528602.86624745
1.33134	92123408.887417
1.33135	70329900.01564413
1.33136	60464435.13447585
1.3313700000000002	82613305.61852965
1.33138	75869985.31425002
1.33139	68131821.51090227
1.3314	86544604.9812577
1.33141	110545228.06118852
1.33142	109501482.76020004
1.33143	107243258.20386766
1.33144	106888258.18205684
1.33145	97746226.4049589
1.33146	94992649.27587087
1.3314700000000002	98023453.67305976
1.33148	74079833.915274
1.33149	62678702.84039496
1.3315	81921896.93228659
1.33151	105348898.71818995
1.33152	112878180.41005562
1.33153	104361424.8726728
1.33154	97883614.96109648
1.33155	100746507.56295878
1.33156	97739474.56804714
1.33157	102072793.36252372
1.33158	124723991.21752442
1.33159	128919911.88320452
1.3316	118691604.28900969
1.33161	115042947.45171064
1.33162	129425544.27433826
1.33163	128265541.80733804
1.33164	114316784.466023
1.33165	127391367.60826448
1.33166	138995263.1213355
1.33167	121174155.03310476
1.33168	97238891.64625897
1.33169	81068101.01927191
1.3317	95132738.813531
1.33171	121559806.47352988
1.33172	116600389.18514499
1.33173	115635185.12319753
1.33174	113684171.2093306
1.33175	116882636.67843956
1.33176	104049500.57697916
1.33177	76462765.23594666
1.33178	74469767.85208486
1.33179	79067862.79998243
1.3318	79403564.72878318
1.33181	76579054.51177514
1.33182	77172043.42329338
1.3318299999999998	52605360.36312238
1.33184	39790555.298439376
1.33185	71354275.35831022
1.33186	85735364.78104338
1.33187	92437884.96521224
1.33188	93112931.52658059
1.33189	75545743.54176429
1.3319	83124682.59589317
1.33191	91702251.76949404
1.33192	95248906.8330135
1.3319299999999998	110402777.6373364
1.33194	99003375.03672698
1.33195	99717182.71728566
1.33196	109852513.92432643
1.33197	100253605.39605212
1.33198	96809950.93154982
1.33199	92178577.11649469
1.3319999999999999	82150460.07530266
1.33201	66284197.09329712
1.33202	47224786.1538906
1.3320299999999998	70430374.8768822
1.33204	89285307.7714465
1.33205	101185900.26117624
1.33206	101323457.27323616
1.33207	94325692.00172006
1.33208	92572075.31230678
1.33209	79452945.1124433
1.3321	60575917.38749938
1.33211	56372851.08042951
1.33212	78624880.7932045
1.33213	73776831.56652413
1.33214	90895001.26003478
1.33215	102751932.83385356
1.33216	92117045.4475642
1.33217	100080622.96110594
1.33218	86898043.80699685
1.33219	93278166.3081822
1.3322	93465212.99243629
1.33221	95428918.06557758
1.3322200000000002	73075197.87072171
1.33223	61490779.71248906
1.33224	79839902.88203831
1.33225	92721404.1812768
1.33226	86936069.25094153
1.33227	88196225.66341192
1.33228	93145097.14828154
1.33229	101894325.78182732
1.3323	106142668.03713472
1.33231	109665494.17912649
1.3323200000000002	114503826.44368058
1.33233	111737770.07616948
1.33234	103295166.49657813
1.33235	90504463.85993668
1.33236	79696637.80100653
1.33237	63046357.45746964
1.33238	58489781.63811042
1.33239	79171705.40527421
1.3324	72523707.89204738
1.33241	77227148.5990312
1.3324200000000002	68056561.03708503
1.33243	42006838.781493016
1.33244	60132602.46739298
1.33245	66685283.21843641
1.33246	85361099.41845839
1.33247	96134661.1796856
1.33248	85056988.07668947
1.33249	76688457.05427983
1.3325	62438146.15700478
1.33251	71762903.20547706
1.33252	89513801.23755093
1.33253	77264500.26590878
1.33254	76792711.05592081
1.33255	72435256.11037871
1.33256	81182047.40633453
1.33257	94951099.92021964
1.33258	89625171.55985337
1.33259	86640310.49264391
1.3326	82101293.60363382
1.33261	89196949.10309558
1.33262	75467506.35570118
1.33263	66673000.46662943
1.33264	72917202.76746449
1.33265	48738257.70846064
1.33266	51473061.51646158
1.33267	77961466.52669851
1.33268	90704743.59588996
1.33269	98996536.36206394
1.3327	93269575.46720137
1.33271	95754677.95900686
1.33272	97834042.74043988
1.33273	81399174.39392488
1.33274	64981540.07594231
1.33275	81159619.07640451
1.33276	99112858.1020076
1.33277	110930252.10833548
1.33278	111475646.5749354
1.33279	90500296.0713174
1.3328	66688354.25993031
1.33281	72375237.18684408
1.33282	99121987.15399276
1.33283	111827856.37507914
1.33284	117006503.08558518
1.33285	93267427.88058554
1.33286	107624215.7994976
1.33287	121517828.45355052
1.3328799999999998	112095970.1527166
1.33289	114135304.0253671
1.3329	106064488.0351999
1.33291	75847278.09033027
1.33292	76534984.74995068
1.33293	89379927.90150878
1.33294	116305432.33284669
1.33295	129646262.12632748
1.33296	132864818.92987308
1.33297	127148136.65204082
1.3329799999999998	108018962.08818904
1.33299	85504702.44726907
1.3330000000000002	72062612.06280129
1.33301	72908808.34748967
1.33302	98814345.8581287
1.33303	89939402.90049927
1.33304	80781144.14235409
1.33305	110677668.02648364
1.33306	130385711.12859084
1.33307	130620096.417426
1.3330799999999998	114611975.95503832
1.33309	90423226.5918216
1.3331	85207927.07751484
1.33311	100089841.15163398
1.33312	106522168.76865134
1.33313	88780993.36287072
1.33314	90265127.51412427
1.33315	118042935.22062576
1.33316	137622676.5645308
1.33317	137261898.0511195
1.33318	126709740.06585103
1.33319	104580328.09797268
1.3332	76008121.62082742
1.33321	77647951.01639375
1.33322	99309318.13421153
1.33323	92813254.1815679
1.33324	69876315.97430712
1.33325	66386534.76556727
1.33326	86367430.66258891
1.3332700000000002	98657475.88393138
1.33328	90993422.44008398
1.33329	95920183.29721075
1.3333	103159683.25609286
1.33331	90304626.34972608
1.33332	81122252.29527663
1.33333	59969440.91467897
1.33334	68185181.36296275
1.33335	78310500.56312433
1.33336	101889633.48276
1.3333700000000002	107428620.75844404
1.33338	107646521.36298348
1.33339	98491783.09808151
1.3334	77310770.21728946
1.33341	72217092.58193725
1.33342	64975555.33053427
1.33343	86035958.22088845
1.33344	96147943.591446
1.33345	81837056.43178384
1.33346	95800990.6469408
1.3334700000000002	111634903.1659237
1.33348	115310803.93358426
1.33349	100667666.11043662
1.3335	84580451.66942605
1.33351	64608550.84148349
1.33352	83139996.1386798
1.33353	96001937.94011052
1.33354	121391981.3507354
1.33355	103499916.63823524
1.33356	108945676.50393921
1.33357	130749488.93471962
1.33358	109390598.88796587
1.33359	75330352.55723491
1.3336	86371408.12134007
1.33361	101472883.11188512
1.33362	91761393.4590908
1.33363	97135951.79398224
1.33364	114878828.9985314
1.33365	116906861.08791341
1.33366	89291475.5950342
1.33367	94881163.13313192
1.33368	111147577.10605052
1.33369	108777732.10110691
1.3337	109698325.9299196
1.33371	96287519.76119304
1.33372	95552048.02767733
1.33373	113477562.87337528
1.33374	105684184.3616246
1.33375	86022091.98036501
1.33376	73950310.18714115
1.33377	74276255.24913736
1.33378	109292409.32877593
1.33379	117535754.62343128
1.3338	127938130.41575225
1.33381	126418315.75063892
1.33382	116807303.9447364
1.3338299999999998	98077638.40584163
1.33384	74372092.36726776
1.33385	64452534.49860639
1.33386	86277986.24883702
1.33387	108492570.7493635
1.33388	98378455.49144194
1.33389	95803196.57166684
1.3339	109390598.88796587
1.33391	114048610.904177
1.33392	127362038.03868257
1.3339299999999998	125227583.45971398
1.33394	127338579.2449674
1.33395	123996663.69091772
1.33396	94876793.79470348
1.33397	83111285.55974552
1.33398	89780082.47017929
1.33399	97283682.12332852
1.334	106213568.43865459
1.33401	99597858.3725114
1.33402	87194682.37383422
1.3340299999999998	67620752.59496218
1.33404	70765242.62079722
1.33405	85115763.66055976
1.33406	75959133.16755447
1.33407	73112224.85776907
1.33408	62597934.01895679
1.33409	69820025.00270501
1.3341	71070602.96095937
1.33411	67212492.341551
1.33412	55529018.85889641
1.33413	71459504.42099293
1.33414	89357292.23040442
1.33415	101421493.14070109
1.33416	108983311.50649928
1.33417	98991977.5080583
1.33418	82765625.19977757
1.33419	78442242.36524683
1.3342	71518763.95088705
1.33421	83884167.73645207
1.3342200000000002	69823240.40771703
1.33423	75971377.3200295
1.33424	96050581.83867304
1.33425	96850083.61475432
1.33426	94920496.23500234
1.33427	99786088.70336203
1.33428	88513599.06055658
1.33429	69564873.54398556
1.3343	67241903.64643139
1.33431	60204645.01435376
1.3343200000000002	74192499.08259979
1.33433	55259887.95430119
1.33434	62740792.48328778
1.33435	83689312.46454117
1.33436	89250364.81773944
1.33437	68605668.42159346
1.33438	74372092.36726776
1.33439	87044232.43827532
1.3344	94870240.16432884
1.33441	112730127.96790636
1.3344200000000002	105608773.7624035
1.33443	114535469.39157704
1.33444	103611986.43073556
1.33445	76181584.27101882
1.33446	81648836.42504041
1.33447	110945578.74772972
1.33448	114345742.78683032
1.33449	97194121.79121757
1.3345	109297442.54611936
1.33451	110075330.98206437
1.3345200000000002	116166258.02879363
1.33453	122329161.81227292
1.33454	115515430.24264674
1.33455	99841247.77345333
1.33456	82010602.02779429
1.33457	67934440.03768821
1.33458	77464014.47537519
1.33459	79474901.80577429
1.3346	59879752.96706825
1.33461	52198737.60751879
1.33462	75959133.16755447
1.33463	72982712.42217007
1.33464	61007046.46549808
1.33465	66600884.97512051
1.33466	67493196.97274329
1.33467	75297403.40134163
1.33468	61470960.62173954
1.33469	60978958.15041629
1.3347	83078758.88904983
1.33471	87809195.86303706
1.33472	91892485.82908934
1.33473	93409274.7208502
1.33474	87214762.00308043
1.33475	67796925.55634843
1.33476	60321203.80759991
1.33477	64448082.42902284
1.33478	70263535.70897244
1.33479	82702759.37191571
1.3348	68793910.96666943
1.33481	69810379.67607017
1.33482	72965909.46618918
1.33483	61139234.95106675
1.33484	58196919.89817654
1.33485	60820501.94386341
1.33486	68427393.91025609
1.33487	75382406.89815179
1.3348799999999998	84792999.80541329
1.33489	87335336.92063095
1.3349	68336070.1648724
1.33491	68419516.36887403
1.33492	79177174.58183041
1.33493	71916741.2391615
1.33494	51883587.76038478
1.33495	60470004.37122466
1.33496	63165508.98258365
1.33497	71620937.24961638
1.3349799999999998	71579720.78819124
1.33499	85490921.82815892
1.335	73975856.13079418
1.33501	55649337.69636421
1.33502	70014823.76784188
1.33503	86119202.61487529
1.33504	83891894.10962602
1.33505	67678387.08116709
1.33506	66267410.46882759
1.33507	79808656.50903456
1.3350799999999998	62813067.08665809
1.33509	65239406.275370106
1.3351	83679677.93099397
1.33511	92866697.16609712
1.33512	91104535.87803042
1.33513	87823350.17388844
1.33514	72910487.15416999
1.33515	69078038.96194308
1.33516	62449648.74796588
1.33517	77943517.30219348
1.33518	80829520.04071724
1.33519	73166115.7875866
1.3352	61435585.27516478
1.33521	61373374.103072904
1.33522	79220941.59764531
1.33523	71550059.6237292
1.33524	79209997.5760985
1.33525	80634333.39825247
1.33526	81816331.01012562
1.3352700000000002	103183439.38589972
1.33528	111717189.11390854
1.33529	112724936.67319764
1.3353	106013213.70596723
1.33531	108880473.28398883
1.33532	101220854.66907544
1.33533	95027652.3085784
1.33534	99430586.2375762
1.33535	88589040.92726512
1.33536	70200466.80114557
1.3353700000000002	66389592.04886996
1.33538	71963122.62571533
1.33539	67703325.3139109
1.3354	49436759.98839011
1.33541	57291474.53303526
1.33542	72632333.96666591
1.33543	67712679.52011845
1.33544	59977726.57145999
1.33545	76902418.83292209
1.33546	88428040.19923802
1.3354700000000002	85569698.1493019
1.33548	68116135.38524662
1.33549	73287515.66127317
1.3355	97476516.39013168
1.33551	105769390.08047764
1.33552	102237447.92745613
1.33553	81245628.00558326
1.33554	73402356.04785396
1.33555	74555553.71358803
1.33556	86028034.38120587
1.33557	77859211.28595237
1.33558	58245181.10768808
1.33559	58709718.76529599
1.3356	74861754.28371136
1.33561	74468053.14205268
1.33562	66290302.37461657
1.33563	78225797.60692175
1.33564	90696389.76498522
1.33565	86063697.40775743
1.33566	83157227.24645893
1.33567	85249138.7260771
1.33568	80372966.85618721
1.33569	71886940.42035444
1.3357	72350243.98192862
1.33571	69483230.18020254
1.33572	64218476.75436016
1.33573	81167094.4978167
1.33574	69235686.05876435
1.33575	73297641.40518245
1.33576	83841685.40195468
1.33577	67693972.39994542
1.33578	44918991.7974527
1.33579	66533443.29456869
1.3358	78873297.86367096
1.33581	84732496.04164137
1.33582	91341891.35346398
1.33583	85887507.60420308
1.33584	83878373.42355803
1.33585	73747958.05447128
1.33586	52349194.071768396
1.33587	64882862.22877081
1.33588	82054045.90022866
1.33589	89120989.545631
1.3359	87317240.06178612
1.33591	78330337.90029617
1.33592	52513383.34273903
1.3359299999999998	50484725.59091436
1.33594	74124196.7248667
1.33595	76838698.47568953
1.33596	49935568.66785777
1.33597	52932206.73082329
1.33598	57452641.36241951
1.33599	75195179.4336001
1.3359999999999999	83038596.45849091
1.33601	90523221.28408463
1.33602	99236171.27604924
1.3360299999999998	97335216.67827156
1.33604	96560609.85415491
1.33605	81543622.37320177
1.33606	62897009.93750613
1.33607	69707579.06363437
1.33608	57789641.45819096
1.33609	59167061.38926048
1.3361	51714222.54196633
1.33611	67060996.10072813
1.33612	76538509.39740749
1.3361299999999998	77732028.27984603
1.33614	93663417.53207012
1.33615	105397424.8516382
1.33616	111119428.72801477
1.33617	112636721.23071916
1.33618	104589960.74574529
1.33619	115696441.10848679
1.3362	110100679.68195224
1.33621	102808731.34293278
1.33622	97156083.62140982
1.33623	114937037.7620698
1.33624	109769073.85831004
1.33625	102875035.95333868
1.33626	94171611.0026492
1.33627	78002765.4310211
1.33628	64714261.5748583
1.33629	74889339.4542876
1.3363	97142661.9395778
1.33631	97424907.0234404
1.3363200000000002	96718599.66742046
1.33633	112072742.61366476
1.33634	113482788.82859991
1.33635	112634127.70422614
1.33636	110456175.0221608
1.33637	116853035.88345416
1.33638	111506452.6902055
1.33639	102893987.98076963
1.3364	93076490.5830808
1.33641	87236854.93605591
1.3364200000000002	81727836.04390305
1.33643	74987694.25789706
1.33644	70894084.73417316
1.33645	47461340.46882455
1.33646	63349034.46998591
1.33647	59857696.51401796
1.33648	77106324.19941841
1.33649	87776851.71814683
1.3365	84071733.0438862
1.33651	60120142.31944835
1.3365200000000002	60443555.06449428
1.33653	83895757.56308085
1.33654	85528331.53398582
1.33655	76844006.48827004
1.33656	49541596.75001244
1.33657	52288959.51526985
1.33658	75868238.36339079
1.33659	65770326.83185101
1.3366	45320010.31099469
1.33661	52911491.03083219
1.33662	74231801.433589
1.33663	83747142.9651859
1.33664	93190147.68689457
1.33665	91845947.75848404
1.33666	84091093.50468095
1.33667	78112403.2933863
1.33668	74209584.50379604
1.33669	79015082.88398634
1.3367	76427560.93797779
1.33671	64492616.96709832
1.33672	44651905.81442159
1.33673	65074374.15107555
1.33674	74947991.69615564
1.33675	87617327.05366658
1.33676	85745235.99790974
1.33677	89699495.41049264
1.33678	98887181.78930075
1.33679	99380230.5681116
1.3368	81808795.79457484
1.33681	71726559.56947555
1.33682	75678061.66623679
1.33683	95119596.6478058
1.33684	100230523.80778982
1.33685	115215258.88141386
1.33686	115800384.12357868
1.33687	99813664.42815432
1.3368799999999998	112862586.79031745
1.33689	118467711.7581487
1.3369	116431367.94798112
1.33691	106040068.59579512
1.33692	76960875.57924141
1.33693	90354544.32205182
1.33694	106372655.21656622
1.33695	101255821.151885
1.33696	78389880.06764582
1.33697	75321680.32911567
1.3369799999999998	74629408.58766767
1.33699	87558840.14131138
1.337	102260991.68028112
1.33701	100424574.43127044
1.33702	88218567.21726759
1.33703	76513840.27350509
1.33704	67469889.67361881
1.33705	74363530.45657945
1.33706	59882510.59509572
1.33707	69995480.62957855
1.3370799999999998	72388570.42622276
1.33709	41044030.34271922
1.3371	48626162.8263313
1.33711	70223100.40582849
1.33712	76099184.01371552
1.33713	77292970.80389832
1.33714	82279188.55665094
1.33715	84337359.56593753
1.33716	81421668.92458114
1.33717	61716316.84555835
1.33718	59404589.61649649
1.33719	67367433.13820721
1.3372	43660630.19503176
1.33721	55700616.24154792
1.33722	80001844.48550993
1.33723	83994335.76442252
1.33724	87464133.90717536
1.33725	89472588.09908548
1.33726	83606491.71397042
1.3372700000000002	76427560.93797779
1.33728	56165547.9229565
1.33729	43644547.98706769
1.3373	71236077.87355019
1.33731	76835160.00433311
1.33732	84771525.78433742
1.33733	73488604.41658702
1.33734	59879752.96706825
1.33735	62949168.81085489
1.33736	37936739.28956066
1.3373700000000002	64848509.71441374
1.33738	81386055.45442714
1.33739	81901150.02457798
1.3374	72463615.67850138
1.33741	68534618.56234705
1.33742	38480437.40543008
1.33743	40563927.70275376
1.33744	74854859.57885113
1.33745	80809049.77995409
1.33746	81884179.19005115
1.3374700000000002	77631861.49228299
1.33748	63681018.38354653
1.33749	39115600.32958034
1.3375	65740045.45010719
1.33751	80523009.86709039
1.33752	82137220.05261862
1.33753	80145658.21528734
1.33754	59988775.89463805
1.33755	69496030.64313471
1.33756	78507292.50020185
1.33757	77801863.62924142
1.33758	77968647.37380981
1.33759	82423300.28819925
1.3376	80447027.19514316
1.33761	93059346.83894838
1.33762	95185325.63676836
1.33763	84964987.91982701
1.33764	81697731.94211099
1.33765	74835902.41451071
1.33766	78263632.28017399
1.33767	81590576.16862008
1.33768	95767907.87051918
1.33769	103059967.22231896
1.3377	101374797.56993556
1.33771	98841653.0433514
1.33772	92187067.46818636
1.33773	83677751.15738703
1.33774	67341068.02667579
1.33775	30489478.77079954
1.33776	53327349.65730987
1.33777	67851585.44527078
1.33778	59293897.73473178
1.33779	78177179.9012787
1.3378	87482261.21037671
1.33781	90953622.32818402
1.33782	85980506.66611746
1.33783	84841824.63131537
1.33784	84560978.54272145
1.33785	87369530.11010648
1.33786	90698478.15057908
1.33787	83546834.57911144
1.33788	77744558.21228191
1.33789	56164254.67831154
1.3379	52873736.2119026
1.33791	80317466.3489812
1.33792	90821778.05323918
1.3379299999999998	79645272.03990567
1.33794	69601724.4805405
1.33795	86722142.75567545
1.33796	87413799.99310386
1.33797	85607142.32661349
1.33798	88192164.17064269
1.33799	70503390.06725815
1.338	72054316.02555357
1.33801	46477204.6792388
1.33802	49294674.1312206
1.3380299999999998	75424076.2682992
1.33804	69617752.7151119
1.33805	75523133.36057527
1.33806	68679954.69422136
1.33807	51727322.60468824
1.33808	70435240.20286132
1.33809	87260962.70032166
1.3381	95814226.95722902
1.33811	102558107.9173328
1.33812	99387095.74834728
1.3381299999999998	102856087.41667908
1.33814	96863464.87260464
1.33815	102886880.56136738
1.33816	106755436.34688556
1.33817	102480208.42291585
1.33818	99327613.27164684
1.33819	91184285.62231356
1.3382	77823364.04886518
1.33821	55151839.22003194
1.33822	63484835.70521139
1.33823	57876198.83491196
1.33824	65021951.52838448
1.33825	82029487.84099041
1.33826	80049753.69921054
1.33827	68710008.14137547
1.33828	35635265.59440932
1.33829	53768757.39812155
1.3383	75959133.16755447
1.33831	82389145.76735964
1.3383200000000002	90128055.22486576
1.33833	87924518.76850194
1.33834	87934642.03554408
1.33835	90767421.85884286
1.33836	85174579.8591916
1.33837	77655102.98632959
1.33838	51917049.13110667
1.33839	38239305.84823035
1.3384	69334597.70157814
1.33841	82796122.80046605
1.3384200000000002	87367518.37549147
1.33843	96340744.91632676
1.33844	99067225.45220172
1.33845	87762704.90135702
1.33846	90650457.44579194
1.33847	97445098.738033
1.33848	99163078.2946325
1.33849	97373324.981553
1.3385	105445973.33734272
1.33851	113495854.76961488
1.3385200000000002	104162165.45940782
1.33853	103093195.18593566
1.33854	87853688.5233732
1.33855	83625745.03665581
1.33856	80797886.36830895
1.33857	79981583.83547357
1.33858	58987501.31056237
1.33859	56617410.20834879
1.3386	71373993.99730693
1.33861	83281780.2158881
1.33862	93790748.1168826
1.33863	87148516.7690009
1.33864	84100775.40692319
1.33865	72704283.69558682
1.33866	80946858.74176857
1.33867	61309814.20063617
1.33868	57636818.48104128
1.33869	85749184.80287756
1.3387	92478334.57096995
1.33871	93875010.80511692
1.33872	84448122.78667754
1.33873	63786680.23951303
1.33874	42628494.98615224
1.33875	72405240.4296708
1.33876	77789324.46100798
1.33877	78223996.41210434
1.33878	92499630.94617242
1.33879	85847964.05120482
1.3388	85761032.30893515
1.33881	78916896.90459666
1.33882	86862035.04445338
1.33883	113109738.93337046
1.33884	118170752.20527649
1.33885	124394162.35583057
1.33886	117757885.84533818
1.33887	101678703.52006257
1.3388799999999998	88218567.21726759
1.33889	75373728.67740004
1.3389	79878518.2331174
1.33891	86234291.58784771
1.33892	89305868.84040593
1.33893	96752010.85786782
1.33894	92059794.26525249
1.33895	81193263.89545515
1.33896	61218121.64322392
1.33897	54665081.50886849
1.3389799999999998	79700308.05131996
1.33899	74543537.74652606
1.339	72152270.15150307
1.33901	80589785.52904144
1.33902	94665122.2333816
1.33903	97798005.98571897
1.33904	92391070.6824305
1.33905	88838251.0403022
1.33906	79871161.48849979
1.33907	51249543.3451862
1.3390799999999998	39124608.06641679
1.33909	71670428.33199975
1.3391	77353505.53489374
1.33911	83230020.19298223
1.33912	93846914.83433229
1.33913	97071110.94468728
1.33914	101307127.17756136
1.33915	97082287.31268948
1.33916	82758002.55502678
1.33917	82512548.30366169
1.33918	99400827.53158969
1.33919	87297136.8388113
1.3392	87926543.32867263
1.33921	88652298.48080644
1.33922	80528572.39167598
1.33923	71819106.8679293
1.33924	90209027.3076251
1.33925	98469107.1376938
1.33926	93810186.6370239
1.3392700000000002	78117799.29341723
1.33928	83660412.19123036
1.33929	76519125.84490094
1.3393	80909589.91783811
1.33931	73710609.10642649
1.33932	63863100.59582671
1.33933	42312628.017911896
1.33934	35619678.89022555
1.33935	72336917.80189167
1.33936	79643438.16085753
1.3393700000000002	82355005.39945121
1.33938	80230592.59915787
1.33939	65350663.30503056
1.3394	59747536.05494487
1.33941	32250020.86874074
1.33942	55572508.37914775
1.33943	77622924.30840755
1.33944	70951241.64453512
1.33945	36043752.593143664
1.33946	52589616.03824611
1.3394700000000002	54807500.94261131
1.33948	52491622.87646981
1.33949	68608827.90213056
1.3395	83383476.85142402
1.33951	92000460.2515509
1.33952	97858825.71180137
1.33953	93797227.17601278
1.33954	90217336.24872142
1.33955	97422663.75788076
1.33956	108835355.45467646
1.33957	109546876.73339964
1.33958	107847479.58078146
1.33959	102108054.14535409
1.3396	84120142.55573909
1.33961	94045928.81991316
1.33962	110807715.191676
1.33963	107122327.44121689
1.33964	107092732.53717692
1.33965	115478198.4689458
1.33966	113940992.99219541
1.33967	112491575.67390013
1.33968	110324000.1015339
1.33969	108013987.7456913
1.3397	96032890.29714093
1.33971	88419896.05080901
1.33972	77471149.50334935
1.33973	86464931.15112135
1.33974	91552456.15951924
1.33975	83504523.08376506
1.33976	83258771.78848891
1.33977	80478523.5005408
1.33978	66092168.28527515
1.33979	82332253.01402241
1.3398	94924867.58604886
1.33981	101218523.99959786
1.33982	102381149.18192448
1.33983	106042510.286718
1.33984	118940565.77096084
1.33985	121638204.24679253
1.33986	117184453.77137396
1.33987	112520071.639315
1.33988	112667848.20709956
1.33989	99818261.12311192
1.3399	104804516.7987917
1.33991	90498212.248982
1.33992	86131101.24431416
1.3399299999999998	93663417.53207012
1.33994	76041381.77768955
1.33995	68927098.9498067
1.33996	68114566.97132446
1.33997	76195618.73002492
1.33998	79941077.9272689
1.33999	85553937.08008483
1.34	81195133.46097013
1.34001	66185065.04361234
1.34002	32451890.35797175
1.3400299999999998	44811553.49648529
1.34004	40753038.98948605
1.34005	39984346.28387645
1.34006	72383570.17363253
1.34007	72940712.28552364
1.34008	69033517.05807659
1.34009	53048120.3271894
1.3401	36344608.91445857
1.34011	68436848.1571477
1.34012	77565750.69024995
1.3401299999999998	52103872.20804115
1.34014	27205705.967400573
1.34015	65681036.85019557
1.34016	81530480.15331648
1.34017	87841551.92614555
1.34018	90335821.84965704
1.34019	93415727.42782196
1.3402	99930946.30025911
1.34021	101962388.40682186
1.34022	98741563.57468665
1.34023	89978759.20328334
1.34024	77465798.17076066
1.34025	74979061.4775016
1.34026	84687634.05209908
1.34027	80432209.66988221
1.34028	103755230.60676952
1.34029	98723376.38165264
1.3403	74868649.62362663
1.34031	64607063.19175034
1.3403200000000002	84487021.5404914
1.34033	100816124.82708722
1.34034	104845549.45323816
1.34035	106558966.57672378
1.34036	90094856.93796444
1.34037	77280513.65288757
1.34038	90589945.8376674
1.34039	95123977.16797592
1.3404	81211961.48792209
1.34041	93795067.43990724
1.3404200000000002	97604535.72767664
1.34043	83974997.58035567
1.34044	62237193.42615338
1.34045	58454775.91581488
1.34046	85178502.38386795
1.34047	89517923.59535778
1.34048	88485070.24598387
1.34049	83974997.58035567
1.3405	73459843.70593688
1.34051	63634113.75760766
1.3405200000000002	27730646.8419332
1.34053	50141809.20308946
1.34054	76459244.07655708
1.34055	74665503.83214329
1.34056	45870133.0669217
1.34057	30315169.44197841
1.34058	62314627.03075113
1.34059	68683117.59584652
1.3406	84011743.93761969
1.34061	81111045.61609347
1.34062	81893606.99726668
1.34063	82613305.61852965
1.34064	89596284.47439288
1.34065	87708159.96242562
1.34066	89034843.5695772
1.34067	106888258.18205684
1.34068	104614046.24703406
1.34069	98950957.26806632
1.3407	109710956.14345977
1.34071	106770186.17432366
1.34072	88127205.71714798
1.34073	85790658.23604007
1.34074	100242063.93757944
1.34075	88289691.63840342
1.34076	72143963.79258089
1.34077	68194602.1446424
1.34078	67291467.56980039
1.34079	82495450.78057161
1.3408	93581499.5398866
1.34081	79222765.74823824
1.34082	71177052.57371129
1.34083	70657781.920601
1.34084	77893281.45536731
1.34085	76955559.49390922
1.34086	98912231.53809631
1.34087	95986465.50289138
1.3408799999999998	83053894.142164
1.34089	93512571.53995608
1.3409	92308139.98641445
1.34091	95876020.58999498
1.34092	76905960.40173368
1.34093	63863100.59582671
1.34094	76778566.61857331
1.34095	87516511.9230758
1.34096	97548366.20887072
1.34097	93263132.85570069
1.3409799999999998	72694239.92141186
1.34099	55944835.34692326
1.341	77451529.75760354
1.34101	72977671.12912197
1.34102	78724516.13322058
1.34103	94449573.25077046
1.34104	96099250.38495536
1.34105	106674348.71094368
1.34106	94160769.71935172
1.34107	96063852.63364077
1.3410799999999998	80743951.61524756
1.34109	77109875.15863505
1.3411	84021416.70387954
1.34111	96545047.37691888
1.34112	105450829.41568343
1.34113	100387583.46518783
1.34114	92740621.07546796
1.34115	72240376.37475702
1.34116	74011635.27822234
1.34117	51502700.32241202
1.3411799999999998	53466283.88610027
1.34119	80458142.13045396
1.3412	92184944.8069514
1.34121	81818214.92245662
1.34122	88485070.24598387
1.34123	94763261.5934786
1.34124	98104742.00314766
1.34125	96167870.65009059
1.34126	91968689.90516268
1.34127	85449593.29536355
1.34128	82883866.01492701
1.34129	98147671.35120104
1.3413	94852766.0297437
1.34131	78742645.2100577
1.34132	68167913.30988014
1.34133	79683793.25587118
1.34134	91917880.16944909
1.34135	86930064.12744075
1.34136	80003686.61726335
1.3413700000000002	85670243.24452363
1.34138	96812180.08871242
1.34139	95935645.05013996
1.3414	100663030.29983404
1.34141	104318179.64410028
1.34142	91310348.42943816
1.34143	79944759.43472502
1.34144	85170657.51514968
1.34145	79933715.42095588
1.34146	64803729.41922913
1.3414700000000002	29364323.503501344
1.34148	53221854.0902485
1.34149	73775132.81175618
1.3415	68662561.33866133
1.34151	80569375.98159118
1.34152	90392000.90857494
1.34153	91909414.60968216
1.34154	92053435.21959072
1.34155	102279830.58615834
1.34156	101978824.12664
1.3415700000000002	96294171.29715537
1.34158	87865826.79744993
1.34159	81601849.10197358
1.3416	60956496.80979829
1.34161	69897235.60640818
1.34162	82214799.12127393
1.34163	68116135.38524662
1.34164	49048982.21114804
1.34165	75526611.40948062
1.34166	78773474.22248767
1.34167	77569322.80732554
1.34168	92770521.93868324
1.34169	99880337.22822613
1.3417	95229170.19395278
1.34171	97362115.10852969
1.34172	92939429.01315792
1.34173	75467506.35570118
1.34174	82303821.3715061
1.34175	83541063.56756157
1.34176	68540931.1246891
1.34177	70194001.39695787
1.34178	75079262.86021148
1.34179	53028580.27704848
1.3418	52187921.44513059
1.34181	74190790.75684376
1.34182	69333001.23184735
1.34183	51779756.04859495
1.34184	19481392.663537014
1.34185	30974192.99216577
1.34186	49939018.21388011
1.34187	74970429.69093448
1.34188	79182644.13619699
1.34189	83205110.17490935
1.3419	81628158.67052959
1.34191	86702176.5431447
1.34192	89355234.72640207
1.3419299999999998	87178621.9990289
1.34194	74996328.03223532
1.34195	74018452.31567743
1.34196	73539386.08344434
1.34197	94375659.60626487
1.34198	98593889.55862424
1.34199	99327613.27164684
1.3419999999999999	93484584.04407775
1.34201	86166806.9973595
1.34202	74250605.56921987
1.3420299999999998	72734423.34504496
1.34204	75868238.36339079
1.34205	83514137.45070471
1.34206	80870476.11991817
1.34207	76584344.58816655
1.34208	76337863.32418479
1.34209	52156687.34176885
1.3421	27978859.02290574
1.34211	60847116.19760301
1.34212	78624880.7932045
1.3421299999999998	77006963.70456462
1.34214	72371904.26074298
1.34215	82658972.03530477
1.34216	83924739.1358425
1.34217	73541079.40988079
1.34218	64219955.45645692
1.34219	79985267.20833865
1.3422	93985314.7106409
1.34221	98021196.62561324
1.34222	98784771.58750518
1.34223	93044348.65315634
1.34224	76004621.39806767
1.34225	77871761.71951865
1.34226	66544168.08289124
1.34227	65749128.40044062
1.34228	79188114.06839973
1.34229	76550846.94182402
1.3423	49873517.56904119
1.34231	62843447.24182297
1.3423200000000002	80295276.87862451
1.34233	76980371.03421807
1.34234	82870507.79069829
1.34235	79175351.4810008
1.34236	75882215.09663104
1.34237	68315617.77595203
1.34238	61534687.58471873
1.34239	66475253.16835554
1.3424	75964380.41981742
1.34241	70490404.0589524
1.3424200000000002	65487739.53784728
1.34243	53477364.99438725
1.34244	74872097.53174834
1.34245	79244658.8318729
1.34246	78135788.65245424
1.34247	85239324.62123218
1.34248	92523062.62333173
1.34249	83191700.17641225
1.3425	88591080.78880015
1.34251	96665165.7597204
1.3425200000000002	89157934.7605174
1.34253	74596766.02150008
1.34254	75477933.29726051
1.34255	90084484.98130669
1.34256	81476056.37428378
1.34257	96538378.51164904
1.34258	96636234.71992835
1.34259	92454914.22129256
1.3426	84707136.34567031
1.34261	85913220.68074559
1.34262	80404434.1657703
1.34263	68868401.06847568
1.34264	74820395.57832879
1.34265	80623194.12289986
1.34266	80825797.78946765
1.34267	92674446.31289926
1.34268	87066282.17330861
1.34269	85355203.0862614
1.3427	79076966.34812562
1.34271	48739379.96123754
1.34272	26783048.02183429
1.34273	64864936.90799654
1.34274	63239728.97228519
1.34275	74492062.67579408
1.34276	75732100.05504479
1.34277	81494819.0896226
1.34278	64336880.58064899
1.34279	65894626.39593814
1.3428	81831403.52344467
1.34281	69347370.78287408
1.34282	75330352.55723491
1.34283	89423157.37913491
1.34284	80764405.38557576
1.34285	78757151.47737686
1.34286	89100471.04180169
1.34287	73260520.51569763
1.34288	71065693.74719192
1.34289	56958691.00320668
1.3429	62717682.1784656
1.34291	68451031.97674632
1.34292	77253826.51805012
1.34293	58728647.59335269
1.34294	43368060.487084135
1.34295	65843059.06934656
1.34296	73392215.83808146
1.34297	89112781.57714763
1.3429799999999998	87882013.77171674
1.34299	78773474.22248767
1.3430000000000002	78481988.81789637
1.34301	65643238.68633958
1.34302	75890951.86241528
1.34303	76918357.17702757
1.34304	83579544.50897032
1.34305	72846719.66762975
1.34306	48578041.32569911
1.34307	49747355.5908695
1.3430799999999998	79339598.79490513
1.34309	87948816.56755914
1.3431	90400326.70293882
1.34311	90419062.54423104
1.34312	75325149.10055245
1.34313	76552609.6105076
1.34314	70719633.28711611
1.34315	77358849.11031434
1.34316	94723993.64641017
1.34317	90690124.896717
1.3431799999999998	87772809.53781681
1.34319	81680803.25808652
1.3432	74308757.56399578
1.34321	75108657.59951411
1.34322	55160729.36267241
1.34323	46421588.76787661
1.34324	72885309.11238751
1.34325	44150944.63554342
1.34326	56017019.81255043
1.34327	72608923.84201036
1.34328	45576398.10695242
1.34329	16831390.65335348
1.3433	48702359.2601513
1.34331	71915085.31406304
1.34332	66079994.77921425
1.34333	77844870.41009557
1.34334	84178270.7660813
1.34335	85646574.95156895
1.34336	88825978.43013135
1.3433700000000002	89320264.40588208
1.34338	89823505.48648252
1.34339	84461735.31289445
1.3434	66954535.27627384
1.34341	71196722.23747711
1.34342	71163942.48361465
1.34343	65189852.74061678
1.34344	76371267.7716904
1.34345	69847360.66577458
1.34346	66593217.70624627
1.3434700000000002	79979742.21264933
1.34348	73220046.44034134
1.34349	73356736.13410413
1.3435	89379927.90150878
1.34351	96391779.96458748
1.34352	95069235.16255009
1.34353	88905780.71210352
1.34354	82252669.15467837
1.34355	67736070.69036831
1.34356	70318565.08860026
1.3435700000000002	83806943.13148901
1.34358	81859671.97043522
1.34359	81094238.50003912
1.3436	96707465.16809559
1.34361	104893843.73240083
1.34362	89476708.55891381
1.34363	79257432.59119724
1.34364	94863686.9866469
1.34365	99735552.99307358
1.34366	93072204.35098101
1.34367	77578253.81974456
1.34368	61043580.61849385
1.34369	74329292.66938812
1.3437	99215608.43118936
1.34371	109317577.73353456
1.34372	102284540.8548797
1.34373	103081326.82642528
1.34374	99451193.63747486
1.34375	93849075.76428191
1.34376	84648642.93407877
1.34377	92337901.41172495
1.34378	95494860.80002238
1.34379	101127669.73648596
1.3438	92920170.9237376
1.34381	92310265.48435591
1.34382	88029857.73625772
1.34383	68597770.35678095
1.34384	55500896.71836463
1.34385	64894815.19455462
1.34386	27528338.50552293
1.34387	49094178.8038594
1.34388	66436997.94839952
1.34389	56706128.80137058
1.3439	64019164.21055026
1.34391	79237360.46517518
1.34392	85913220.68074559
1.3439299999999998	92828215.11632998
1.34394	90057523.48179284
1.34395	92452785.39272916
1.34396	95010149.18027522
1.34397	81099840.48506366
1.34398	65301025.26339098
1.34399	65576766.7417772
1.344	81940762.31802794
1.34401	80075562.85066995
1.34402	70313707.82197413
1.3440299999999998	84327650.42750527
1.34404	80889099.3791955
1.34405	71556649.93124716
1.34406	76320287.90509526
1.34407	66200306.47269416
1.34408	62670044.05572794
1.34409	73790423.01291014
1.3441	88177950.41878903
1.34411	79913472.0247609
1.34412	63622393.00022311
1.3441299999999998	69187876.25599982
1.34414	82878140.79804142
1.34415	86141018.02464737
1.34416	88568644.89503074
1.34417	90190334.98798364
1.34418	84106585.08333296
1.34419	61968359.62233876
1.3442	37926258.42916785
1.34421	59952873.03483946
1.34422	73815913.7239518
1.34423	85298226.20223813
1.34424	78898727.70944308
1.34425	77143617.42839131
1.34426	73875426.29936348
1.34427	77884314.17613915
1.34428	102943753.66592678
1.34429	102218616.82803412
1.3443	89429334.72536504
1.34431	93788588.5299608
1.3443200000000002	107698585.65746264
1.34433	113164445.56654143
1.34434	105830293.36339322
1.34435	92488982.14561222
1.34436	82841890.27366978
1.34437	62420896.24292908
1.34438	78004561.53174825
1.34439	81551133.16425309
1.3444	67245000.32183352
1.34441	72172209.31507477
1.3444200000000002	79694802.73923199
1.34443	72592206.94412255
1.34444	84832057.41753891
1.34445	98407908.11879969
1.34446	100246680.36151823
1.34447	89309981.6223519
1.34448	86018130.60784656
1.34449	77676562.84888653
1.3445	75479671.26091002
1.34451	62759575.87617532
1.3445200000000002	53690815.44647216
1.34453	75339025.78383878
1.34454	79286637.48785484
1.34455	84069797.24298058
1.34456	81904921.7987684
1.34457	73730978.91445658
1.34458	32870022.39687751
1.34459	27628671.32465983
1.3446	63105905.09848486
1.34461	76246515.32101813
1.34462	66728290.67184867
1.34463	24772509.29290945
1.34464	34702439.04085013
1.34465	73314520.7540598
1.34466	73698729.31736927
1.34467	60481144.38367737
1.34468	63201880.43996982
1.34469	77852040.5178131
1.3447	81055035.43819708
1.34471	85153009.20209429
1.34472	88973361.71603395
1.34473	86260108.48488013
1.34474	79691132.74244204
1.34475	75538785.84206666
1.34476	86824041.98273617
1.34477	83345086.18172094
1.34478	77721289.94506717
1.34479	66218600.82069575
1.3448	35137430.5319927
1.34481	23266443.37864411
1.34482	55631401.36055723
1.34483	57962885.85734954
1.34484	30082920.77724203
1.34485	60994405.12297449
1.34486	50227319.31227373
1.34487	19324577.163520686
1.34488	47745231.12352056
1.34489	47190002.4618923
1.3449	68676791.93824959
1.34491	77766042.79564635
1.34492	73103807.9863388
1.34493	60389300.62135234
1.34494	76775030.91632748
1.34495	90844784.7026774
1.34496	94643327.29278472
1.34497	98014425.79508758
1.3449799999999998	100246680.36151823
1.34499	102310451.21057676
1.345	106807069.65936874
1.34501	105796183.20577286
1.34502	106389801.8446981
1.34503	102225678.08381864
1.34504	101491576.82942712
1.34505	96236539.91395172
1.34506	103223837.36245878
1.34507	90671332.88827296
1.3450799999999998	77365974.45175436
1.34509	68455760.56983897
1.3451	81148407.2351667
1.34511	84378150.15599541
1.34512	74238638.75003055
1.34513	79458433.71702123
1.34514	87975146.7605675
1.34515	71400293.99278443
1.34516	62895561.69700497
1.34517	74450908.21310444
1.3451799999999998	81803144.8383439
1.34519	95618075.84667043
1.3452	98752932.27172616
1.34521	90562833.05813456
1.34522	101290799.71377529
1.34523	96533932.85738972
1.34524	94497430.57072736
1.34525	71480898.02942444
1.34526	60175540.52474597
1.34527	75878720.67194748
1.34528	81187655.45719294
1.34529	71429893.07172155
1.3453	79067862.79998243
1.34531	98158971.66993544
1.34532	85384688.82070991
1.34533	59564842.80591956
1.34534	72004559.85451497
1.34535	93665574.2367896
1.34536	87657685.61608835
1.3453700000000002	82506848.73560865
1.34538	95763497.69692671
1.34539	87182636.81538147
1.3454	69331404.79887621
1.34541	72243703.24363564
1.34542	88623724.96202914
1.34543	83820452.30342628
1.34544	82830446.03413062
1.34545	77458663.63563974
1.34546	45049502.57771898
1.3454700000000002	60212963.16802675
1.34548	85313940.16343209
1.34549	88805527.84730174
1.3455	97176219.62124182
1.34551	99691929.11276354
1.34552	85098126.72212514
1.34553	87230829.03573368
1.34554	87351426.16605026
1.34555	76957331.48155096
1.34556	66330000.41262016
1.3455700000000002	56866958.387845606
1.34558	64056027.21285147
1.34559	69425657.26746525
1.3456	84679834.39194301
1.34561	69760566.7111973
1.34562	60153375.11960328
1.34563	66348330.60133302
1.34564	73159377.24961148
1.34565	78146584.25630203
1.34566	80149349.14423116
1.34567	86936069.25094153
1.34568	96458388.05024654
1.34569	79460263.33613524
1.3457	70964312.55008006
1.34571	62917288.80634464
1.34572	77019376.76097953
1.34573	88491182.78921199
1.34574	87323271.93137671
1.34575	66323891.47514467
1.34576	57510878.28048316
1.34577	78690082.38551277
1.34578	85810414.53955884
1.34579	80930085.64707135
1.3458	70169761.43410705
1.34581	78875114.00937924
1.34582	94844030.16944748
1.34583	87062272.71516196
1.34584	66453827.53216582
1.34585	72527047.80912471
1.34586	89474648.30528055
1.34587	93493194.68899237
1.34588	100265148.1833612
1.34589	90723542.52884124
1.3459	92898777.72677425
1.34591	94093581.61442848
1.34592	84596033.39948629
1.3459299999999998	61350767.48101173
1.34594	34774428.39475601
1.34595	67848460.83623458
1.34596	85761032.30893515
1.34597	94767625.70343556
1.34598	101104386.91064082
1.34599	104481644.5940262
1.3459999999999999	103121684.8242745
1.34601	110095609.47502343
1.34602	112950979.12741798
1.3460299999999998	96130234.1168684
1.34604	72084186.23012187
1.34605	75036056.19941759
1.34606	102103352.00395893
1.34607	99774601.06663944
1.34608	78480181.72412625
1.34609	77952491.39782578
1.3461	106900564.85596764
1.34611	121023581.21030553
1.34612	118738073.96162732
1.3461299999999998	115090638.64585508
1.34614	117300536.91536921
1.34615	115803050.55665936
1.34616	106775103.2363238
1.34617	90842692.94828944
1.34618	84405354.84253854
1.34619	72563797.05015425
1.3462	86882038.07000244
1.34621	95244520.55975217
1.34622	98220015.87742536
1.34623	88785081.97285073
1.34624	69675484.92766541
1.34625	39421214.4984041
1.34626	64621941.23064284
1.34627	82379660.91241886
1.34628	82260245.25435953
1.34629	91765619.32472824
1.3463	77394482.38110285
1.34631	69889188.85298802
1.3463200000000002	59666422.63107602
1.34633	70381740.09728836
1.34634	81167094.4978167
1.34635	77150722.94534789
1.34636	88617603.2634283
1.34637	81275565.51544428
1.34638	71438117.21548128
1.34639	79542639.81453614
1.3464	84251957.49861434
1.34641	91879791.28993566
1.3464200000000002	90968283.50154832
1.34643	91533485.46639048
1.34644	83546834.57911144
1.34645	83218522.33501735
1.34646	87289096.84563445
1.34647	80730938.27667338
1.34648	70543986.76454937
1.34649	65436490.62974663
1.3465	23169678.094131034
1.34651	40247601.10172429
1.3465200000000002	37936739.28956066
1.34653	36662324.74852064
1.34654	58097841.84577735
1.34655	73979262.92330912
1.34656	74047431.73058532
1.34657	66942202.93097277
1.34658	33104726.17689597
1.34659	16983609.67029149
1.3466	54335041.1119029
1.34661	75210763.94528484
1.3466200000000002	75585762.75347885
1.34663	76836929.21964224
1.34664	74844518.71216117
1.34665	83516060.45692347
1.34666	86152919.66820467
1.34667	83741358.1173008
1.34668	88102858.63415632
1.34669	99675861.96716678
1.3467	97147135.62749285
1.34671	96986212.5850381
1.34672	99629970.10419051
1.34673	87415812.79340479
1.34674	86740116.27814433
1.34675	83291368.93713081
1.34676	86630336.23244986
1.34677	84714938.52054508
1.34678	65932569.31185156
1.34679	52782505.30206645
1.3468	69214964.42266463
1.34681	71622586.40162739
1.34682	75221155.41411936
1.34683	50303708.10846239
1.34684	30244053.66484027
1.34685	68447879.76281253
1.34686	73525840.87551111
1.34687	61463883.92323589
1.34688	56508008.26352593
1.34689	70223100.40582849
1.3469	66903678.99047779
1.34691	58747582.52432623
1.34692	63792555.48043579
1.34693	84027220.89819461
1.34694	88497295.7546946
1.34695	68102020.9599683
1.34696	68227585.13195117
1.34697	81341092.28301877
1.3469799999999998	63650233.32473064
1.34699	57921526.63239584
1.347	81094238.50003912
1.34701	91516625.92812736
1.34702	89205164.82405157
1.34703	103440354.44196396
1.34704	102882142.55451614
1.34705	99272737.96805564
1.34706	74485202.01922154
1.34707	76540271.78200532
1.3470799999999998	93929065.16183975
1.34709	111232065.03006512
1.3471	103209577.44737203
1.34711	92191312.9372874
1.34712	111419190.79985964
1.34713	105849789.81949905
1.34714	85611084.77198629
1.34715	105871727.62586768
1.34716	97207550.58298194
1.34717	103326091.09314272
1.3471799999999998	93732456.72039342
1.34719	88415824.2578746
1.3472	73870323.34195556
1.34721	72542079.33950411
1.34722	93222339.98271866
1.34723	92586997.37049499
1.34724	74035497.65651064
1.34725	77678351.43843521
1.34726	69563271.77201858
1.34727	85092248.55481145
1.34728	84356781.19654143
1.34729	81391677.59814867
1.3473	66174398.13119677
1.34731	68353380.81485051
1.34732	75580541.65429476
1.34733	75526611.40948062
1.34734	83934401.88472773
1.34735	84619411.37697618
1.34736	68556715.07444046
1.3473700000000002	46364971.80283523
1.34738	68058128.1153558
1.34739	84411185.55927671
1.3474	87291106.77450621
1.34741	84027220.89819461
1.34742	76635500.83740969
1.34743	44923129.18001933
1.34744	43584292.44835199
1.34745	77070823.5998253
1.34746	80569375.98159118
1.3474700000000002	64959100.12258329
1.34748	61598480.61345895
1.34749	83791506.74384086
1.3475	94269238.73950832
1.34751	98437369.56371096
1.34752	96754238.680896
1.34753	80812771.25991157
1.34754	87339358.95413853
1.34755	91744491.94249076
1.34756	84712987.90945621
1.3475700000000002	92764113.79938877
1.34758	90823869.32603832
1.34759	100454639.627492
1.3476	98800695.09472664
1.34761	96114741.0024148
1.34762	93055061.39632936
1.34763	90606634.6594265
1.34764	87526588.21388981
1.34765	82599990.99997011
1.34766	73048280.93150386
1.34767	27930582.94204383
1.34768	27586080.55047246
1.34769	52821411.22093791
1.3477	51732087.08657461
1.34771	68332923.24500407
1.34772	68227585.13195117
1.34773	64903781.3639461
1.34774	56380639.81563666
1.34775	78051274.6698275
1.34776	89131250.56939168
1.34777	89782149.75677507
1.34778	79625101.69265611
1.34779	59285706.54587039
1.3478	72525377.83135994
1.34781	77108099.65858577
1.34782	74061073.02795494
1.34783	71029703.20625257
1.34784	26582755.69660164
1.34785	32295350.330199506
1.34786	65246917.6719708
1.34787	76348410.51830956
1.34788	66078473.2486224
1.34789	61070292.48853487
1.3479	70006763.47736359
1.34791	59395015.49952431
1.34792	72285302.03411907
1.34793	81976618.52062818
1.34794	64495587.03025491
1.34795	38183875.03167899
1.34796	63942557.10418947
1.34797	66553362.13454634
1.34798	79257432.59119724
1.34799	78924165.75415036
1.348	77715921.33398569
1.34801	90982947.03820464
1.34802	93076490.5830808
1.3480299999999998	88625765.62220278
1.34804	76658444.04013933
1.34805	79856450.03185225
1.34806	74028679.04919364
1.34807	77873554.80373915
1.34808	73960527.50582373
1.34809	32621956.17907885
1.3481	24084076.60989187
1.34811	69098719.60517958
1.34812	81221311.89875941
1.3481299999999998	85000210.2591718
1.34814	78234804.203146
1.34815	81088636.90197296
1.34816	91335581.89706536
1.34817	92140380.20952688
1.34818	91994105.30439603
1.34819	102082195.04717658
1.3482	99304744.8764046
1.34821	83654633.33428761
1.34822	77081472.06314991
1.3482299999999998	66479845.27476922
1.34824	80586074.31771956
1.34825	73252086.57208157
1.34826	83722078.17678441
1.34827	89895923.8563749
1.34828	96331872.01442154
1.34829	94706546.4489485
1.3483	88985654.68936446
1.34831	76690222.89159015
1.34832	53964728.94250536
1.34833	66789778.0104205
1.34834	81372938.62928191
1.34835	67561611.50841556
1.34836	36706248.46284547
1.34837	50745787.90806487
1.34838	70529369.2613045
1.34839	50805414.62391975
1.3484	66712927.68390773
1.34841	45924030.8484588
1.3484200000000002	15672201.254028315
1.34843	46107332.79587513
1.34844	65830931.4466729
1.34845	79817845.34911534
1.34846	83988533.84165321
1.34847	85147127.24376412
1.34848	71132815.69666524
1.34849	71748033.12910941
1.3485	64042754.08740758
1.34851	81727836.04390305
1.3485200000000002	73685154.76003088
1.34853	79310374.39017501
1.34854	86329653.93859388
1.34855	101664657.0583602
1.34856	105334345.23530713
1.34857	105832730.2240077
1.34858	105450829.41568343
1.34859	95849532.72610302
1.3486	82489752.39353286
1.34861	66711391.57966469
1.3486200000000002	74137852.16417302
1.34863	93989642.99399464
1.34864	97978322.59703349
1.34865	101931871.95456004
1.34866	110275744.8822934
1.34867	103573821.39496104
1.34868	97910664.9403362
1.34869	103559513.13113368
1.3487	85182425.08918773
1.34871	93417878.42920038
1.34872	107926973.82356223
1.34873	98419238.40012433
1.34874	83325897.47568557
1.34875	75671091.78015041
1.34876	87647594.23299693
1.34877	95640095.25725798
1.34878	94948913.61551815
1.34879	98773399.22503996
1.3488	88446367.27600177
1.34881	87853688.5233732
1.34882	82969791.74323322
1.34883	73088660.05949959
1.34884	39180502.35271043
1.34885	22534088.72699052
1.34886	65681036.85019557
1.34887	80654759.4004839
1.34888	85078534.41005681
1.34889	89133302.91590884
1.3489	89412862.75029528
1.34891	90348303.06681466
1.34892	87934642.03554408
1.34893	82531549.70756605
1.34894	67982949.04549553
1.34895	65273965.86125097
1.34896	28594334.94116608
1.34897	34887512.09014947
1.3489799999999998	52664746.73476111
1.34899	72087505.90601291
1.349	58254569.8783164
1.34901	67715797.87605025
1.34902	74040612.02415009
1.34903	90346222.74420686
1.34904	89429334.72536504
1.34905	81908693.74665976
1.34906	71855497.39737375
1.34907	62310322.6374832
1.3490799999999998	84652541.23790729
1.34909	101125341.21264604
1.3491	102487287.74943128
1.34911	95444300.62952477
1.34912	68933447.6625931
1.34913	66029802.76330336
1.34914	85225586.77252686
1.34915	98068605.53750098
1.34916	102155087.47101618
1.34917	83254937.66863796
1.3491799999999998	81133460.52282636
1.34919	84894587.02132897
1.3492	98419238.40012433
1.34921	95005773.90195696
1.34922	85723520.82084052
1.34923	73982669.87271656
1.34924	49889597.48321045
1.34925	59671918.36477216
1.34926	64917232.94085129
1.34927	55978337.9878853
1.34928	66757490.09643068
1.34929	89168200.03799799
1.3493	101444848.99136099
1.34931	109046065.40390529
1.34932	109083735.08555156
1.34933	106527074.40876442
1.34934	94577972.57373124
1.34935	86468913.10003896
1.34936	98814345.8581287
1.3493700000000002	99767709.1194092
1.34938	88738074.32401408
1.34939	67356575.66592865
1.3494	58892501.27328046
1.34941	82478356.80027959
1.34942	89968400.61210185
1.34943	70381740.09728836
1.34944	73405736.42910594
1.34945	98627948.56312098
1.34946	99907938.99844596
1.3494700000000002	96792119.52194417
1.34948	86598426.31550494
1.34949	86470904.14326501
1.3495	70921840.90890732
1.34951	64138677.38182393
1.34952	81646956.41274887
1.34953	66722145.05217394
1.34954	78728141.61464563
1.34955	99634558.33951709
1.34956	95036405.08187748
1.3495700000000002	96977280.23610124
1.34958	104582736.17674153
1.34959	96894694.99787368
1.3496	87732397.97107579
1.34961	78173579.79199399
1.34962	62300280.20942576
1.34963	74151510.11913623
1.34964	93587964.14413832
1.34965	90038862.55543898
1.34966	76013372.25720972
1.34967	61689322.40738208
1.34968	81677041.80469868
1.34969	103647778.92383629
1.3497	111339688.00581624
1.34971	109890462.1915312
1.34972	105579597.010928
1.34973	86391298.16285789
1.34974	85634743.2572874
1.34975	88224661.35048284
1.34976	88159678.96100092
1.34977	82717995.18641345
1.34978	67553833.63817847
1.34979	75571840.62374929
1.3498	77449746.39075696
1.34981	84314059.51147717
1.34982	87480246.88006206
1.34983	77132960.37996055
1.34984	70704979.38794677
1.34985	62357687.32091931
1.34986	74816950.05111551
1.34987	82918225.62264848
1.34988	79636103.06691767
1.34989	67440378.6486801
1.3499	76329075.10877879
1.34991	76406446.13972802
1.34992	38394586.96782365
1.34993	44865240.486815006
1.34994	79407221.48227207
1.34995	85958731.90621392
1.34996	86540619.5466804
1.34997	77628286.49526049
1.34998	73564790.07442711
1.34999	81846478.81347902
1.35	89840053.11170676
1.35001	93646165.68195544
1.35002	100052973.4831353
1.3500299999999998	100214369.85798074
1.35004	76492701.63868752
1.35005	72237049.65908314
1.35006	96012991.2079355
1.35007	104166962.41485004
1.35008	96778748.1201374
1.35009	96631784.55932789
1.3501	93409274.7208502
1.35011	102747201.04143174
1.35012	89133302.91590884
1.3501299999999998	85351272.42440438
1.35014	90635847.49580748
1.35015	85727468.6257648
1.35016	68857301.68824643
1.35017	63210612.70562442
1.35018	51148158.22720137
1.35019	64365033.55554826
1.3502	80484082.95201057
1.35021	80905863.97931932
1.35022	77180928.69459999
1.3502299999999998	58845058.64453646
1.35024	19528100.433407426
1.35025	42448270.483164206
1.35026	68828768.6382809
1.35027	51588155.47123794
1.35028	69919771.4451459
1.35029	77597905.66677858
1.3503	64711281.44159891
1.35031	75510961.45066786
1.35032	85139285.26466998
1.35033	83847477.18044244
1.35034	85015869.31874382
1.35035	81863441.834447
1.35036	78227598.84321366
1.35037	68710008.14137547
1.35038	62178465.51398492
1.35039	56510610.61339594
1.3504	28379190.28441552
1.35041	16485798.981541168
1.3504200000000002	40714583.834897295
1.35043	75786177.03029943
1.35044	79760891.59030393
1.35045	81961519.2601817
1.35046	82965970.93109874
1.35047	80334112.4757972
1.35048	77085021.87785703
1.35049	81605607.09253009
1.3505	79588441.42020665
1.35051	58146020.89240717
1.3505200000000002	32642243.48881575
1.35053	36568740.27840072
1.35054	59278881.41955779
1.35055	66682212.31836566
1.35056	81133460.52282636
1.35057	86411192.78475437
1.35058	89242144.93390228
1.35059	88430076.3535516
1.3506	79617768.28748961
1.35061	64329473.94990939
1.3506200000000002	70781538.79616778
1.35063	60765909.15128079
1.35064	74240348.17754002
1.35065	72436924.01299028
1.35066	58522113.218663596
1.35067	33465706.661967933
1.35068	25696264.85762149
1.35069	69076448.39962755
1.3507	79531651.35180783
1.35071	76824545.56792673
1.35072	60153375.11960328
1.35073	50654729.43787365
1.35074	43202611.52725435
1.35075	68676791.93824959
1.35076	81914351.99420281
1.35077	83053894.142164
1.35078	80042381.18395028
1.35079	75707690.8449053
1.3508	66054133.52324571
1.35081	60851319.51265978
1.35082	65644750.19516989
1.35083	33700007.69209929
1.35084	38903618.70019002
1.35085	74320735.68591349
1.35086	81333600.83655633
1.35087	87431916.8643935
1.35088	86268053.70036197
1.35089	90130130.52392256
1.3509	95492661.97490811
1.35091	92866697.16609712
1.35092	102972202.00634198
1.35093	92584865.50063974
1.35094	81316747.60457054
1.35095	95466280.02228317
1.35096	99951657.40184855
1.35097	96836704.20546496
1.3509799999999998	75904932.78002176
1.35099	67538280.58382751
1.351	85812390.42012027
1.35101	89695364.69118685
1.35102	82495450.78057161
1.35103	58702959.94821012
1.35104	59094899.71760727
1.35105	83073020.20990641
1.35106	72992796.05304666
1.35107	75824577.6624846
1.3510799999999998	90067892.33421454
1.35109	78071046.34081936
1.3511	75255804.01386872
1.35111	82969791.74323322
1.35112	85272697.18817137
1.35113	70998635.13495664
1.35114	78139387.0213529
1.35115	91447113.15107515
1.35116	99316178.4158202
1.35117	104794864.3905859
1.3511799999999998	97494473.88191171
1.35119	85642630.87185025
1.3512	92574206.8876537
1.35121	93218047.0341608
1.35122	103507066.40613209
1.35123	101283803.03487033
1.35124	116163583.23264812
1.35125	104145377.8549046
1.35126	87439970.01238598
1.35127	87835484.25627741
1.35128	93814506.8552461
1.35129	82449874.70401713
1.3513	64064877.49139577
1.35131	72102446.33951645
1.35132	76971508.85163598
1.35133	57168921.59699887
1.35134	64019164.21055026
1.35135	63694216.53777091
1.35136	77574681.29139009
1.3513700000000002	90537813.0794059
1.35138	81170832.46672246
1.35139	86784067.23901103
1.3514	92267764.82299909
1.35141	85086370.79353279
1.35142	60415726.18705018
1.35143	33958617.40366522
1.35144	58702959.94821012
1.35145	66264358.81206504
1.35146	81041971.96287507
1.3514700000000002	85365030.53287563
1.35148	73373629.09161238
1.35149	35526301.72943346
1.3515	55290434.13636439
1.35151	82091841.88699046
1.35152	90294230.24386248
1.35153	86886039.22784618
1.35154	76018623.25630535
1.35155	82761813.7896434
1.35156	81840825.25428726
1.3515700000000002	88050129.69387966
1.35158	84129827.80256982
1.35159	65063886.2464537
1.3516	49514226.6152384
1.35161	74722260.20577313
1.35162	89384044.0940787
1.35163	92308139.98641445
1.35164	73710609.10642649
1.35165	78791614.57363938
1.35166	86329653.93859388
1.35167	88635969.62792012
1.35168	95809814.6506133
1.35169	86824041.98273617
1.3517	70846761.0339442
1.35171	68086341.69535314
1.35172	60543845.20387082
1.35173	65072875.7754878
1.35174	80595352.66648534
1.35175	83159142.03442192
1.35176	78110604.70953907
1.35177	74663784.6151758
1.35178	33720965.43266004
1.35179	20375580.93951796
1.3518	66656115.37681662
1.35181	79178997.72463894
1.35182	84034960.44765845
1.35183	87387637.80627993
1.35184	76663739.60075417
1.35185	60102148.88597051
1.35186	72173871.16074033
1.35187	60774304.8518165
1.35188	71847225.20371081
1.35189	79138898.27849433
1.3519	81592454.88269356
1.35191	90901280.28115
1.35192	97140425.17287657
1.35193	94636789.78914768
1.35194	91767732.330526
1.35195	94820010.70195071
1.35196	89137407.7507173
1.35197	81030776.37406392
1.35198	53789808.73168735
1.35199	36943666.91660475
1.3519999999999999	46473994.25856444
1.35201	73258833.6492941
1.35202	77596118.92954093
1.3520299999999998	79691132.74244204
1.35204	87861780.51976009
1.35205	86093427.88973902
1.35206	76766192.3730396
1.35207	83320141.72540267
1.35208	87218778.48378001
1.35209	73826112.47379416
1.3521	67217135.37640159
1.35211	69089173.92368469
1.35212	55977049.053859
1.3521299999999998	78704578.96951
1.35214	85205965.11507598
1.35215	83124682.59589317
1.35216	75240210.16937791
1.35217	90111454.5525773
1.35218	90099006.05499132
1.35219	87579003.63063666
1.3522	88456550.62653224
1.35221	79409049.92216724
1.35222	66072387.47658802
1.3522299999999998	42009740.61134104
1.35224	58669177.53238087
1.35225	79570117.61401492
1.35226	85125563.53910445
1.35227	90598289.86427262
1.35228	83404599.25688648
1.35229	75248873.01735842
1.3523	90982947.03820464
1.35231	83567998.36577214
1.35232	73957121.57608679
1.35233	79507848.2232261
1.35234	93359818.77299732
1.35235	94830927.88754036
1.35236	86486834.13961524
1.35237	94601930.72899117
1.35238	92804706.15860447
1.35239	83990467.77137831
1.3524	84415072.92753719
1.35241	85260917.14344376
1.3524200000000002	85693918.07817325
1.35243	84281062.11972372
1.35244	79080608.06085695
1.35245	71085332.63712521
1.35246	39678020.73116723
1.35247	16580972.53769558
1.35248	27975638.023139697
1.35249	66702175.69694301
1.3525	72295289.30753388
1.35251	72729399.20260662
1.3525200000000002	63198969.95283187
1.35253	29875143.498734105
1.35254	53734102.57172705
1.35255	69641801.98797648
1.35256	68820844.88958524
1.35257	55497062.98465561
1.35258	75735587.72744393
1.35259	67511848.60895087
1.3526	73610539.37510599
1.35261	92352785.72249828
1.3526200000000002	88265299.66509466
1.35263	90327501.99613611
1.35264	71423314.43840417
1.35265	68700516.15864414
1.35266	73539386.08344434
1.35267	82105074.5949889
1.35268	66855940.09223826
1.35269	63207701.81636004
1.3527	60310093.25457694
1.35271	75455343.41108507
1.35272	85745235.99790974
1.35273	67047100.31211358
1.35274	61830107.27517131
1.35275	80727220.56517692
1.35276	82811375.81472665
1.35277	71647328.23911084
1.35278	78193382.44488361
1.35279	95781139.6099372
1.3528	98335425.1994482
1.35281	82967881.31517161
1.35282	70600861.41556144
1.35283	65674987.68172056
1.35284	70362295.59030211
1.35285	82929681.9902237
1.35286	88048102.28806052
1.35287	98777948.01291151
1.35288	85388621.0214843
1.35289	81635677.24802054
1.3529	84294647.71677235
1.35291	62222864.432521805
1.35292	58755699.36347083
1.35293	79658110.37565419
1.35294	64159356.58147736
1.35295	61834378.49519172
1.35296	73132429.30327673
1.35297	84580451.66942605
1.3529799999999998	83487220.0124035
1.35299	90662982.1344664
1.3530000000000002	87490318.99546835
