1.31901	20068272.983924072
1.31902	16323376.583498595
1.31903	9075697.247474425
1.31904	19474216.77517165
1.31905	21519392.159004435
1.31906	21339291.695162576
1.31907	21348137.924555007
1.31908	21649107.65170999
1.31909	21421999.261361234
1.3191	20287568.536847472
1.31911	14248527.994447704
1.31912	20641915.69556441
1.31913	21453097.176652387
1.31914	21715008.31519484
1.31915	21291193.15929507
1.31916	19089299.85880162
1.3191700000000002	21589868.642534368
1.31918	21810217.673040397
1.31919	21503046.793402534
1.3192	21333396.245492324
1.31921	21370761.619734287
1.31922	20972007.289750285
1.31923	21709508.939688686
1.31924	21643624.96569754
1.31925	21585892.00803148
1.31926	21482756.20872297
1.3192700000000002	19920947.916184228
1.31928	6771112.0396003965
1.31929	15335572.729958195
1.3193	20726215.05132468
1.31931	19306342.214162007
1.31932	20818527.092716653
1.31933	18344674.068044696
1.31934	1759057.3546325043
1.31935	10313830.741565773
1.31936	20428195.243753184
1.3193700000000002	21084339.470470093
1.31938	20609146.194795813
1.31939	12725943.771171205
1.3194	2749223.1990257883
1.31941	15759048.786365788
1.31942	18967495.94981757
1.31943	20260026.07644401
1.31944	20859793.267271563
1.31945	17405640.12874284
1.31946	13073142.647301035
1.31947	4984940.74148588
1.31948	15220537.8702316
1.31949	20981184.36500615
1.3195	20779256.305641886
1.31951	21587880.233717527
1.31952	21524347.75267589
1.31953	21569992.79322785
1.31954	21350595.86124991
1.31955	21195321.083957247
1.31956	20469159.02270457
1.31957	21631169.4789676
1.31958	21854455.97362111
1.31959	21464955.872651186
1.3196	21592851.599166706
1.31961	21547654.33363459
1.31962	19811620.486544896
1.31963	19943436.742573407
1.31964	21590862.915622056
1.31965	21502551.673152857
1.31966	18210002.272823203
1.31967	15703628.043335512
1.31968	20872765.790584933
1.31969	21284330.795679536
1.3197	21569992.79322785
1.31971	21888701.563062705
1.31972	21856468.936101664
1.3197299999999998	21908871.089216527
1.31974	21895254.621527288
1.31975	21941686.21595128
1.31976	21856468.936101664
1.31977	21627683.22734683
1.31978	21916439.4521474
1.31979	21869557.71233853
1.3198	21732015.193999626
1.31981	21009707.20290422
1.31982	15073010.441631328
1.3198299999999998	19790647.34244875
1.31984	21340765.81212478
1.31985	21758552.484904356
1.31986	21246138.09671477
1.31987	21547654.33363459
1.31988	21795658.768627387
1.31989	21763563.153616443
1.3199	21612748.51191003
1.31991	21704010.956911866
1.31992	21210455.73429616
1.3199299999999998	19193757.34581892
1.31994	21651600.24081997
1.31995	21615236.914778367
1.31996	21684030.027047627
1.31997	21639140.164473828
1.31998	21610260.39551317
1.31999	21356004.31817306
1.32	21618223.37640923
1.32001	21399321.324559387
1.32002	20149765.673922576
1.32003	11463045.071179992
1.32004	12477856.87998131
1.32005	11763864.133796254
1.32006	138658.02182105256
1.32007	7712408.063089235
1.32008	18158083.129083976
1.32009	18793168.16803264
1.3201	19652146.81716253
1.32011	7685816.298119738
1.3201200000000002	1369430.511794215
1.32013	18326941.77107361
1.32014	18014823.023600064
1.32015	18329895.963151485
1.32016	21476821.12381866
1.32017	21655588.98034152
1.32018	21571979.554474667
1.32019	21016964.95199304
1.3202	18386962.90923299
1.32021	18518678.83981098
1.3202200000000002	21297567.335175246
1.32023	21493146.554191764
1.32024	21864019.19684409
1.32025	21865529.561949953
1.32026	21658082.31568499
1.32027	21482756.20872297
1.32028	20391069.27114869
1.32029	14227546.05149122
1.3203	15096977.229123807
1.32031	19645812.734507967
1.3203200000000002	21315719.667169087
1.32033	21669555.35626792
1.32034	21744028.068388093
1.32035	20978285.907488
1.32036	18537877.159617797
1.32037	13515122.921256015
1.32038	8305389.4142164
1.32039	13885131.592122955
1.3204	21348629.489255887
1.32041	21646116.923553627
1.32042	21444701.231113
1.32043	20889594.032430016
1.32044	15122723.092540622
1.32045	18807886.70411396
1.32046	21629177.26637832
1.32047	21592851.599166706
1.32048	18706821.403658014
1.32049	14401575.316464335
1.3205	10134445.697847933
1.32051	11071845.069823198
1.32052	20350730.35632222
1.32053	21243692.185472187
1.32054	20228794.3829068
1.32055	10873766.428482264
1.32056	17647776.702567544
1.32057	21416574.091067914
1.32058	21054745.682397254
1.32059	21709009.065527044
1.3206	20855951.105236992
1.32061	21023257.029194593
1.32062	21691021.25924206
1.32063	21379620.89502232
1.32064	20354010.77086984
1.32065	19936090.66223109
1.32066	21235378.19326975
1.32067	14355224.87099902
1.32068	17505720.89703114
1.32069	21381097.797923185
1.3207	19300119.587775204
1.32071	18109647.62688653
1.32072	21706010.06225617
1.32073	21670553.29914889
1.32074	19342829.335892037
1.32075	20814692.53149227
1.32076	21925524.93884624
1.32077	21990747.906992286
1.3207799999999998	21933099.054806545
1.32079	20590173.20839724
1.3208	21320628.35811652
1.32081	21557579.680386312
1.32082	21635154.45465708
1.32083	20989882.140568204
1.32084	21927544.44732184
1.32085	21781611.117029484
1.32086	20798403.524233546
1.32087	20580219.38370433
1.3208799999999998	20701890.161059327
1.32089	20596337.512316316
1.3209	19342829.335892037
1.32091	20934857.06283836
1.32092	21126132.53436411
1.32093	21318664.74610444
1.32094	17736584.81475158
1.32095	19494854.581884988
1.32096	21827801.716352064
1.32097	21700013.298554167
1.3209799999999998	21846405.977449834
1.32099	20735284.57112158
1.321	19773338.449211426
1.32101	21661573.46745478
1.32102	21286781.38588436
1.32103	16214367.047736024
1.32104	11002718.452957332
1.32105	20031339.88603589
1.32106	21740023.039284945
1.32107	21721009.222745616
1.32108	21875097.630829904
1.32109	21283350.63859252
1.3211	19548795.34334268
1.32111	21827299.118430033
1.32112	21952298.52741348
1.32113	22032815.614646774
1.32114	22033830.28666606
1.32115	22040426.79389383
1.32116	21992267.026509587
1.3211700000000002	21676042.80655089
1.32118	21831320.225861914
1.32119	21198737.64141765
1.3212	21898279.771706354
1.32121	21896262.95848286
1.32122	21835844.85719754
1.32123	21626189.291516248
1.32124	19215425.24428049
1.32125	5818084.171633576
1.32126	15812844.492712004
1.3212700000000002	20830994.296064664
1.32128	20824280.25912633
1.32129	20334336.212346584
1.3213	21072691.052760825
1.32131	21386513.981488246
1.32132	19448226.33022419
1.32133	21320628.35811652
1.32134	21151442.93725299
1.32135	19429874.7037308
1.32136	4377639.556283777
1.3213700000000002	14854567.104295801
1.32138	21041175.561164934
1.32139	21278450.53016908
1.3214	17434520.198298432
1.32141	11153983.558875486
1.32142	6261955.83135838
1.32143	17447772.906599388
1.32144	8473054.50262803
1.32145	18067996.5931486
1.32146	19427190.55275857
1.32147	21058139.57995393
1.32148	21881646.61653745
1.32149	21966456.260734
1.3215	21934614.19194467
1.32151	21973032.597467337
1.32152	22038396.889048673
1.32153	22000370.76977728
1.32154	21759554.52634893
1.32155	21521374.25954597
1.32156	21047959.528158545
1.32157	14345642.373939335
1.32158	21029066.772392344
1.32159	21743527.399403386
1.3216	21657084.94710071
1.32161	19647169.866047386
1.32162	12223061.587038014
1.32163	12798822.02521088
1.32164	19660293.638588555
1.32165	21087252.58084168
1.32166	20599657.517250784
1.32167	11975674.959701078
1.32168	18238537.06052584
1.32169	21561054.631739654
1.3217	21432853.72515056
1.32171	20979252.015501395
1.32172	21238312.171853524
1.3217299999999998	15689171.126078565
1.32174	18830419.706271134
1.32175	20911250.280715227
1.32176	19950785.52981041
1.32177	18244837.51604636
1.32178	20775907.3551358
1.32179	18787110.9427522
1.3218	20668073.627610374
1.32181	21535749.94940265
1.32182	21887189.597347
1.3218299999999998	22056672.76501301
1.32184	22085640.56916096
1.32185	22018108.120146167
1.32186	21989735.218944125
1.32187	21990241.55713875
1.32188	22041949.345225595
1.32189	21862005.538990848
1.3219	21905340.08099165
1.32191	21581419.169722464
1.32192	19769241.192277133
1.3219299999999998	8235121.289862225
1.32194	18304168.287058506
1.32195	19622755.8359012
1.32196	18362423.52196209
1.32197	15798287.0296979
1.32198	20048874.62476392
1.32199	17214325.078324165
1.3219999999999998	21280900.44334434
1.32201	21216805.73893608
1.32202	19020415.50675872
1.3220299999999998	21691021.25924206
1.32204	21838861.799047437
1.32205	22031800.989353694
1.32206	21641133.294722106
1.32207	21839364.663213093
1.32208	21791142.46429888
1.32209	19542044.59451129
1.3221	16233792.85422942
1.32211	20417849.5796434
1.32212	21493146.554191764
1.32213	19463906.06617421
1.32214	7755146.386685402
1.32215	19449121.97476764
1.32216	21544677.620803926
1.32217	21649606.14657464
1.32218	19123175.027818326
1.32219	14041710.018958582
1.3222	19682035.01064848
1.32221	18531048.811186686
1.3222200000000002	18908627.224514063
1.32223	18450579.02718585
1.32224	15591216.420739396
1.32225	20615316.178864107
1.32226	19990791.97965084
1.32227	8520596.511507597
1.32228	9815445.138632156
1.32229	20387313.443313096
1.3223	21426439.05923543
1.32231	21276000.899034247
1.3223200000000002	18594307.12541931
1.32233	16575246.661547394
1.32234	20500761.820649948
1.32235	21685028.63652717
1.32236	21497106.10277707
1.32237	15343343.219390744
1.32238	20570744.024381235
1.32239	21925524.93884624
1.3224	21857978.779635973
1.32241	21891725.807840746
1.3224200000000002	21975056.481761504
1.32243	22063276.110841677
1.32244	22038904.347732466
1.32245	21992773.423001897
1.32246	20624812.069149964
1.32247	19720140.2805811
1.32248	21573469.74549993
1.32249	19664368.31569212
1.3225	18112149.74000229
1.32251	17190559.030122086
1.32252	4050699.254092341
1.32253	18810052.166743394
1.32254	21424465.70214632
1.32255	21823278.751645204
1.32256	21281390.459827084
1.32257	21680036.048974164
1.32258	22024192.78883954
1.32259	21731514.80161838
1.3226	21192881.022902694
1.32261	21675543.70296666
1.32262	21172395.59707408
1.32263	21851436.87750529
1.32264	21507008.165847287
1.32265	22005943.82536659
1.32266	21228045.01994605
1.32267	20306730.260014646
1.32268	21840873.32518528
1.32269	22107009.60837443
1.3227	22048548.28314416
1.32271	21790640.7104776
1.32272	21563537.082787488
1.32273	21668058.528113045
1.32274	21142191.3916668
1.32275	21732015.193999626
1.32276	19861863.825144146
1.32277	12537184.006801207
1.3227799999999998	20813734.00154868
1.32279	21885677.73607057
1.3228	21435321.415673904
1.32281	16801575.19633142
1.32282	21130024.47024128
1.32283	21822776.257867087
1.32284	21766570.10869001
1.32285	21868550.60517658
1.32286	19712422.55001467
1.32287	19611914.896022394
1.3228799999999998	21305415.094467305
1.32289	21089680.48027236
1.3229	21677540.18625924
1.32291	19774249.066066
1.32292	15291848.967986
1.32293	3852210.4053823836
1.32294	19384740.876683813
1.32295	20112219.49282843
1.32296	17374007.31385769
1.32297	19157992.54830984
1.3229799999999998	19742402.414542183
1.32299	19367786.98909935
1.3230000000000002	18750376.81908508
1.32301	16069412.530128753
1.32302	19352184.684767794
1.32303	21273551.5499074
1.32304	21890717.679823864
1.32305	21970503.004219886
1.32306	21727512.07733177
1.32307	20801756.100985914
1.32308	17848429.16498006
1.32309	11676696.70975418
1.3231	17185414.045954946
1.32311	19594762.322120145
1.32312	13911693.474375986
1.32313	19656219.80580368
1.32314	18312599.609300733
1.32315	18369189.735095713
1.32316	2779393.2598641147
1.3231700000000002	10785492.967805987
1.32318	17928336.70844809
1.32319	12889616.614495145
1.3232	74281.8993677067
1.32321	214107.5589037999
1.32322	14625138.919577895
1.32323	19282351.704381574
1.32324	20750568.523535047
1.32325	21291193.15929507
1.32326	21492156.7810052
1.3232700000000002	21626189.291516248
1.32328	21176783.663557354
1.32329	19219407.72057089
1.3233	21400306.822416827
1.32331	21764565.42581616
1.32332	20782605.7959786
1.32333	21627683.22734683
1.32334	21903826.965967536
1.32335	20720488.97759003
1.32336	17947336.268325243
1.3233700000000002	19711968.65993721
1.32338	10198352.053318288
1.32339	19048465.68995455
1.3234	21030519.45903591
1.32341	20841069.41050033
1.32342	21764064.28394676
1.32343	20672357.171281356
1.32344	14692983.80818289
1.32345	20732897.470679145
1.32346	21949771.32112665
1.32347	22061244.10159356
1.32348	21979610.90303016
1.32349	19838096.568365026
1.3235	19422270.572331663
1.32351	21631169.4789676
1.32352	18085894.78512481
1.32353	17868989.7618043
1.32354	19660746.338790987
1.32355	21699513.643035226
1.32356	21886685.63198421
1.32357	21646116.923553627
1.32358	21567509.59898167
1.32359	20568375.86627888
1.3236	10917168.162286254
1.32361	9526206.686483547
1.32362	14066951.820610356
1.32363	16075333.811161298
1.32364	19162404.347022854
1.32365	21467427.259283602
1.32366	21331922.63758416
1.32367	22052610.149932366
1.32368	22083606.50016497
1.32369	21976068.49381327
1.3237	21634158.141915604
1.32371	14697044.19057824
1.32372	14135461.758080894
1.32373	21412136.337325484
1.32374	22011518.2927026
1.32375	22055657.04108285
1.32376	21606777.51376689
1.32377	20998100.01711632
1.32378	21515428.505554028
1.32379	22006450.536782376
1.3238	20988915.543030646
1.32381	21622703.84254217
1.32382	22033322.944815494
1.3238299999999998	21284330.795679536
1.32384	21632165.654072974
1.32385	21078029.111827306
1.32386	17142730.591930427
1.32387	14453066.469538406
1.32388	21314247.28027361
1.32389	21750537.81437632
1.3239	21530791.73058061
1.32391	21583406.98342591
1.32392	21908366.62462469
1.3239299999999998	21441245.032200754
1.32394	21580425.331525244
1.32395	20320294.60087421
1.32396	16659424.70628678
1.32397	5244329.856271778
1.32398	17718216.334659588
1.32399	20315148.43980508
1.324	20473401.34050165
1.32401	20121020.33622401
1.32402	19215425.24428049
1.3240299999999998	17872693.18377676
1.32404	13013077.012932768
1.32405	1030552.2124471592
1.32406	3482.13015390761
1.32407	342758.3156533484
1.32408	9873474.298469365
1.32409	10560391.041062426
1.3241	18914723.62833013
1.32411	20053491.58027439
1.32412	20812296.289396796
1.32413	21286781.38588436
1.32414	21584400.95893635
1.32415	21534758.214302406
1.32416	20761082.775351454
1.32417	21271592.27362982
1.32418	21846909.015328623
1.32419	21375190.79839551
1.3242	21836347.651894834
1.32421	21321119.28937893
1.3242200000000002	18484171.95369656
1.32423	16744415.802533966
1.32424	21719008.73599119
1.32425	21940170.59031191
1.32426	21774089.3141147
1.32427	18215453.99910256
1.32428	15054627.00995885
1.32429	19301008.411594056
1.3243	5103639.617171172
1.32431	17477527.735752568
1.3243200000000002	21567012.994438127
1.32433	21947749.7655746
1.32434	21997331.51617985
1.32435	21328975.72713002
1.32436	17571951.665597513
1.32437	20424432.577690545
1.32438	9446044.778571773
1.32439	18937820.682092752
1.3244	21356004.31817306
1.32441	21563040.56971346
1.3244200000000002	20480473.82411541
1.32443	20087690.112034854
1.32444	21536741.73017512
1.32445	21765066.57922491
1.32446	21964433.168512974
1.32447	19427190.55275857
1.32448	20223671.394477077
1.32449	21940675.78722556
1.3245	22167667.566360153
1.32451	22109045.83297552
1.32452	21960387.54302908
1.32453	22011518.2927026
1.32454	21392916.694598954
1.32455	22011011.464598674
1.32456	22196781.143884767
1.32457	21991254.26850509
1.32458	20647144.632151216
1.32459	19878334.75819415
1.3246	21173370.64437486
1.32461	22074963.79669135
1.32462	22050579.12301032
1.32463	20797924.628807936
1.32464	18738723.370622195
1.32465	21156313.79773026
1.32466	17200853.619846907
1.32467	17656312.222633768
1.32468	14145555.272127764
1.32469	2484848.9854530054
1.3247	3071213.442556585
1.32471	4995741.981759645
1.32472	19000717.45737512
1.32473	18978417.661393605
1.32474	21075602.55373277
1.32475	21187026.02240761
1.32476	21822273.775659174
1.32477	21037784.39766477
1.3247799999999998	19667085.236246806
1.32479	21775092.071073268
1.3248	21577940.93625784
1.32481	17960978.789578367
1.32482	20150229.64476488
1.32483	21358463.160572134
1.32484	22096322.50555607
1.32485	22165115.56622368
1.32486	22005943.82536659
1.32487	21938149.91897912
1.3248799999999998	22032308.296159536
1.32489	20822362.36035838
1.3249	17072613.16106143
1.32491	21525834.65329921
1.32492	21401785.15430029
1.32493	15819399.726677952
1.32494	8416857.994236967
1.32495	17190559.030122086
1.32496	21362889.79032687
1.32497	20733852.2778772
1.3249799999999998	21540709.31002821
1.32499	20180410.67676943
1.325	20183663.636815596
1.32501	17776243.88360069
1.32502	21744028.068388093
1.32503	21893238.086917594
1.32504	21288742.0611953
1.32505	18375535.324245203
1.32506	17503302.55936901
1.32507	21393901.897505414
1.32508	20866999.22897844
1.32509	16466829.92561225
1.3251	17968010.801734947
1.32511	7854345.477051391
1.32512	8208050.126330766
1.32513	19960434.92265435
1.32514	17207191.815975152
1.32515	13176801.390143665
1.32516	20837230.697209984
1.3251700000000002	21477315.651593726
1.32518	21586389.047285374
1.32519	19976527.616338704
1.3252	17846374.40691729
1.32521	20293642.24671744
1.32522	17232964.76328453
1.32523	20256294.3854338
1.32524	21375190.79839551
1.32525	19764234.586743765
1.32526	21174345.736579347
1.3252700000000002	21684030.027047627
1.32528	21918962.82074017
1.32529	21184586.91630234
1.3253	16275712.13587638
1.32531	19586191.66160249
1.32532	21006321.1110954
1.32533	12223905.95538318
1.32534	7681216.39120589
1.32535	19256173.929191943
1.32536	19245092.374266427
1.3253700000000002	13270888.490464993
1.32538	4246977.889651337
1.32539	8059906.430510079
1.3254	19628178.552851308
1.32541	20783562.892382346
1.32542	20482831.86153859
1.32543	19789280.300178766
1.32544	18984099.43653874
1.32545	15905597.932451073
1.32546	2636149.2807946643
1.32547	481385.494920161
1.32548	8782132.79898006
1.32549	11962721.715061933
1.3255	19705161.56277044
1.32551	20537141.718120392
1.32552	21252498.783971306
1.32553	20969110.100004364
1.32554	13939269.026129056
1.32555	13431360.32070793
1.32556	4276416.534003335
1.32557	8894468.471537814
1.32558	20038259.66066197
1.32559	18073821.965983506
1.3256	19988490.587151714
1.32561	19302341.724071983
1.32562	15311227.166795705
1.32563	18511005.080083515
1.32564	11705231.301397087
1.32565	17317292.798332952
1.32566	21432853.72515056
1.32567	21936634.53760997
1.32568	22014559.506411035
1.32569	21627683.22734683
1.3257	18940001.104785454
1.32571	19020853.47305304
1.32572	20066886.764616463
1.32573	21514437.706269223
1.32574	18873393.725847106
1.32575	9081132.241151264
1.32576	19567259.29105244
1.32577	21946739.057618435
1.32578	22167157.142827813
1.32579	22199336.78986546
1.3258	22164094.848432954
1.32581	22233610.848429047
1.32582	22255635.50585244
1.3258299999999998	22260248.078283343
1.32584	22195247.897520564
1.32585	22058196.43861546
1.32586	21636649.00980058
1.32587	21425945.70292371
1.32588	11801304.05773816
1.32589	13209610.130461335
1.3259	20502650.09754952
1.32591	22103446.66656704
1.32592	22151339.84137192
1.3259299999999998	22146239.894056734
1.32594	21608270.108632963
1.32595	21733016.013328746
1.32596	19359761.376414306
1.32597	20807025.527775176
1.32598	22033322.944815494
1.32599	21913916.37405154
1.3259999999999998	20302055.000856
1.32601	21175808.459084764
1.32602	17416063.520076957
1.3260299999999998	15091763.81829218
1.32604	21680535.25599968
1.32605	21437295.77265723
1.32606	20039643.902410988
1.32607	22142160.78162071
1.32608	22295642.90782231
1.32609	22355274.143244788
1.3261	22335722.22830532
1.32611	22119229.76960474
1.32612	22316701.26858446
1.32613	22317215.13553719
1.32614	22296156.289882787
1.32615	22105991.566400345
1.32616	21950782.16872683
1.32617	21594343.232031453
1.32618	20561746.47387614
1.32619	15308759.487432394
1.3262	5304445.6019419385
1.32621	13524150.654018233
1.3262200000000002	5235401.583277131
1.32623	7414297.36024559
1.32624	18358618.622384865
1.32625	21354529.1486085
1.32626	21628679.241900604
1.32627	21818254.33449144
1.32628	21548150.49242345
1.32629	14941011.499216553
1.3263	14285649.813946113
1.32631	17801639.42144649
1.3263200000000002	2834457.8293165723
1.32633	14484049.48760302
1.32634	21418546.721279312
1.32635	21887693.574314147
1.32636	22118720.461381048
1.32637	21839867.53895776
1.32638	22249999.215274043
1.32639	22316701.26858446
1.3264	22250511.54633765
1.32641	22249999.215274043
1.3264200000000002	22013038.84703687
1.32643	19384740.876683813
1.32644	21491661.911504347
1.32645	17951055.92793495
1.32646	20224137.06708116
1.32647	22238730.91596636
1.32648	22147769.75495106
1.32649	21808208.970262434
1.3265	19913610.11950566
1.32651	20935339.111286163
1.32652	21686526.636976097
1.32653	22019629.1297054
1.32654	22017601.14030769
1.32655	21410164.29750508
1.32656	15611333.445283836
1.32657	2837396.3125829464
1.32658	16528368.999336015
1.32659	18863835.47609623
1.3266	13174981.073502338
1.32661	20365730.854303267
1.32662	19182711.71042755
1.32663	8206916.220628204
1.32664	17347224.541224834
1.32665	19940681.6452844
1.32666	13191372.980316745
1.32667	20717626.533982843
1.32668	21999357.638590112
1.32669	22110573.124506388
1.3267	22071406.019642387
1.32671	21773587.952952195
1.32672	22309508.37349124
1.32673	22231051.256728664
1.32674	21217294.279566724
1.32675	20992298.829167336
1.32676	21912402.666618645
1.32677	20964282.33980909
1.3267799999999998	19856376.54748698
1.32679	9494454.115713693
1.3268	17356813.621093575
1.32681	8759110.395297147
1.32682	12128581.19663434
1.32683	19518210.613706004
1.32684	21148520.959268507
1.32685	22005943.82536659
1.32686	22173793.565565456
1.32687	22208028.18736685
1.3268799999999998	21874593.943891734
1.32689	22144710.138837803
1.3269	22065816.3856026
1.32691	21572973.00372044
1.32692	20384966.402221207
1.32693	19529449.433388226
1.32694	4899141.6895582285
1.32695	402815.3390872224
1.32696	16432362.237025565
1.32697	20704750.430456065
1.3269799999999998	21525834.65329921
1.32699	21638641.910594467
1.327	21512951.59289201
1.32701	17685608.2164216
1.32702	19130221.56379845
1.32703	20686642.062977985
1.32704	16061644.158604015
1.32705	10821812.37480321
1.32706	12214902.366073474
1.32707	1735081.9825199111
1.32708	776254.2661617721
1.32709	6097615.003027553
1.3271	17392419.423002776
1.32711	19825767.09689937
1.32712	21070265.10919768
1.32713	21704010.956911866
1.32714	21849424.37847312
1.32715	21770580.028394584
1.32716	16912974.7307325
1.3271700000000002	13545966.586243276
1.32718	20595389.03776143
1.32719	13348731.572805522
1.3272	17577617.10666407
1.32721	20940160.206289366
1.32722	17377208.019064147
1.32723	8753061.905504774
1.32724	11818707.922582887
1.32725	20059495.211982094
1.32726	21511960.907670625
1.3272700000000002	21814235.633663934
1.32728	22030279.139021214
1.32729	20345108.018510714
1.3273	17298561.901672903
1.32731	17041585.585647076
1.32732	19614624.569368746
1.32733	21085795.975348253
1.32734	21561551.099085245
1.32735	22321326.497147046
1.32736	22244364.35209921
1.3273700000000002	22013038.84703687
1.32738	21774590.686821606
1.32739	22288970.016640827
1.3274	21680036.048974164
1.32741	21980623.124825608
1.32742	22403712.97129294
1.32743	22409388.200092614
1.32744	22436236.021998256
1.32745	22365571.498314813
1.32746	22172772.448147293
1.32747	19161080.700742614
1.32748	15039728.626021706
1.32749	21965950.470209755
1.3275	21841376.235668574
1.32751	17996580.774416603
1.32752	20891037.08430525
1.32753	22134514.47076648
1.32754	22208028.18736685
1.32755	21930574.058813363
1.32756	22350641.88035015
1.32757	22418161.836100467
1.32758	21958365.009731874
1.32759	22285890.89433807
1.3276	22442436.239663433
1.32761	22455358.86352067
1.32762	22377419.32056059
1.32763	22427971.729613546
1.32764	22471910.68055121
1.32765	22401133.79698923
1.32766	22414032.638404787
1.32767	22298723.37750868
1.32768	21793149.595121164
1.32769	21549142.84427509
1.3277	21632165.654072974
1.32771	22080555.74792074
1.32772	21432853.72515056
1.32773	21676541.921627626
1.32774	21437295.77265723
1.32775	20391069.27114869
1.32776	11617160.780585658
1.32777	18328207.79508772
1.32778	21789637.237494294
1.32779	21693019.168135896
1.3278	20912213.301552843
1.32781	21238312.171853524
1.32782	19550595.93685156
1.3278299999999998	11450646.302207373
1.32784	129395.74637219035
1.32785	4173207.699721088
1.32786	18233498.262667164
1.32787	20500761.820649948
1.32788	21618721.160128973
1.32789	21544677.620803926
1.3279	20783562.892382346
1.32791	20549440.413452987
1.32792	19090178.97378969
1.3279299999999998	21973032.597467337
1.32794	22209050.928409096
1.32795	22088692.023947734
1.32796	21401292.365659088
1.32797	14247871.840593206
1.32798	18775002.348474026
1.32799	20969592.93716649
1.328	19450465.51892143
1.32801	16656356.209475515
1.32802	8289150.025266472
1.3280299999999998	10556744.2410306
1.32804	3642587.559360154
1.32805	16978917.573784225
1.32806	16001474.361364102
1.32807	19938386.02161863
1.32808	21973032.597467337
1.32809	22255123.05680667
1.3281	22260760.64533836
1.32811	21224135.029679187
1.32812	21697515.136005774
1.32813	22374843.173251044
1.32814	22362481.793857276
1.32815	21652098.793079253
1.32816	19864608.032596745
1.32817	21333396.245492324
1.32818	21475337.60881307
1.32819	18504186.629869014
1.3282	4979548.881974546
1.32821	9901705.380333217
1.3282200000000002	19486776.31500228
1.32823	18370035.687023453
1.32824	17545671.742750738
1.32825	16977353.829698373
1.32826	21543189.41859957
1.32827	22094796.198389173
1.32828	21849424.37847312
1.32829	19757864.377084672
1.3283	15869381.474147627
1.32831	20509732.68507085
1.3283200000000002	21520878.717295647
1.32833	21366333.358848426
1.32834	16277586.05435282
1.32835	2046821.6404800718
1.32836	6752117.63598466
1.32837	14403896.7632306
1.32838	18439961.07651467
1.32839	12800000.89457112
1.3284	17126554.464423567
1.32841	21533270.69728262
1.3284200000000002	20424902.87304485
1.32843	21420026.313173786
1.32844	21045051.845947914
1.32845	8802580.390483826
1.32846	9681440.929720387
1.32847	19609657.12084865
1.32848	21627185.237270243
1.32849	21407206.578312807
1.3285	21483745.548987214
1.32851	21959376.253095247
1.32852	22195247.897520564
1.32853	22074455.507717617
1.32854	20543290.145425986
1.32855	21843387.993405264
1.32856	22153890.255428154
1.32857	21938149.91897912
1.32858	20756302.909703653
1.32859	13754347.738119593
1.3286	8399820.393559817
1.32861	18909933.431323644
1.32862	21872579.312113144
1.32863	22151849.90069324
1.32864	22167157.142827813
1.32865	22345496.047327567
1.32866	22312590.758894727
1.32867	21951793.062879346
1.32868	22002397.17212613
1.32869	21354037.448064595
1.3287	14690615.769845204
1.32871	20859793.267271563
1.32872	20597760.30604912
1.32873	19188454.647302333
1.32874	10096945.218991276
1.32875	20275426.56998826
1.32876	21755546.637429845
1.32877	21133917.123105664
1.32878	18539157.755035613
1.32879	20583062.842500854
1.3288	19028300.44319971
1.32881	1921631.0167690956
1.32882	1629483.6230759288
1.32883	17834461.47404322
1.32884	19912693.084985174
1.32885	20819965.235291965
1.32886	14170004.886071408
1.32887	15287976.272270773
1.3288799999999998	19022167.432444986
1.32889	10549940.25007628
1.3289	6261811.646156883
1.32891	18349321.07556193
1.32892	21075602.55373277
1.32893	21532774.881109845
1.32894	21898279.771706354
1.32895	20791699.99162557
1.32896	22028250.168766666
1.32897	21735518.263301965
1.3289799999999998	19751496.2206076
1.32899	21733516.44027706
1.329	21200690.207226597
1.32901	17916369.063542653
1.32902	20803193.085022226
1.32903	17882160.971886296
1.32904	9376267.736518454
1.32905	20077516.893492505
1.32906	20717626.533982843
1.32907	19899859.03496617
1.3290799999999998	21624695.458879534
1.32909	22115664.8582988
1.3291	21726011.245806795
1.32911	18414926.93322299
1.32912	9022980.109535716
1.32913	15201974.510308292
1.32914	21342731.459814116
1.32915	21544181.541980054
1.32916	20869882.310611743
1.32917	12087319.449404035
1.32918	19577624.74985303
1.32919	20462561.60887872
1.3292	17271497.73584715
1.32921	4480226.804128673
1.32922	10745.9050782914
1.32923	5056034.165810872
1.32924	15909627.08188623
1.32925	20212963.8834632
1.32926	21020352.75952458
1.3292700000000002	20868921.239143334
1.32928	20720966.08997334
1.32929	21454579.155290194
1.3293	20918955.68932432
1.32931	14439428.347838793
1.32932	8058792.990201687
1.32933	10178411.386194523
1.32934	16658273.953743204
1.32935	16102006.588212978
1.32936	5405800.324413829
1.3293700000000002	19292122.015069883
1.32938	21474843.126583602
1.32939	21076087.84300258
1.3294	21769076.221943606
1.32941	20660936.36050825
1.32942	20507371.550754186
1.32943	22069373.261636484
1.32944	21646116.923553627
1.32945	20817089.0494812
1.32946	19692007.839688234
1.3294700000000002	9729264.269422175
1.32948	14837816.64222609
1.32949	20544709.274649847
1.3295	20847788.86049405
1.32951	19043203.131460346
1.32952	6243670.848211072
1.32953	6771112.0396003965
1.32954	15820128.253732633
1.32955	19928288.416704956
1.32956	20477644.53753664
1.32957	21983153.883262068
1.32958	21528313.04926376
1.32959	21859992.066593897
1.3296	18563505.8829984
1.32961	17496452.41676087
1.32962	21716508.38663813
1.32963	18957017.019897483
1.32964	15494943.60745815
1.32965	18672823.83653755
1.32966	6805969.522971057
1.32967	12511229.769215958
1.32968	19134186.381273966
1.32969	21382082.456536807
1.3297	21400799.58836472
1.32971	20614366.83032945
1.32972	18677123.9081636
1.32973	11592310.361327438
1.32974	1992278.278779031
1.32975	316594.2332911567
1.32976	5458835.409516773
1.32977	13755297.887618205
1.32978	19603788.121752515
1.32979	20345576.487328507
1.3298	20750568.523535047
1.32981	21311793.528122853
1.32982	21660077.19065029
1.3298299999999998	20098794.047676183
1.32984	13712921.81937386
1.32985	14614703.200210052
1.32986	19395009.64912295
1.32987	17316894.057521172
1.32988	21384544.301465344
1.32989	22329037.341733288
1.3299	21968479.539297186
1.32991	22047532.933351684
1.32992	22134004.81060359
1.3299299999999998	21182635.833593
1.32994	21931584.02232668
1.32995	21898784.00403714
1.32996	21376175.184975486
1.32997	18841696.328798793
1.32998	21365841.386505663
1.32999	22020643.19445063
1.33	21092108.659241386
1.33001	20766341.89891869
1.33002	8900819.62185698
1.3300299999999998	16206155.436615918
1.33004	15128992.235838626
1.33005	20938231.635075267
1.33006	20577376.317719117
1.33007	11951983.915069478
1.33008	19244206.125416968
1.33009	18633309.5998195
1.3301	11214243.967382833
1.33011	3824018.635092372
1.33012	220013.8394762184
1.33013	6439023.35017051
1.33014	12507773.266232068
1.33015	12055910.077295367
1.33016	100881.14434237524
1.33017	486881.1939386675
1.33018	6425989.328607335
1.33019	18736997.549896587
1.3302	20496513.833455376
1.33021	21060079.1956065
1.3302200000000002	20969110.100004364
1.33023	17701497.17051678
1.33024	12174187.886051122
1.33025	18568635.877931096
1.33026	9957034.226889854
1.33027	9279402.223698424
1.33028	20098331.261168636
1.33029	19578526.35355113
1.3303	20891037.08430525
1.33031	20444194.309268985
1.3303200000000002	21218759.968954947
1.33033	22319270.72167452
1.33034	22117701.88011467
1.33035	21797666.315435827
1.33036	21452109.24776526
1.33037	19632698.62835809
1.33038	8002763.819037401
1.33039	15434764.233245298
1.3304	18664226.663099825
1.33041	21094537.11778094
1.3304200000000002	19403049.874022424
1.33043	16092369.650696002
1.33044	20108978.047289748
1.33045	21323083.127473224
1.33046	19472423.21611958
1.33047	17999896.172455903
1.33048	12348380.407279022
1.33049	6029620.794107561
1.3305	13997484.652938275
1.33051	20471515.757388107
1.33052	15858057.929631906
1.33053	4671969.511718793
1.33054	17364008.90934427
1.33055	20480945.409881953
1.33056	20874207.67996625
1.33057	21450627.439736728
1.33058	21918962.82074017
1.33059	21672050.299642406
1.3306	20677117.705483027
1.33061	17996580.774416603
1.33062	17461437.748672154
1.33063	4859482.248460644
1.33064	3855493.7194383107
1.33065	15252814.902562253
1.33066	5035237.963817359
1.33067	2919442.997402697
1.33068	5263928.722787965
1.33069	5084169.254500503
1.3307	19302341.724071983
1.33071	20510677.214914173
1.33072	19945732.947758384
1.33073	21290212.68619181
1.33074	19781991.002708133
1.33075	19442853.32904191
1.33076	10379346.248848068
1.33077	14323198.147286732
1.33078	20378865.35982908
1.33079	19927370.70623947
1.3308	10442392.185431754
1.33081	14430454.17437505
1.33082	18191981.26139753
1.33083	8826123.499142297
1.33084	12830985.080746725
1.33085	6078969.998232977
1.33086	2916016.6539834263
1.33087	16058685.766897622
1.3308799999999998	12983446.71779769
1.33089	16131323.474322388
1.3309	7197969.465490777
1.33091	16612691.49097052
1.33092	17893281.731671754
1.33093	21620712.409630924
1.33094	21025193.431897543
1.33095	21798168.231029507
1.33096	21768073.74201884
1.33097	20255827.972388703
1.3309799999999998	8645099.577390257
1.33099	11145254.757386854
1.331	15670397.029040758
1.33101	17375607.592761993
1.33102	14979937.452284385
1.33103	1656151.2624900434
1.33104	6972523.713936335
1.33105	18551968.5757119
1.33106	20600606.188380934
1.33107	20783084.338670988
1.3310799999999998	21144138.749133736
1.33109	17502899.53557351
1.3311	12514687.227398826
1.33111	2016461.804108661
1.33112	12177832.604982773
1.33113	7061386.7772738375
1.33114	18322722.322581995
1.33115	19319238.323146056
1.33116	13647088.251285452
1.33117	20319358.8382724
1.33118	21301000.37411252
1.33119	20851149.397863694
1.3312	18968806.223275084
1.33121	11854684.495204825
1.33122	19819377.054699395
1.33123	18830853.297700107
1.33124	19929206.169433616
1.33125	21276980.71764537
1.33126	21230977.985344414
1.3312700000000002	20360573.186399136
1.33128	16405519.976588935
1.33129	16622257.277906552
1.3313	11597383.004260724
1.33131	684680.5644066301
1.33132	11180.262489277307
1.33133	2593343.232272373
1.33134	13527265.063333225
1.33135	4332314.73674502
1.33136	701560.291710224
1.3313700000000002	11030113.97345
1.33138	11855230.436171478
1.33139	8733533.692063095
1.3314	17222254.393638667
1.33141	19721048.44751314
1.33142	17672174.856870674
1.33143	19744675.47346244
1.33144	19644455.696712714
1.33145	11787453.703224245
1.33146	4111023.8846832076
1.3314700000000002	14041710.018958582
1.33148	5293586.328441953
1.33149	896171.2350744413
1.3315	11989194.340214247
1.33151	17374807.43488591
1.33152	19676597.41466493
1.33153	19182711.71042755
1.33154	18739154.850640707
1.33155	19978827.63147063
1.33156	19556899.32028921
1.33157	17554966.296212364
1.33158	18061757.205772314
1.33159	19756954.514755454
1.3316	16070152.57096363
1.33161	19616431.22625263
1.33162	17203626.293331247
1.33163	15745991.040802617
1.33164	16054249.201004922
1.33165	18623444.112793267
1.33166	21615734.629731584
1.33167	21139270.69174228
1.33168	18704237.13929072
1.33169	11061142.82218076
1.3317	3587732.047754928
1.33171	17154181.46747927
1.33172	19029176.74899612
1.33173	18752967.45832513
1.33174	18973611.333727606
1.33175	18660359.22653544
1.33176	18661218.58762247
1.33177	8573931.313141441
1.33178	9457579.486050552
1.33179	12902088.008386536
1.3318	13573129.728865607
1.33181	7740695.790318304
1.33182	5732314.372160139
1.3318299999999998	115712.15982931251
1.33184	14955.32998313012
1.33185	2544134.105749798
1.33186	10216214.43381966
1.33187	12535163.414335916
1.33188	10616222.204008156
1.33189	1628020.9902694274
1.3319	9052113.69338828
1.33191	17556583.242822442
1.33192	17924209.031597987
1.3319299999999998	20447960.615912404
1.33194	19110409.79633475
1.33195	19686114.193741243
1.33196	19817551.706674714
1.33197	18796197.512983654
1.33198	18067164.550314955
1.33199	8981316.476851687
1.3319999999999999	1786240.7795209375
1.33201	2239442.9333306025
1.33202	120439.2382393422
1.3320299999999998	4457691.404515534
1.33204	14376726.13966455
1.33205	17770514.423145607
1.33206	17635996.33897993
1.33207	16355732.537616847
1.33208	16461901.547244765
1.33209	10825301.477289347
1.3321	747516.8729471555
1.33211	109932.72668442657
1.33212	7474463.0620862525
1.33213	8949937.448013697
1.33214	17400430.772681504
1.33215	19720594.35881925
1.33216	18259547.04430084
1.33217	19282795.70204925
1.33218	15046656.272036152
1.33219	19384294.53166885
1.3322	19500241.953529604
1.33221	18275110.012352027
1.3322200000000002	6912099.799127733
1.33223	1501654.4243456826
1.33224	12390818.628280947
1.33225	19558250.309695426
1.33226	20597760.30604912
1.33227	21060079.1956065
1.33228	20957042.783508014
1.33229	20940160.206289366
1.3323	20199936.304099344
1.33231	19367341.03445757
1.3323200000000002	21119809.66742233
1.33233	20643341.63783532
1.33234	19477355.901035566
1.33235	17813530.430086404
1.33236	14398922.692576366
1.33237	2607414.0416912157
1.33238	1278733.3737317992
1.33239	10121619.338378528
1.3324	4704570.705758731
1.33241	8044702.719514316
1.3324200000000002	1200217.6249433074
1.33243	4448.7704769324455
1.33244	116297.39851568619
1.33245	1002697.6567039285
1.33246	11207790.387303552
1.33247	14192862.651718317
1.33248	1720956.9241600232
1.33249	946553.1388907505
1.3325	3544785.822088371
1.33251	9678766.218274852
1.33252	17143125.32243404
1.33253	11162719.196634537
1.33254	9767647.99093094
1.33255	11780670.252050422
1.33256	14530146.731248384
1.33257	16172978.157126978
1.33258	18304589.76096132
1.33259	15450409.694945015
1.3326	16338794.104956616
1.33261	16829840.496373422
1.33262	12858490.845241856
1.33263	6800486.769168108
1.33264	4876519.8908461565
1.33265	76482.31061821016
1.33266	116264.7333759178
1.33267	6426285.263166132
1.33268	12763800.279853685
1.33269	16674775.671777105
1.3327	17422079.854237232
1.33271	18580611.379929546
1.33272	14559618.651621498
1.33273	4751601.3822826585
1.33274	285882.7822088701
1.33275	11405123.700072424
1.33276	18696916.995486584
1.33277	20454553.3221755
1.33278	20720966.08997334
1.33279	18982351.01688301
1.3328	7877166.041709501
1.33281	12174187.886051122
1.33282	18203294.695716105
1.33283	18395008.80298142
1.33284	18142202.07593613
1.33285	4015873.27735438
1.33286	15811024.076505264
1.33287	20800798.166773245
1.3328799999999998	17487994.177078206
1.33289	19920947.916184228
1.3329	21311302.81159157
1.33291	16161065.855627514
1.33292	13859258.652769247
1.33293	10871262.939469865
1.33294	19426743.230314866
1.33295	21663568.66398185
1.33296	21737520.270710073
1.33297	20486133.57004922
1.3329799999999998	9738677.853286337
1.33299	17209569.24160023
1.3330000000000002	12122159.666427808
1.33301	10224686.477805326
1.33302	18713714.52103538
1.33303	6405307.739170671
1.33304	1916416.9350966797
1.33305	18764197.698468454
1.33306	21402770.76562381
1.33307	21786125.44594688
1.3330799999999998	18422136.67338103
1.33309	11214243.967382833
1.3331	17922145.549557853
1.33311	14605956.403293908
1.33312	19682488.211470265
1.33313	10061900.074514002
1.33314	17807378.917032953
1.33315	21734517.328742627
1.33316	22321840.470600825
1.33317	22135024.14266486
1.33318	21987709.98275065
1.33319	20966213.310492266
1.3332	13029867.51744527
1.33321	13110220.617007965
1.33322	20217153.103758946
1.33323	19769241.192277133
1.33324	9885530.94656937
1.33325	5292855.04298041
1.33326	17727194.102573287
1.3332700000000002	20448902.300981227
1.33328	17844319.88540366
1.33329	18816983.322745897
1.3333	18823483.601033665
1.33331	14980282.382062282
1.33332	14245903.560321854
1.33333	2113829.721476619
1.33334	4746024.764365568
1.33335	3910119.226409153
1.33336	17378408.43552889
1.3333700000000002	20006448.477289546
1.33338	20256294.3854338
1.33339	19028300.44319971
1.3334	14138391.390945625
1.33341	1808131.4490917937
1.33342	125339.80075696878
1.33343	11598985.352617867
1.33344	18560514.040484466
1.33345	18256604.19021516
1.33346	19162404.347022854
1.3334700000000002	17345626.876375873
1.33348	19552846.911963776
1.33349	12645033.958826227
1.3335	9981826.112311194
1.33351	359164.1656981128
1.33352	8327219.259852419
1.33353	18029762.25319813
1.33354	20011977.227082644
1.33355	10277559.506484592
1.33356	11679923.546071053
1.33357	20717626.533982843
1.33358	19972848.142865185
1.33359	7964710.596118057
1.3336	10746325.723658547
1.33361	10898582.096887492
1.33362	10403512.660018357
1.33363	19909025.369183924
1.33364	21364857.475803737
1.33365	20158582.94703443
1.33366	7927385.902163632
1.33367	13555014.921730788
1.33368	21006804.805082586
1.33369	21002935.565016028
1.3337	20875649.66895312
1.33371	17362009.919014152
1.33372	4205910.240016788
1.33373	19030491.283359457
1.33374	21210944.128710948
1.33375	19284571.794957425
1.33376	9295655.066557584
1.33377	8813532.290655954
1.33378	19849976.639556207
1.33379	17519834.527581275
1.3338	21388976.33664432
1.33381	21732515.59790296
1.33382	20485190.170456488
1.3338299999999998	6331695.195733682
1.33384	7329426.600177539
1.33385	2813584.741046946
1.33386	15334866.516996227
1.33387	20622912.541235134
1.33388	19937467.846151967
1.33389	18507169.39274532
1.3339	12497121.725661188
1.33391	19813901.514948934
1.33392	20657130.82589608
1.3339299999999998	19489917.46538799
1.33394	21561054.631739654
1.33395	21819761.538163416
1.33396	17362009.919014152
1.33397	8288004.915972745
1.33398	8603793.929484485
1.33399	17632341.96324168
1.334	19297009.026727594
1.33401	19460321.012383226
1.33402	17712097.736243945
1.3340299999999998	8984005.311170677
1.33404	11395673.56095484
1.33405	16245758.762708904
1.33406	14676077.61929079
1.33407	11582971.82645683
1.33408	4177822.649169514
1.33409	10020052.568747597
1.3341	9803022.51272307
1.33411	1981572.6526763053
1.33412	85742.07708486405
1.33413	5006336.070275788
1.33414	16063863.310038533
1.33415	19573117.354115546
1.33416	20557959.209033474
1.33417	18679704.426440813
1.33418	13112937.7644093
1.33419	16414588.50746364
1.3342	13902727.16483979
1.33421	16513913.29359551
1.3342200000000002	2638213.874585237
1.33423	4665089.713480861
1.33424	18546843.185488727
1.33425	20364324.088043667
1.33426	20480002.24920741
1.33427	19882454.625220805
1.33428	14163480.859995576
1.33429	3818475.4258015794
1.3343	5198882.475457518
1.33431	2147286.5311520426
1.3343200000000002	7916988.243037559
1.33433	686426.4345298321
1.33434	2556289.2871709517
1.33435	14240984.049164115
1.33436	15371278.808861302
1.33437	2668640.053227907
1.33438	6083030.58406215
1.33439	17174733.22930622
1.3344	20045181.82570632
1.33441	21272571.88921157
1.3344200000000002	20259093.08924649
1.33443	21799674.04715468
1.33444	21588377.318752546
1.33445	16658657.529092122
1.33446	18780190.790114094
1.33447	21459519.823497746
1.33448	20094629.352700964
1.33449	13680437.930569362
1.3345	16932847.614376698
1.33451	12203095.218373567
1.3345200000000002	16958600.130398236
1.33453	20956077.698244
1.33454	20527686.19222825
1.33455	18476937.93523358
1.33456	5303590.695225247
1.33457	2426386.6063253502
1.33458	8738361.354950024
1.33459	5764080.0028928835
1.3346	1023104.5121057676
1.33461	411413.9372785225
1.33462	8172030.897866452
1.33463	9501452.466008753
1.33464	980498.6498969048
1.33465	5599380.751137019
1.33466	8545746.385619938
1.33467	9345660.492461288
1.33468	2256524.22361893
1.33469	2119678.5255438373
1.3347	14489386.59170335
1.33471	14211175.409274595
1.33472	17520237.941323865
1.33473	16335784.665045278
1.33474	18292370.95706653
1.33475	7936152.416516361
1.33476	3399930.1910715336
1.33477	6182298.923076128
1.33478	10668663.075619876
1.33479	17588548.473278616
1.3348	12188773.310039146
1.33481	11840498.851152815
1.33482	5486937.331829912
1.33483	2266887.6685747933
1.33484	2915412.422710758
1.33485	2614748.9664320517
1.33486	1423836.1004556415
1.33487	6307104.1120718885
1.3348799999999998	13216607.72105604
1.33489	16230802.754481973
1.3349	4751491.973877172
1.33491	1432748.6238774809
1.33492	2742521.241644557
1.33493	1866465.6427748508
1.33494	382334.070031329
1.33495	2173401.687874827
1.33496	3822081.9974268237
1.33497	11737889.046837095
1.3349799999999998	12828030.97736597
1.33499	17151811.693429478
1.335	10709519.846686188
1.33501	1492485.085877191
1.33502	8208995.16742383
1.33503	16877184.57424803
1.33504	17877632.27373338
1.33505	9923617.127604924
1.33506	6459813.801265743
1.33507	14563642.178770773
1.3350799999999998	3749816.364173397
1.33509	5145410.163255364
1.3351	16260354.13947307
1.33511	19555548.424202893
1.33512	19160198.32068461
1.33513	18900356.676388394
1.33514	14400912.114682475
1.33515	9313008.514228607
1.33516	1979201.4479154004
1.33517	10358097.6268194
1.33518	9927045.215510637
1.33519	6978466.531878797
1.3352	2760387.168843937
1.33521	3106490.286631384
1.33522	11874627.638049753
1.33523	14434774.376265572
1.33524	17799180.20395339
1.33525	13390907.18895031
1.33526	8710839.263351597
1.3352700000000002	20447960.615912404
1.33528	21545669.812720325
1.33529	21234400.290481567
1.3353	17899462.919630725
1.33531	20414558.87632472
1.33532	20501705.937360186
1.33533	18400515.916676365
1.33534	18816983.322745897
1.33535	17567501.528660703
1.33536	7826363.228017397
1.3353700000000002	5115051.374117194
1.33538	8167139.994939662
1.33539	4981498.455473975
1.3354	532955.563316019
1.33541	1237228.7405127338
1.33542	3068315.40131507
1.33543	5015797.561820467
1.33544	955736.1209928466
1.33545	10522041.24885243
1.33546	17387614.38379067
1.3354700000000002	17093067.199052982
1.33548	5263928.722787965
1.33549	9033582.184965704
1.3355	19492161.45423086
1.33551	20828116.58663809
1.33552	20896329.127435233
1.33553	19024795.623539776
1.33554	14713635.73414467
1.33555	9935277.458897687
1.33556	17303342.331375092
1.33557	12911895.425333127
1.33558	1639192.6573294753
1.33559	1757680.7646120288
1.3356	12630193.378301116
1.33561	13885771.040787036
1.33562	6221426.861990783
1.33563	14718040.715176305
1.33564	18340028.237392746
1.33565	16984000.736858368
1.33566	12543247.738650644
1.33567	12805896.87031552
1.33568	11344882.442111654
1.33569	5922021.775860057
1.3357	5935263.438321448
1.33571	4372099.127112766
1.33572	1962049.6812689968
1.33573	12050359.40371796
1.33574	3446592.987067877
1.33575	5600670.204649897
1.33576	11977053.789603418
1.33577	3103344.578798423
1.33578	126844.31281806708
1.33579	2797434.97270624
1.3358	10966296.9066877
1.33581	13794310.581975317
1.33582	16879127.743784327
1.33583	15785196.771829914
1.33584	14847386.020613372
1.33585	6044216.331622888
1.33586	331217.2903993507
1.33587	2815982.814193448
1.33588	9409358.16144285
1.33589	13923230.08412443
1.3359	12644451.646900702
1.33591	7551270.017482745
1.33592	193502.24141797642
1.3359299999999998	18332.93505751888
1.33594	1386149.2681371984
1.33595	4874274.687461755
1.33596	149490.9838028802
1.33597	165636.1014377968
1.33598	50.41676782586862
1.33599	1076167.8163881886
1.3359999999999999	9877339.922503997
1.33601	12643578.22929167
1.33602	16258856.574477602
1.3360299999999998	14917635.798096552
1.33604	15866093.160772786
1.33605	10757218.745733999
1.33606	1269784.4373529977
1.33607	2571342.926030384
1.33608	113842.12663044831
1.33609	786089.5084507788
1.3361	477247.8713463231
1.33611	730534.953139683
1.33612	5218912.313026493
1.3361299999999998	15640477.217947286
1.33614	19023481.48260509
1.33615	20240442.365242768
1.33616	20787870.371680707
1.33617	19907191.76462465
1.33618	17355614.696294248
1.33619	20388721.797676027
1.3362	15538174.69883174
1.33621	14276442.483552193
1.33622	15085510.101684913
1.33623	20804630.168325312
1.33624	21434827.85484072
1.33625	21322101.18581656
1.33626	20492738.583802465
1.33627	13393065.722132076
1.33628	3805660.1266358425
1.33629	12361181.976883732
1.3363	19351293.504248653
1.33631	15785560.243602276
1.3363200000000002	12319979.920447465
1.33633	19978827.63147063
1.33634	20879976.233616475
1.33635	20961386.217230726
1.33636	20066424.712792806
1.33637	21007288.51020736
1.33638	21125159.662408512
1.33639	19933795.56709136
1.3364	19146085.764730603
1.33641	15849296.863956556
1.3364200000000002	5218912.313026493
1.33643	6423030.732454413
1.33644	4263242.139645103
1.33645	178070.91898309378
1.33646	1791141.9271694047
1.33647	963848.9975160104
1.33648	8868088.121208273
1.33649	14107822.926229933
1.3365	10813343.521369075
1.33651	505891.0545065441
1.3365200000000002	539499.4422089228
1.33653	10387953.573854007
1.33654	12197476.779138673
1.33655	7068219.046886841
1.33656	289536.95319758856
1.33657	412194.3172037071
1.33658	5984253.741551403
1.33659	1678185.637782434
1.3366	73053.32710227279
1.33661	206744.0406665517
1.33662	5035237.963817359
1.33663	11237248.889713673
1.33664	16114246.397163644
1.33665	17373607.267160963
1.33666	16685913.966227833
1.33667	13039471.816552248
1.33668	8501978.45343614
1.33669	11192059.234143583
1.3367	8934494.79169967
1.33671	2135108.7482547527
1.33672	143547.62120682586
1.33673	2460367.604147627
1.33674	9059620.378557274
1.33675	16449018.914777756
1.33676	17382010.18249413
1.33677	16869025.704730026
1.33678	19937467.846151967
1.33679	19701532.07216756
1.3368	15617445.53348641
1.33681	4974162.854458095
1.33682	11235696.513643663
1.33683	20158118.783852365
1.33684	21046505.63683938
1.33685	21609762.80660749
1.33686	21610260.39551317
1.33687	20515400.51664373
1.3368799999999998	21276980.71764537
1.33689	21196297.187040024
1.3369	20521069.914512727
1.33691	16422905.731005527
1.33692	1640589.7731995385
1.33693	10303623.95197555
1.33694	15064336.21622622
1.33695	14843284.10297385
1.33696	11731134.1191625
1.33697	3951936.8849463286
1.3369799999999998	3489313.5745919407
1.33699	14625475.679723553
1.337	18949597.94743547
1.33701	18605442.351605926
1.33702	14982007.15009109
1.33703	7884242.978397528
1.33704	3312302.5580502944
1.33705	6960172.448054049
1.33706	224668.4039095532
1.33707	1936377.376696457
1.3370799999999998	2059254.3876155813
1.33709	13800.601005440698
1.3371	65522.43067450706
1.33711	1470279.831982836
1.33712	934159.4252573086
1.33713	406688.6011732213
1.33714	8137668.607787884
1.33715	10757714.145371413
1.33716	10195065.022875912
1.33717	1010252.6539156032
1.33718	918040.8364656948
1.33719	1579501.344788729
1.3372	44921.57761690038
1.33721	384551.048658615
1.33722	7273274.859233699
1.33723	7538587.84662151
1.33724	10433019.040975107
1.33725	12850795.129049065
1.33726	10150793.66572693
1.3372700000000002	5367474.6254370315
1.33728	287957.9015183969
1.33729	37329.399182213965
1.3373	3666485.737966674
1.33731	9094943.385552954
1.33732	11157322.848150536
1.33733	5773378.093538263
1.33734	928194.5199054456
1.33735	1080139.877456913
1.33736	40570.9334498042
1.3373700000000002	1585550.211866595
1.33738	7645924.407655708
1.33739	8662036.312051889
1.3374	5291149.103083218
1.33741	1805801.460761941
1.33742	5590.452991907233
1.33743	8723.384193386299
1.33744	1998066.7834241001
1.33745	5619788.871883948
1.33746	7541712.977405554
1.3374700000000002	3578079.61728816
1.33748	521950.1178740743
1.33749	28709.193999289288
1.3375	1606756.2577135402
1.33751	6072394.804283068
1.33752	4876183.044420356
1.33753	1886253.2453510687
1.33754	7942.642220113958
1.33755	83338.36963201391
1.33756	2490061.078503301
1.33757	6653497.53013536
1.33758	8829985.694994612
1.33759	11314620.708284955
1.3376	10590342.35955386
1.33761	15137703.69095495
1.33762	16612308.974016625
1.33763	13690521.764316995
1.33764	7858506.197428035
1.33765	10409982.513712196
1.33766	13601286.851726955
1.33767	13303931.496986598
1.33768	16488836.057656128
1.33769	16407786.639505295
1.3377	14822108.908135336
1.33771	13235794.02305947
1.33772	9737332.498155301
1.33773	5054520.938946868
1.33774	572992.5825296001
1.33775	209.0917993608413
1.33776	54237.29229707355
1.33777	1028016.2981264744
1.33778	270194.8083326113
1.33779	5373905.189339095
1.3378	7341080.729287871
1.33781	9794223.269743927
1.33782	14585119.776406216
1.33783	16219968.258953772
1.33784	16631062.666562375
1.33785	16156973.02874807
1.33786	16329767.448045362
1.33787	13538482.876483556
1.33788	7044821.604867329
1.33789	270448.1406604492
1.3379	150226.65596927487
1.33791	7597837.486470989
1.33792	13997162.352653852
1.3379299999999998	11638044.139363546
1.33794	6313642.688762258
1.33795	12703693.293623745
1.33796	10291531.318499222
1.33797	4146961.46721284
1.33798	9710911.584632466
1.33799	217339.16790132163
1.338	1085825.408490967
1.33801	26599.593517659338
1.33802	77777.50366767003
1.3380299999999998	4515127.306560757
1.33804	2107608.784300258
1.33805	3355057.7499889806
1.33806	2846623.3013541275
1.33807	169365.13007351555
1.33808	4836709.457721812
1.33809	11195409.922547333
1.3381	12627285.503595965
1.33811	18164774.04656575
1.33812	18249039.028833747
1.3381299999999998	19782446.505128194
1.33814	19569962.79457278
1.33815	19704707.839881454
1.33816	19166375.834513117
1.33817	16129095.003565526
1.33818	16499090.320842132
1.33819	13818471.272161452
1.3382	7933594.515548468
1.33821	189579.773474064
1.33822	781757.3983766992
1.33823	111497.20996184336
1.33824	626332.5756369742
1.33825	8337963.698882496
1.33826	6316987.245207189
1.33827	1906426.2092842343
1.33828	18690.245243568246
1.33829	256786.38890272068
1.3383	3288970.665462799
1.33831	7633083.267091841
1.3383200000000002	13637036.408745402
1.33833	12870043.06149997
1.33834	13657776.452393133
1.33835	14376064.082203224
1.33836	11584305.442137452
1.33837	5913437.349563865
1.33838	200517.831828308
1.33839	27147.322361299186
1.3384	2735772.6278358945
1.33841	9759329.92370647
1.3384200000000002	13422703.593592094
1.33843	16701673.906293167
1.33844	18126752.291442625
1.33845	16362136.070040135
1.33846	19060311.76446165
1.33847	20188776.490622602
1.33848	19436586.703763127
1.33849	19687474.109303
1.3385	20535723.111626673
1.33851	19818920.70193172
1.3385200000000002	19982048.0975501
1.33853	19593859.97074528
1.33854	17603134.20435101
1.33855	17284626.523953184
1.33856	14571021.53327173
1.33857	9851219.59271499
1.33858	280454.2334113089
1.33859	171470.33644856425
1.3386	6346145.133522373
1.33861	14322208.769982848
1.33862	17437330.537420735
1.33863	17024328.86043099
1.33864	16390039.49163734
1.33865	11523117.755726673
1.33866	8803188.47219757
1.33867	120073.17652310125
1.33868	39948.18017762293
1.33869	7271767.755315534
1.3387	10753999.204122104
1.33871	12126347.235175095
1.33872	7432415.836108487
1.33873	275707.76646327623
1.33874	760.8446654994357
1.33875	1337118.8151946315
1.33876	2640584.0763127324
1.33877	6134229.2144722035
1.33878	13780342.126630476
1.33879	7405254.692263017
1.3388	15590139.454861525
1.33881	9785206.609707363
1.33882	13249820.659503905
1.33883	19944355.19292432
1.33884	20749612.94654307
1.33885	20957525.342806708
1.33886	20529104.243531983
1.33887	18312599.609300733
1.3388799999999998	13206568.855477436
1.33889	4108279.666139678
1.3389	14406550.303460585
1.33891	17423283.370445598
1.33892	11218117.898996877
1.33893	16844184.897651076
1.33894	15650564.257588295
1.33895	9309363.74854985
1.33896	525701.238288925
1.33897	137103.9603846499
1.3389799999999998	7914801.000537032
1.33899	11064963.865399675
1.339	5866107.26458433
1.33901	12065074.278990608
1.33902	16559224.725421336
1.33903	16193100.079836633
1.33904	13244940.144257542
1.33905	11494233.093014402
1.33906	5329175.222321293
1.33907	104037.76168060304
1.3390799999999998	13891.431445163382
1.33909	2525922.375177704
1.3391	7435839.378329534
1.33911	12073689.42003057
1.33912	16391171.71456072
1.33913	17107242.040242784
1.33914	18745196.614211634
1.33915	19001592.49289892
1.33916	18178163.278875384
1.33917	17403636.34571736
1.33918	19741038.70479857
1.33919	15895346.519516815
1.3392	16350837.40972714
1.33921	17461839.817763735
1.33922	16343685.62731129
1.33923	11796413.839996755
1.33924	16555793.468807438
1.33925	17623006.442895714
1.33926	11734916.399597865
1.3392700000000002	5150151.444256473
1.33928	12939872.58536596
1.33929	4652967.295491961
1.3393	1386340.7849649005
1.33931	3998894.991686325
1.33932	845685.7252878629
1.33933	38370.01774087102
1.33934	12471.049413053794
1.33935	2085403.0289610643
1.33936	6494264.908195137
1.3393700000000002	8412401.652066534
1.33938	7207588.77091996
1.33939	2110231.006419639
1.3394	583750.1430506018
1.33941	5116.252854990262
1.33942	214105.58690938816
1.33943	3039135.05527416
1.33944	1181789.1543359505
1.33945	1608.4738326335255
1.33946	67961.97638682454
1.3394700000000002	170168.43313122302
1.33948	195766.78110655225
1.33949	2757274.4722406208
1.3395	10319294.336954264
1.33951	14049795.403938605
1.33952	16153625.123185782
1.33953	12550759.27966922
1.33954	11679385.678099144
1.33955	14756045.986006785
1.33956	18670674.171994064
1.33957	19462113.456729803
1.33958	19980667.834241
1.33959	19519109.48121902
1.3396	17181853.035908554
1.33961	19860034.56412357
1.33962	20259093.08924649
1.33963	21055715.31159457
1.33964	20787870.371680707
1.33965	20562219.93103615
1.33966	20659509.20287902
1.33967	21576450.436384406
1.33968	21588874.4152335
1.33969	21120295.974610187
1.3397	20236248.31915151
1.33971	11658159.693740346
1.33972	4134471.47553504
1.33973	17219478.71790126
1.33974	19467940.0411418
1.33975	16768723.357485952
1.33976	16946889.589583874
1.33977	12556251.327275172
1.33978	2248951.0354284174
1.33979	12958358.775480935
1.3398	19047588.49589004
1.33981	19820289.79175892
1.33982	19111729.942272026
1.33983	18804855.475239776
1.33984	20628136.66401064
1.33985	20768254.63777384
1.33986	20715718.457933556
1.33987	20513038.7298314
1.33988	19779258.20843169
1.33989	16006264.896641282
1.3399	18586174.059485
1.33991	16646004.204791054
1.33992	15526729.965526253
1.3399299999999998	16011056.866113067
1.33994	9509331.776269984
1.33995	2296360.1409577504
1.33996	571920.9428207539
1.33997	8166575.8483806625
1.33998	9485058.198923767
1.33999	8129989.786476294
1.34	4756855.949454022
1.34001	669212.4315681296
1.34002	1664.351301654719
1.3400299999999998	18000.227745850658
1.34004	10005.228234406679
1.34005	7251.602666644859
1.34006	1710251.578756827
1.34007	3300274.0153245614
1.34008	1865649.2591347168
1.34009	85758.0702789697
1.3401	3824.9785145286382
1.34011	931043.5590358472
1.34012	1411854.687273814
1.3401299999999998	14344.55235729725
1.34014	7.835180395102982
1.34015	214971.55601750078
1.34016	2910717.1180666075
1.34017	6521387.3994525075
1.34018	8110731.040041054
1.34019	10975390.97478452
1.3402	12828030.97736597
1.34021	15277771.138670007
1.34022	13631385.501264336
1.34023	13175284.442145174
1.34024	13724293.59289895
1.34025	11831232.801633105
1.34026	4185814.7112212707
1.34027	488332.917327969
1.34028	13789229.506175295
1.34029	16355732.537616847
1.3403	7844043.618666177
1.34031	1440655.0303460585
1.3403200000000002	12862340.431387125
1.34033	18051778.667303476
1.34034	18435715.60736212
1.34035	18896440.311043624
1.34036	17564670.210144307
1.34037	14140019.22711239
1.34038	17440944.49623509
1.34039	14620761.743242236
1.3404	5562883.949883732
1.34041	12630484.202599272
1.3404200000000002	14216739.313080005
1.34043	7175464.167150077
1.34044	158591.8992039382
1.34045	45876.36506342037
1.34046	6925481.922902256
1.34047	11048161.142472638
1.34048	10147054.663930498
1.34049	6649515.4587322725
1.3405	147910.8388168207
1.34051	130228.48851842807
1.3405200000000002	985.6347346132624
1.34053	77780.72734224405
1.34054	2125837.1877758442
1.34055	1780286.9157606415
1.34056	27428.306886390426
1.34057	1512.6728078799179
1.34058	212270.1857778233
1.34059	79031.8230406043
1.3406	6218132.900407455
1.34061	5048240.0736915
1.34062	4277302.839002454
1.34063	9253797.678097118
1.34064	15064336.21622622
1.34065	16954695.717941765
1.34066	18074238.135905128
1.34067	19280575.81594181
1.34068	17563052.518731315
1.34069	17325668.476621725
1.3407	19914527.19625819
1.34071	18765493.92809523
1.34072	12125788.809105925
1.34073	10256519.262514057
1.34074	17677465.5679117
1.34075	14368121.770342834
1.34076	5477848.28722252
1.34077	7559446.538696103
1.34078	6742485.171529878
1.34079	14662904.297207128
1.3408	19043641.62246516
1.34081	13984920.4393604
1.34082	10250852.86633502
1.34083	6622012.557788134
1.34084	15600194.030083155
1.34085	15090721.352186287
1.34086	20643816.97381504
1.34087	20628136.66401064
1.3408799999999998	18618727.682990007
1.34089	19978827.63147063
1.3409	16809701.442750346
1.34091	16007002.02935314
1.34092	6365463.027894673
1.34093	2982496.8935583984
1.34094	12445432.681092333
1.34095	17599891.885836016
1.34096	18575050.365235493
1.34097	15527445.01433
1.3409799999999998	3393985.6362518826
1.34099	116760.78334609793
1.341	6421256.228644484
1.34101	12120485.043860745
1.34102	16294085.843097804
1.34103	20025344.68097132
1.34104	19860491.86358373
1.34105	19973767.94769224
1.34106	12845470.023787495
1.34107	15944833.918932484
1.3410799999999998	15596243.24527594
1.34109	15334866.516996227
1.3411	16413076.73761208
1.34111	14401575.316464335
1.34112	18804422.48242589
1.34113	16092740.19546678
1.34114	15886199.05563523
1.34115	8717862.199902892
1.34116	5073994.591962476
1.34117	33863.044396692465
1.3411799999999998	46762.09932218902
1.34119	5248678.844197343
1.3412	12966118.90631012
1.34121	13346580.184868496
1.34122	16436524.824518705
1.34123	19108649.743600763
1.34124	19270811.352715705
1.34125	19042326.17973995
1.34126	17975045.567037415
1.34127	16827515.52858956
1.34128	16558462.162500074
1.34129	19197735.33134782
1.3413	18112566.792463686
1.34131	11479157.11221925
1.34132	4240919.218021504
1.34133	2166606.291807324
1.34134	4476926.866914992
1.34135	16446746.555805534
1.34136	11447746.399849935
1.3413700000000002	14523791.310710082
1.34138	18654774.34400745
1.34139	17013356.40747336
1.3414	16820929.86392875
1.34141	16860094.325505905
1.34142	14386660.661120215
1.34143	10597660.436171006
1.34144	9461282.280575067
1.34145	4764309.868054165
1.34146	451110.5666780502
1.3414700000000002	299.883105761365
1.34148	94866.30820339842
1.34149	2866289.151918357
1.3415	1032832.7488559978
1.34151	6454312.664706932
1.34152	12424244.803220695
1.34153	11832867.459765568
1.34154	15147466.476007907
1.34155	16670168.897468872
1.34156	15432276.643664135
1.3415700000000002	14876131.201271938
1.34158	13191069.241225835
1.34159	5891148.903295425
1.3416	2657.681908107131
1.34161	171767.89759227404
1.34162	5511121.681080985
1.34163	358224.26477745007
1.34164	266.55878489189536
1.34165	1607089.2645879362
1.34166	9204707.661318073
1.34167	10226570.108141882
1.34168	14936195.862397872
1.34169	15810295.968703853
1.3417	14629180.553147562
1.34171	14635919.091247074
1.34172	14945140.423664585
1.34173	7824561.348744231
1.34174	10817078.962959502
1.34175	9944203.426584793
1.34176	5702430.488275475
1.34177	5478226.696646411
1.34178	3705441.8311079512
1.34179	34185.583728473015
1.3418	25086.38020045001
1.34181	1949305.912210821
1.34182	1149608.5893812748
1.34183	71471.51696659425
1.34184	48.493887431178216
1.34185	1849.2047486057613
1.34186	23340.38416899995
1.34187	1658822.815375042
1.34188	4124202.6788293114
1.34189	6560395.16703912
1.3419	7537199.315314059
1.34191	11301081.319529723
1.34192	12654354.597596848
1.3419299999999998	13882574.09192318
1.34194	10162720.93131008
1.34195	8917230.647991497
1.34196	7961593.504173183
1.34197	16172978.157126978
1.34198	16931288.113295518
1.34199	16324128.320079645
1.3419999999999999	16867472.08159326
1.34201	14835766.863698276
1.34202	10904606.540390527
1.3420299999999998	12112673.196882354
1.34204	12201409.414919147
1.34205	11767927.93027721
1.34206	9603067.908358227
1.34207	6149219.560631725
1.34208	2451263.508465469
1.34209	54668.35425287909
1.3421	56.89524868077367
1.34211	229167.485735592
1.34212	3465293.30890027
1.3421299999999998	7256212.622621639
1.34214	8462720.547171062
1.34215	11862056.819993244
1.34216	14202670.120898787
1.34217	10373373.136226084
1.34218	3703394.69397536
1.34219	11413267.599312732
1.3422	16942987.873268653
1.34221	17732501.285323825
1.34222	18598589.115822904
1.34223	16886125.006772187
1.34224	13282811.20951694
1.34225	10808862.694159357
1.34226	1391457.6730339185
1.34227	1516736.0176517083
1.34228	10075578.708654957
1.34229	4155755.61170973
1.3423	16834.64644778041
1.34231	383876.9185634772
1.3423200000000002	8968503.872512624
1.34233	12329060.962291533
1.34234	14442088.43383147
1.34235	15073010.441631328
1.34236	10882783.763432382
1.34237	7472226.020577312
1.34238	2756703.134123887
1.34239	2547358.0936797718
1.3424	5922567.239341658
1.34241	3519897.3627457838
1.3424200000000002	1715457.6461652073
1.34243	173111.5320774268
1.34244	7053748.972246109
1.34245	14626822.797850816
1.34246	14948237.865778785
1.34247	17662411.55008782
1.34248	19229146.137728408
1.34249	17300553.586859636
1.3425	14692983.80818289
1.34251	17690495.605749086
1.3425200000000002	16888458.072314054
1.34253	11072864.871402472
1.34254	12661932.675109414
1.34255	17790985.265651412
1.34256	10808364.939098414
1.34257	17894517.798476927
1.34258	19343274.72612467
1.34259	17001608.055423833
1.3426	17360011.158813056
1.34261	17300951.95141384
1.34262	15702181.752347145
1.34263	9934133.683651367
1.34264	12414521.930135844
1.34265	13118977.886096347
1.34266	11040277.763733637
1.34267	12285136.888005504
1.34268	9111712.33042919
1.34269	5392498.090628998
1.3427	1670552.0051616544
1.34271	8485.452369045592
1.34272	10.397286230975984
1.34273	255812.0511657725
1.34274	1647782.9317987468
1.34275	5630539.376429873
1.34276	8428882.504990477
1.34277	10032750.220363613
1.34278	3684851.581257824
1.34279	5798557.925968328
1.3428	10761430.369937582
1.34281	712009.8471436079
1.34282	7293735.33189315
1.34283	14842600.560218958
1.34284	11551277.04321923
1.34285	11511184.107772252
1.34286	15371278.808861302
1.34287	7802971.1284871325
1.34288	5919704.116460869
1.34289	552918.3457432354
1.3429	1673978.978860474
1.34291	5431627.769406321
1.34292	2592447.677917889
1.34293	81542.68357295913
1.34294	2050.2083596218285
1.34295	1781845.3170511469
1.34296	7524194.2659187075
1.34297	13080670.319576016
1.3429799999999998	14425470.932699833
1.34299	13083682.602012953
1.3430000000000002	9712253.289327286
1.34301	432114.6594883792
1.34302	3110068.8253213405
1.34303	662783.9759686681
1.34304	7386011.848457793
1.34305	3817684.1949754367
1.34306	21125.111019986824
1.34307	23036.68585533695
1.3430799999999998	4638953.294335391
1.34309	10305284.833787287
1.3431	13186210.366815278
1.34311	13194106.946880795
1.34312	2446019.9789104983
1.34313	4956555.80285519
1.34314	5580460.006219001
1.34315	8741581.27934048
1.34316	13972367.50348474
1.34317	13852558.727051916
1.3431799999999998	12453459.135212267
1.34319	10784251.313516317
1.3432	7156653.653069993
1.34321	3411536.325974472
1.34322	21921.536956009186
1.34323	1681.8102693111261
1.34324	842513.7550872037
1.34325	3500.507399367619
1.34326	54829.590206337874
1.34327	631599.8235391604
1.34328	18832.15413189159
1.34329	7.2380070202329625
1.3433	27076.778982895954
1.34331	850344.6819885044
1.34332	1912273.4705510181
1.34333	4660902.305173338
1.34334	7525926.975151923
1.34335	9845777.111534944
1.34336	11693916.81105609
1.3433700000000002	12943150.467815885
1.34338	13668158.299745655
1.34339	12614498.80630976
1.3434	6807850.341679817
1.34341	6755227.81715832
1.34342	1906250.629027312
1.34343	4376934.021013802
1.34344	11247344.563528167
1.34345	6680362.046792463
1.34346	4838157.475995592
1.3434700000000002	10563066.16171983
1.34348	3184197.521726125
1.34349	9141342.899478097
1.3435	13723345.585027227
1.34351	17763559.703737266
1.34352	17956016.6733097
1.34353	16014006.483443515
1.34354	13744216.892978258
1.34355	4182153.799140222
1.34356	8931203.808435101
1.3435700000000002	16152509.308832867
1.34358	11849226.46809827
1.34359	9433872.447788857
1.3436	17878867.25947496
1.34361	19816182.805981196
1.34362	19054607.17963244
1.34363	16567996.723538598
1.34364	19967330.20334396
1.34365	18383152.9248202
1.34366	15474263.93220122
1.34367	11609673.334166402
1.34368	1709228.0052343283
1.34369	8990006.381198425
1.3437	18023536.069214687
1.34371	18605013.950395964
1.34372	18095475.51354868
1.34373	18372150.737289734
1.34374	18016067.486470234
1.34375	17092280.052343287
1.34376	12992717.628367502
1.34377	6818361.135921624
1.34378	7894234.0807304615
1.34379	15042152.939238636
1.3438	13203224.261718595
1.34381	10413099.063308848
1.34382	6213839.049584921
1.34383	162984.3857260197
1.34384	649.5566001499855
1.34385	203132.306586552
1.34386	32.02904576446128
1.34387	20099.904778771997
1.34388	507179.8606092375
1.34389	29028.059192433233
1.3439	2135895.496302301
1.34391	8274847.523632341
1.34392	8238914.576735965
1.3439299999999998	13179835.810126245
1.34394	13563444.667166525
1.34395	14291242.875679173
1.34396	14947893.673844708
1.34397	13444046.31645738
1.34398	3982538.656758916
1.34399	3734134.871680617
1.344	12074801.499133965
1.34401	10670137.107713656
1.34402	2464903.9456046573
1.3440299999999998	10831285.413233766
1.34404	12800885.117848227
1.34405	6756161.1508415565
1.34406	607099.6744671296
1.34407	10167.893764419934
1.34408	3083755.946771208
1.34409	8344493.870828427
1.3441	15072316.319831172
1.34411	12519298.657964127
1.34412	1653369.7974868957
1.3441299999999998	4164280.7370192367
1.34414	12327073.912594326
1.34415	10001611.939468557
1.34416	13025967.791906405
1.34417	11669976.99708366
1.34418	6614545.374840587
1.34419	178154.99363033497
1.3442	2811.266387172116
1.34421	712191.8508233682
1.34422	4546738.740611352
1.34423	9804151.192369048
1.34424	7809981.4076106325
1.34425	6846679.522407052
1.34426	203380.82280516726
1.34427	594812.3813160387
1.34428	14708554.701912595
1.34429	17675430.49162743
1.3443	14896011.537013248
1.34431	15564672.965171576
1.3443200000000002	16357239.025629176
1.34433	17337241.549678106
1.34434	15731857.358977895
1.34435	11424310.546521747
1.34436	4930943.201353005
1.34437	47999.64219336081
1.34438	3073618.772273388
1.34439	11026812.75668009
1.3444	4301797.868095038
1.34441	2252423.2418382186
1.3444200000000002	7325039.9899874525
1.34443	3535818.7948300424
1.34444	1077209.066344089
1.34445	13076454.289248532
1.34446	15899739.172909653
1.34447	14279730.134406812
1.34448	13104184.527263908
1.34449	9215735.465815814
1.3445	6534013.087144705
1.34451	664431.1730384594
1.3445200000000002	45255.8785241012
1.34453	3830981.0169664007
1.34454	5442143.635383328
1.34455	4729443.047383375
1.34456	2291817.334746609
1.34457	526025.7448556483
1.34458	65.8274451685971
1.34459	12.495021277105062
1.3446	38617.84187975258
1.34461	749279.7577050236
1.34462	184225.6086363752
1.34463	10.597806849272057
1.34464	383.24191358722237
1.34465	606835.5291010077
1.34466	2081085.8676555112
1.34467	1218344.19956578
1.34468	2129364.4539604182
1.34469	6952644.119441788
1.3447	8207861.131168035
1.34471	9540255.37236122
1.34472	10224451.048409142
1.34473	9553664.80983006
1.34474	6117866.5582113275
1.34475	3400243.350635853
1.34476	6382047.026581229
1.34477	4600446.663934787
1.34478	2112953.7939049117
1.34479	255388.30163055172
1.3448	172.82636672331853
1.34481	9.532811380357767
1.34482	43011.34267156122
1.34483	76257.57666093635
1.34484	102.46345596491156
1.34485	177265.41020637454
1.34486	43554.59703272665
1.34487	5.5323035341936295
1.34488	16623.175883171993
1.34489	34033.843697320066
1.3449	994640.1817509895
1.34491	3729924.147524733
1.34492	4447336.593897965
1.34493	1624538.469459604
1.34494	7410030.575798525
1.34495	11688801.944671815
1.34496	13386899.407391256
1.34497	14839525.007336253
1.3449799999999998	15784469.853392448
1.34499	16591284.099754108
1.345	17224633.900379438
1.34501	17655092.609918527
1.34502	18131761.59022427
1.34503	18270061.110409226
1.34504	16860094.325505905
1.34505	16486558.198122233
1.34506	16930118.581741698
1.34507	6183010.727517133
1.3450799999999998	6010630.073873106
1.34509	5862596.4407086475
1.3451	13346887.504772382
1.34511	12321682.106154213
1.34512	6164530.419598759
1.34513	12897335.578987505
1.34514	14579411.702167865
1.34515	3169859.404439345
1.34516	602734.4294712009
1.34517	8981523.281686949
1.3451799999999998	13088503.696840225
1.34519	17034523.902991936
1.3452	17196101.50491023
1.34521	14755026.70966616
1.34522	18843431.793082397
1.34523	17646557.67944485
1.34524	15077523.012574686
1.34525	2302342.8689061617
1.34526	479836.1899559635
1.34527	7555096.223709725
1.34528	10370984.853763068
1.34529	6868628.064313202
1.3453	10804383.723712297
1.34531	15591934.439322472
1.34532	7937614.444469985
1.34533	67690.38745884456
1.34534	1656990.4294458916
1.34535	14239672.466462405
1.34536	15283752.631863112
1.3453700000000002	11569377.713015113
1.34538	16415722.42623153
1.34539	14253450.111641858
1.3454	5328316.329981945
1.34541	8215802.676074618
1.34542	14926569.24464338
1.34543	9366341.753207013
1.34544	6480223.727539487
1.34545	1717750.169234165
1.34546	120.22838129867388
1.3454700000000002	30200.073504808883
1.34548	5408165.831716485
1.34549	10916414.057072407
1.3455	14606292.72174078
1.34551	15489949.43280382
1.34552	5176664.2706983695
1.34553	7108533.263712519
1.34554	14076996.41471191
1.34555	8731321.904686736
1.34556	3438191.006712845
1.3455700000000002	562733.7982273933
1.34558	992992.5724502972
1.34559	3643678.080383983
1.3456	11451964.682472013
1.34561	1782994.4855897273
1.34562	295037.3509541316
1.34563	203920.55290602453
1.34564	1619421.8698197515
1.34565	4789387.760441998
1.34566	11146281.320559552
1.34567	14355885.96875717
1.34568	17502899.53557351
1.34569	10785741.315818464
1.3457	5234557.804244622
1.34571	1267739.4351710316
1.34572	9859161.937655728
1.34573	15816850.146176064
1.34574	15992634.06273457
1.34575	4573092.647950643
1.34576	1428400.5212403543
1.34577	11433784.43355525
1.34578	15523870.099580845
1.34579	13595337.7103037
1.3458	7087449.868068838
1.34581	13443117.666713076
1.34582	18349743.589158013
1.34583	15770301.632789332
1.34584	4058915.405524249
1.34585	8853805.965100307
1.34586	16449397.671795867
1.34587	14457393.441117533
1.34588	15520653.380028104
1.34589	14968559.22410108
1.3459	12310055.189439954
1.34591	9527303.494695144
1.34592	3939036.453758239
1.3459299999999998	50751.86428956166
1.34594	7.47733778282802
1.34595	267588.8419190152
1.34596	5046031.996289386
1.34597	10347608.764523704
1.34598	14078941.35798664
1.34599	16344061.958912835
1.3459999999999999	16390039.49163734
1.34601	17557391.771976516
1.34602	16874464.512712147
1.3460299999999998	13989107.25697485
1.34604	3703565.2455307343
1.34605	5193857.140712936
1.34606	17922145.549557853
1.34607	18846035.289230235
1.34608	11102735.659554506
1.34609	9143237.480570983
1.3461	18496944.778405067
1.34611	20309068.29331928
1.34612	20615316.178864107
1.3461299999999998	20015203.03667635
1.34614	20270758.51794083
1.34615	20154405.8631304
1.34616	19435691.63647695
1.34617	15696397.92029296
1.34618	12177832.604982773
1.34619	4794573.7133388715
1.3462	14980282.382062282
1.34621	15268275.93117038
1.34622	12531988.855540182
1.34623	7175133.732422127
1.34624	568691.8442859463
1.34625	117.02293870302955
1.34626	206278.51677739344
1.34627	5729675.1515854215
1.34628	9723441.373292
1.34629	12522470.002124196
1.3463	7360545.471480657
1.34631	3765823.835975267
1.3463200000000002	1384331.1773105604
1.34633	5474317.726157039
1.34634	12159059.957088232
1.34635	10688333.590919886
1.34636	13953077.292682106
1.34637	5442895.547250885
1.34638	2389791.433422876
1.34639	10215508.747101618
1.3464	12364313.267489135
1.34641	13243720.296365116
1.3464200000000002	11912968.680123588
1.34643	11377582.67544688
1.34644	9256568.088074578
1.34645	7807464.172815543
1.34646	6105342.047418396
1.34647	3424758.876682827
1.34648	1070631.4580938194
1.34649	146892.2895320013
1.3465	5.156939067823343
1.34651	1292.626335991092
1.3465200000000002	26.47146640452407
1.34653	67.5655007793445
1.34654	33642.01499058737
1.34655	977696.3638422444
1.34656	933398.2880319378
1.34657	309062.98870160565
1.34658	441.52164588081115
1.34659	2.335086645014464
1.3466	20031.98563054861
1.34661	518458.5011658684
1.3466200000000002	1019929.1399512565
1.34663	3261444.556080371
1.34664	4427208.7485353295
1.34665	7485141.246454853
1.34666	9488990.2413658
1.34667	10173256.627092397
1.34668	11903097.74717352
1.34669	13508278.31650864
1.3467	9827430.926451515
1.34671	11699303.298951173
1.34672	14788700.032754922
1.34673	9167691.70012328
1.34674	11507473.93848292
1.34675	9709570.065288236
1.34676	11858779.665345052
1.34677	10858754.13750358
1.34678	3008361.347006625
1.34679	518045.6126543206
1.3468	2898077.5324627333
1.34681	1164796.3471353531
1.34682	1445406.4886484153
1.34683	13672.250284835927
1.34684	38.07036143775417
1.34685	456327.87640491157
1.34686	2473546.0498027243
1.34687	1211044.2165515078
1.34688	681123.712525041
1.34689	4051911.9559493996
1.3469	3984464.850590122
1.34691	946825.6179951793
1.34692	1552780.2551080487
1.34693	10619400.497822223
1.34694	11165289.803657187
1.34695	566394.4641802431
1.34696	587880.4257157518
1.34697	9121368.470138116
1.3469799999999998	2003410.750908895
1.34699	633677.0813913486
1.347	10433980.001793062
1.34701	11944555.700163325
1.34702	5890606.333416257
1.34703	16078295.26983318
1.34704	10937548.706213877
1.34705	18178163.278875384
1.34706	10659577.7096504
1.34707	13154065.497701047
1.3470799999999998	17783203.56906945
1.34709	19830332.67408814
1.3471	18501630.358596552
1.34711	14775085.407387948
1.34712	19869182.554271195
1.34713	17151811.693429478
1.34714	7433613.896551784
1.34715	18511857.56299963
1.34716	19904899.996401865
1.34717	20059957.10424627
1.3471799999999998	15479965.91199305
1.34719	12518433.885318706
1.3472	9773497.36025439
1.34721	8156803.4973614765
1.34722	14175226.270549824
1.34723	7214396.379258089
1.34724	358431.3599217454
1.34725	5757845.403285905
1.34726	4450819.683259896
1.34727	14327156.340010606
1.34728	15484956.867821727
1.34729	11795870.607572084
1.3473	2878790.096663731
1.34731	4409608.1645063665
1.34732	6026567.150322543
1.34733	4644617.990037371
1.34734	10641920.24949741
1.34735	10173022.381898696
1.34736	2073385.22778772
1.3473700000000002	12568.400172410387
1.34738	989288.58965078
1.34739	8657051.478018308
1.3474	10298405.780166993
1.34741	8021212.0949214725
1.34742	2762676.2869574423
1.34743	8587.4653951963
1.34744	5877.518435327078
1.34745	2394528.442434236
1.34746	5400948.050486095
1.3474700000000002	491695.23547654116
1.34748	130503.15164730088
1.34749	7773918.799394065
1.3475	14025230.258688642
1.34751	15317574.45468754
1.34752	16199066.937441485
1.34753	14241639.885816855
1.34754	15584755.741243493
1.34755	12981055.29879282
1.34756	8583610.453591242
1.3475700000000002	14182735.381647648
1.34758	12633101.922646247
1.34759	14054972.49344829
1.3476	12875674.823500136
1.34761	11085620.319414493
1.34762	8987936.594032664
1.34763	6489332.095341704
1.34764	3907869.02856964
1.34765	1533380.7258530827
1.34766	215469.597305232
1.34767	3.5080195096123723
1.34768	3.2987241503629536
1.34769	7727.873422378681
1.3477	6598.435867598947
1.34771	1048358.9326595928
1.34772	1366155.0756904108
1.34773	415829.21654588415
1.34774	587332.455154194
1.34775	5697967.922639428
1.34776	8768796.673717951
1.34777	8541418.474092886
1.34778	4397440.784473688
1.34779	146828.7156778326
1.3478	2017715.824099615
1.34781	2752453.558771249
1.34782	1131983.2483643615
1.34783	204571.43895435944
1.34784	2.9256811932505515
1.34785	9.875202272779571
1.34786	238750.3406997859
1.34787	1552744.501433
1.34788	1165547.561229625
1.34789	711290.4864111288
1.3479	184593.32812938772
1.34791	345.205733283469
1.34792	80955.8058136455
1.34793	4504431.636061327
1.34794	953636.796137166
1.34795	13282.933549292637
1.34796	927530.074064996
1.34797	2519010.6289215824
1.34798	8212587.31601436
1.34799	8860740.137209473
1.348	8192755.609190489
1.34801	10577182.553872563
1.34802	8221290.607735977
1.3480299999999998	10394653.094465068
1.34804	6616525.643173685
1.34805	6570675.203281442
1.34806	3997606.1080015083
1.34807	1727388.4046277038
1.34808	365260.74450945813
1.34809	41.279554345813644
1.3481	3.9284479198682334
1.34811	187738.35146662433
1.34812	1594703.693132125
1.3481299999999998	4093266.3007104564
1.34814	5484789.94832455
1.34815	7812139.683385621
1.34816	11062925.811449047
1.34817	12516416.314772384
1.34818	13637664.431941042
1.34819	14409867.916197222
1.3482	13571879.654987356
1.34821	3010994.761971344
1.34822	3248478.5243828413
1.3482299999999998	1370881.7661648546
1.34824	7620088.231869571
1.34825	2521447.906515592
1.34826	9138606.97539315
1.34827	12616822.696893945
1.34828	10603518.53826117
1.34829	9311721.963427898
1.3483	10409023.763042793
1.34831	5232268.23230888
1.34832	314542.98217001284
1.34833	1817063.0621794644
1.34834	3350734.366637962
1.34835	540555.1383841074
1.34836	27.462622047842498
1.34837	3040.3179249438285
1.34838	801956.8475758361
1.34839	125027.34244396044
1.3484	320974.8466204413
1.34841	6287.702716349333
1.3484200000000002	1.1640563385163272
1.34843	4306.545103020864
1.34844	295417.35133032873
1.34845	1569350.680323364
1.34846	3192640.3636096017
1.34847	4653503.018986731
1.34848	1524122.9406364297
1.34849	468741.0623826657
1.3485	84.71805959171036
1.34851	3451437.3933585635
1.3485200000000002	7294407.140680516
1.34853	9868928.44232463
1.34854	8736148.344957002
1.34855	15228951.374820467
1.34856	16510871.598508416
1.34857	16695521.915543005
1.34858	15862075.036402753
1.34859	9683224.481311606
1.3486	10059815.13625442
1.34861	1845185.359205404
1.3486200000000002	4944131.349194712
1.34863	11130380.211542863
1.34864	11648499.89224602
1.34865	14618741.949885555
1.34866	16728615.530599622
1.34867	10160615.10184107
1.34868	8887917.198848208
1.34869	15774659.730229247
1.3487	11661918.44620827
1.34871	15927220.772401767
1.34872	17148652.503936645
1.34873	15609895.654550634
1.34874	11344360.002997467
1.34875	9093268.189364057
1.34876	8504523.783121843
1.34877	12047307.622646395
1.34878	12334171.98954697
1.34879	10383170.845793204
1.3488	4962608.327761475
1.34881	4885511.051073428
1.34882	2472634.9296057993
1.34883	324948.0985389921
1.34884	244.76087663752068
1.34885	2.3210152823117527
1.34886	114325.47119213574
1.34887	1403459.872921175
1.34888	3720060.4747559936
1.34889	5823177.120304395
1.3489	7223704.965908314
1.34891	7746044.720781583
1.34892	6791567.165128409
1.34893	4333212.626877677
1.34894	1168907.1092381647
1.34895	274846.36655214115
1.34896	8.876872866259411
1.34897	84.67905446543719
1.3489799999999998	166763.11546101223
1.34899	1489944.1865340308
1.349	104434.50196875956
1.34901	841462.9528144909
1.34902	2300700.039788396
1.34903	10237171.996384624
1.34904	11271195.948229956
1.34905	6086112.837702367
1.34906	2422813.584229023
1.34907	335823.4353611205
1.3490799999999998	9084269.294828946
1.34909	14110097.021889012
1.3491	13493356.6631019
1.34911	13443117.666713076
1.34912	1684690.0078296366
1.34913	327049.8844293503
1.34914	6512983.830927218
1.34915	15041113.900012435
1.34916	17882572.72859963
1.34917	16073483.176494518
1.3491799999999998	16175212.690984372
1.34919	14065656.266131168
1.3492	17634372.078490216
1.34921	16433118.992696935
1.34922	11241130.768318716
1.34923	5310556.0874299975
1.34924	255454.76029866425
1.34925	828132.8263907477
1.34926	287548.42952716607
1.34927	228.64989169304593
1.34928	46106.16498403583
1.34929	7744083.017245084
1.3493	13965612.898010286
1.34931	17064752.74221607
1.34932	18569063.441495266
1.34933	18763333.59512731
1.34934	16505549.980143927
1.34935	11096346.25034547
1.34936	16817444.379082415
1.3493700000000002	18685296.772558507
1.34938	15529590.35832702
1.34939	2917494.1910140873
1.3494	709911.1543485401
1.34941	11297438.868461665
1.34942	15094196.519267127
1.34943	4285781.245029584
1.34944	6324264.133648857
1.34945	18379766.93478008
1.34946	19700624.803977206
1.3494700000000002	18645756.141410276
1.34948	15985270.878142513
1.34949	15401038.268587105
1.3495	2800464.037531674
1.34951	785591.9055656126
1.34952	10512838.67525978
1.34953	2733316.984379321
1.34954	9688130.94257201
1.34955	18859926.67835273
1.34956	20140024.75367429
1.3495700000000002	20120093.75033
1.34958	20699030.286796115
1.34959	17713321.28686982
1.3496	8584796.405120483
1.34961	10285845.579288192
1.34962	1614507.2515919372
1.34963	5290661.792683051
1.34964	16655589.173587102
1.34965	16199066.937441485
1.34966	7257549.389499962
1.34967	738189.7320096005
1.34968	10759695.972076872
1.34969	18913852.59317335
1.3497	19976987.5981814
1.34971	20030878.65269993
1.34972	20293642.24671744
1.34973	16190117.475284893
1.34974	14485050.044853754
1.34975	12850795.129049065
1.34976	5397964.2008375805
1.34977	7015845.231627287
1.34978	3085531.6104176315
1.34979	5693377.752908061
1.3498	9257633.851208253
1.34981	16978526.624260224
1.34982	17156156.52929726
1.34983	10664733.318822682
1.34984	4904220.631190525
1.34985	1090535.9829941844
1.34986	8308832.423525293
1.34987	9864157.545905866
1.34988	6696686.989348611
1.34989	1387522.3902529187
1.3499	2763439.748096847
1.34991	852750.5339241999
1.34992	16.365866341042526
1.34993	176.54889349323304
1.34994	1424524.7527324231
1.34995	5820228.027943588
1.34996	9477199.001437144
1.34997	7400652.291215615
1.34998	5719920.596603948
1.34999	12017385.695851067
1.35	11350892.22149885
1.35001	13782246.082769487
1.35002	16843021.382766422
1.3500299999999998	16599690.854431015
1.35004	7739982.878720148
1.35005	4961922.765442066
1.35006	13675083.915208586
1.35007	15581526.40550466
1.35008	17124582.81047307
1.35009	17452594.570522312
1.3501	16725534.289541395
1.35011	16378344.43332014
1.35012	14805735.957659936
1.3501299999999998	13070132.79149897
1.35014	12495683.024171555
1.35015	8277324.854663221
1.35016	1153373.5828446934
1.35017	387514.5378707164
1.35018	70765.07967799218
1.35019	476844.7439942796
1.3502	2040891.8904477716
1.35021	2353097.920285507
1.35022	828294.924188687
1.3502299999999998	31947.28823007485
1.35024	1.0670898770755135
1.35025	777.4205206422521
1.35026	368511.4615859383
1.35027	99322.81047185119
1.35028	1695118.2515314016
1.35029	3849195.7712165983
1.3503	901795.3674657156
1.35031	4443958.55505538
1.35032	6770332.53139109
1.35033	5494017.013748212
1.35034	6047000.437122466
1.35035	4793690.601562196
1.35036	3152390.4270369494
1.35037	1021386.2334319304
1.35038	261345.4840162557
1.35039	2103.4296913971407
1.3504	2.5593518785682923
1.35041	0.8787594330694022
1.3504200000000002	378.9081965117112
1.35043	269475.32228450576
1.35044	916674.1826774259
1.35045	1968339.464442052
1.35046	2913935.9399717324
1.35047	3244292.480798791
1.35048	3470803.28639648
1.35049	3755865.22755491
1.3505	950712.0532799744
1.35051	36706.5865414444
1.3505200000000002	58.490320351388405
1.35053	418.30205677980143
1.35054	173310.54980277622
1.35055	697546.2366764494
1.35056	5024467.021000172
1.35057	7567631.913453167
1.35058	8494738.222381264
1.35059	8430629.425722336
1.3506	4155659.923002161
1.35061	115172.81982944215
1.3506200000000002	2128139.0459827087
1.35063	309354.1881263829
1.35064	2115387.822729699
1.35065	587044.4682120539
1.35066	217376.70428699077
1.35067	140.7641298412481
1.35068	2.8205967424571736
1.35069	172654.14136259846
1.3507	1613318.076848289
1.35071	2797499.3867685073
1.35072	738818.9055146744
1.35073	126315.6031073027
1.35074	5206.765277561878
1.35075	1026809.7882267656
1.35076	6126465.609898425
1.35077	8036001.33084723
1.35078	6829988.933451433
1.35079	2742079.235070054
1.3508	185913.95935076886
1.35081	126521.4032399993
1.35082	253216.4990648334
1.35083	47.04971531784717
1.35084	304.7326581593332
1.35085	782670.5631986002
1.35086	4123632.9385299617
1.35087	8028603.30753719
1.35088	10671119.908918412
1.35089	9000362.468837395
1.3509	9839204.791625682
1.35091	15344049.822728274
1.35092	16485039.799922515
1.35093	13770826.29055509
1.35094	8296024.004280202
1.35095	10400877.94665007
1.35096	16414966.471683135
1.35097	15002719.86242756
1.3509799999999998	2531920.120423907
1.35099	20776.911983610626
1.351	8306345.662554257
1.35101	12700768.496885955
1.35102	10043151.175471617
1.35103	566050.2675435989
1.35104	594130.7083746818
1.35105	9476326.159347858
1.35106	2442361.807208757
1.35107	4821142.852470272
1.3510799999999998	13417759.397650167
1.35109	2476851.6757935467
1.3511	8254865.471230791
1.35111	5792819.547846747
1.35112	14738049.132346388
1.35113	4164664.2991125626
1.35114	6244102.160610532
1.35115	8185967.197043521
1.35116	17490007.672717027
1.35117	19565457.1628626
1.3511799999999998	17787298.77447367
1.35119	18941309.47890068
1.3512	19065140.054772057
1.35121	18124665.49209023
1.35122	12015725.547343114
1.35123	8461746.29654561
1.35124	18663796.90834673
1.35125	18422136.67338103
1.35126	10920939.469830722
1.35127	1426822.6667570109
1.35128	12767033.560294045
1.35129	8603793.929484485
1.3513	151639.3799717529
1.35131	1188803.2945895179
1.35132	4940831.0091065485
1.35133	152771.7311811721
1.35134	665392.6510802336
1.35135	755424.3855450454
1.35136	4130284.808877265
1.3513700000000002	11832322.548628274
1.35138	11621441.489270754
1.35139	10496874.383140456
1.3514	7304491.701130687
1.35141	2777090.290281426
1.35142	21338.50554108498
1.35143	3.843385966037813
1.35144	94272.71181058596
1.35145	792160.1660084231
1.35146	2233469.365396837
1.3514700000000002	3073901.8760612644
1.35148	349234.38740805874
1.35149	3.0776625504880397
1.3515	2220.997143561767
1.35151	2093582.1170833583
1.35152	6319751.475952447
1.35153	8431600.093679411
1.35154	9928416.7822328
1.35155	12950006.905446135
1.35156	13483107.588861067
1.3515700000000002	13388440.719865473
1.35158	9708005.193614978
1.35159	1485080.5151212316
1.3516	115182.36725299475
1.35161	4695696.293383579
1.35162	12261115.965412045
1.35163	13060806.641596278
1.35164	4664982.29705723
1.35165	7386351.994705455
1.35166	12327357.757228546
1.35167	6548773.9537847275
1.35168	11988090.145458475
1.35169	11763593.26393283
1.3517	5289443.7130274465
1.35171	3963145.3449208518
1.35172	171787.6742407101
1.35173	416742.6989295289
1.35174	4397238.279504608
1.35175	3315583.7312983437
1.35176	1322878.6274193502
1.35177	222376.55603988352
1.35178	12.149768415331554
1.35179	0.8710458180163596
1.3518	55985.556566922714
1.35181	636095.0266054969
1.35182	2177358.79529522
1.35183	3905620.125675392
1.35184	3523059.6790728094
1.35185	502174.8979670005
1.35186	3679255.9425462605
1.35187	244806.5310972989
1.35188	2412792.6432406497
1.35189	9460628.740921617
1.3519	12336160.183411162
1.35191	13993617.539284198
1.35192	14369445.18420742
1.35193	12819467.923131235
1.35194	11006265.882073537
1.35195	10721362.98900395
1.35196	7321667.461023249
1.35197	2577863.9904418117
1.35198	5378.79509295945
1.35199	20.617452372921925
1.3519999999999999	1322.5375148578967
1.35201	927773.577751902
1.35202	5711103.09526134
1.3520299999999998	8046740.574963448
1.35204	10958724.27294902
1.35205	12855530.40915388
1.35206	6902398.038402425
1.35207	11176350.161087833
1.35208	14285649.813946113
1.35209	5713207.531025216
1.3521	1812591.7542871388
1.35211	2592089.5427749082
1.35212	287838.5776850398
1.3521299999999998	7285510.693896961
1.35214	13418377.322533745
1.35215	10238350.662214443
1.35216	1397140.2359866158
1.35217	12391103.940708345
1.35218	16104972.96064459
1.35219	14901157.3257249
1.3522	13361031.87256536
1.35221	6361653.343112223
1.35222	1008486.2934477744
1.3522299999999998	52175.06514603623
1.35224	724562.7449017435
1.35225	7685108.4408768425
1.35226	10855004.304303247
1.35227	13570004.760036854
1.35228	14814602.39283473
1.35229	12631647.566759044
1.3523	15804836.228849806
1.35231	14216084.623114675
1.35232	7978660.760861083
1.35233	11239836.659808246
1.35234	13464802.883878501
1.35235	8854417.585473642
1.35236	2108919.487802412
1.35237	8849729.575469457
1.35238	10636040.931700023
1.35239	8483791.761086516
1.3524	7610093.628235608
1.35241	6090037.96483232
1.3524200000000002	3417275.5555842733
1.35243	2268663.0620392542
1.35244	995730.9353713829
1.35245	219124.53121848425
1.35246	135.5741842609169
1.35247	0.6114711904365789
1.35248	1.9328893804445808
1.35249	55902.08419876443
1.3525	366394.5457358224
1.35251	366575.9763843851
1.3525200000000002	35673.112217443166
1.35253	1.9455258248964715
1.35254	28662.495529438627
1.35255	1023929.3692586401
1.35256	828008.8906560164
1.35257	38136.60248578624
1.35258	2056979.6728422889
1.35259	125315.84878461412
1.3526	777316.7031145142
1.35261	9053989.78135946
1.3526200000000002	9194116.447957266
1.35263	9926816.639478927
1.35264	474511.78165862995
1.35265	332514.04950822925
1.35266	3621846.1644888213
1.35267	5196967.4891465865
1.35268	429687.7771818533
1.35269	208260.54472762925
1.3527	599447.2883914452
1.35271	3273482.322636588
1.35272	9937794.228008224
1.35273	1518308.4183278664
1.35274	84024.70569809827
1.35275	7092020.789197181
1.35276	11235696.513643663
1.35277	4660794.985167238
1.35278	8737154.189104393
1.35279	17035700.646858945
1.3528	17858295.29730495
1.35281	12102079.457144815
1.35282	3507114.944752271
1.35283	2123097.7985344413
1.35284	4859482.248460644
1.35285	15773570.09297414
1.35286	17715360.72574423
1.35287	17570737.880101833
1.35288	9560486.663378777
1.35289	5980534.499360201
1.3529	10616711.110365398
1.35291	865938.4023129777
1.35292	386895.7864553621
1.35293	5706896.5489280475
1.35294	77871.04449739067
1.35295	47252.30515818614
1.35296	6082330.289597961
1.35297	12577664.324512552
1.3529799999999998	13535365.884468988
1.35299	13432906.752228685
1.3530000000000002	9114020.476953752
