1.31901	4724545110.076424
1.31902	4699806742.715432
1.31903	4671216539.88811
1.31904	4675951522.448336
1.31905	4697859239.439376
1.3190600000000001	4681122432.08237
1.31907	4657576533.792644
1.31908	4701105526.734308
1.3190899999999999	4730096489.224037
1.3191	4726830182.596897
1.31911	4707279653.975897
1.31912	4719326234.436963
1.31913	4727809837.686057
1.31914	4735218241.485024
1.31915	4725959548.490492
1.31916	4716175957.783579
1.3191700000000002	4732057356.491319
1.31918	4727918700.783948
1.3191899999999999	4717805148.587113
1.3192	4688673593.876408
1.31921	4721826225.923864
1.31922	4699265688.614322
1.31923	4735436311.364921
1.31924	4717153404.740599
1.31925	4738381237.863523
1.31926	4745806206.880618
1.3192700000000002	4729116360.315097
1.31928	4701213774.9356165
1.31929	4711508728.227662
1.3193	4725959548.490492
1.31931	4723457368.597934
1.31932	4731076821.268744
1.31933	4724109983.429385
1.31934	4706087524.640557
1.31935	4725959548.490492
1.31936	4726286017.4863825
1.3193700000000002	4698291948.192177
1.31938	4719543572.446037
1.31939	4697318409.539942
1.3194	4691589439.049273
1.31941	4649540125.260694
1.31942	4652110266.179072
1.3194299999999999	4685004366.570315
1.31944	4700239630.848193
1.31945	4650932108.617334
1.31946	4615725785.269655
1.3194700000000001	4520224449.25446
1.31948	4639273752.944579
1.31949	4717913781.315852
1.3195	4695263823.688393
1.31951	4666701256.673248
1.31952	4668528345.294225
1.3195299999999999	4711942694.202754
1.31954	4704029103.217678
1.31955	4718674280.459188
1.31956	4705220711.121033
1.3195700000000001	4714221671.441366
1.31958	4732929113.95893
1.31959	4723783664.743391
1.3196	4601188228.089847
1.31961	4625727020.154877
1.31962	4695371937.377989
1.3196299999999999	4682416052.7221155
1.31964	4688349722.964958
1.31965	4382278761.03672
1.31966	4505261459.459554
1.3196700000000001	4582473899.2845545
1.31968	4656718655.504879
1.31969	4656933110.262024
1.3197	4687486176.56833
1.31971	4733910033.076819
1.31972	4739799818.549533
1.3197299999999998	4632228774.542331
1.31974	4360537241.831279
1.31975	4702188120.918428
1.31976	4716067365.069225
1.31977	4710098614.817897
1.31978	4724871481.363014
1.31979	4721608782.797113
1.3198	4709556375.889427
1.31981	4687917929.882753
1.31982	4629776220.816793
1.3198299999999998	4662190338.013601
1.31984	4700131405.077123
1.31985	4700780797.085001
1.31986	4688457677.44965
1.31987	4699049284.414806
1.31988	4713678957.855785
1.31989	4700672558.853261
1.3199	4706737739.573607
1.3199100000000001	4712159692.179424
1.31992	4720739110.419516
1.3199299999999998	4734237051.291718
1.31994	4727809837.686057
1.31995	4727374410.36036
1.31996	4738163032.367872
1.31997	4737835742.965176
1.31998	4736199635.034053
1.31999	4731839442.214443
1.32	4740454691.329852
1.3200100000000001	4737290310.865635
1.32002	4712593718.113274
1.32003	4640128417.466547
1.3200399999999999	4677459114.108308
1.32005	4614981878.126052
1.32006	4577622762.272747
1.32007	4685112244.024443
1.32008	4512736752.718114
1.32009	4600446663.934787
1.3201	4686838621.153281
1.3201100000000001	4650289602.984549
1.3201200000000002	4619659858.374257
1.32013	4605215948.346059
1.3201399999999999	4373710164.702675
1.32015	4694399003.78466
1.32016	4716827566.581458
1.32017	4614556842.160899
1.32018	4638953294.335392
1.32019	4704137418.737598
1.3202	4593143352.424699
1.32021	4220559235.82556
1.3202200000000002	4591134332.272507
1.32023	4728898581.472981
1.3202399999999999	4728789695.812783
1.32025	4559319216.592212
1.32026	4511697776.301745
1.32027	4705004032.688911
1.32028	4711834198.961794
1.32029	4680367985.094115
1.3203	4619978984.19409
1.32031	4683170829.846494
1.3203200000000002	4628923463.064314
1.32033	4173303792.4857993
1.32034	4528037344.58425
1.32035	4649004857.984662
1.32036	4630735761.071296
1.32037	4600340735.955223
1.3203799999999999	4624662029.763048
1.32039	4585534866.616769
1.3204	4684141436.354354
1.32041	4693426271.794057
1.3204200000000001	4681338010.700835
1.32043	4645901522.73339
1.32044	4586802071.786833
1.32045	4577517359.82689
1.32046	4494175211.799822
1.32047	4266384570.1126456
1.3204799999999999	4142952938.525357
1.32049	4372501830.868685
1.3205	4507959441.430192
1.32051	4560264154.341423
1.3205200000000001	4640769519.182678
1.32053	4661224280.018869
1.32054	4637992051.316066
1.32055	4646971404.2623005
1.32056	4682416052.7221155
1.32057	4687809987.826066
1.3205799999999999	4700564323.113769
1.32059	4718565630.219511
1.3206	4708255257.137207
1.32061	4700889037.809067
1.3206200000000001	4690725295.929849
1.32063	4675843855.925189
1.32064	4706954497.84772
1.32065	4720521717.355132
1.32066	4716284552.998382
1.32067	4715850187.141731
1.3206799999999999	4722369877.552341
1.32069	4688457677.44965
1.3207	4554387721.924964
1.32071	4705762450.858913
1.3207200000000001	4726721344.562795
1.32073	4695480053.557004
1.32074	4497591422.424373
1.32075	4678428536.839496
1.32076	4649326010.955251
1.32077	4551452346.002698
1.3207799999999998	4582473899.2845545
1.32079	4681338010.700835
1.3208	4706846117.462903
1.32081	4719869598.226716
1.32082	4726394845.4966135
1.32083	4724218761.333983
1.32084	4725959548.490492
1.32085	4584584692.493267
1.3208600000000001	4397845822.389996
1.32087	4616469812.326606
1.3208799999999998	4265009471.8725057
1.32089	4443242331.287163
1.3209	4660258422.202161
1.32091	4652967295.491961
1.32092	4610627114.752616
1.32093	4638098846.259168
1.32094	4670463689.412348
1.32095	4712159692.179424
1.3209600000000001	4716175957.783579
1.32097	4710315527.869597
1.3209799999999998	4724545110.076424
1.3209899999999999	4688025874.424928
1.321	4694507097.560793
1.32101	4700456089.866468
1.32102	4676597573.651227
1.32103	4583951352.461611
1.32104	4625727020.154877
1.32105	4699265688.614322
1.3210600000000001	4722913591.774629
1.32107	4727918700.783948
1.32108	4709122629.692253
1.3210899999999999	4706304252.970475
1.3211	4705979164.218306
1.32111	4712159692.179424
1.32112	4720847810.706
1.32113	4714981575.438939
1.32114	4712485207.882088
1.32115	4549985367.579133
1.3211600000000001	4364153323.262737
1.3211700000000002	4576568847.020489
1.32118	4705112370.657671
1.3211899999999999	4705437399.531795
1.3212	4722804843.922325
1.32121	4712376700.149431
1.32122	4662512401.836361
1.32123	4702296394.047677
1.32124	4707062880.728136
1.32125	4690077293.044834
1.32126	4714221671.441366
1.3212700000000002	4709014199.38491
1.32128	4686514876.99286
1.3212899999999999	4642051988.359979
1.3213	4669065860.424192
1.32131	4700131405.077123
1.32132	4471260777.715315
1.32133	4241212180.4611177
1.32134	4639166930.948564
1.32135	4712051191.941939
1.32136	4685759560.915218
1.3213700000000002	4666056572.602653
1.32138	4713353359.694625
1.32139	4726177191.982
1.3214	4688565634.420114
1.32141	4700239630.848193
1.32142	4706954497.84772
1.3214299999999999	4635216245.744389
1.32144	4569408655.387636
1.32145	4699914961.010808
1.32146	4645687575.987927
1.3214700000000001	4663156596.227845
1.32148	4685759560.915218
1.32149	4685435891.291063
1.3215	4723892435.134156
1.32151	4719543572.446037
1.32152	4725197875.195295
1.3215299999999999	4719326234.436963
1.32154	4662297690.14926
1.32155	4403925869.910114
1.32156	4400074197.886016
1.3215700000000001	4588386570.7156
1.32158	4682200424.459142
1.32159	4646543422.088587
1.3216	4568041071.288483
1.32161	4525118951.902742
1.32162	4384802129.688042
1.3216299999999999	4427106809.460276
1.32164	4601082283.035353
1.32165	4654574651.026363
1.32166	4663693492.876744
1.3216700000000001	4659400049.937793
1.32168	4694290912.49743
1.32169	4690509285.020896
1.3217	4692994011.1659565
1.32171	4688997487.160858
1.32172	4664660062.626046
1.3217299999999998	4571408168.668646
1.32174	4628923463.064314
1.32175	4713787495.574379
1.32176	4654467476.718205
1.3217700000000001	4457794047.835023
1.32178	4609459462.893826
1.32179	4606382525.252872
1.3218	4513775968.3952055
1.32181	4580364077.908266
1.32182	4607443306.148624
1.3218299999999998	4699698526.911864
1.32184	4726721344.562795
1.32185	4722261142.219357
1.32186	4687809987.826066
1.32187	4679505908.852527
1.32188	4729334149.18651
1.32189	4721934951.242396
1.3219	4700672558.853261
1.3219100000000001	4701105526.734308
1.32192	4701646792.666803
1.3219299999999998	4662512401.836361
1.32194	4685112244.024443
1.32195	4710640916.177523
1.32196	4689105456.561044
1.32197	4562364717.229173
1.32198	4557744755.438327
1.32199	4504431636.061326
1.322	4639594233.691047
1.3220100000000001	4679613659.698547
1.32202	4667346029.816393
1.3220299999999998	4674659687.777582
1.3220399999999999	4638846479.7181225
1.32205	4563940774.3369255
1.32206	4439151837.895508
1.32207	4243654321.284045
1.32208	4507959441.430192
1.32209	4548518861.977305
1.3221	4417128157.93302
1.3221100000000001	4463443071.670695
1.32212	4711725706.219
1.32213	4689969301.267545
1.3221399999999999	4684680749.111355
1.32215	4665519403.909805
1.32216	4684788619.113829
1.32217	4678213092.204186
1.32218	4495417169.876536
1.32219	4548414129.665803
1.3222	4657254810.915793
1.32221	4675090259.674325
1.3222200000000002	4672077089.030859
1.32223	4530540322.028414
1.3222399999999999	4575515174.413267
1.32225	4653610171.087173
1.32226	4659292764.521997
1.32227	4606064338.610711
1.32228	4599175689.145383
1.32229	4655753731.303975
1.3223	4680475755.790384
1.32231	4678751722.396034
1.3223200000000002	4438947412.1056795
1.32233	4467453080.328812
1.32234	4648041532.1689005
1.32235	4683602185.684473
1.32236	4540775180.852355
1.32237	4572039775.675693
1.3223799999999999	4591662936.574502
1.32239	4658434570.1219845
1.3224	4691049330.945752
1.32241	4704462380.262123
1.3224200000000002	4677674524.020862
1.32243	4689105456.561044
1.32244	4710315527.869597
1.32245	4713136306.748819
1.32246	4694615193.825907
1.32247	4639166930.948564
1.3224799999999999	4566463598.232874
1.32249	4697210251.031703
1.3225	4680799082.7686825
1.32251	4709773263.969528
1.3225200000000001	4707062880.728136
1.32253	4708472085.297195
1.32254	4705762450.858913
1.32255	4711725706.219
1.32256	4704462380.262123
1.32257	4663586108.601911
1.3225799999999999	4546215308.100835
1.32259	4603413637.846058
1.3226	4697859239.439376
1.32261	4716175957.783579
1.3226200000000001	4672937796.7072
1.32263	4504431636.061326
1.32264	4671861936.883777
1.32265	4695696293.383578
1.32266	4726830182.596897
1.32267	4712485207.882088
1.3226799999999999	4575831250.721039
1.32269	4600446663.934787
1.3227	4601188228.089847
1.32271	4555856119.728682
1.3227200000000001	4661868296.437454
1.32273	4655003372.937664
1.32274	4678428536.839496
1.32275	4692129609.338616
1.32276	4690833305.1147785
1.32277	4657254810.915793
1.3227799999999998	4654038804.1624975
1.32279	4652324508.70714
1.3228	4692021570.305542
1.32281	4694074737.389546
1.32282	4673152998.400599
1.32283	4691913533.76013
1.32284	4683170829.846494
1.32285	4716501750.929624
1.3228600000000001	4695155712.488196
1.32287	4665411977.592281
1.3228799999999998	4692885952.229524
1.32289	4719652245.203926
1.3229	4709990162.037925
1.32291	4670571232.051174
1.32292	4635429710.256168
1.32293	4658863647.561325
1.32294	4678751722.396034
1.32295	4696453211.202365
1.3229600000000001	4709014199.38491
1.32297	4717805148.587113
1.3229799999999998	4705004032.688911
1.3229899999999999	4570987145.805633
1.323	4653610171.087173
1.32301	4589337532.794074
1.32302	4553234312.820996
1.32303	4634575911.188341
1.32304	4511905552.446817
1.32305	4699049284.414806
1.3230600000000001	4701971582.139031
1.32307	4675736191.881128
1.32308	4577833574.445507
1.3230899999999999	4511386130.024447
1.3231	4637671681.240613
1.32311	4689105456.561044
1.32312	4707279653.975897
1.32313	4718131054.277558
1.32314	4698075588.834033
1.32315	4657362049.405433
1.3231600000000001	4657683779.6903105
1.3231700000000002	4694182823.699084
1.32318	4699590313.600028
1.3231899999999999	4697859239.439376
1.3232	4644938839.96341
1.32321	4647613451.437303
1.32322	4718022416.545981
1.32323	4711074802.22049
1.32324	4709447935.594825
1.32325	4686730703.948309
1.32326	4667990892.044392
1.3232700000000002	4708038438.962295
1.32328	4695047603.777325
1.3232899999999999	4660473039.97534
1.3233	4588492223.437169
1.32331	4409100518.828087
1.32332	4636283666.614064
1.32333	4388337287.003652
1.32334	4647613451.437303
1.32335	4666378903.504642
1.32336	4613388195.089658
1.3233700000000002	4677674524.020862
1.32338	4691805499.702322
1.32339	4696128802.912531
1.3234	4699049284.414806
1.32341	4700023181.798013
1.32342	4719326234.436963
1.3234299999999999	4697102095.013877
1.32344	4666808712.677843
1.32345	4609777884.070945
1.32346	4539938816.187382
1.3234700000000001	4380967183.280464
1.32348	4674229155.536151
1.32349	4625300994.571143
1.3235	4625087996.493237
1.32351	4671216539.88811
1.32352	4554702338.749613
1.3235299999999999	4606064338.610711
1.32354	4673798662.946377
1.32355	4675090259.674325
1.32356	4694182823.699084
1.3235700000000001	4667990892.044392
1.32358	4683925728.636357
1.32359	4684249293.938568
1.3236	4658863647.561325
1.32361	4643441729.911697
1.32362	4586590846.609017
1.3236299999999999	4593883739.330151
1.32364	4669926013.360634
1.32365	4703704171.621839
1.32366	4685543778.681529
1.3236700000000001	4682847339.03937
1.32368	4682739513.736007
1.32369	4652967295.491961
1.3237	4697426570.53867
1.32371	4663263970.612678
1.32372	4449897423.629467
1.3237299999999999	4633828966.008255
1.32374	4717587890.6335535
1.32375	4708797346.260221
1.32376	4675413214.622863
1.3237700000000001	4641945102.393464
1.32378	4685543778.681529
1.32379	4701755053.331364
1.3238	4619553487.999653
1.32381	4647720467.92388
1.32382	4623810213.992593
1.3238299999999998	4558794335.784245
1.32384	4667346029.816393
1.32385	4664982297.05723
1.32386	4534819442.973397
1.32387	4396934539.536167
1.32388	4691697468.132043
1.32389	4711725706.219
1.3239	4655324940.285297
1.3239100000000001	4665734263.965706
1.32392	4712919263.798422
1.3239299999999998	4728463053.874894
1.32394	4673475819.523247
1.32395	4410826752.615856
1.32396	4517623147.682598
1.32397	4611795062.396818
1.32398	4678859455.876052
1.32399	4691589439.049273
1.324	4678213092.204186
1.3240100000000001	4461696245.80964
1.32402	4559109257.0175085
1.3240299999999998	4715415861.289812
1.3240399999999999	4682847339.03937
1.32405	4494899645.640091
1.32406	4410928316.824432
1.32407	4601294175.583844
1.32408	4634255777.083338
1.32409	4476308399.334218
1.3241	4684141436.354354
1.3241100000000001	4693318202.90457
1.32412	4703595866.077686
1.32413	4689969301.267545
1.3241399999999999	4583423635.93744
1.32415	4609884029.351377
1.32416	4681014646.496
1.32417	4572671469.948518
1.32418	4294474220.119672
1.32419	4669173370.876428
1.3242	4701105526.734308
1.32421	4682092614.051347
1.3242200000000002	4649754249.426673
1.32423	4681445803.733027
1.3242399999999999	4653181577.488596
1.32425	4602777696.6791525
1.32426	4701213774.9356165
1.32427	4618064559.899716
1.32428	4614025602.252337
1.32429	4656289775.617491
1.3243	4647827486.87463
1.32431	4622426347.982138
1.3243200000000002	4690725295.929849
1.32433	4696453211.202365
1.32434	4710857854.203699
1.32435	4711400242.979022
1.32436	4700780797.085001
1.32437	4707062880.728136
1.32438	4711074802.22049
1.32439	4678428536.839496
1.3244	4664660062.626046
1.32441	4639273752.944579
1.3244200000000002	4659400049.937793
1.32443	4691265366.725331
1.32444	4676274536.892872
1.32445	4699914961.010808
1.32446	4706195887.557928
1.32447	4685112244.024443
1.3244799999999999	4684249293.938568
1.32449	4694723292.580057
1.3245	4701538534.495007
1.32451	4698400131.607719
1.3245200000000001	4709881711.75516
1.32453	4710640916.177523
1.32454	4709014199.38491
1.32455	4715307286.077145
1.32456	4706520991.281352
1.32457	4680260216.879329
1.3245799999999999	4685328006.3847685
1.32459	4664874883.106906
1.3246	4667883408.819425
1.32461	4699698526.911864
1.3246200000000001	4634575911.188341
1.32463	4532105385.481042
1.32464	4670893874.825562
1.32465	4664015660.53735
1.32466	4656075350.486338
1.32467	4536699357.903025
1.3246799999999999	4608185998.120057
1.32469	4556590496.157947
1.3247	4583318099.923087
1.32471	4628497143.090866
1.3247200000000001	4695480053.557004
1.32473	4567515186.397686
1.32474	4622958555.1179695
1.32475	4672399835.829754
1.32476	4679074930.2781925
1.32477	4667238561.439755
1.3247799999999998	4665626832.700922
1.32479	4688025874.424928
1.3248	4584479129.744888
1.32481	4573197948.512571
1.32482	4662727123.411509
1.32483	4680260216.879329
1.32484	4692561790.3487
1.32485	4491382060.509092
1.32486	4634789346.210927
1.32487	4676705257.529565
1.3248799999999998	4628923463.064314
1.32489	4686191155.195141
1.3249	4683710030.851839
1.32491	4678859455.876052
1.32492	4662941854.875179
1.32493	4610733279.587513
1.32494	4317079039.146372
1.32495	4437210172.936092
1.3249600000000001	4614663097.482155
1.32497	4652431633.671087
1.3249799999999998	4456562483.975023
1.32499	4495313660.262622
1.325	4648683727.19775
1.32501	4683278665.081391
1.32502	4697426570.53867
1.32503	4704570705.758731
1.32504	4688781555.818607
1.32505	4663586108.601911
1.3250600000000001	4644938839.96341
1.32507	4655217748.70129
1.32508	4665197132.377875
1.3250899999999999	4678967191.836752
1.3251	4542657564.7404
1.32511	4405345756.724752
1.32512	4550404456.017785
1.32513	4649111906.509928
1.32514	4627324965.60654
1.32515	4576147348.863342
1.3251600000000001	4609777884.070945
1.3251700000000002	4651360495.022612
1.32518	4674121528.671512
1.3251899999999999	4639807899.821246
1.3252	4421198357.421553
1.32521	4620617301.970836
1.32522	4628497143.090866
1.32523	4619553487.999653
1.32524	4668635843.369574
1.32525	4656718655.504879
1.32526	4657791028.057434
1.3252700000000002	4670571232.051174
1.32528	4674552050.999667
1.3252899999999999	4641090103.256586
1.3253	4570145216.403596
1.32531	4627111874.32345
1.32532	4517207078.374983
1.32533	4454613203.677669
1.32534	4229606842.6653934
1.32535	4585112542.696709
1.32536	4652753023.36313
1.3253700000000002	4614238090.876432
1.32538	4539834281.436479
1.32539	4527933083.871703
1.3254	4659936514.07344
1.32541	4665519403.909805
1.32542	4615088143.234236
1.3254299999999999	4646864405.023353
1.32544	4658756374.49651
1.32545	4594095300.36584
1.32546	4320062201.927927
1.3254700000000001	4148107473.3308277
1.32548	4468378978.44164
1.32549	4590711492.64635
1.3255	4651360495.022612
1.32551	4664445252.037787
1.32552	4659614628.180558
1.3255299999999999	4678213092.204186
1.32554	4674874968.768802
1.32555	4676705257.529565
1.32556	4676489892.252355
1.3255700000000001	4679721413.025632
1.32558	4610414792.416288
1.32559	4610945616.591073
1.3256	4582579415.860265
1.32561	4520953082.074111
1.32562	4565727630.575814
1.3256299999999999	4587013306.69217
1.32564	4546529360.37562
1.32565	4609247194.328596
1.32566	4595893962.586802
1.3256700000000001	4589865930.219977
1.32568	4629030049.193049
1.32569	4678643991.396645
1.3257	4682739513.736007
1.32571	4653074435.256772
1.32572	4657147574.895384
1.3257299999999999	4697426570.53867
1.32574	4690617289.231914
1.32575	4663800879.624222
1.32576	4626898792.853369
1.3257700000000001	4317973771.617739
1.32578	4547157530.010859
1.32579	4707930033.61908
1.3258	4710640916.177523
1.32581	4699373894.451324
1.32582	4679721413.025632
1.3258299999999998	4632015457.435713
1.32584	4544854665.567944
1.32585	4475174763.997221
1.32586	4556170837.99016
1.32587	4686838621.153281
1.32588	4639380577.40031
1.32589	4620298132.059096
1.3259	4671646794.6446085
1.3259100000000001	4681769197.7221775
1.32592	4681769197.7221775
1.3259299999999998	4647720467.92388
1.32594	4553444001.838309
1.32595	4564256051.085831
1.32596	4590711492.64635
1.32597	4573303251.499143
1.32598	4683710030.851839
1.32599	4652003148.614819
1.326	4600234810.414732
1.3260100000000001	4558479436.304236
1.32602	4344702061.439004
1.3260299999999998	4568041071.288483
1.3260399999999999	4686622789.228175
1.32605	4678643991.396645
1.32606	4648041532.1689005
1.32607	4666378903.504642
1.32608	4703920790.191767
1.32609	4716610353.646177
1.3261	4552919797.400484
1.3261100000000001	4388741486.418243
1.32612	4692453741.364404
1.32613	4701646792.666803
1.3261399999999999	4695696293.383578
1.32615	4678428536.839496
1.32616	4618383575.516428
1.32617	4651896033.517011
1.32618	4631588852.692173
1.32619	4566148168.997263
1.3262	4616788717.778235
1.32621	4609671741.23459
1.3262200000000002	4343201713.624785
1.32623	4298332425.215652
1.3262399999999999	4616363515.404682
1.32625	4660365729.853302
1.32626	4639807899.821246
1.32627	4674767327.033936
1.32628	4701971582.139031
1.32629	4677243714.115538
1.3263	4668635843.369574
1.32631	4689645340.854872
1.3263200000000002	4678428536.839496
1.32633	4695371937.377989
1.32634	4712376700.149431
1.32635	4692669841.820943
1.32636	4697751068.478193
1.32637	4669495917.086651
1.32638	4604367714.346276
1.32639	4619234391.571041
1.3264	4665841697.704214
1.32641	4684033581.253641
1.3264200000000002	4697642900.007729
1.32643	4686946540.843167
1.32644	4699590313.600028
1.32645	4705004032.688911
1.32646	4679182671.200451
1.32647	4698724696.800782
1.3264799999999999	4659507337.823974
1.32649	4683494343.000323
1.3265	4700672558.853261
1.32651	4633828966.008255
1.3265200000000001	4375724796.518448
1.32653	4502357746.201249
1.32654	4706195887.557928
1.32655	4707496437.206684
1.32656	4671431662.312859
1.32657	4651360495.022612
1.3265799999999999	4670033543.61887
1.32659	4620617301.970836
1.3266	4541402555.463379
1.32661	4474968679.328537
1.3266200000000001	4584479129.744888
1.32663	4641303838.275711
1.32664	4604473735.051512
1.32665	4413773064.344951
1.32666	4534192977.790133
1.32667	4530436003.683345
1.3266799999999999	4688457677.44965
1.32669	4664874883.106906
1.3267	4649647186.111085
1.32671	4674444416.700171
1.3267200000000001	4702296394.047677
1.32673	4679613659.698547
1.32674	4622000626.387547
1.32675	4617745566.319061
1.32676	4643014072.818034
1.32677	4610733279.587513
1.3267799999999998	4596846480.603266
1.32679	4619766231.198156
1.3268	4642372661.026778
1.32681	4600552594.353442
1.32682	4545587268.629391
1.32683	4562259666.108742
1.32684	4637778468.806836
1.32685	4652538761.101687
1.32686	4670248611.563373
1.32687	4654574651.026363
1.3268799999999998	4671539227.240342
1.32689	4695696293.383578
1.3269	4700780797.085001
1.32691	4700023181.798013
1.32692	4645152752.227491
1.32693	4186393042.8434615
1.32694	4281835711.890995
1.32695	4444163211.622201
1.3269600000000001	4624768517.767526
1.32697	4563100142.804938
1.3269799999999998	4641731337.843697
1.32699	4663049224.315371
1.327	4669280883.804212
1.32701	4558164558.575944
1.32702	4246488966.397613
1.32703	4564991781.533184
1.32704	4591874395.336071
1.32705	4467247351.248614
1.3270600000000001	4346603246.062452
1.32707	3984740097.177755
1.32708	3845120903.2562246
1.3270899999999999	4205522879.206839
1.3271	4561419344.219833
1.32711	4635536446.198507
1.32712	4666271457.396655
1.32713	4639487404.315773
1.32714	4641196969.53579
1.32715	4649968383.45368
1.3271600000000001	4442526222.951256
1.3271700000000002	4659829216.305225
1.32718	4651360495.022612
1.3271899999999999	4558479436.304236
1.3272	4567515186.397686
1.32721	4425679908.8416
1.32722	4253534894.947756
1.32723	4302194096.567523
1.32724	4505468939.194457
1.32725	4622745664.910884
1.32726	4670248611.563373
1.3272700000000002	4674229155.536151
1.32728	4686406967.242288
1.3272899999999999	4666808712.677843
1.3273	4623171455.129219
1.32731	4625620510.080319
1.32732	4608292106.74552
1.32733	4441094352.502036
1.32734	4452869833.499053
1.32735	4646650413.936543
1.32736	4620830094.160929
1.3273700000000002	4650182527.342133
1.32738	4526473685.940555
1.32739	4507544262.141809
1.3274	4367370135.237932
1.32741	4662834487.90725
1.32742	4693318202.90457
1.3274299999999999	4694939497.555718
1.32744	4690401283.296738
1.32745	4692777895.781211
1.32746	4672292251.086272
1.3274700000000001	4565096895.563603
1.32748	4581735351.279833
1.32749	4679398160.487551
1.3275	4683602185.684473
1.32751	4655646529.846803
1.32752	4661224280.018869
1.3275299999999999	4675520871.230013
1.32754	4674982612.98224
1.32755	4661868296.437454
1.32756	4681877000.682932
1.3275700000000001	4687270314.822901
1.32758	4669388399.2076
1.32759	4677674524.020862
1.3276	4669065860.424192
1.32761	4648790768.328621
1.32762	4643976356.67207
1.3276299999999999	4624981501.132574
1.32764	4498005684.980124
1.32765	4333412183.288579
1.32766	4627644620.931492
1.3276700000000001	4626046565.093873
1.32768	4638205643.661342
1.32769	4658863647.561325
1.3277	4581840850.849631
1.32771	4531896679.120718
1.32772	4612963305.901377
1.3277299999999999	4612113644.9170265
1.32774	4323545163.996741
1.32775	4462415444.237192
1.32776	4457486124.966752
1.3277700000000001	4552081195.82052
1.32778	4668850846.94612
1.32779	4692021570.305542
1.3278	4694182823.699084
1.32781	4683602185.684473
1.32782	4677136017.838922
1.3278299999999998	4669280883.804212
1.32784	4614875615.4646845
1.32785	4644404102.399432
1.32786	4664230451.341714
1.32787	4661438942.2724495
1.32788	4653181577.488596
1.32789	4646543422.088587
1.3279	4617320275.82054
1.3279100000000001	4665304553.74833
1.32792	4664015660.53735
1.3279299999999998	4661116952.599108
1.32794	4617001333.651451
1.32795	4633615575.211774
1.32796	4654467476.718205
1.32797	4573829802.803922
1.32798	4629989434.800399
1.32799	4639914736.576304
1.328	4516583046.261736
1.3280100000000001	4451229637.780865
1.32802	4419773361.155818
1.3280299999999998	4454715776.118165
1.3280399999999999	4392077552.456555
1.32805	4465601859.63274
1.32806	4429452002.139368
1.32807	4668528345.294225
1.32808	4682200424.459142
1.32809	4682092614.051347
1.3281	4680906863.391457
1.3281100000000001	4598222688.490851
1.32812	4620830094.160929
1.32813	4687486176.56833
1.3281399999999999	4692885952.229524
1.32815	4643548650.33973
1.32816	4632015457.435713
1.32817	4678751722.396034
1.32818	4678320813.281642
1.32819	4467144490.261258
1.3282	4224545577.8823233
1.3282100000000001	4423031170.591639
1.3282200000000002	4631588852.692173
1.32823	4635643184.59856
1.3282399999999999	4597375742.578499
1.32825	4626472659.350352
1.32826	4683386502.799315
1.32827	4683170829.846494
1.32828	4652753023.36313
1.32829	4650075454.1651945
1.3283	4677028324.042055
1.32831	4666916171.156733
1.3283200000000002	4661975641.157764
1.32833	4662082988.349789
1.3283399999999999	4660365729.853302
1.32835	4636924237.12156
1.32836	4583212566.338762
1.32837	4545482603.819542
1.32838	4583951352.461611
1.32839	4464676536.969996
1.3284	4534192977.790133
1.32841	4637992051.316066
1.3284200000000002	4620723696.840943
1.32843	4643334811.94555
1.32844	4621681360.922441
1.32845	4609565600.842236
1.32846	4585851635.084244
1.32847	4537326169.379417
1.3284799999999999	4509724380.076608
1.32849	4430472038.58592
1.3285	4261868054.241603
1.32851	3938401607.2588453
1.3285200000000001	3980430084.299496
1.32853	4294177578.5957747
1.32854	4327628776.844834
1.32855	4472393421.575243
1.32856	4577517359.82689
1.32857	4594835840.719538
1.3285799999999999	4590394388.483383
1.32859	4580680489.177994
1.3286	4611901254.125031
1.32861	4615194410.789292
1.3286200000000001	4647078405.965024
1.32863	4560789204.378246
1.32864	4541925433.8533745
1.32865	4669280883.804212
1.32866	4647934508.289631
1.32867	4469099254.085223
1.3286799999999999	4619766231.198156
1.32869	4673152998.400599
1.3287	4673798662.946377
1.32871	4596634792.8739805
1.3287200000000001	4605321988.58281
1.32873	4666271457.396655
1.32874	4636817469.2245035
1.32875	4543285199.430334
1.32876	4597269885.308717
1.32877	4640235261.601864
1.3287799999999999	4630949019.244381
1.32879	4646222461.325769
1.3288	4626792255.79804
1.32881	4595682318.721582
1.3288200000000001	4651039201.519696
1.32883	4644938839.96341
1.32884	4475174763.997221
1.32885	4646008499.800899
1.32886	4679936927.1232815
1.32887	4659400049.937793
1.3288799999999998	4581946352.848676
1.32889	4286472087.0238304
1.3289	4156999765.430279
1.32891	4446722214.082124
1.32892	4618064559.899716
1.32893	4412452060.6188
1.32894	4583740258.561249
1.32895	4621787780.293693
1.3289600000000001	4657898278.894072
1.32897	4636603940.805552
1.3289799999999998	4608716565.680644
1.32899	4647078405.965024
1.329	4668420849.694062
1.32901	4669603437.44144
1.32902	4630309274.186719
1.32903	4525327346.130006
1.32904	4586590846.609017
1.32905	4610733279.587513
1.3290600000000001	4598540333.432302
1.32907	4568041071.288483
1.3290799999999998	4603201647.69495
1.3290899999999999	4651681810.720481
1.3291	4623171455.129219
1.32911	4606382525.252872
1.32912	4616150928.903406
1.32913	4479195312.5428295
1.32914	4525848373.686592
1.32915	4543599049.293409
1.3291600000000001	4637885258.831981
1.32917	4658327306.936909
1.32918	4525431546.842534
1.3291899999999999	4519079692.077391
1.3292	4310225580.049948
1.32921	4490244607.732919
1.32922	4495520681.873876
1.32923	4479504735.080447
1.32924	4549042559.70953
1.32925	4655860935.229581
1.32926	4674229155.536151
1.3292700000000002	4659185481.576512
1.32928	4634149070.629156
1.3292899999999999	4545691935.849245
1.3293	4405041456.730948
1.32931	4643762498.581738
1.32932	4632548768.622123
1.32933	4480948989.57004
1.32934	4510035911.560339
1.32935	4586590846.609017
1.32936	4632122114.76107
1.3293700000000002	4640662662.745768
1.32938	4590922907.591298
1.32939	4637564896.133237
1.3294	4654681827.802329
1.32941	4649647186.111085
1.32942	4664123054.703096
1.32943	4668098377.7443
1.32944	4622213482.283531
1.32945	4389549996.940406
1.32946	4503913074.055849
1.3294700000000002	4456152038.303387
1.32948	4382985157.846436
1.32949	4482393709.707321
1.3295	4569303442.076421
1.32951	4602353784.708887
1.32952	4502565092.212136
1.3295299999999999	4512840663.518195
1.32954	4463134758.59516
1.32955	4451947149.054559
1.32956	4531896679.120718
1.3295700000000001	4620936493.930814
1.32958	4625087996.493237
1.32959	4589760245.868024
1.3296	4503809368.818763
1.32961	4323346061.968408
1.32962	4475483908.795591
1.3296299999999999	4578676920.225883
1.32964	4554282854.479541
1.32965	4538371047.630819
1.32966	4506506481.202942
1.3296700000000001	4433329390.472239
1.32968	4366063019.503176
1.32969	4327628776.844834
1.3297	4257258291.5591564
1.32971	4139234202.8486896
1.32972	3896996358.753245
1.3297299999999999	3477362769.3170104
1.32974	2611439687.250387
1.32975	2576261835.6986303
1.32976	3415780854.694274
1.3297700000000001	3924912687.5339193
1.32978	4148298505.138101
1.32979	4284991847.657464
1.3298	4369985540.800963
1.32981	4431594349.987684
1.32982	4371897789.143284
1.3298299999999998	4318272056.981193
1.32984	4409202043.288221
1.32985	4338903587.433883
1.32986	4479711028.647028
1.32987	4590711492.64635
1.32988	4614131845.341202
1.32989	4609353327.389285
1.3299	4560579177.109662
1.32991	4594941641.942745
1.32992	4637564896.133237
1.3299299999999998	4635429710.256168
1.32994	4634896067.408188
1.32995	4612113644.9170265
1.32996	4593249114.6764555
1.32997	4504431636.061326
1.32998	4405751522.749423
1.32999	4645366674.342843
1.33	4651039201.519696
1.3300100000000001	4650717930.210164
1.33002	4570566161.718473
1.3300299999999998	4533879777.653037
1.33004	4597375742.578499
1.33005	4636283666.614064
1.33006	4650825018.18083
1.33007	4614344338.858103
1.33008	4617745566.319061
1.33009	4550090136.070123
1.3301	4329223427.933908
1.3301100000000001	4474041415.755964
1.33012	4562364717.229173
1.33013	4624662029.763048
1.3301399999999999	4540043353.345314
1.33015	4552919797.400484
1.33016	4582262873.42186
1.33017	4551661952.955518
1.33018	4617213959.316196
1.33019	4683278665.081391
1.3302	4666916171.156733
1.3302100000000001	4449794962.134359
1.3302200000000002	4379958544.435849
1.33023	4665197132.377875
1.3302399999999999	4544436088.260323
1.33025	4629669617.507019
1.33026	4621574944.001557
1.33027	4626792255.79804
1.33028	4642693355.845608
1.33029	4558584400.380639
1.3303	4498212830.56657
1.33031	4640555808.76929
1.3303200000000002	4633828966.008255
1.33033	4664015660.53735
1.3303399999999999	4664982297.05723
1.33035	4672292251.086272
1.33036	4654038804.1624975
1.33037	4596423114.893033
1.33038	4580785964.458415
1.33039	4629136637.776051
1.3304	4621574944.001557
1.33041	4640128417.466547
1.3304200000000002	4626472659.350352
1.33043	4528245873.211557
1.33044	4531792329.544714
1.33045	4644831887.525428
1.33046	4644297162.274096
1.33047	4423642277.142761
1.3304799999999999	4565622502.022351
1.33049	4546843434.345134
1.3305	4637244555.5636
1.33051	4644831887.525428
1.3305200000000001	4527828825.559801
1.33053	4475896135.0803175
1.33054	4601612032.703436
1.33055	4521369496.417324
1.33056	4510555178.524115
1.33057	4605321988.58281
1.3305799999999999	4648897811.9242525
1.33059	4589654563.949515
1.3306	4314495297.751914
1.33061	4617851895.064268
1.3306200000000001	4639914736.576304
1.33063	4578993214.946842
1.33064	4519391869.825501
1.33065	4585323699.794545
1.33066	4468687653.787561
1.33067	4473938398.331311
1.3306799999999999	4404940028.070775
1.33069	4563940774.3369255
1.3307	4663263970.612678
1.33071	4646864405.023353
1.3307200000000001	4643334811.94555
1.33073	4410014323.1314
1.33074	4550299680.289394
1.33075	4464573735.177163
1.33076	4463545847.428739
1.33077	4333611748.889622
1.3307799999999999	4613175745.60379
1.33079	4653395869.353528
1.3308	4611901254.125031
1.33081	4592826080.280611
1.3308200000000001	4641838218.888043
1.33083	4658220046.22165
1.33084	4587858343.597451
1.33085	4607549397.672775
1.33086	4627857736.749035
1.33087	4526161019.014813
1.3308799999999998	4353113592.296376
1.33089	4194594663.6022577
1.3309	4494382180.982396
1.33091	4584268011.540044
1.33092	4578571493.507421
1.33093	4502254076.776499
1.33094	4513048492.296362
1.33095	4589337532.794074
1.3309600000000001	4619978984.19409
1.33097	4632655438.227566
1.3309799999999998	4612644664.690693
1.33099	4606912885.16902
1.331	4627538066.703053
1.33101	4650289602.984549
1.33102	4624981501.132574
1.33103	4613706887.663357
1.33104	4617213959.316196
1.33105	4650932108.617334
1.3310600000000001	4671861936.883777
1.33107	4674121528.671512
1.3310799999999998	4636710703.785859
1.3310899999999999	4355419588.191053
1.3311	4418959283.796945
1.33111	4397542040.455409
1.33112	4540566075.242374
1.33113	4607125046.232845
1.33114	4590711492.64635
1.33115	4529497246.660644
1.3311600000000001	4462620950.794724
1.33117	4530123063.059843
1.33118	4522618969.590766
1.3311899999999999	4516063085.353987
1.3312	4559634174.08421
1.33121	4478267173.164571
1.33122	4598752108.916994
1.33123	4607761588.04976
1.33124	4607761588.04976
1.33125	4623810213.992593
1.33126	4634682627.471003
1.3312700000000002	4639487404.315773
1.33128	4633935665.091671
1.3312899999999999	4632122114.76107
1.3313	4486007548.244515
1.33131	4077274959.597852
1.33132	4173880395.5412726
1.33133	4511593891.81733
1.33134	4584690257.672328
1.33135	4425679908.8416
1.33136	4312111678.217459
1.3313700000000002	4544436088.260323
1.33138	4408491421.156348
1.33139	4261181177.629313
1.3314	4541716275.273524
1.33141	4644083289.4104805
1.33142	4640662662.745768
1.33143	4614875615.4646845
1.33144	4522306568.9302
1.33145	4503809368.818763
1.33146	4588914858.651645
1.3314700000000002	4625833532.681966
1.33148	4493450894.715099
1.33149	4266188100.366311
1.3315	4407577932.41536
1.33151	4582368385.138445
1.33152	4627964298.338233
1.3315299999999999	4569513871.121506
1.33154	4320559596.101035
1.33155	4184754644.0749874
1.33156	4357325462.663604
1.3315700000000001	4572039775.675693
1.33158	4626153084.978823
1.33159	4627644620.931492
1.3316	4581629854.139223
1.33161	4564466247.684636
1.33162	4610627114.752616
1.3316299999999999	4618915317.184087
1.33164	4607867686.902725
1.33165	4622532784.507547
1.33166	4641410709.476421
1.3316700000000001	4611264140.431599
1.33168	4535445994.711985
1.33169	4463854188.902266
1.3317	4572039775.675693
1.33171	4611157963.373321
1.33172	4591134332.272507
1.3317299999999999	4587330177.290195
1.33174	4585640453.674648
1.33175	4588703536.178638
1.33176	4517519126.763036
1.3317700000000001	4470951924.630429
1.33178	4381168938.920617
1.33179	4355519876.587833
1.3318	4274742903.3835893
1.33181	4333911114.523569
1.33182	4381875156.833724
1.3318299999999998	3710991845.200456
1.33184	3407689373.759288
1.33185	4230678271.610923
1.33186	4524910567.272149
1.33187	4533984175.294845
1.33188	4519495933.867063
1.33189	4386518850.265544
1.3319	4409709700.655611
1.33191	4430982144.892983
1.33192	4415806150.056664
1.3319299999999998	4463237527.253951
1.33194	4444674894.274551
1.33195	4453587609.16235
1.33196	4471157824.316482
1.33197	4447234191.36748
1.33198	4334110703.101774
1.33199	4413366559.543
1.332	4397137030.517163
1.3320100000000001	4003040647.3018274
1.33202	3505984566.67471
1.3320299999999998	4033573731.3625174
1.33204	4334210500.837693
1.33205	4346603246.062452
1.33206	4310622584.779136
1.33207	4255494171.2614956
1.33208	4184851002.7209625
1.33209	4062468438.9988103
1.3321	3758893317.3165293
1.3321100000000001	3757162681.497006
1.33212	3914713648.482058
1.33213	3834775994.0877094
1.3321399999999999	3815399337.877365
1.33215	3716207880.9514227
1.33216	3553939251.394053
1.33217	3637726132.966419
1.33218	3733876935.690785
1.33219	3805134391.576579
1.3322	3858424441.536695
1.3322100000000001	3878644715.720767
1.3322200000000002	3746191723.1953154
1.33223	3606948985.799763
1.3322399999999999	3577750079.152665
1.33225	3229683762.029017
1.33226	2368045266.9887176
1.33227	2382593759.812662
1.33228	3232436484.4860387
1.33229	3665894817.912215
1.3323	3855582496.484031
1.33231	4024760110.172429
1.3323200000000002	4144288684.0453424
1.33233	4220267699.991545
1.3323399999999999	4271397606.878389
1.33235	4262947655.4823804
1.33236	4163321986.3289175
1.33237	3860379493.811377
1.33238	3792713172.3595033
1.33239	4233699213.6426105
1.3324	4206878798.143995
1.33241	4278287837.7758226
1.3324200000000002	4125532379.005369
1.33243	3547480362.1132865
1.33244	3871863159.970284
1.33245	4214441210.41803
1.33246	4453587609.16235
1.33247	4528662959.276591
1.3324799999999999	4506817790.394398
1.33249	4370891238.363437
1.3325	3815750765.32652
1.33251	4098453386.2174006
1.3325200000000001	4441094352.502036
1.33253	4345802645.895566
1.33254	4390864144.226862
1.33255	4319266490.351759
1.33256	4343901811.450996
1.33257	4507336686.836953
1.3325799999999999	4505883927.329711
1.33259	4439969635.202914
1.3326	4464059761.717963
1.33261	4492312918.001933
1.3326200000000001	4258532833.240079
1.33263	4079246973.569906
1.33264	4217159237.1739793
1.33265	3719118360.935006
1.33266	3809605455.609858
1.33267	4353013359.305702
1.3326799999999999	4568987816.6781225
1.33269	4605109910.550946
1.3327	4556485577.992356
1.33271	4377034804.804407
1.3327200000000001	4395517363.740604
1.33273	4552814963.754883
1.33274	4390257565.829351
1.33275	4175322251.7434874
1.33276	4481155349.648529
1.33277	4612644664.690693
1.3327799999999999	4626366132.107016
1.33279	4530957619.429726
1.3328	4176764606.0312033
1.33281	4301401676.114866
1.3328200000000001	4586274027.080364
1.33283	4620830094.160929
1.33284	4637778468.806836
1.33285	4624768517.767526
1.33286	4520432618.076357
1.33287	4593566416.043734
1.3328799999999998	4612857089.718818
1.33289	4613919361.609782
1.3329	4590922907.591298
1.33291	4227270121.2652106
1.33292	4299421263.481051
1.33293	4580469545.902966
1.33294	4635429710.256168
1.33295	4642265767.676569
1.3329600000000001	4645687575.987927
1.33297	4641090103.256586
1.3329799999999998	4622639223.483778
1.33299	4483425937.836104
1.333	4302590361.53568
1.33301	4400378154.741883
1.33302	4587858343.597451
1.33303	4574777747.93209
1.33304	4555226748.42189
1.33305	4623171455.129219
1.3330600000000001	4649111906.509928
1.33307	4640021575.79138
1.3330799999999998	4628390569.232605
1.3330899999999999	4404432919.800626
1.3331	4222406097.177164
1.33311	4588069627.147023
1.33312	4591874395.336071
1.33313	4534297382.643743
1.33314	4547576357.98407
1.33315	4628070862.381131
1.3331600000000001	4662512401.836361
1.33317	4665626832.700922
1.33318	4658220046.22165
1.3331899999999999	4599917048.427018
1.3332	4451434629.20113
1.33321	4405447194.727282
1.33322	4471878547.893199
1.33323	4530540322.028414
1.33324	4232821943.802449
1.33325	4211240070.6329007
1.3332600000000001	4510659039.090998
1.3332700000000002	4583001506.459957
1.33328	4549985367.579133
1.3332899999999999	4570881896.148751
1.3333	4620510909.550533
1.33331	4597481602.285782
1.33332	4464470935.751402
1.33333	3993098285.658954
1.33334	4224448305.2454834
1.33335	4577411959.808004
1.33336	4638846479.7181225
1.3333700000000002	4615725785.269655
1.33338	4587647069.777641
1.3333899999999999	4581840850.849631
1.3334	4418247089.110467
1.33341	4426699076.63157
1.33342	4478576531.586377
1.33343	4534088575.340526
1.33344	4547471647.374274
1.33345	4465396215.8024435
1.33346	4566568746.153515
1.3334700000000002	4641945102.393464
1.33348	4639166930.948564
1.33349	4614663097.482155
1.3335	4557324990.964229
1.33351	4480123644.28181
1.33352	4564361148.175254
1.3335299999999999	4593566416.043734
1.33354	4634469197.362884
1.33355	4610202479.857522
1.33356	4623490823.529941
1.3335700000000001	4628283997.828251
1.33358	4585429281.990074
1.33359	4461285327.322821
1.3336	4450819683.259896
1.33361	4372904571.716698
1.33362	4261573664.994058
1.3336299999999999	4260690619.2557406
1.33364	4469305068.45068
1.33365	4587858343.597451
1.33366	4527516065.027582
1.3336700000000001	4553653700.512363
1.33368	4572987349.81334
1.33369	4572882054.10059
1.3337	4587541436.51625
1.33371	4515959100.355774
1.33372	4562574826.726811
1.3337299999999999	4628177428.877785
1.33374	4579309531.51744
1.33375	4442833112.390412
1.33376	4429553995.2151
1.3337700000000001	4502876129.132683
1.33378	4635429710.256168
1.33379	4648041532.1689005
1.3338	4648041532.1689005
1.33381	4644724937.550107
1.33382	4630309274.186719
1.3338299999999998	4500388435.2630825
1.33384	4344201887.921851
1.33385	4296848090.140943
1.33386	4544226814.063227
1.3338700000000001	4616257220.930288
1.33388	4596634792.8739805
1.33389	4599281590.298425
1.3339	4612857089.718818
1.33391	4596528952.665
1.33392	4629243228.813372
1.3339299999999998	4647078405.965024
1.33394	4655860935.229581
1.33395	4666164013.762677
1.33396	4456665101.299874
1.33397	4068553207.864282
1.33398	4456665101.299874
1.33399	4397845822.389996
1.334	4630629135.667544
1.3340100000000001	4627218418.738334
1.33402	4528141607.697516
1.3340299999999998	4130760352.862788
1.33404	4026150453.157215
1.33405	4348605391.806085
1.33406	4393797121.479102
1.33407	4195464010.680622
1.33408	3925545359.7010875
1.33409	4092135445.675176
1.3341	4178688520.1785765
1.3341100000000001	4196913322.8869405
1.33412	4001842572.200565
1.33413	4308637926.73757
1.3341399999999999	4555646319.63181
1.33415	4619128030.99306
1.33416	4648683727.19775
1.33417	4619340754.598112
1.33418	4341002140.654484
1.33419	4127242623.4835806
1.3342	4242188868.0964155
1.3342100000000001	4402911945.241099
1.3342200000000002	4269234398.411228
1.33423	4497902115.7641325
1.3342399999999999	4427208748.53533
1.33425	4498937915.246527
1.33426	4533879777.653037
1.33427	4585851635.084244
1.33428	4586168425.434085
1.33429	4427616528.308715
1.3343	4122873407.2288637
1.33431	3927534421.9468822
1.3343200000000002	4224059237.095273
1.33433	3790181434.741375
1.3343399999999999	3976674093.1386666
1.33435	4516063085.353987
1.33436	4603625637.759878
1.33437	4505572682.645001
1.33438	4512217234.605784
1.33439	4538162052.732717
1.3344	4572460895.493963
1.33441	4635429710.256168
1.3344200000000002	4619128030.99306
1.33443	4621681360.922441
1.33444	4567830710.066775
1.33445	4371394484.7825
1.33446	4424151597.0992155
1.33447	4629882826.581247
1.3344799999999999	4644511044.987165
1.33449	4614981878.126052
1.3345	4648469652.330006
1.33451	4652003148.614819
1.3345200000000002	4654038804.1624975
1.33453	4666593803.14289
1.33454	4649540125.260694
1.33455	4593143352.424699
1.33456	4541297987.009021
1.33457	4435882154.688052
1.3345799999999999	4509932065.341333
1.33459	4460669020.5513525
1.3346	3660159405.580488
1.33461	3534679165.2157116
1.3346200000000001	4279273063.379637
1.33463	4155372870.0990343
1.33464	3717748439.4598536
1.33465	3811448008.6044087
1.33466	3950754104.754774
1.33467	4289532868.975093
1.3346799999999999	3924280117.3332224
1.33469	3952300888.5474477
1.3347	4476411471.330808
1.33471	4537639607.593044
1.3347200000000001	4555436529.196367
1.33473	4530644642.77553
1.33474	4457691404.515533
1.33475	3952846956.814174
1.33476	3615763363.6109653
1.33477	3779984334.6602335
1.3347799999999999	4107333808.688012
1.33479	4368778235.97642
1.3348	3903462396.4896464
1.33481	3956033859.078761
1.3348200000000001	4203005903.3882604
1.33483	3464894375.2293835
1.33484	3065773034.5541663
1.33485	3476241980.661925
1.33486	4162746841.870808
1.33487	4344702061.439004
1.3348799999999998	4224059237.095273
1.33489	4457383488.737368
1.3349	4363249021.871651
1.33491	4360838467.476645
1.33492	4501735765.457368
1.33493	4262358748.180174
1.33494	3618928477.190188
1.33495	3582118923.6333547
1.3349600000000001	3773809731.003511
1.33497	4062468438.9988103
1.3349799999999998	4148776123.146436
1.33499	4488487292.745986
1.335	4203489820.1811595
1.33501	3563936849.2153683
1.33502	4064152540.2437778
1.33503	4499559509.426415
1.33504	4391673045.793076
1.33505	3831333879.607311
1.3350600000000001	3912010393.8735056
1.33507	4356723517.486127
1.3350799999999998	3947389667.5574856
1.3350899999999999	4028097740.2609534
1.3351	4471157824.316482
1.33511	4573197948.512571
1.33512	4574040440.300421
1.33513	4526161019.014813
1.33514	4156999765.430279
1.33515	3938492293.3512273
1.3351600000000001	4122114015.825716
1.33517	4467864566.912837
1.33518	4542657564.7404
1.3351899999999999	4375120309.554645
1.3352	3791316142.5476685
1.33521	3776156630.3274117
1.33522	4321256044.154956
1.33523	4137804808.864715
1.33524	4312210969.4012785
1.33525	4405345756.724752
1.3352600000000001	4466424529.662989
1.3352700000000002	4560054151.251729
1.33528	4602777696.6791525
1.3352899999999999	4610202479.857522
1.3353	4485904255.292652
1.33531	4565202012.014391
1.33532	4593883739.330151
1.33533	4595047445.602126
1.33534	4608822686.523017
1.33535	4552814963.754883
1.33536	4312111678.217459
1.3353700000000002	4200877331.2452636
1.33538	4303878474.771042
1.3353899999999999	3913992597.99207
1.3354	3170297366.952717
1.33541	3517061803.3759604
1.33542	4110929225.9498577
1.33543	4007282870.7554545
1.33544	4107522962.7554183
1.33545	4428228268.394179
1.33546	4541925433.8533745
1.3354700000000002	4487247249.20057
1.33548	4269627627.5391946
1.33549	4369583068.793252
1.3355	4595682318.721582
1.33551	4630842388.930234
1.33552	4602989667.306144
1.3355299999999999	4356823835.907333
1.33554	4154607492.6249423
1.33555	4265696965.5826545
1.33556	4363048091.4551735
1.3355700000000001	4336206938.196921
1.33558	3614930899.173571
1.33559	3596996373.8144097
1.3356	4115854371.372818
1.33561	4167254267.479955
1.33562	4158435790.262439
1.3356299999999999	4279470135.7246447
1.33564	4546424673.873575
1.33565	4480020486.810282
1.33566	4394808947.140719
1.3356700000000001	4236429660.495417
1.33568	4501321159.364328
1.33569	4460874446.68125
1.3357	4456152038.303387
1.33571	4379454312.099737
1.33572	4319664327.817906
1.3357299999999999	4489624300.365366
1.33574	4430370024.371701
1.33575	4489520924.135666
1.33576	4527307570.008391
1.3357700000000001	4025594258.337746
1.33578	3350502914.1020403
1.33579	3910929614.777552
1.3358	4351510141.36658
1.33581	4539834281.436479
1.33582	4578782349.371893
1.3358299999999999	4541297987.009021
1.33584	4428942071.986359
1.33585	3998434628.387645
1.33586	3582861332.583529
1.3358700000000001	3996041593.428423
1.33588	4529705842.5204735
1.33589	4606806808.300923
1.3359	4578571493.507421
1.33591	4288841533.6808224
1.33592	3418928354.3797164
1.3359299999999998	3408317151.1582246
1.33594	4323246514.39254
1.33595	4291014677.0255446
1.33596	3387505429.7260237
1.33597	3457482574.744195
1.33598	4075303898.948605
1.33599	4389853226.785116
1.336	4553444001.838309
1.3360100000000001	4594306871.14448
1.33602	4615513228.13628
1.3360299999999998	4637458113.48465
1.33604	4638953294.335392
1.33605	4529601543.389785
1.33606	4199426650.155357
1.33607	4296650217.529969
1.33608	3984189623.015194
1.33609	3580139918.4306927
1.3361	3450483857.7054815
1.3361100000000001	4089027205.0028653
1.33612	4274152366.620225
1.3361299999999998	4256082130.1218386
1.3361399999999999	4512321133.443381
1.33615	4611582686.275752
1.33616	4617639240.022154
1.33617	4631588852.692173
1.33618	4502254076.776499
1.33619	4592508830.052169
1.3362	4651253394.722278
1.3362100000000001	4638953294.335392
1.33622	4617958226.257795
1.33623	4637031007.477048
1.3362399999999999	4603307641.550181
1.33625	4496659471.166346
1.33626	4353314065.201725
1.33627	4414992803.417797
1.33628	4173880395.5412726
1.33629	4322649277.070545
1.3363	4562364717.229173
1.33631	4575199119.938539
1.3363200000000002	4562364717.229173
1.33633	4631268924.918735
1.3363399999999999	4640662662.745768
1.33635	4637244555.5636
1.33636	4612007448.298409
1.33637	4637031007.477048
1.33638	4490865000.805022
1.33639	4519079692.077391
1.3364	4519808140.369131
1.33641	4341501945.765912
1.3364200000000002	4496970100.12697
1.33643	4445288991.223169
1.33644	4096660741.221597
1.33645	3511478389.4540787
1.33646	3879537909.499896
1.33647	4125817370.5292172
1.33648	4447234191.36748
1.33649	4585957229.436071
1.3365	4533879777.653037
1.33651	4136090187.6340632
1.3365200000000002	4205910240.0167885
1.33653	4555541423.206438
1.33654	4566568746.153515
1.33655	4327429486.763492
1.33656	3371397807.138037
1.33657	3437320276.979134
1.3365799999999999	4213761977.4937663
1.33659	3995581558.6204634
1.3366	3442627233.560322
1.33661	3638647628.7980213
1.3366200000000001	4281737120.1152744
1.33663	4536803820.468833
1.33664	4566148168.997263
1.33665	4520328532.467093
1.33666	4377740356.320119
1.33667	4356322266.899653
1.3366799999999999	4441503411.245707
1.33669	4514191721.67136
1.3367	4466013175.705187
1.33671	3932783145.683412
1.3367200000000001	3298982410.636004
1.33673	3843616065.7294908
1.33674	4367269573.982004
1.33675	4532522827.036663
1.33676	4517519126.763036
1.33677	4538162052.732717
1.3367799999999999	4570145216.403596
1.33679	4572355611.9031315
1.3368	4398656010.147296
1.33681	4195077611.959644
1.3368200000000001	4229801627.7437463
1.33683	4476102262.4609
1.33684	4539729749.092549
1.33685	4611051788.75983
1.33686	4614556842.160899
1.33687	4563310286.170975
1.3368799999999998	4602353784.708887
1.33689	4523452143.528206
1.3369	4574672410.994373
1.33691	4607655491.639802
1.33692	4561524375.990896
1.33693	4581524359.427728
1.33694	4621894202.115388
1.33695	4581102404.87204
1.33696	4389954308.054853
1.33697	4362545805.894841
1.3369799999999998	4455741630.4334345
1.33699	4526890608.773574
1.337	4602883680.772438
1.33701	4601294175.583844
1.33702	4560054151.251729
1.33703	4468687653.787561
1.33704	4299124280.239325
1.33705	4289532868.975093
1.3370600000000001	4145338500.4987125
1.33707	4321853088.981414
1.3370799999999998	4220559235.82556
1.33709	3436687157.49901
1.3371	3598984696.8129306
1.33711	4275136639.8869777
1.33712	4370388049.879424
1.33713	4549566317.738155
1.33714	4564991781.533184
1.33715	4570671404.105217
1.3371600000000001	4407273478.233666
1.33717	4070052394.402338
1.33718	3907599091.8639245
1.3371899999999999	4012638169.6435285
1.3372	3419164533.7408576
1.33721	3710308318.19731
1.33722	4472805363.202469
1.33723	4582579415.860265
1.33724	4591557210.845426
1.33725	4596634792.8739805
1.3372600000000001	4555961023.4003105
1.3372700000000002	4374616634.208844
1.33728	3829040853.2691393
1.3372899999999999	3505823113.836344
1.3373	4058448132.5178394
1.33731	4312409558.627841
1.33732	4539102605.572284
1.33733	4393695951.726335
1.33734	4094397468.2557187
1.33735	3739727862.2349696
1.33736	3032424522.3707385
1.3373700000000002	3798393901.545063
1.33738	4490037829.088264
1.3373899999999999	4513464178.566424
1.3374	4281539943.374181
1.33741	4043616872.272529
1.33742	3204350394.9004154
1.33743	3302250388.9205527
1.33744	4342401739.985605
1.33745	4555961023.4003105
1.33746	4539938816.187382
1.3374700000000002	4457486124.966752
1.33748	3800056028.8848205
1.33749	3143257786.035479
1.3375	3927896177.894594
1.33751	4432104585.513079
1.33752	4455639034.372059
1.3375299999999999	4411944087.543727
1.33754	4192084228.2437387
1.33755	4327030934.1327095
1.33756	4444367877.614004
1.3375700000000001	4337405241.995817
1.33758	4415399458.009241
1.33759	4490244607.732919
1.3376	4437516695.142839
1.33761	4451434629.20113
1.33762	4540566075.242374
1.3376299999999999	4447541406.032806
1.33764	4396428352.878893
1.33765	4267465315.461142
1.33766	4315886350.909041
1.3376700000000001	4423540420.1878
1.33768	4413366559.543
1.33769	4560789204.378246
1.3377	4620298132.059096
1.33771	4632868784.807085
1.33772	4636924237.12156
1.3377299999999999	4588914858.651645
1.33774	4170037879.44547
1.33775	3273105470.75043
1.33776	3782509260.8941793
1.3377700000000001	4316880234.887236
1.33778	4228340958.280796
1.33779	4339702916.630196
1.3378	4573197948.512571
1.33781	4585429281.990074
1.33782	4490554793.555171
1.3378299999999999	4385105031.550374
1.33784	4470540153.703343
1.33785	4544226814.063227
1.33786	4418348824.1805725
1.3378700000000001	4275431966.0639796
1.33788	4335308427.609462
1.33789	3921841158.5569367
1.3379	3890541031.929284
1.33791	4447541406.032806
1.33792	4518039255.313396
1.3379299999999998	4495520681.873876
1.33794	4380967183.280464
1.33795	4534401789.901372
1.33796	4520224449.25446
1.33797	4563100142.804938
1.33798	4588597878.59149
1.33799	4497902115.7641325
1.338	4318470925.337581
1.3380100000000001	3539076904.4740677
1.33802	3611353485.504917
1.3380299999999998	4370488682.941739
1.33804	4343401730.060724
1.33805	4374515906.098033
1.33806	4153746611.4741883
1.33807	3645776153.908035
1.33808	4017908108.489391
1.33809	4541297987.009021
1.3381	4614131845.341202
1.3381100000000001	4614981878.126052
1.33812	4550928370.849544
1.3381299999999998	4410217416.472579
1.3381399999999999	4270709194.407451
1.33815	4462004459.5128
1.33816	4595576500.443877
1.33817	4618277234.528967
1.33818	4619234391.571041
1.33819	4592403084.8458805
1.3382	4389347855.347173
1.3382100000000001	3836630721.059746
1.33822	3948844207.573961
1.33823	4229899023.6467943
1.3382399999999999	4358328889.448511
1.33825	4534715026.099043
1.33826	4462723707.622518
1.33827	3920577110.0899944
1.33828	3019534527.472562
1.33829	3494700804.802208
1.3383	4398959869.034842
1.33831	4562259666.108742
1.3383200000000002	4599281590.298425
1.33833	4579098651.37591
1.3383399999999999	4579520421.370583
1.33835	4599281590.298425
1.33836	4562679885.104149
1.33837	4388842542.088918
1.33838	3472002266.427269
1.33839	3094140283.179864
1.3384	3982355258.2989783
1.33841	4491588901.059317
1.3384200000000002	4543494430.263476
1.33843	4598328567.69999
1.33844	4609141063.711682
1.33845	4529392952.332995
1.33846	4305860940.499218
1.33847	4275825766.0353093
1.33848	4572250330.736516
1.33849	4560369159.512968
1.3385	4594730041.932484
1.33851	4603519636.582599
1.3385200000000002	4567199684.523447
1.33853	4576252719.763148
1.33854	4519183748.93073
1.33855	4462209947.143351
1.33856	4410115868.632899
1.33857	4158148545.6158004
1.3385799999999999	4146197639.0337195
1.33859	4033852370.3886237
1.3386	4032180824.9109907
1.33861	4382076954.288548
1.3386200000000001	4475793074.949647
1.33863	4361742269.270353
1.33864	4348004651.267684
1.33865	4169077803.276725
1.33866	4377034804.804407
1.33867	4286768196.252843
1.3386799999999999	4299520262.453909
1.33869	4504846528.65305
1.3387	4527411816.317784
1.33871	4527203326.099331
1.3387200000000001	4362545805.894841
1.33873	4178207458.5764995
1.33874	4014671361.5590286
1.33875	4424457217.220345
1.33876	4508582282.066084
1.33877	4506091435.730979
1.3387799999999999	4573408556.910434
1.33879	4515543184.305505
1.3388	4369985540.800963
1.33881	4396023445.51034
1.3388200000000001	4548099947.200266
1.33883	4590500087.437197
1.33884	4589020523.537632
1.33885	4622532784.507547
1.33886	4637778468.806836
1.33887	4602989667.306144
1.3388799999999998	4443549270.195021
1.33889	4458820611.030158
1.3389	4256866201.6366725
1.33891	4286175998.24863
1.33892	4435677879.4692335
1.33893	4573408556.910434
1.33894	4558689366.873957
1.33895	4451742134.032426
1.33896	3880252612.6171193
1.33897	4041755146.5972395
1.3389799999999998	4395112540.273388
1.33899	4118413985.2722926
1.339	4325237901.486659
1.33901	4497694984.486321
1.33902	4580680489.177994
1.33903	4542030016.755396
1.33904	4565517375.889536
1.33905	4590288691.963369
1.3390600000000001	4461798981.345069
1.33907	3667330074.711192
1.3390799999999998	3384231005.1138296
1.33909	4215314670.775238
1.3391	4351309751.53308
1.33911	4480639467.270302
1.33912	4558269515.401936
1.33913	4590394388.483383
1.33914	4602565735.813561
1.33915	4561734446.788499
1.3391600000000001	4392279819.759879
1.33917	4396023445.51034
1.33918	4552186012.570295
1.3391899999999999	4508789914.734022
1.3392	4381370703.852156
1.33921	4495417169.876536
1.33922	4426902938.351734
1.33923	4321554556.257595
1.33924	4516479049.291118
1.33925	4589760245.868024
1.3392600000000001	4575936614.342334
1.3392700000000002	4514295665.973725
1.33928	4477029953.152469
1.3392899999999999	4393898293.561416
1.3393	4511490009.724916
1.33931	4408998996.70563
1.33932	4080938030.3768563
1.33933	3147313466.6395316
1.33934	2985313878.734211
1.33935	3922744299.82982
1.33936	4351309751.53308
1.3393700000000002	4393695951.726335
1.33938	4458820611.030158
1.3393899999999999	4112917517.137485
1.3394	3636553657.60201
1.33941	2956378260.042593
1.33942	3523789847.750484
1.33943	4396630820.548595
1.33944	4238283466.5366497
1.33945	3484736946.9898095
1.33946	3689691026.4478292
1.3394700000000002	3793149849.7368236
1.33948	3759326100.815002
1.33949	4234381660.328658
1.3395	4522827248.686937
1.33951	4575093773.298467
1.33952	4560264154.341423
1.3395299999999999	4532627193.433169
1.33954	4540043353.345314
1.33955	4556800339.736754
1.33956	4581524359.427728
1.3395700000000001	4562995074.750921
1.33958	4552081195.82052
1.33959	4526577913.048837
1.3396	4182057502.59894
1.33961	4470128420.700033
1.33962	4590288691.963369
1.3396299999999999	4556065929.487446
1.33964	4544959315.918794
1.33965	4594201084.53726
1.33966	4594306871.14448
1.3396700000000001	4539311643.785443
1.33968	4410725190.745855
1.33969	4524077124.70787
1.3397	4294770882.135531
1.33971	4515647159.726788
1.33972	4452152173.518182
1.3397299999999999	4398048355.338084
1.33974	4434962990.28067
1.33975	4418959283.796945
1.33976	4389145723.062673
1.3397700000000001	4445186635.839935
1.33978	4361842703.25394
1.33979	4465910343.135464
1.3398	4524806378.555481
1.33981	4570460921.754997
1.33982	4583212566.338762
1.3398299999999999	4582157364.134744
1.33984	4619978984.19409
1.33985	4614981878.126052
1.33986	4567935889.466693
1.3398700000000001	4545691935.849245
1.33988	4588914858.651645
1.33989	4574461744.3952
1.3399	4569934758.284656
1.33991	4533253442.280367
1.33992	4518455401.270888
1.3399299999999998	4557534868.36857
1.33994	4436495036.790906
1.33995	4341401980.140202
1.33996	4368476461.890237
1.33997	4342201769.599851
1.33998	4402303702.49334
1.33999	4488590645.175171
1.34	4360135640.003988
1.3400100000000001	3912731079.1943693
1.34002	3094781556.540213
1.3400299999999998	3303391142.788253
1.34004	3254318087.4041533
1.34005	3361630690.2283854
1.34006	4123348097.8961186
1.34007	4182442702.068302
1.34008	4050605984.3689528
1.34009	3616013140.322479
1.3401	3350580063.170886
1.3401100000000001	4102702254.049849
1.34012	4430574055.149131
1.3401299999999998	3884990847.495261
1.3401399999999999	3390861099.0825634
1.34015	4169077803.276725
1.34016	4543285199.430334
1.34017	4589654563.949515
1.34018	4528767236.795335
1.34019	4489210809.728116
1.3402	4545168623.849643
1.3402100000000001	4472599387.646212
1.34022	4599705219.296097
1.34023	4542971371.246491
1.3402399999999999	4368375875.160472
1.34025	4341601913.69346
1.34026	4543389813.642476
1.34027	4579836774.360568
1.34028	4616895024.490937
1.34029	4542657564.7404
1.3403	4295759903.537559
1.3403100000000001	4267465315.461142
1.3403200000000002	4499973953.258026
1.34033	4586379631.158238
1.3403399999999999	4595893962.586802
1.34035	4598752108.916994
1.34036	4498316406.937117
1.34037	4404027275.218164
1.34038	4536490439.987324
1.34039	4575831250.721039
1.3404	4431390272.225022
1.34041	4576568847.020489
1.3404200000000002	4599281590.298425
1.34043	4502668768.798364
1.3404399999999999	4251087068.046163
1.34045	4298134484.250096
1.34046	4550823583.057707
1.34047	4372602512.603167
1.34048	4455433849.336239
1.34049	4554807215.854128
1.3405	4449897423.629467
1.34051	3821729986.876496
1.3405200000000002	2810735636.5135336
1.34053	3395314436.231715
1.34054	4354517096.527579
1.34055	4334509907.833388
1.34056	3440408405.1013207
1.34057	2982977654.004169
1.3405799999999999	3889466184.2177744
1.34059	4301599767.543633
1.3406	4519079692.077391
1.34061	4498834324.565388
1.3406200000000001	4515439211.278317
1.34063	4508063242.227332
1.34064	4314097936.349105
1.34065	4466835921.509634
1.34066	4476617622.444048
1.34067	4585006967.79427
1.3406799999999999	4599705219.296097
1.34069	4574461744.3952
1.3407	4586485237.667765
1.34071	4533044683.051291
1.3407200000000001	4546005951.969505
1.34073	4549042559.70953
1.34074	4579098651.37591
1.34075	4529392952.332995
1.34076	4323644718.449331
1.34077	3897175826.2000594
1.3407799999999999	3952755940.1972733
1.34079	4351109370.92768
1.3408	4477648520.426455
1.34081	4382480577.078633
1.3408200000000001	4142952938.525357
1.34083	4174072614.2628045
1.34084	4237014985.3143134
1.34085	4289039046.6803355
1.34086	4477339226.107193
1.34087	4527516065.027582
1.3408799999999998	4445391348.96325
1.34089	4473114344.322778
1.3409	4505780176.712574
1.34091	4567830710.066775
1.3409200000000001	4436392883.893624
1.34093	4156329790.226958
1.34094	4274546048.730663
1.34095	4441196613.655897
1.34096	4554387721.924964
1.34097	4555436529.196367
1.3409799999999998	4441298877.164417
1.34099	4246293412.8565927
1.341	4420791168.75633
1.34101	4246684528.9443974
1.34102	4334609714.761459
1.34103	4452767303.562484
1.34104	4460669020.5513525
1.34105	4565412252.17731
1.3410600000000001	4551766760.051758
1.34107	4534192977.790133
1.3410799999999998	4260396311.339731
1.34109	4331915734.186808
1.3411	4441094352.502036
1.34111	4509309038.238854
1.34112	4572566181.509068
1.34113	4596105616.198825
1.34114	4549461561.308371
1.34115	4299817273.05008
1.3411600000000001	4229899023.6467943
1.34117	3852299106.826134
1.3411799999999998	3984373105.9526935
1.3411899999999999	4492519801.420735
1.3412	4566253309.654813
1.34121	4502254076.776499
1.34122	4513256330.645619
1.34123	4475071720.476561
1.34124	4464162551.675984
1.34125	4482393709.707321
1.3412600000000001	4416721344.129762
1.34127	4236234570.191886
1.34128	4145243051.6512494
1.3412899999999999	4311813818.383197
1.3413	4349206215.345572
1.34131	4336706191.208484
1.34132	4313303323.330074
1.34133	4453895262.721387
1.34134	4538162052.732717
1.34135	4430472038.58592
1.34136	4406664632.959459
1.3413700000000002	4488590645.175171
1.34138	4530227374.199105
1.3413899999999999	4555436529.196367
1.3414	4591557210.845426
1.34141	4601082283.035353
1.34142	4543180587.626997
1.34143	4478989042.7253065
1.34144	4479092176.446683
1.34145	4395517363.740604
1.34146	3970818165.493964
1.3414700000000002	3083045967.466388
1.34148	3459871744.189846
1.34149	4202231752.3932905
1.3415	4354717634.068175
1.34151	4494589159.696456
1.34152	4571829230.311083
1.34153	4565307130.88562
1.34154	4575725889.525804
1.34155	4604261696.082248
1.34156	4602035876.352671
1.3415700000000002	4559214235.596236
1.34158	4448155899.032017
1.34159	4405650077.739563
1.3416	4449180242.705854
1.34161	4455741630.4334345
1.34162	4341202055.794029
1.3416299999999999	4243654321.284045
1.34164	4190154146.565078
1.34165	4447029393.38009
1.34166	4337305370.699093
1.3416700000000001	4325138310.350079
1.34168	4526577913.048837
1.34169	4583845804.296275
1.3417	4558374474.644694
1.34171	4569619089.278085
1.34172	4541297987.009021
1.3417299999999999	4429146037.002636
1.34174	4498419985.692624
1.34175	4470746034.426208
1.34176	4157286930.7192526
1.3417700000000001	4163609588.356506
1.34178	4302689433.4805565
1.34179	3973653552.8068743
1.3418	3991351722.508179
1.34181	4165335617.788283
1.34182	3850614128.600101
1.3418299999999999	3067397081.3155932
1.34184	2209225258.739596
1.34185	2582081820.5807157
1.34186	3642755310.5790143
1.3418700000000001	4330818666.622406
1.34188	4475380858.1566725
1.34189	4510762902.049385
1.3419	4430778095.32276
1.34191	4347003601.452801
1.34192	4308439511.197075
1.3419299999999998	3977773040.6152735
1.34194	4015595880.237128
1.34195	4182250097.8988395
1.34196	4318868689.526109
1.34197	4483013018.062851
1.34198	4518663488.623257
1.34199	4550823583.057707
1.342	4516479049.291118
1.3420100000000001	4457794047.835023
1.34202	4272971537.8223095
1.3420299999999998	4146102170.4040885
1.34204	4278681900.794754
1.34205	4467453080.328812
1.34206	4441605681.8185835
1.34207	4399770262.026037
1.34208	4329622182.510132
1.34209	3582778835.1023765
1.3421	3141738253.5551124
1.3421100000000001	3904720926.93542
1.34212	4397137030.517163
1.3421299999999998	4292299324.722436
1.3421399999999999	4240430992.257978
1.34215	4456562483.975023
1.34216	4462518196.332968
1.34217	4229217299.4181895
1.34218	4071645885.3946915
1.34219	4411029883.371638
1.3422	4570881896.148751
1.3422100000000001	4475483908.795591
1.34222	4264518472.775659
1.34223	4484974725.746401
1.3422399999999999	4321455049.932214
1.34225	4348505262.6193495
1.34226	4286472087.0238304
1.34227	4126957533.510146
1.34228	4272774764.7419033
1.34229	4215605864.4542975
1.3423	4046783774.218035
1.3423100000000001	4177053136.674154
1.3423200000000002	4400580804.310871
1.34233	4362646258.380736
1.3423399999999999	4423845998.088847
1.34235	4371696460.445544
1.34236	4235649353.1838756
1.34237	3895650616.3096285
1.34238	3656032098.4121556
1.34239	3982630359.156105
1.3424	4348405135.738167
1.34241	4313402641.952852
1.3424200000000002	4144288684.0453424
1.34243	3874003421.9466753
1.3424399999999999	4033202242.600671
1.34245	4286472087.0238304
1.34246	4357124805.030847
1.34247	4415806150.056664
1.34248	4503913074.055849
1.34249	4463237527.253951
1.3425	4542239189.783926
1.34251	4495934753.69859
1.3425200000000002	4467041631.642355
1.34253	4386619854.757541
1.34254	4374113016.847472
1.34255	4482496921.824956
1.34256	4507751847.006063
1.34257	4479917331.714015
1.3425799999999999	4296452354.031173
1.34259	4459333981.275121
1.3426	4050419451.36493
1.34261	4362545805.894841
1.3426200000000001	4295067564.644801
1.34263	3944209728.881815
1.34264	4132567919.401289
1.34265	4409608164.506368
1.34266	4437108003.572383
1.34267	4539416166.502031
1.3426799999999999	4475071720.476561
1.34269	4542657564.7404
1.3427	4493554361.436758
1.34271	3759412663.493979
1.3427200000000001	3255817101.40157
1.34273	3809517737.2124376
1.34274	3795421382.698571
1.34275	4140187406.483289
1.34276	4235844416.536529
1.34277	4287952837.7350802
1.3427799999999999	3812852456.636194
1.34279	3816541595.441378
1.3428	4301500720.688952
1.34281	4232042300.995677
1.3428200000000001	4235941951.5815496
1.34283	4464573735.177163
1.34284	4507648053.378983
1.34285	4496038277.613874
1.34286	4532627193.433169
1.34287	4314793342.822588
1.3428799999999999	4009405668.071179
1.34289	3767992242.4898376
1.3429	3800581062.293898
1.34291	4028004990.9506783
1.3429200000000001	4376530909.056883
1.34293	4105631814.013284
1.34294	3779549172.931601
1.34295	3807851471.3641872
1.34296	4137995366.2058315
1.34297	4503498267.434511
1.3429799999999998	4456357256.4137745
1.34299	4330220383.241163
1.343	4390358656.409447
1.34301	4434452425.688208
1.34302	4510451320.348682
1.34303	4559529185.836153
1.34304	4500906591.456163
1.34305	4227075452.764338
1.3430600000000001	3651152728.8294425
1.34307	3659569505.128163
1.3430799999999998	4248151535.1464553
1.34309	4533566599.150273
1.3431	4546529360.37562
1.34311	4531479295.232796
1.34312	4465704685.099286
1.34313	4434350319.823243
1.34314	4372199799.574562
1.34315	4445903173.018277
1.3431600000000001	4571618694.642203
1.34317	4532940307.041843
1.3431799999999998	4474556538.461709
1.3431899999999999	4293188921.4955854
1.3432	4136090187.6340632
1.34321	4298035517.185594
1.34322	4113485776.9443936
1.34323	4039429194.8366838
1.34324	4321355545.898006
1.34325	3875698635.020631
1.3432600000000001	4006637025.11974
1.34327	4142475990.897336
1.34328	3018352793.7938337
1.3432899999999999	2244140275.107789
1.3433	3053233367.8040175
1.34331	3901395691.301072
1.34332	3986759153.222274
1.34333	4341701883.922864
1.34334	4498109256.580912
1.34335	4486833977.487741
1.34336	4426801006.31812
1.3433700000000002	4466424529.662989
1.34338	4521265389.235888
1.3433899999999999	4438538588.767388
1.3434	3999355407.9893236
1.34341	4019203537.8209
1.34342	4100624479.7307577
1.34343	4053218348.593209
1.34344	4246293412.8565927
1.34345	4140092076.242783
1.34346	4149922630.741666
1.3434700000000002	4219101758.020476
1.34348	4175226112.5025864
1.34349	4337005770.606334
1.3435	4513879903.12437
1.34351	4381572478.075526
1.34352	4367470698.809412
1.34353	4558269515.401936
1.34354	4479504735.080447
1.34355	4260102023.753073
1.34356	4228340958.280796
1.3435700000000002	4434452425.688208
1.34358	4451434629.20113
1.34359	4485077997.294828
1.3436	4548728333.835064
1.34361	4585640453.674648
1.34362	4485594390.707126
1.3436299999999999	4332314736.74502
1.34364	4347904535.91337
1.34365	4565412252.17731
1.34366	4538475548.689132
1.3436700000000001	4292694678.3064556
1.34368	4007559693.6105213
1.34369	4333711535.136564
1.3437	4593672188.037003
1.34371	4614025602.252337
1.34372	4592297342.074456
1.3437299999999999	4576147348.863342
1.34374	4505365198.132647
1.34375	4465087767.813151
1.34376	4529497246.660644
1.3437700000000001	4582157364.134744
1.34378	4589126190.856653
1.34379	4555541423.206438
1.3438	4545273281.429733
1.34381	4577622762.272747
1.34382	4550614014.712377
1.3438299999999999	4424966631.005643
1.34384	4300807456.560345
1.34385	3924009047.02881
1.34386	3152898573.2919273
1.3438700000000001	3483373150.3601155
1.34388	4048647816.195232
1.34389	4054058394.8460436
1.3439	3948207780.378818
1.34391	4347003601.452801
1.34392	4479814178.992955
1.3439299999999998	4547262233.3877325
1.34394	4538057558.892833
1.34395	4551871569.561298
1.34396	4572145051.994042
1.34397	4413264939.192457
1.34398	4029118123.638151
1.34399	4074271818.918191
1.344	4459333981.275121
1.34401	4475277809.8905735
1.34402	4411233023.48217
1.3440299999999998	4436699349.6420765
1.34404	4433023157.50426
1.34405	4324939134.956333
1.34406	4389448924.980168
1.34407	4106577279.521071
1.34408	3755086970.2622743
1.34409	4008297981.384022
1.3441	4455946829.643407
1.3441100000000001	4381976054.399496
1.34412	4124107716.646524
1.3441299999999998	4232139748.492727
1.34414	4369482456.583233
1.34415	4501943082.824305
1.34416	4535341563.410928
1.34417	4568672213.0817
1.34418	4539416166.502031
1.34419	4060317547.3676147
1.3442	3464894375.2293835
1.3442100000000001	3720231793.816609
1.34422	4196333537.9347606
1.34423	4393797121.479102
1.3442399999999999	4429859988.533561
1.34425	4397035783.861033
1.34426	4485697676.524011
1.34427	4546634049.288205
1.34428	4573513864.7465
1.34429	4535550428.417688
1.3443	4513983840.246746
1.3443100000000001	4491485479.593535
1.3443200000000002	4594306871.14448
1.34433	4570460921.754997
1.3443399999999999	4535132708.022516
1.34435	4352011156.325941
1.34436	4399162453.287873
1.34437	4451537128.451385
1.34438	4525223147.816761
1.34439	4437414518.721276
1.3444	4190347114.737797
1.34441	4387630027.602141
1.3444200000000002	4512217234.605784
1.34443	4453485062.698576
1.3444399999999999	4440071870.458886
1.34445	4541611699.595565
1.34446	4542657564.7404
1.34447	4532001031.09947
1.34448	4524285470.956112
1.34449	4453895262.721387
1.3445	4350107606.306974
1.34451	4120595652.6102233
1.3445200000000002	3995765566.1880493
1.34453	4265205887.3397255
1.34454	4208525858.8747087
1.34455	4456767720.987586
1.34456	4538580052.153697
1.34457	4301104556.075806
1.3445799999999999	3224705066.8833537
1.34459	3020577617.876145
1.3446	4053125020.86621
1.34461	4439765171.7529955
1.3446200000000001	4053498344.6682687
1.34463	2960465470.243776
1.34464	3225447668.156833
1.34465	4234771679.252985
1.34466	4200587154.942095
1.34467	3691815594.7778897
1.3446799999999999	3819266820.613581
1.34469	4302788507.706676
1.3447	4458101991.9745865
1.34471	4480226804.128673
1.3447200000000001	4360537241.831279
1.34473	4505468939.194457
1.34474	4498005684.980124
1.34475	4501632110.354089
1.34476	4566148168.997263
1.34477	4397542040.455409
1.3447799999999999	4339103405.929238
1.34479	4156042691.0526233
1.3448	3275291815.7555504
1.34481	2819616218.6604857
1.3448200000000001	3650984590.90407
1.34483	3798568828.0763736
1.34484	3261369459.4087954
1.34485	3564511334.2624383
1.34486	3085886865.8218884
1.34487	2529647456.017142
1.3448799999999999	3147820794.5192246
1.34489	3665810408.5364194
1.3449	4176668433.5792494
1.34491	4427208748.53533
1.3449200000000001	4182924251.2988753
1.34493	3799881033.866974
1.34494	4313005381.182728
1.34495	4571723961.264711
1.34496	4554177989.448753
1.34497	4546215308.100835
1.3449799999999998	4549566317.738155
1.34499	4552814963.754883
1.345	4590288691.963369
1.34501	4583845804.296275
1.34502	4559109257.0175085
1.34503	4402100973.583784
1.34504	4532835933.435713
1.34505	4567935889.466693
1.3450600000000001	4567830710.066775
1.34507	4553758553.470814
1.3450799999999998	4404737177.756718
1.34509	4195850444.9918766
1.3451	4410318966.650511
1.34511	4501528457.63751
1.34512	4421911027.834618
1.34513	4412756872.536666
1.34514	4470231350.3957
1.34515	4380059397.869483
1.3451600000000001	4270315865.668082
1.34517	4347804422.864271
1.3451799999999998	4480536297.921648
1.3451899999999999	4570250449.097623
1.3452	4583529174.381878
1.34521	4557849702.597883
1.34522	4555541423.206438
1.34523	4562049571.124452
1.34524	4553968266.630857
1.34525	4392987828.67974
1.3452600000000001	4198169798.438787
1.34527	4350608459.784224
1.34528	4470231350.3957
1.3452899999999999	4381269820.224934
1.3453	4443037717.127472
1.34531	4549880601.500479
1.34532	4545063968.679336
1.34533	4369381846.68987
1.34534	4436086439.314326
1.34535	4498005684.980124
1.3453600000000001	4500699321.820319
1.3453700000000002	4487557227.965479
1.34538	4521473605.995945
1.3453899999999999	4455228673.749339
1.3454	4282230101.6962743
1.34541	4278878945.915109
1.34542	4288347790.9744
1.34543	4412960092.179802
1.34544	4492519801.420735
1.34545	4453587609.16235
1.34546	4080186363.0441623
1.3454700000000002	4174360958.9431295
1.34548	4490554793.555171
1.3454899999999999	4517727170.997377
1.3455	4538789066.301827
1.34551	4555751218.472539
1.34552	4519704069.138832
1.34553	4518247323.501094
1.34554	4531374955.267318
1.34555	4425985634.53841
1.34556	3989054776.9414043
1.3455700000000002	3677392618.561885
1.34558	4063684664.3246574
1.34559	4327429486.763492
1.3456	4423031170.591639
1.34561	4332713776.0544195
1.34562	4136280666.012136
1.3456299999999999	4304572233.929178
1.34564	4416721344.129762
1.34565	4427718479.120614
1.34566	4453485062.698576
1.3456700000000001	4506195193.515202
1.34568	4557115123.224894
1.34569	4488590645.175171
1.3457	4318470925.337581
1.34571	4173207699.721088
1.34572	4381168938.920617
1.3457299999999999	4518455401.270888
1.34574	4484768189.783193
1.34575	3907779047.5958858
1.34576	3609192115.883024
1.3457700000000001	4285386528.1669774
1.34578	4480020486.810282
1.34579	4433737734.00354
1.3458	4312508856.67069
1.34581	4397440784.473688
1.34582	4537744091.809151
1.3458299999999999	4501839422.947422
1.34584	4177534065.3723598
1.34585	4241993512.5776973
1.34586	4482909794.061799
1.3458700000000001	4545377941.419681
1.34588	4540043353.345314
1.34589	4436188585.15538
1.3459	4539729749.092549
1.34591	4564991781.533184
1.34592	4525639955.465675
1.3459299999999998	4189285899.7499604
1.34594	3782073808.4894047
1.34595	4216479566.190868
1.34596	4443242331.287163
1.34597	4421809210.742686
1.34598	4559109257.0175085
1.34599	4562049571.124452
1.346	4577095774.3124895
1.34601	4585218120.030109
1.34602	4599493399.920061
1.3460299999999998	4575831250.721039
1.34604	4450102353.697573
1.34605	4461593512.639757
1.34606	4554387721.924964
1.34607	4528975799.036213
1.34608	4321853088.981414
1.34609	4211240070.6329007
1.3461	4573408556.910434
1.3461100000000001	4598752108.916994
1.34612	4512944576.710919
1.3461299999999998	4319167036.710436
1.34614	4571513430.44354
1.34615	4592614577.69334
1.34616	4562469770.768504
1.34617	4510451320.348682
1.34618	4427106809.460276
1.34619	4266482808.378769
1.3462	4424966631.005643
1.3462100000000001	4424864743.556641
1.34622	4466527374.07243
1.34623	4562890009.116158
1.3462399999999999	4333711535.136564
1.34625	3890630615.978505
1.34626	4183502183.561668
1.34627	4481464907.585389
1.34628	4499870338.721505
1.34629	4552395653.310469
1.3463	4453382518.595994
1.3463100000000001	4192277285.3020678
1.3463200000000002	3820674149.7328463
1.34633	4168981807.817908
1.3463399999999999	4437516695.142839
1.34635	4428840093.000517
1.34636	4498937915.246527
1.34637	4500077570.180388
1.34638	4418959283.796945
1.34639	4393898293.561416
1.3464	4461798981.345069
1.34641	4534610611.628966
1.3464200000000002	4537535125.782765
1.34643	4550718797.678669
1.3464399999999999	4490658193.590868
1.34645	4457075594.228554
1.34646	4499455904.432706
1.34647	4404027275.218164
1.34648	4321654064.874221
1.34649	3975666991.3321033
1.3465	2985657595.481511
1.34651	3329584184.6770444
1.3465200000000002	3704844632.579137
1.34653	3654348821.0289865
1.34654	4095623252.5220633
1.34655	4387832090.084679
1.34656	4339203318.627711
1.34657	3831598547.9168553
1.3465799999999999	2730674910.2654195
1.34659	2381387117.9896836
1.3466	3469924297.528359
1.34661	4148776123.146436
1.3466200000000002	4133329236.6620116
1.34663	4386013862.689787
1.34664	4376833239.543783
1.34665	4468276091.397923
1.34666	4489417550.286245
1.34667	4461490781.835365
1.3466799999999999	4325138310.350079
1.34669	4538789066.301827
1.3467	4591134332.272507
1.34671	4474556538.461709
1.3467200000000001	4529392952.332995
1.34673	4474556538.461709
1.34674	4451024655.800605
1.34675	4386114855.553881
1.34676	4494485669.147962
1.34677	4439662943.558923
1.3467799999999999	3844324151.189066
1.34679	3439537113.8063993
1.3468	4064339705.6944947
1.34681	4370086164.5950575
1.3468200000000001	4336506483.106404
1.34683	3762530247.766677
1.34684	3365193179.2993197
1.34685	4124582549.427083
1.34686	4304671351.508897
1.34687	3801981506.057127
1.3468799999999999	3635297853.347928
1.34689	4020777120.66785
1.3469	3861268481.3834987
1.34691	3801893963.2056117
1.3469200000000001	4025965046.346093
1.34693	4460771732.433773
1.34694	4530957619.429726
1.34695	4432104585.513079
1.34696	4386417848.099236
1.34697	4416619646.533338
1.3469799999999998	4004146881.1331835
1.34699	3883291570.0495486
1.347	4417433292.875402
1.34701	4546215308.100835
1.34702	4552290831.733593
1.34703	4574356414.73365
1.34704	4558164558.575944
1.34705	4539311643.785443
1.3470600000000001	4369583068.793252
1.34707	4364856798.361598
1.3470799999999998	4519495933.867063
1.34709	4566043030.760657
1.3471	4516063085.353987
1.34711	4484871456.57588
1.34712	4473732370.598042
1.34713	4498005684.980124
1.34714	4375825552.465311
1.34715	4424660975.6966715
1.3471600000000001	4177437875.203154
1.34717	4420180456.073178
1.3471799999999998	4531583637.600817
1.3471899999999999	4511905552.446817
1.3472	4335707742.660678
1.34721	4346202927.5445
1.34722	4540566075.242374
1.34723	4478473409.738025
1.34724	4417840172.254583
1.34725	4445493709.060233
1.3472600000000001	4359432925.804625
1.34727	4456665101.299874
1.34728	4425781815.060676
1.3472899999999999	4306852515.775567
1.3473	4067429180.365603
1.34731	4173015520.829425
1.34732	4390560844.55286
1.34733	4460669020.5513525
1.34734	4471466691.6248865
1.34735	4423845998.088847
1.3473600000000001	4013654636.8573594
1.3473700000000002	3599233314.4551697
1.34738	4174264841.836558
1.3473899999999999	4396124668.85625
1.3474	4455536440.672999
1.34741	4442526222.951256
1.34742	4288249049.2542434
1.34743	3630278971.4795575
1.34744	3513581243.0776224
1.34745	4262260604.872953
1.34746	4415399458.009241
1.3474700000000002	4126577444.17833
1.34748	4171574461.20627
1.3474899999999999	4509932065.341333
1.3475	4537117222.598628
1.34751	4519495933.867063
1.34752	4483013018.062851
1.34753	4379756844.535158
1.34754	4378446021.566483
1.34755	4512528938.2957535
1.34756	4496141803.912912
1.3475700000000002	4477648520.426455
1.34758	4510659039.090998
1.34759	4558479436.304236
1.3476	4552710132.523139
1.34761	4508374658.9597435
1.34762	4490348000.626242
1.3476299999999999	4554807215.854128
1.34764	4566673896.495305
1.34765	4545901277.519246
1.34766	4273561911.436877
1.3476700000000001	3282313054.169441
1.34768	3259417552.761142
1.34769	3878555407.653937
1.3477	4056205970.7861333
1.34771	4221045173.6368766
1.34772	4206200784.0383306
1.3477299999999999	3985749497.3511853
1.34774	3761230940.2529726
1.34775	4342101787.860286
1.34776	4538684558.02457
1.3477700000000001	4546215308.100835
1.34778	4486524048.6814995
1.34779	4217353449.0057335
1.3478	4189671765.0099645
1.34781	4451127145.610764
1.34782	4461285327.322821
1.3478299999999999	4193918629.3055906
1.34784	3254093294.8388205
1.34785	3396487338.834191
1.34786	4113391061.524551
1.3478700000000001	4353113592.296376
1.34788	4153459690.733375
1.34789	4038313213.4885097
1.3479	4327429486.763492
1.34791	4349807121.8976345
1.34792	4436188585.15538
1.3479299999999999	4462004459.5128
1.34794	3779027044.984727
1.34795	3032075421.691933
1.34796	3661002285.465422
1.3479700000000001	4126672463.2293663
1.34798	4362144019.0804825
1.34799	4194981017.84
1.348	4414992803.417797
1.34801	4358328889.448511
1.34802	4489624300.365366
1.3480299999999998	4500077570.180388
1.34804	4393898293.561416
1.34805	4393695951.726335
1.34806	4303482091.168736
1.34807	4356522887.573313
1.34808	4268742912.9297366
1.34809	3265201595.1991696
1.3481	3059637675.071966
1.3481100000000001	4129524052.3692155
1.34812	4511801663.178235
1.3481299999999998	4524389647.678301
1.34814	4474144435.552709
1.34815	4487867228.1436825
1.34816	4528558684.158899
1.34817	4473011348.244487
1.34818	4405751522.749423
1.34819	4572250330.736516
1.3482	4560684189.53494
1.3482100000000001	4482187292.601558
1.34822	4381976054.399496
1.3482299999999998	4286274692.2344737
1.3482399999999999	4444060882.160684
1.34825	4460463603.88146
1.34826	4498627150.358745
1.34827	4526265238.92359
1.34828	4554597464.059953
1.34829	4567935889.466693
1.3483	4508374658.9597435
1.3483100000000001	4063965383.4121666
1.34832	3688331944.4065156
1.34833	4059102329.790446
1.3483399999999999	4426699076.63157
1.34835	4165911119.923692
1.34836	3672231063.5619392
1.34837	3855404944.4367166
1.34838	4125912372.078693
1.34839	3666570162.8926983
1.3484	3879805907.7408705
1.34841	3121619751.635887
1.3484200000000002	2406079650.1608834
1.34843	3241081858.911503
1.3484399999999999	4147820942.1144056
1.34845	4490141217.220278
1.34846	4554177989.448753
1.34847	4443344641.900615
1.34848	4380765436.931307
1.34849	4430778095.32276
1.3485	4449897423.629467
1.34851	4461388053.396411
1.3485200000000002	4337604991.488225
1.34853	4382379667.895931
1.34854	4482496921.824956
1.34855	4552395653.310469
1.34856	4491175229.48399
1.34857	4552081195.82052
1.34858	4576041980.389743
1.34859	4549042559.70953
1.3486	4325437090.639428
1.34861	4283610752.1064434
1.3486200000000002	4438640791.071919
1.34863	4539938816.187382
1.34864	4542134602.065574
1.34865	4545691935.849245
1.34866	4573619175.007396
1.34867	4582157364.134744
1.3486799999999999	4551347546.146026
1.34869	4540356979.26186
1.3487	4494899645.640091
1.34871	4503187187.539659
1.3487200000000001	4574461744.3952
1.34873	4538162052.732717
1.34874	4443242331.287163
1.34875	4347303892.19512
1.34876	4402810565.614175
1.34877	4467453080.328812
1.3487799999999999	4521161284.451579
1.34879	4582157364.134744
1.3488	4565622502.022351
1.34881	4519912213.995787
1.3488200000000001	4282525917.8892
1.34883	4250206195.248049
1.34884	3414365425.343869
1.34885	2992884795.819774
1.34886	3997053856.4566436
1.34887	4479711028.647028
1.3488799999999999	4526265238.92359
1.34889	4551033161.0542555
1.3489	4527828825.559801
1.34891	4368677642.298148
1.3489200000000001	4277696811.295485
1.34893	4497902115.7641325
1.34894	4264125714.1965666
1.34895	4020499384.816802
1.34896	3210332386.1102333
1.34897	3186177746.3647733
1.3489799999999998	3519816315.046909
1.34899	4131901881.8289185
1.349	4192084228.2437387
1.34901	4275136639.8869777
1.34902	4373408049.942673
1.34903	4520120368.438405
1.34904	4441503411.245707
1.34905	4410014323.1314
1.34906	4307249209.819747
1.34907	4243556608.657212
1.3490799999999998	4498730736.2694845
1.34909	4585640453.674648
1.3491	4583318099.923087
1.34911	4556065929.487446
1.34912	4389549996.940406
1.34913	4367671832.899156
1.34914	4516791047.386984
1.34915	4564361148.175254
1.3491600000000001	4557220055.886465
1.34917	4389347855.347173
1.3491799999999998	4322549745.538576
1.34919	4462826466.8164015
1.3492	4545273281.429733
1.34921	4531374955.267318
1.34922	4455228673.749339
1.34923	4165143801.4110427
1.34924	3398677841.205033
1.34925	3665303993.0951266
1.3492600000000001	4230386036.8028216
1.34927	4146675015.1569824
1.34928	4339503070.526971
1.3492899999999999	4411233023.48217
1.3493	4568146255.532202
1.34931	4558479436.304236
1.34932	4512009444.107567
1.34933	4524702192.23782
1.34934	4496970100.12697
1.34935	4502772447.771861
1.3493600000000001	4529497246.660644
1.3493700000000002	4518455401.270888
1.34938	4475277809.8905735
1.3493899999999999	4136375908.4906673
1.3494	3975026241.163419
1.34941	4427208748.53533
1.34942	4518247323.501094
1.34943	4364052836.075772
1.34944	4406969045.082177
1.34945	4541297987.009021
1.34946	4430880118.933268
1.3494700000000002	4489831059.965881
1.34948	4422318319.647423
1.3494899999999999	4376329367.000981
1.3495	4281638530.609687
1.34951	4250695546.4881954
1.34952	4422318319.647423
1.34953	4322947885.417628
1.34954	4436597192.040372
1.34955	4528245873.211557
1.34956	4456254646.17725
1.3495700000000002	4457588763.559468
1.34958	4490865000.805022
1.34959	4288446534.9682126
1.3496	4409811239.142819
1.34961	4369884919.323791
1.34962	4089592164.013173
1.3496299999999999	4353013359.305702
1.34964	4544017549.503323
1.34965	4532001031.09947
1.34966	4321156544.7029915
1.3496700000000001	3979238776.342249
1.34968	4371797123.635472
1.34969	4517103067.035642
1.3497	4568987816.6781225
1.34971	4472393421.575243
1.34972	4454202937.533114
1.3497299999999999	4456665101.299874
1.34974	4454510633.59898
1.34975	4488280595.026796
1.34976	4502979812.880883
1.3497700000000001	4450512242.147023
1.34978	4271692674.7632194
1.34979	4308439511.197075
1.3498	4344001834.638129
1.34981	4342001808.422843
1.34982	4285386528.1669774
1.3498299999999999	4262555041.574262
1.34984	4170806099.5636654
1.34985	4054431804.6189814
1.34986	4250401928.9834895
1.3498700000000001	4432104585.513079
1.34988	4374515906.098033
1.34989	4123727889.780453
1.3499	4272578000.7230067
1.34991	4374113016.847472
1.34992	3856115201.6880245
1.3499299999999999	3939489978.195661
1.34994	4428330233.292095
1.34995	4486627355.9047985
1.34996	4458717944.07345
1.3499700000000001	4294078702.641342
1.34998	4046224728.996803
1.34999	4274349203.1430025
1.35	4313899269.371647
1.35001	4463443071.670695
1.35002	4526473685.940555
1.3500299999999998	4547366939.175519
1.35004	4453279976.854551
1.35005	4420587588.487076
1.35006	4536177081.152623
1.35007	4524181296.632653
1.35008	4360236036.993124
1.35009	4351910948.719501
1.3501	4466835921.509634
1.3501100000000001	4546948130.489605
1.35012	4449692502.998506
1.3501299999999998	4412553662.251925
1.35014	4474041415.755964
1.35015	4481155349.648529
1.35016	4269234398.411228
1.35017	4031530966.5226254
1.35018	3819530655.33143
1.35019	4147534430.6901765
1.3502	4465396215.8024435
1.3502100000000001	4405345756.724752
1.35022	4265991639.6675515
1.3502299999999998	3658642710.783543
1.3502399999999999	2812807426.247982
1.35025	3317034587.2416415
1.35026	3995213568.905885
1.35027	3736457097.5558767
1.35028	4059943595.5227003
1.35029	4172919434.7023544
1.3503	3757681788.5617795
1.3503100000000001	4203876993.73083
1.35032	4292991217.3916745
1.35033	4312210969.4012785
1.3503399999999999	4318570362.950163
1.35035	4174841577.6750774
1.35036	3982355258.2989783
1.35037	3881056811.006386
1.35038	3891257762.083253
1.35039	3908048996.7329483
1.3504	3086384292.1053405
1.35041	2515359129.163275
1.3504200000000002	3266705622.391403
1.35043	4333212626.877677
1.3504399999999999	4489727678.97542
1.35045	4495106648.184828
1.35046	4485077997.294828
1.35047	4459025952.035709
1.35048	4395314947.346285
1.35049	4449794962.134359
1.3505	4452152173.518182
1.35051	3964514403.244139
1.3505200000000002	3313217907.523918
1.35053	3440329187.682278
1.35054	3882397512.0576367
1.35055	4156712619.9773126
1.35056	4420791168.75633
1.35057	4498627150.358745
1.35058	4519495933.867063
1.35059	4510866767.399352
1.3506	4433431472.8291645
1.35061	4310920362.323052
1.3506200000000002	4290323102.9112997
1.35063	4207266283.8444457
1.35064	4381370703.852156
1.35065	4323644718.449331
1.35066	3581789013.4811144
1.35067	2902084141.56773
1.3506799999999999	3123632983.185036
1.35069	4113296348.2855854
1.3507	4425578004.968976
1.35071	4327828076.104018
1.3507200000000001	3791839968.413399
1.35073	3492448414.091475
1.35074	3597659026.06346
1.35075	4063591095.604608
1.35076	4360938880.649168
1.35077	4385105031.550374
1.3507799999999999	4351109370.92768
1.35079	4332414493.12681
1.3508	4296353425.698704
1.35081	4124392609.7547836
1.3508200000000001	3923195948.4557257
1.35083	3417196870.812642
1.35084	3596002624.2847238
1.35085	4300015291.512709
1.35086	4436392883.893624
1.35087	4481052168.42138
1.3508799999999999	4443958555.05538
1.35089	4501735765.457368
1.3509	4534192977.790133
1.35091	4473938398.331311
1.3509200000000001	4518247323.501094
1.35093	4521265389.235888
1.35094	4314793342.822588
1.35095	4383287934.192464
1.35096	4517311092.109283
1.35097	4521785949.115483
1.3509799999999998	4397440784.473688
1.35099	4342901706.241137
1.351	4489107443.01928
1.35101	4517831196.70739
1.35102	4413061705.510921
1.35103	3876412630.852217
1.35104	3923737995.448608
1.35105	4406563166.924702
1.35106	4360838467.476645
1.35107	4349306360.672508
1.3510799999999998	4492933596.841417
1.35109	4354216307.531967
1.3511	4087991649.5138326
1.35111	4322251164.693071
1.35112	4362244462.314789
1.35113	4221336763.1787233
1.35114	4325138310.350079
1.35115	4374918832.457754
1.3511600000000001	4398757294.110962
1.35117	4504327918.884047
1.3511799999999998	4462620950.794724
1.35119	4404635756.102745
1.3512	4446107919.140127
1.35121	4467761691.713747
1.35122	4522410700.085961
1.35123	4569829532.859613
1.35124	4571302909.317465
1.35125	4415094463.554342
1.3512600000000001	4413264939.192457
1.35127	4534923862.252048
1.35128	4490348000.626242
1.3512899999999999	4301104556.075806
1.3513	4061346092.551628
1.35131	4215994153.984277
1.35132	4306951685.861301
1.35133	4079716641.269232
1.35134	4119172695.0418453
1.35135	4211627958.039891
1.3513600000000001	4419875131.37004
1.3513700000000002	4439151837.895508
1.35138	4300708427.949089
1.3513899999999999	4397643298.7686615
1.3514	4548414129.665803
1.35141	4527411816.317784
1.35142	4195947059.131051
1.35143	3783031869.960194
1.35144	3965701303.005778
1.35145	4150018187.341661
1.35146	4440071870.458886
1.3514700000000002	4489934443.336823
1.35148	4372300474.354436
1.3514899999999999	3948298692.2692804
1.3515	4165335617.788283
1.35151	4444777237.874365
1.35152	4417941897.954974
1.35153	4458820611.030158
1.35154	4307546754.331128
1.35155	4356723517.486127
1.35156	4354216307.531967
1.3515700000000002	4422216493.177359
1.35158	4412452060.6188
1.35159	3921389665.898004
1.3516	3587153820.272659
1.35161	4231165374.4863524
1.35162	4504535355.626828
1.3516299999999999	4540252434.882506
1.35164	4457896693.517988
1.35165	4468481867.854446
1.35166	4502046745.088073
1.3516700000000001	4517311092.109283
1.35168	4545587268.629391
1.35169	4457691404.515533
1.3517	4152694665.647489
1.35171	3848220953.5865345
1.35172	3904361305.4089084
1.3517299999999999	4179554570.642983
1.35174	4338104405.465887
1.35175	4360537241.831279
1.35176	4377941963.355977
1.3517700000000001	4286965613.769423
1.35178	3354594263.6485343
1.35179	3002271751.6543007
1.3518	4047529287.999719
1.35181	4464368138.692657
1.35182	4529392952.332995
1.3518299999999999	4529288660.406767
1.35184	4108090477.225612
1.35185	3888481168.013526
1.35186	4144574971.2535925
1.3518700000000001	4212015881.1742764
1.35188	4332713776.0544195
1.35189	4308637926.73757
1.3519	4343701771.985989
1.35191	4479711028.647028
1.35192	4525848373.686592
1.3519299999999999	4533357825.500123
1.35194	4526577913.048837
1.35195	4533984175.294845
1.35196	4516895051.541706
1.3519700000000001	4410725190.745855
1.35198	3856203993.0440683
1.35199	3352432173.8503647
1.352	3560327919.8357897
1.35201	4252066029.720154
1.35202	4346303003.7174
1.3520299999999998	4325835496.465039
1.35204	4432002533.708492
1.35205	4414382891.75307
1.35206	4305662652.84072
1.35207	4341801856.454193
1.35208	4282723140.037143
1.35209	4323346061.968408
1.3521	4273168319.9646764
1.3521100000000001	4182731624.953779
1.35212	3979971846.729488
1.3521299999999998	4376833239.543783
1.35214	4398250897.613392
1.35215	4416314567.793731
1.35216	4476926866.914991
1.35217	4505157723.175103
1.35218	4477648520.426455
1.35219	4448975355.101552
1.3522	4353013359.305702
1.3522100000000001	4363550434.846599
1.35222	3882933922.1488557
1.3522299999999998	3118315116.312951
1.3522399999999999	3447069184.3796787
1.35225	4281244195.2876086
1.35226	4499041508.312958
1.35227	4519912213.995787
1.35228	4346303003.7174
1.35229	4176187604.534849
1.3523	4443037717.127472
1.3523100000000001	4363550434.846599
1.35232	4183020567.7980137
1.35233	4305067844.6511545
1.3523399999999999	4489210809.728116
1.35235	4518351361.188199
1.35236	4516999058.091241
1.35237	4472290442.0966215
1.35238	4473217342.772668
1.35239	4420994758.400999
1.3524	4452664775.986709
1.3524100000000001	4486937291.847497
1.3524200000000002	4527307570.008391
1.35243	4520536706.082309
1.3524399999999999	4405345756.724752
1.35245	3997882262.3863807
1.35246	3164244253.036499
1.35247	2605673522.9872303
1.35248	3203317600.8528075
1.35249	3970086781.1218457
1.3525	4312210969.4012785
1.35251	4373307349.660222
1.3525200000000002	4124582549.427083
1.35253	3436212394.4181523
1.3525399999999999	3544459350.28351
1.35255	3971458237.3463235
1.35256	4155277190.2043324
1.35257	4113580494.5451646
1.35258	4420892962.406708
1.35259	4461285327.322821
1.3526	4477648520.426455
1.35261	4537953067.458981
1.3526200000000002	4516479049.291118
1.35263	4501632110.354089
1.35264	4438845202.741019
1.35265	4396934539.536167
1.35266	4402202336.871561
1.35267	4450409766.495377
1.3526799999999999	4353815287.857449
1.35269	4203876993.73083
1.3527	4072395979.3683567
1.35271	4357225132.692147
1.3527200000000001	4468070324.4175205
1.35273	4127527733.151012
1.35274	4061439609.5779767
1.35275	4389448924.980168
1.35276	4372803883.027128
1.35277	4157478385.2659116
1.3527799999999999	4263831169.000783
1.35279	4429044053.32038
1.3528	4390156477.576926
1.35281	4230191224.8120565
1.3528200000000001	4137804808.864715
1.35283	4077556617.5021257
1.35284	4120880303.1053147
1.35285	4140568749.3966866
1.35286	4118129505.138517
1.35287	4467658818.883419
1.3528799999999999	4478679655.809225
1.35289	4428432200.537848
1.3529	4422216493.177359
1.35291	4051632069.4544225
1.3529200000000001	3986300187.033221
1.35293	4346503162.976315
1.35294	4254612385.2622914
1.35295	4160542857.401904
1.35296	4260102023.753073
1.35297	4412147269.755886
1.3529799999999998	4430880118.933268
1.35299	4474350482.26269
1.353	4401594192.1530485
