1.19669	1199968926.4243858
1.1967	1267389194.2098074
1.19671	1237000855.5460005
1.19672	1229221081.7116542
1.1967299999999998	1199803156.041941
1.19674	1192147520.921833
1.19675	1189980925.406461
1.19676	1135298332.570848
1.19677	1036883586.9679444
1.19678	936224495.76379
1.19679	889057807.1210351
1.1968	936849868.1412696
1.19681	944778496.459547
1.19682	1050122587.5215416
1.1968299999999998	1104994203.9172695
1.19684	1109481333.9349897
1.19685	1022939620.430955
1.19686	1104307444.7586954
1.19687	1198063949.0358238
1.19688	1272477172.2409992
1.19689	1293957463.7219036
1.1969	1288190226.9748714
1.19691	1222221727.7017734
1.19692	1234838040.7279024
1.1969299999999998	1177416181.1594734
1.19694	1104282017.4328363
1.19695	1056306616.171983
1.19696	1005009113.5227821
1.19697	936828296.624215
1.19698	802971257.6698625
1.19699	862501779.9454024
1.197	969125453.0432068
1.19701	1024448191.247468
1.19702	1082355678.5452037
1.1970299999999998	1169876453.8529165
1.19704	1207146556.9079006
1.19705	1144063157.0960147
1.19706	1149899804.135868
1.19707	1221040305.859132
1.19708	1206424088.1970015
1.19709	1201932282.5682268
1.1971	1219438774.0255358
1.19711	1237114792.7821195
1.19712	1277968060.8152993
1.19713	1270369329.3623743
1.19714	1302746754.8200626
1.19715	1283571306.1215525
1.19716	1252131669.3126676
1.19717	1248302959.076586
1.19718	1253141174.941418
1.19719	1189624774.5093505
1.1972	1128911767.389469
1.19721	1085100590.9504757
1.1972200000000002	1116683245.2008748
1.19723	1030552212.4471594
1.19724	900409358.0073502
1.19725	836835316.1130723
1.19726	946891024.65083
1.19727	967275081.8989922
1.19728	999930924.8330076
1.19729	945540204.859289
1.1973	905419825.9578664
1.19731	918903699.507692
1.1973200000000002	948680557.2147024
1.19733	1019623884.0682187
1.19734	1023457940.9169732
1.19735	1032785186.2453561
1.19736	1023222308.1464297
1.19737	994603538.5274996
1.19738	922146665.1242648
1.19739	935513372.9051312
1.1974	915250553.090537
1.19741	915145187.042016
1.1974200000000002	868740363.0707483
1.19743	789950721.3358173
1.19744	715451172.914127
1.19745	629491688.108549
1.19746	645431266.4706932
1.19747	722437032.4363563
1.19748	780153390.046466
1.19749	787335801.4984237
1.1975	797590550.4904824
1.19751	784856031.3026897
1.19752	758036294.5165504
1.19753	736020651.3639915
1.19754	733297154.9146131
1.19755	699954806.2957855
1.19756	641652661.4874048
1.19757	599818698.2913468
1.19758	546172714.4771818
1.19759	499539690.00480056
1.1976	478024328.39631796
1.19761	482725232.06503946
1.19762	461753291.6173472
1.19763	446097716.3293855
1.19764	444099209.3702815
1.19765	459409530.036584
1.19766	480230788.4441669
1.19767	517678346.9170495
1.19768	572598228.4067488
1.19769	615276035.4979968
1.1977	655058369.6912483
1.19771	690955375.6481501
1.19772	717992652.5669166
1.19773	746689423.8483987
1.19774	799005925.3289406
1.19775	809599068.8541473
1.19776	827351388.327513
1.19777	839672635.5342202
1.1977799999999998	814179194.0449526
1.19779	715962045.2568356
1.1978	640029512.1083717
1.19781	770761476.4759518
1.19782	836719711.0275233
1.19783	859943662.0333964
1.19784	860339771.9254742
1.19785	923527857.2249829
1.19786	945148392.4407301
1.19787	972904024.7412617
1.1978799999999998	971001721.781008
1.19789	990193337.815016
1.1979	984759093.7757877
1.19791	917022517.6949404
1.19792	1015640475.1866947
1.19793	1004962832.2083961
1.19794	945366045.9579653
1.19795	879873018.1587863
1.19796	775014807.0475402
1.19797	738006182.4083736
1.1979799999999998	716704283.3199974
1.19799	775032652.628409
1.198	870061596.8424113
1.19801	917825247.3349435
1.19802	938101866.3702387
1.19803	926125836.3799992
1.19804	873554489.4051241
1.19805	798049812.6920549
1.19806	855243928.9945271
1.19807	884280401.99238
1.19808	934307854.7762445
1.19809	895818444.2332367
1.1981	890656004.2632643
1.19811	983490116.7899787
1.19812	1121346934.1608098
1.19813	1179342637.1219838
1.19814	1234980214.8951898
1.19815	1247699496.993362
1.19816	1283807770.4724734
1.1981700000000002	1273649706.9174774
1.19818	1286707996.572212
1.19819	1261159454.499734
1.1982	1132869801.1869366
1.19821	1197953608.3496974
1.19822	1192641727.130284
1.19823	1213388850.4649758
1.19824	1241423607.8495526
1.19825	1213780063.868811
1.19826	1215738023.6909757
1.1982700000000002	1196657866.2552006
1.19828	1193108665.5539515
1.19829	1146568483.8752918
1.1983	1096932742.5163915
1.19831	1127171501.7937276
1.19832	1127534917.5278952
1.19833	1123336835.163044
1.19834	1093125435.8895283
1.19835	933512204.1189283
1.19836	952138223.0214027
1.1983700000000002	842092889.0050902
1.19838	806529022.7739822
1.19839	865346417.3893362
1.1984	903004677.637527
1.19841	910625903.4784333
1.19842	938620423.8893504
1.19843	950145246.6008751
1.19844	950823703.7009834
1.19845	885604877.9702739
1.19846	827865910.9325986
1.19847	892729734.0237238
1.19848	998366500.199457
1.19849	1017161702.3998351
1.1985	1021856707.4973297
1.19851	967497830.86137
1.19852	933275790.0188043
1.19853	997860887.0336204
1.19854	1072753647.8355293
1.19855	1107566981.0105915
1.19856	1048165835.5929989
1.19857	932030232.7098047
1.19858	786955182.9157996
1.19859	679485197.3112756
1.1986	929158918.9025873
1.19861	1062600461.0277556
1.19862	1097665463.6107726
1.19863	1048310655.0582273
1.19864	1085650408.2167606
1.19865	1185741445.1470664
1.19866	1204703022.6330636
1.19867	1134331519.6944046
1.19868	1156138862.9667282
1.19869	1215598064.7352989
1.1987	1246493447.8736393
1.19871	1311595747.75555
1.19872	1326752760.7611527
1.19873	1253487478.4854748
1.19874	1274647210.8507426
1.19875	1200162354.1517456
1.19876	1167427716.7566779
1.19877	1095746267.5816329
1.19878	1182741947.746205
1.19879	1180456532.9094868
1.1988	1315103701.0869145
1.19881	1322482701.400819
1.19882	1272506472.448013
1.1988299999999998	1311716555.7515464
1.19884	1318165679.7520561
1.19885	1344683265.0614533
1.19886	1316406445.3280554
1.19887	1336226252.5750842
1.19888	1329382630.337081
1.19889	1295835877.5480938
1.1989	1349615321.703217
1.19891	1274823322.0357823
1.19892	1233190016.0351975
1.1989299999999998	1198643404.4000814
1.19894	1256434925.1853552
1.19895	1258809465.8183012
1.19896	1237257229.0852685
1.19897	1153108039.3358426
1.19898	1129275744.2094145
1.19899	1242767822.3248453
1.199	1170523130.1397088
1.19901	1077258674.7971237
1.19902	973979912.455318
1.1990299999999998	951217868.8267457
1.19904	832415196.3954464
1.19905	801530402.4315209
1.19906	811484072.3516669
1.19907	813973001.3024787
1.19908	728752403.303545
1.19909	724502686.1654923
1.1991	861370511.7550831
1.19911	1004754592.6668768
1.19912	1110043504.8517704
1.19913	1182687481.7207887
1.19914	1220562436.0287359
1.19915	1224024187.9769382
1.19916	1229022970.6482391
1.19917	1259766339.5645945
1.19918	1175763570.4629152
1.19919	1098171073.6495755
1.1992	1047828001.3044547
1.19921	1028726671.9536793
1.1992200000000002	976202689.880216
1.19923	865167107.9308795
1.19924	806900528.6507866
1.19925	861251517.241125
1.19926	895447235.4898947
1.19927	868320391.4080462
1.19928	759906221.1883035
1.19929	791461875.7607187
1.1993	866004203.4091693
1.19931	894684678.2900733
1.1993200000000002	965828463.1620599
1.19933	974450987.3803297
1.19934	856781341.2890707
1.19935	704952735.3174376
1.19936	679375686.0630412
1.19937	861152367.7034949
1.19938	1037265659.3744472
1.19939	1080488129.542727
1.1994	1029769441.6068015
1.19941	1071618000.3577776
1.1994200000000002	1024141582.8518486
1.19943	972680031.1000444
1.19944	932223399.8271863
1.19945	879002276.822469
1.19946	790241803.5526732
1.19947	811147810.0379374
1.19948	807644053.8557577
1.19949	789296178.3068265
1.1995	807532481.4135528
1.19951	818502480.6990914
1.19952	781106047.0953907
1.19953	785651601.2765436
1.19954	762184302.4046731
1.19955	720045598.5451497
1.19956	761342370.5369648
1.19957	781609807.150221
1.19958	728937008.2675716
1.19959	694992311.2731153
1.1996	793578695.160658
1.19961	926957878.496983
1.19962	1019248309.9348297
1.19963	1087902563.2126439
1.19964	1124164845.3441458
1.19965	1131566287.1356635
1.19966	1179234020.6530025
1.19967	1175898943.0389488
1.19968	1187080032.7290714
1.19969	1123854270.0278947
1.1997	1053901445.0691603
1.19971	1025439399.6981523
1.19972	969772802.3610127
1.19973	911108293.7378383
1.19974	854279529.9048473
1.19975	755875032.0002223
1.19976	726741565.3537937
1.19977	765050317.9917033
1.1997799999999998	756031690.2242856
1.19979	768882541.8851643
1.1998	879184453.6768531
1.19981	963229999.2970313
1.19982	993070314.7898248
1.19983	1004708323.0733355
1.19984	1059229335.2397182
1.19985	1057596488.0825084
1.19986	1057572136.303792
1.19987	1020821950.471766
1.1998799999999998	886910915.6358211
1.19989	857689315.5568553
1.1999	924698173.9382211
1.19991	980482846.2532426
1.19992	944582727.785687
1.19993	941087489.3022274
1.19994	894870105.3869693
1.19995	925976574.5612457
1.19996	1029200527.1944264
1.19997	1059400076.5968908
1.1999799999999998	1085300492.2771142
1.19999	1110580388.2660232
1.2	1009415571.5327696
1.20001	1034236831.7027537
1.20002	1056476886.404538
1.20003	1011043869.1064084
1.20004	942366849.2010002
1.20005	886808812.1208273
1.20006	921998044.6204553
1.20007	984736419.1207457
1.20008	963873410.6128489
1.20009	1005634119.9160992
1.2001	1065933226.6628867
1.20011	1150032198.8643465
1.20012	1220702966.5616815
1.20013	1264707226.1758232
1.20014	1259215323.458837
1.20015	1253949365.416125
1.20016	1297119535.0463915
1.2001700000000002	1352975710.7162616
1.20018	1372587375.1550386
1.20019	1357813117.5898235
1.2002	1357000476.0036855
1.20021	1390400771.230315
1.20022	1314649558.792346
1.20023	1308970924.8097146
1.20024	1349397806.9448366
1.20025	1312139471.3720796
1.20026	1270369329.3623743
1.2002700000000002	1344961956.2250953
1.20028	1297776781.6857836
1.20029	1249942399.259658
1.2003	1219972384.4350939
1.20031	1260317596.787771
1.20032	1243368899.155304
1.20033	1212132232.6224597
1.20034	1131149479.4928665
1.20035	1038771438.5137331
1.20036	909619998.5217447
1.2003700000000002	879488165.6755915
1.20038	965183746.796306
1.20039	989577927.9412876
1.2004	871083926.3351598
1.20041	890553469.6038271
1.20042	812362747.9541184
1.20043	893819859.7409904
1.20044	940437633.573066
1.20045	997975776.627238
1.20046	974069623.451691
1.20047	894622877.796515
1.20048	855618172.5178133
1.20049	854712390.82087
1.2005	837587138.5983517
1.20051	824612663.6205156
1.20052	918417181.9367068
1.20053	976787290.1926922
1.20054	952708412.295074
1.20055	938296291.8587881
1.20056	1026526109.3908428
1.20057	1109532428.6150868
1.20058	1136004364.691977
1.20059	1238140700.275317
1.2006	1247555858.548899
1.20061	1249453218.223226
1.20062	1242424480.3220696
1.20063	1190337182.9283366
1.20064	1092269985.9167283
1.20065	985666508.2352473
1.20066	882571705.0493252
1.20067	822791885.5665092
1.20068	941499296.8413126
1.20069	1028868805.6136738
1.2007	1066276898.327336
1.20071	1008323757.7615523
1.20072	926189813.0960014
1.20073	905128000.1299783
1.20074	915883004.1902317
1.20075	868460359.3990762
1.20076	860419015.7960838
1.20077	928324901.1205156
1.20078	911024381.4271947
1.20079	970957006.5288235
1.2008	1069892147.461412
1.20081	1152364842.712915
1.20082	1271042288.2448206
1.2008299999999998	1323335612.424421
1.20084	1252766120.733293
1.20085	1374896479.7204955
1.20086	1335857090.6210337
1.20087	1376575386.5094154
1.20088	1391842200.119304
1.20089	1343692830.7506495
1.2009	1324189073.5173838
1.20091	1339645840.5853724
1.20092	1278262357.7167966
1.2009299999999998	1345054866.1145856
1.20094	1345829364.832841
1.20095	1406824749.4420068
1.20096	1382547305.0763788
1.20097	1373346104.5953484
1.20098	1369872035.1950846
1.20099	1349304597.0659835
1.2009999999999998	1322756791.405898
1.20101	1284990745.8229544
1.20102	1232083098.3905158
1.2010299999999998	1134540490.528556
1.20104	1040926344.2431675
1.20105	1003806491.7609607
1.20106	1056355262.009445
1.20107	1102173589.0825992
1.20108	1135638219.1706328
1.20109	1183750021.7745981
1.2011	1149132215.220258
1.20111	1040926344.2431675
1.20112	965317101.070322
1.20113	897346142.0605206
1.20114	875689213.0562215
1.20115	882876587.1653013
1.20116	827465699.0420402
1.20117	722170925.8193724
1.20118	685361966.4842588
1.20119	710002699.5776694
1.2012	744080631.582329
1.20121	815755480.1325357
1.2012200000000002	941520975.9133601
1.20123	1037241775.724968
1.20124	1084376257.2451048
1.20125	1145117363.6099186
1.20126	1115835052.2886655
1.20127	1098196360.2641337
1.20128	1039992003.4503666
1.20129	980053987.4857581
1.2013	905649183.6843619
1.20131	846233083.3461072
1.2013200000000002	886665886.9469677
1.20133	875729540.9633622
1.20134	818672118.720711
1.20135	706805629.7002468
1.20136	736427503.8143153
1.20137	776443752.7843869
1.20138	772733961.8231554
1.20139	827008550.9243091
1.2014	901093796.8354568
1.20141	942431947.8451724
1.2014200000000002	961036760.2088614
1.20143	924825934.5372596
1.20144	963607119.3384273
1.20145	1051598601.8023314
1.20146	1161314904.8241735
1.20147	1235662878.7927372
1.20148	1261362745.7698193
1.20149	1292141276.7358098
1.2015	1311927996.5203295
1.20151	1268323385.2052195
1.20152	1276086164.4564133
1.20153	1268995260.2797825
1.20154	1222446890.0017958
1.20155	1210542384.7298355
1.20156	1139934768.4250982
1.20157	1100601245.6353734
1.20158	1021503831.6370617
1.20159	1051138637.3246447
1.2016	1069301066.5477816
1.20161	1011439709.0470713
1.20162	1007441878.1560119
1.20163	1162010359.839081
1.20164	1155766227.8960507
1.20165	1110452535.3336413
1.20166	1151144916.5633116
1.20167	1133052412.9414635
1.20168	1029769441.6068015
1.20169	966340096.1401092
1.2017	886522984.8080645
1.20171	795481346.1521827
1.20172	798343879.2741411
1.20173	823208791.786092
1.20174	953871778.87929
1.20175	1093654136.714011
1.20176	1166702154.8726304
1.20177	1197650223.859314
1.2017799999999998	1249079267.78834
1.20179	1231232299.4271905
1.2018	1204148364.1134262
1.20181	1242252844.8932455
1.20182	1222897339.050223
1.20183	1211406780.0197606
1.20184	1246780496.6432402
1.20185	1259969406.2729902
1.20186	1242081233.1750948
1.20187	1188858042.2650106
1.2018799999999998	1107108028.0276132
1.20189	1002120623.6340556
1.2019	884565506.2653224
1.20191	853610994.1845838
1.20192	845960333.994863
1.20193	875769870.7277111
1.20194	839846661.1579161
1.20195	780189318.2650626
1.20196	776443752.7843869
1.20197	835679983.6577216
1.2019799999999998	960793375.4519737
1.20199	1068685704.5062696
1.202	1109864601.3961957
1.20201	1180103232.5798595
1.20202	1175384610.1535492
1.20203	1259273313.80276
1.20204	1253978238.999704
1.20205	1318317447.9205804
1.20206	1339399091.4291172
1.20207	1292855537.733284
1.20208	1057377342.2586707
1.20209	1184349824.4162743
1.2021	1128521922.4061544
1.20211	1071790738.6927814
1.20212	1032357221.3004547
1.20213	995199158.2132846
1.20214	919326967.7534026
1.20215	820049371.3176444
1.20216	754935764.1085197
1.2021700000000002	902672059.6942352
1.20218	1000806229.6110595
1.20219	1015289745.9662676
1.2022	1032238373.6245877
1.20221	1090234698.3923721
1.20222	1144932807.3718133
1.20223	1153240803.4473116
1.20224	1155313903.9157052
1.20225	1203510822.5108366
1.20226	1191296868.012359
1.2022700000000002	1132348215.4723966
1.20228	985984300.7957977
1.20229	980776384.0584166
1.2023	993916727.9863927
1.20231	965383785.1164905
1.20232	863912981.628579
1.20233	804803766.0836053
1.20234	744629092.4884663
1.20235	796141018.381856
1.20236	878557114.5259883
1.2023700000000002	951699848.1129444
1.20238	949598456.4245847
1.20239	933254300.7969924
1.2024	859310265.5077156
1.20241	880501296.9387965
1.20242	1002074475.3364779
1.20243	1070212452.700757
1.20244	1127119594.8229954
1.20245	1128340040.8215787
1.20246	1109762383.7961051
1.20247	1123776639.6065178
1.20248	1194043090.914582
1.20249	1234695882.9280784
1.2025	1254180372.7013195
1.20251	1224362445.0885792
1.20252	1272594377.1171205
1.20253	1243941623.5583055
1.20254	1138413402.3961332
1.20255	982358483.494449
1.20256	1047610879.6203637
1.20257	1144036814.3715842
1.20258	1186615453.688408
1.20259	1172060419.337666
1.2026	1160245786.691601
1.20261	1204453394.6895616
1.20262	1202901315.964927
1.20263	1231430766.6210365
1.20264	1263659306.000235
1.20265	1309604021.4191642
1.20266	1371702720.5805414
1.20267	1417098374.9140322
1.20268	1423246092.052737
1.20269	1462311852.1533668
1.2027	1423573844.3086832
1.20271	1372460961.0075595
1.20272	1281209056.7773552
1.20273	1285464241.1244092
1.20274	1270866699.3928206
1.20275	1299421355.637481
1.20276	1379018206.5304306
1.20277	1418404172.0008545
1.20278	1361068553.3648028
1.20279	1357469248.3132188
1.2028	1369304388.3912067
1.20281	1313560257.0409427
1.20282	1132530743.1504688
1.2028299999999998	1141852481.3705466
1.20284	1097513825.9977543
1.20285	1098778113.127831
1.20286	1111885329.3059592
1.20287	1070409611.2783711
1.20288	964472835.0716679
1.20289	850374052.3605385
1.2029	744337672.3146753
1.20291	734496955.5449952
1.20292	729155238.0615293
1.2029299999999998	799005925.3289406
1.20294	860300152.7270702
1.20295	943908723.9132432
1.20296	936052052.7214564
1.20297	862005426.8857086
1.20298	818031448.3834393
1.20299	873333259.7333379
1.203	952905865.0506283
1.20301	990991661.0046363
1.20302	997906841.2838175
1.2030299999999998	968233266.4448203
1.20304	923825615.4221367
1.20305	940437633.573066
1.20306	901156044.3397052
1.20307	817711301.2534664
1.20308	796966378.0100653
1.20309	856761613.3967539
1.2031	957392453.7217633
1.20311	1070039968.7349033
1.20312	1161020799.1692355
1.20313	1163536468.9163804
1.20314	1156937771.301511
1.20315	1083727265.6937275
1.20316	1152683296.879978
1.20317	1250604537.2857313
1.20318	1326600021.4972494
1.20319	1368264313.4354107
1.2032	1325378740.230843
1.20321	1372018603.1701148
1.2032200000000002	1366029253.9523242
1.20323	1324707514.8435314
1.20324	1231572548.4888134
1.20325	1231374058.444272
1.20326	1275704243.0133393
1.20327	1237570646.681187
1.20328	1134540490.528556
1.20329	922975132.3079668
1.2033	893305483.7332963
1.20331	1080985827.305123
1.2033200000000002	1120959701.5271661
1.20333	1158510568.5247285
1.20334	1120108260.3706932
1.20335	1133496021.1899445
1.20336	1108051637.7911854
1.20337	992087550.9646877
1.20338	932996468.7265292
1.20339	963185641.9376566
1.2034	1018521028.6838924
1.20341	1084101636.4785779
1.2034200000000002	1123983665.9808245
1.20343	1151144916.5633116
1.20344	1133939803.1181867
1.20345	1086500673.8325462
1.20346	1026786145.3298494
1.20347	932781663.0818223
1.20348	877647257.3558282
1.20349	840330254.9346341
1.2035	983671299.051533
1.20351	1008927593.8193417
1.20352	1011719218.7805732
1.20353	1062233515.2034973
1.20354	1045851443.1095904
1.20355	956709309.5118605
1.20356	913902783.3487557
1.20357	926445764.1581508
1.20358	921700875.467573
1.20359	887299016.217019
1.2036	835256761.5222843
1.20361	819483096.8870447
1.20362	857728814.5189962
1.20363	888750790.455961
1.20364	926083187.6911252
1.20365	933490709.4535432
1.20366	914218488.704808
1.20367	978317900.5429106
1.20368	1086800926.5426898
1.20369	1136370628.2637186
1.2037	1111654934.2268817
1.20371	1063457160.9841617
1.20372	1013024619.1936684
1.20373	1105706849.713346
1.20374	1171871520.7420294
1.20375	1139121371.7519946
1.20376	1030148892.5824354
1.20377	938490757.6428193
1.20378	1176332240.0306392
1.20379	1272623680.0229018
1.2038	1351854652.407275
1.20381	1291784294.2280176
1.20382	1351885780.369357
1.20383	1365054528.3089714
1.20384	1392258891.0447376
1.20385	1437771928.302499
1.20386	1430803520.294986
1.20387	1418828815.0724752
1.2038799999999998	1411659645.8137295
1.20389	1345116809.6065533
1.2039	1280324334.5222301
1.20391	1168960940.6393633
1.20392	1110196873.6234796
1.20393	1093125435.8895283
1.20394	1146251719.0600936
1.20395	1161716078.0585654
1.20396	1220534331.8635967
1.20397	1244973192.3667574
1.2039799999999998	1246636963.9965124
1.20399	1183368487.352429
1.204	1239709701.9502974
1.20401	1293212816.2774978
1.20402	1308639424.9301064
1.20403	1381878945.7884324
1.20404	1328128205.7389445
1.20405	1265202379.4017735
1.20406	1225631741.995961
1.20407	1235435282.2418222
1.2040799999999998	1300439043.5513382
1.20409	1285168286.118878
1.2041	1239852437.0205982
1.20411	1258751496.8348804
1.20412	1206451867.4580328
1.20413	1126782257.7730672
1.20414	1048986743.836486
1.20415	1001751496.7524148
1.20416	1041309906.3308848
1.20417	1118561842.0948405
1.20418	1187216708.2359722
1.20419	1307675538.9202206
1.2042	1289733557.8987505
1.20421	1257998142.9309466
1.20422	1283600861.783375
1.20423	1069522683.6127537
1.20424	1327608425.681419
1.20425	1376828984.4230795
1.20426	1359940789.430272
1.2042700000000002	1361507380.7542346
1.20428	1362259985.4711912
1.20429	1292766233.5211234
1.2043	1266630670.7048461
1.20431	1298404464.1382625
1.20432	1269696726.7809436
1.20433	1313499766.748464
1.20434	1322026010.9299119
1.20435	1283985147.3230276
1.20436	1361225261.1935337
1.2043700000000002	1339707534.976779
1.20438	1278085771.4442382
1.20439	1233871690.3588855
1.2044	1229985523.570472
1.20441	1215933993.3013618
1.20442	1244944526.129653
1.20443	1165601237.914358
1.20444	1055042610.396641
1.20445	994557736.3965132
1.20446	1034832357.6702851
1.2044700000000002	1066620680.7962992
1.20448	1096150029.7962472
1.20449	1228853186.5785036
1.2045	1342672209.4239426
1.20451	1375276430.1468005
1.20452	1367193547.326342
1.20453	1361350640.447159
1.20454	1374801508.5165622
1.20455	1296223826.0173755
1.20456	1280088511.784823
1.20457	1299720592.9114234
1.20458	1359001700.00088
1.20459	1383566378.9717808
1.2046	1318378160.080585
1.20461	1312169684.8477948
1.20462	1295865715.615361
1.20463	1239395742.6337366
1.20464	1153878283.9933078
1.20465	1061402240.4002092
1.20466	1013187912.6302985
1.20467	1027779615.8762296
1.20468	1053052443.0076047
1.20469	1171197131.3918707
1.2047	1212802266.7689815
1.20471	1208286713.654815
1.20472	1170603989.805786
1.20473	1112628038.319683
1.20474	1051719678.5351504
1.20475	991333996.5143672
1.20476	936526347.5334027
1.20477	976449978.0697683
1.20478	1045971858.1382227
1.20479	1092747948.9329524
1.2048	1175898943.0389488
1.20481	1216802238.5027876
1.20482	1205646528.5255911
1.2048299999999998	1245862173.1881974
1.20484	1227213149.3198552
1.20485	1165977043.9287484
1.20486	1118613354.9574206
1.20487	1027235453.4765222
1.20488	960174128.713933
1.20489	865605485.5505487
1.2049	809356762.9242654
1.20491	872529260.3875266
1.20492	899497581.5300363
1.2049299999999998	863296539.3859386
1.20494	764310806.3827133
1.20495	750637055.9702268
1.20496	761465094.3185833
1.20497	771187532.7214366
1.20498	872408724.3419642
1.20499	931386631.3514154
1.205	977147218.2263613
1.20501	933834683.4987377
1.20502	801548858.5635692
1.2050299999999998	726657900.9552541
1.20504	766743318.1946077
1.20505	878638036.3531259
1.20506	990763503.0107137
1.20507	1066596121.2302588
1.20508	1163643639.5208333
1.20509	1233417198.9546971
1.2051	1266922356.7752259
1.20511	1284132980.0857944
1.20512	1304848227.6324134
1.20513	1353256120.5235345
1.20514	1391681967.5881178
1.20515	1383215987.6228476
1.20516	1427249830.1648955
1.20517	1372397758.2998786
1.20518	1233843279.7403686
1.20519	1366249449.5992892
1.2052	1400135283.5262926
1.20521	1392002451.0990045
1.2052200000000002	1313741744.6333733
1.20523	1323640356.7934856
1.20524	1262263429.653411
1.20525	1118433070.3165224
1.20526	1038054128.403588
1.20527	1135952050.962242
1.20528	1143957789.8375912
1.20529	1114961830.393181
1.2053	1129015748.7941926
1.20531	1120211430.9051144
1.2053200000000002	1146964562.9966547
1.20533	1145776735.9171133
1.20534	1180510896.1935482
1.20535	1219298389.0297565
1.20536	1207507953.4914274
1.20537	1180837128.4771333
1.20538	1180674001.0676744
1.20539	1160165642.5201335
1.2054	1050195129.9255114
1.20541	961988765.0612937
1.2054200000000002	867840672.3901104
1.20543	849121817.7531946
1.20544	827465699.0420402
1.20545	927876124.7440237
1.20546	948767937.9470347
1.20547	1077134657.9479504
1.20548	1200964029.8055801
1.20549	1240852042.7686687
1.2055	1242882290.7426946
1.20551	1213277098.3682652
1.20552	1210876916.166877
1.20553	1213305035.4275088
1.20554	1239024802.313447
1.20555	1207563562.5681345
1.20556	1252996910.0366912
1.20557	1191022593.349647
1.20558	1155846068.1562252
1.20559	1092370592.3332384
1.2056	1018309979.7323855
1.20561	1030623402.9308186
1.20562	1048793531.1334502
1.20563	1058644145.186022
1.20564	1109762383.7961051
1.20565	1194538082.9338846
1.20566	1283896455.8345606
1.20567	1402200120.1849875
1.20568	1400425467.3499188
1.20569	1432418759.2936685
1.2057	1498683755.7104654
1.20571	1433243563.1890528
1.20572	1480846352.622314
1.20573	1459049412.3036964
1.20574	1483337581.3305671
1.20575	1522860071.9293392
1.20576	1481528464.6196618
1.20577	1429124287.567917
1.20578	1398653060.5513752
1.20579	1438301720.6413374
1.2058	1474246142.2282355
1.20581	1512446426.0606306
1.20582	1443045417.4375048
1.20583	1481050953.2394907
1.20584	1475536646.0623202
1.20585	1475095030.8321981
1.20586	1494135553.2680938
1.20587	1474789374.6396768
1.2058799999999998	1482620497.4043949
1.20589	1501689001.6146884
1.2059	1527777113.8670008
1.20591	1532463008.2901301
1.20592	1508620483.1095169
1.20593	1473160277.6237068
1.20594	1472448113.6705625
1.20595	1436316005.3799796
1.20596	1404947189.916855
1.20597	1475095030.8321981
1.2059799999999998	1452546352.023664
1.20599	1425476296.3370025
1.206	1414588098.9324715
1.20601	1450941825.3242373
1.20602	1469873634.7727976
1.20603	1480062312.0630407
1.20604	1519777462.978294
1.20605	1618788088.2397616
1.20606	1634481464.8112562
1.20607	1633164759.022786
1.2060799999999998	1532674740.5044422
1.20609	1528516038.233044
1.2061	1537446456.9916868
1.20611	1419711172.3252714
1.20612	1533521961.941189
1.20613	1547818381.7643168
1.20614	1368768493.5049293
1.20615	1591952114.0067072
1.20616	1567942023.1528106
1.20617	1528199312.6101599
1.20618	1444907349.1366065
1.20619	1395725457.706767
1.2062	1415239690.8494036
1.20621	1436977605.671952
1.20622	1383789401.4971442
1.20623	1178636808.8612144
1.20624	1388992817.4968514
1.20625	1443510675.3055227
1.20626	1446804996.780367
1.2062700000000002	1494479630.3050926
1.20628	1499028880.1303582
1.20629	1426494166.5181684
1.2063	1378922950.6175294
1.20631	1335119072.6521409
1.20632	1218203940.5802884
1.20633	1250201454.9873426
1.20634	1244199435.6004274
1.20635	1259679320.9943233
1.20636	1263659306.000235
1.2063700000000002	1179342637.1219838
1.20638	1194153071.4121554
1.20639	1251295837.889102
1.2064	1216970357.557501
1.20641	1197291777.6081686
1.20642	1243311641.2198832
1.20643	1325531338.8814502
1.20644	1362291353.0276794
1.20645	1317619458.99868
1.20646	1318317447.9205804
1.2064700000000002	1303646971.285295
1.20648	1230523749.0992675
1.20649	1146832521.4224775
1.2065	1133678733.8873453
1.20651	1067849380.3966694
1.20652	1016787035.2006255
1.20653	1094636688.1853278
1.20654	1118433070.3165224
1.20655	1219579175.1846652
1.20656	1265260645.4661605
1.20657	1275234342.7657905
1.20658	1250374188.6330936
1.20659	1096528691.9928708
1.2066	1142115432.892997
1.20661	1062184598.6687006
1.20662	923974530.5192933
1.20663	939442059.5857806
1.20664	1126522836.4382188
1.20665	1166809617.0609627
1.20666	1175005771.9868655
1.20667	1115835052.2886655
1.20668	1043590218.897264
1.20669	955960615.0565592
1.2067	943582765.683952
1.20671	977079721.6190864
1.20672	1084576025.132249
1.20673	1119669891.5946212
1.20674	1150879886.1647599
1.20675	1126834149.2084966
1.20676	1104917876.2581086
1.20677	1098044649.3100982
1.20678	1104536317.040217
1.20679	1148999924.1002612
1.2068	1110836138.2938616
1.20681	1209400099.4992092
1.20682	1276321249.8662837
1.2068299999999998	1272799511.6275196
1.20684	1286945038.7760925
1.20685	1247182475.9771855
1.20686	1274705911.8757017
1.20687	1269959876.6746418
1.20688	1237713135.4694722
1.20689	1140092267.1127608
1.2069	1082929040.048042
1.20691	1020023083.2227764
1.20692	903878382.9894711
1.2069299999999998	819634065.1563385
1.20694	713542753.5831022
1.20695	616722793.7237204
1.20696	667928538.6418848
1.20697	794492862.5335222
1.20698	886420925.9526867
1.20699	893367193.2213494
1.207	904024082.7135025
1.20701	949642188.0565393
1.20702	1013211242.4127307
1.2070299999999998	1081160075.6771216
1.20704	1102503558.7679439
1.20705	1124838052.9952571
1.20706	1157390731.052063
1.20707	1212299706.447448
1.20708	1220787292.647778
1.20709	1172168375.0631216
1.2071	1173924049.904857
1.20711	1145565695.4806895
1.20712	1187080032.7290714
1.20713	1198836618.4613144
1.20714	1250921335.9742386
1.20715	1218231991.0855675
1.20716	1193603270.206082
1.20717	1225011032.5219386
1.20718	1266514015.08109
1.20719	1281740183.5540874
1.2072	1248820444.5903974
1.20721	1178582531.8800776
1.2072200000000002	1252247000.2124195
1.20723	1206813056.0648296
1.20724	1012092018.58325
1.20725	1082330756.6716225
1.20726	1061304486.142971
1.20727	1002397558.0533185
1.20728	972456089.0293275
1.20729	949379828.4710152
1.2073	984668398.2881516
1.20731	1071840097.6168565
1.2073200000000002	1121321114.490725
1.20733	1176061410.7041845
1.20734	1283896455.8345606
1.20735	1311897788.6096349
1.20736	1156538248.1508293
1.20737	1370913332.2474606
1.20738	1451376209.5467398
1.20739	1428268966.748873
1.2074	1411497131.8461235
1.20741	1344807120.6707654
1.2074200000000002	1425738902.9608545
1.20743	1329719384.8116298
1.20744	1375529788.7618206
1.20745	1422787365.6617367
1.20746	1340324635.1782458
1.20747	1286856142.8326294
1.20748	1329321411.414162
1.20749	1345023895.438306
1.2075	1337796329.3511994
1.20751	1378192873.8479292
1.20752	1393862711.3848436
1.20753	1289436619.9598713
1.20754	1244571925.1069243
1.20755	1186588131.1724198
1.20756	1076861871.1330037
1.20757	974989637.7173883
1.20758	988735209.639384
1.20759	1047996904.8356156
1.2076	1059839252.1904305
1.20761	1032927880.6485547
1.20762	1064951917.8585236
1.20763	1113884087.9260962
1.20764	1130264272.9468467
1.20765	1095241773.9502141
1.20766	1056452560.4053019
1.20767	1013724633.5583248
1.20768	1021739068.6682024
1.20769	1063016486.2036145
1.2077	1068095290.1134713
1.20771	1002005256.8747596
1.20772	976944742.3912367
1.20773	1111475771.0605054
1.20774	1178908231.2632878
1.20775	1264154048.9485831
1.20776	1270895962.5168948
1.20777	1229504152.9140534
1.20778	1220534331.8635967
1.20779	1249597075.1218693
1.2078	1226393951.6757472
1.20781	1171871520.7420294
1.20782	1116400442.6157844
1.20783	1179913037.740355
1.20784	1173869989.9492927
1.20785	1269053701.0168061
1.20786	1349491023.2626176
1.20787	1408639946.3612547
1.2078799999999998	1440223854.8788471
1.20789	1428861057.3906078
1.2079	1427940133.5254884
1.20791	1514293297.159693
1.20792	1454855968.2663338
1.20793	1462379195.6534412
1.20794	1443211563.7448065
1.20795	1392675706.7194624
1.20796	1422066808.607668
1.20797	1402587615.9283304
1.2079799999999998	1338535827.235698
1.20799	1341621470.993273
1.208	1313711494.9600606
1.20801	1308790096.2848778
1.20802	1231487477.409364
1.20803	1163429308.1822505
1.20804	1262059993.2219293
1.20805	1338535827.235698
1.20806	1346387280.037078
1.20807	1369619718.6808019
1.2080799999999998	1333644259.6824894
1.20809	1304457697.955052
1.2081	1245546655.744228
1.20811	1177172207.3547873
1.20812	1130758861.7646234
1.20813	1035285186.7339194
1.20814	877829153.3768282
1.20815	968857710.7762996
1.20816	1057450385.820657
1.20817	1006051006.7667369
1.20818	1154064282.1880965
1.20819	1226958857.0262794
1.2082	1235577525.1730387
1.20821	1227580553.4572284
1.20822	1277291435.0523632
1.20823	1313802246.069602
1.20824	1325256673.9590952
1.20825	1320596068.4509695
1.20826	1241080637.2156534
1.2082700000000002	1246636963.9965124
1.20828	1198753808.6216981
1.20829	1134070360.2778668
1.2083	1052713033.7168204
1.20831	988894587.7702252
1.20832	998366500.199457
1.20833	1134827888.285999
1.20834	1182905360.872792
1.20835	1187107366.571642
1.20836	1276938555.1406412
1.2083700000000002	1367382445.1435175
1.20838	1372271361.6159527
1.20839	1365180260.2673745
1.2084	1449472566.24278
1.20841	1450006670.050091
1.20842	1410132752.941222
1.20843	1417065745.3937564
1.20844	1457874031.0906305
1.20845	1483815829.951367
1.20846	1402716804.9710574
1.2084700000000002	1276791550.6189775
1.20848	1382961213.2880704
1.20849	1345984318.0841546
1.2085	1319046178.4025273
1.20851	1356375698.0617144
1.20852	1441185885.0546322
1.20853	1497304052.4348311
1.20854	1412374929.5891318
1.20855	1431759257.9447074
1.20856	1430309423.5988505
1.20857	1432352795.4909134
1.20858	1434233954.7977862
1.20859	1355376651.6211095
1.2086	1414979018.0737815
1.20861	1460393865.5229244
1.20862	1457035052.8382888
1.20863	1462783321.787301
1.20864	1405853284.9036474
1.20865	1403847716.795162
1.20866	1371671136.3218071
1.20867	1296343218.1418614
1.20868	1185905272.6981554
1.20869	1136239806.2911437
1.2087	1145381066.9858437
1.20871	1187544793.6599078
1.20872	1204481128.5731757
1.20873	1217194552.4302938
1.20874	1198947040.4794185
1.20875	1126004172.9360466
1.20876	1115989221.2474964
1.20877	1104561750.221608
1.20878	1098196360.2641337
1.20879	992475969.2018284
1.2088	1094183093.2498217
1.20881	1230353757.7036536
1.20882	1252766120.733293
1.2088299999999998	1285493840.3731725
1.20884	1261566069.809232
1.20885	1250863730.2442575
1.20886	1240080847.3164392
1.20887	1169203212.6250894
1.20888	1117043279.3755689
1.20889	1065540594.6795592
1.2089	1038532280.0859867
1.20891	1053294945.211376
1.20892	1027874282.236602
1.2089299999999998	1016482719.7220949
1.20894	921106824.4726713
1.20895	876455760.9579222
1.20896	874943481.6632861
1.20897	901674940.7943199
1.20898	914113241.4702506
1.20899	840910935.0468093
1.209	760764081.9262693
1.20901	726607706.9393995
1.20902	711344536.0913303
1.2090299999999998	702489763.1832374
1.20904	694416449.563951
1.20905	713394899.5420388
1.20906	755144389.3902342
1.20907	799613283.1649282
1.20908	823284615.6095508
1.20909	865824757.6500943
1.2091	913313758.3492769
1.20911	950933177.6269984
1.20912	973240111.9237623
1.20913	1028750359.5333867
1.20914	1080090136.3226476
1.20915	1102706666.1350024
1.20916	1143694414.1456132
1.20917	1146938153.4656587
1.20918	1028347744.8469826
1.20919	1032262142.0651453
1.2092	992110394.887748
1.20921	909955176.6518707
1.2092200000000002	819860569.709276
1.20923	808779249.0905343
1.20924	886788392.8284035
1.20925	916895835.1033152
1.20926	878617805.1976007
1.20927	922422738.1929238
1.20928	1058302933.6339322
1.20929	1129405764.3685575
1.2093	1177958526.2188494
1.20931	1188940168.5056934
1.2093200000000002	1148418024.0775194
1.20933	1088679386.7781758
1.20934	1043782473.0264792
1.20935	1071173943.8931936
1.20936	1225405993.078552
1.20937	1284251258.5509307
1.20938	1303917157.5074675
1.20939	1308277884.4452345
1.2094	1221490236.6073475
1.20941	1207758214.504864
1.2094200000000002	1384968832.1912801
1.20943	1444408381.9917033
1.20944	1446505202.599387
1.20945	1389568626.1630225
1.20946	1412049755.6817398
1.20947	1347721013.85135
1.20948	1370313700.9492257
1.20949	1284547002.3787494
1.2095	1253747268.9454787
1.20951	1213332973.1300294
1.2095200000000002	1202402858.3938222
1.20953	1235890517.2723427
1.20954	1292766233.5211234
1.20955	1261101377.2978218
1.20956	1349118196.6233013
1.20957	1392900197.6133184
1.20958	1400844727.9413428
1.20959	1330699519.3128426
1.2096	1348403900.11068
1.20961	1400360976.858782
1.20962	1443776604.2907345
1.20963	1414848699.6914995
1.20964	1481050953.2394907
1.20965	1482483949.298528
1.20966	1495891174.7640982
1.20967	1412342408.8289578
1.20968	1447504758.188841
1.20969	1401231849.1242235
1.2097	1191818163.8930426
1.20971	1138282345.2540329
1.20972	1224588001.7596338
1.20973	1171520789.8315587
1.20974	1253833877.7299633
1.20975	1234042167.8084314
1.20976	1263252016.0198646
1.20977	1233900101.6315892
1.20978	1230920487.0322065
1.20979	1253227741.8569608
1.2098	1225236708.6782231
1.20981	1178256922.4784956
1.20982	1160994065.9851668
1.20983	1106369003.7685952
1.20984	1071420619.2071741
1.20985	1122121800.7798471
1.20986	1148788289.9853141
1.20987	1223094462.698909
1.2098799999999998	1338782417.358165
1.20989	1361632785.9932284
1.2099	1350703421.539114
1.20991	1424885608.2706506
1.20992	1364865952.0831769
1.20993	1395564778.1247635
1.20994	1314256095.6621785
1.20995	1419743862.7594485
1.20996	1472956767.0683465
1.20997	1438699193.0037882
1.2099799999999998	1445439770.7459278
1.20999	1501827318.6527038
1.21	1514328165.4528508
1.21001	1473431668.7705715
1.21002	1474619593.0118134
1.21003	1539749245.671607
1.21004	1479891923.4007664
1.21005	1468182353.9790876
1.21006	1536809370.7931066
1.21007	1527847472.2232027
1.2100799999999998	1492278905.6853285
1.21009	1497924761.6555152
1.2101	1500721138.9716268
1.21011	1493138177.7706902
1.21012	1446105573.6547327
1.21013	1375023118.197869
1.21014	1356969230.2727401
1.21015	1343259745.1681175
1.21016	1322330453.7173693
1.21017	1346480288.3878498
1.21018	1386436553.3013382
1.21019	1359064285.7830787
1.2102	1329627534.2230716
1.21021	1313832497.832555
1.21022	1256405995.0351374
1.21023	1198284660.8986704
1.21024	1214143446.397407
1.21025	1280766619.2567306
1.21026	1284754063.579985
1.2102700000000002	1314407413.6972895
1.21028	1355095802.4160762
1.21029	1291962773.1521747
1.2103	1290089973.6888685
1.21031	1301337665.3553922
1.21032	1205008193.7133152
1.21033	1221912197.2546813
1.21034	1142010245.018341
1.21035	1170118915.5825393
1.21036	1200521659.798592
1.2103700000000002	1213332973.1300294
1.21038	1193053722.13453
1.21039	1157977177.5189414
1.2104	1175168116.2474356
1.21041	1179804368.7379544
1.21042	1139016459.6278615
1.21043	1018638297.0011467
1.21044	950517243.751076
1.21045	1042125445.1102461
1.21046	1083752219.723488
1.2104700000000002	1065712353.3735504
1.21048	979377223.9479373
1.21049	905378130.7940588
1.2105	842771809.2274724
1.21051	852118511.3792304
1.21052	843587236.055732
1.21053	906546321.4975727
1.21054	1020281471.8383489
1.21055	1121450218.7865572
1.21056	1215486109.171804
1.21057	1255972122.7093053
1.21058	1304818182.7375445
1.21059	1368894567.5479214
1.2106	1361664139.1077435
1.21061	1289733557.8987505
1.21062	1321204365.4699988
1.21063	1345612460.249435
1.21064	1371734305.5665386
1.21065	1333951377.9786026
1.21066	1286885774.131488
1.21067	1223855094.4668524
1.21068	1100854697.6161435
1.21069	1042701504.0701439
1.2107	1047104437.3026336
1.21071	1103570289.9640136
1.21072	1179994546.0606735
1.21073	1177009586.2379189
1.21074	1211099988.4828966
1.21075	1185577640.2280269
1.21076	1231572548.4888134
1.21077	1196657866.2552006
1.21078	1116657532.9149604
1.21079	1052591842.6263428
1.2108	998297537.8667363
1.21081	1079244887.4176242
1.21082	1115835052.2886655
1.21083	1112499949.6564472
1.21084	1093528232.3761823
1.21085	1031050649.1192008
1.21086	942019732.3687512
1.21087	852707337.3436277
1.21088	818709820.8331617
1.21089	835352929.5464494
1.2109	852825151.3539622
1.21091	915355931.2704711
1.21092	1000368481.4875078
1.2109299999999998	994695149.1175091
1.21094	973105663.1209543
1.21095	981974024.8654886
1.21096	943626220.276727
1.21097	1010229392.2564043
1.21098	1005333142.4076984
1.21099	1056160692.1002123
1.2109999999999999	1104587183.988631
1.21101	1100550562.2419817
1.21102	1048986743.836486
1.2110299999999998	1171305007.601901
1.21104	1244256734.4212365
1.21105	1231260649.924977
1.21106	1241938241.5199196
1.21107	1232622241.790534
1.21108	1215598064.7352989
1.21109	1138885333.0602286
1.2111	1171466840.5476625
1.21111	1219916203.924185
1.21112	1256695326.5158675
1.2111299999999998	1240566358.9188714
1.21114	1216830256.7323115
1.21115	1207202149.3412964
1.21116	1131253667.0079784
1.21117	1088528990.5517967
1.21118	1080637414.8063633
1.21119	1012581526.8017117
1.2112	899932632.346125
1.21121	792191174.8905454
1.21122	832779450.36484
1.21123	924527853.9272916
1.21124	961855870.5821283
1.21125	949423550.0345484
1.21126	882896916.3840342
1.21127	884911827.8921199
1.21128	895756565.4246067
1.21129	893428906.9722943
1.2113	872288204.9479179
1.21131	863455579.1329857
1.2113200000000002	950758025.3948742
1.21133	1039225991.2674668
1.21134	989760231.7223908
1.21135	927790668.1301867
1.21136	899373319.9305736
1.21137	915398085.9395555
1.21138	953937672.2833029
1.21139	1013234572.7323617
1.2114	994603538.5274996
1.21141	947348997.7699137
1.2114200000000002	935448752.1626744
1.21143	944822006.1190311
1.21144	945888618.9204742
1.21145	972321748.5358037
1.21146	940740843.7167752
1.21147	969571854.5873543
1.21148	1011090430.4693408
1.21149	1025344957.588418
1.2115	1105197770.120378
1.21151	1178175534.1848211
1.2115200000000002	1245345913.521227
1.21153	1201489555.9094405
1.21154	1245604016.6082466
1.21155	1216129994.5008585
1.21156	1142115432.892997
1.21157	1071815417.8706863
1.21158	1096402456.7286854
1.21159	1095317433.1848207
1.2116	1078226496.3966386
1.21161	1116888964.8032897
1.21162	1171466840.5476625
1.21163	1197815696.7826438
1.21164	1240137956.4648762
1.21165	1243025391.0918105
1.21166	1160138929.0265474
1.21167	1153825147.1581185
1.21168	1187162036.144965
1.21169	1132269998.3303244
1.2117	1185113649.1679902
1.21171	1217390756.8242967
1.21172	1226478670.894751
1.21173	1145117363.6099186
1.21174	1097261143.1925447
1.21175	1076564364.3059838
1.21176	1124061310.7035663
1.21177	1139331224.9907722
1.21178	1139908520.7592404
1.21179	1056112055.2228153
1.2118	952883923.8348348
1.21181	892339258.0710914
1.21182	928688355.2544104
1.21183	967252809.8235666
1.21184	976652351.3629426
1.21185	997539266.5310344
1.21186	997539266.5310344
1.21187	1011253412.1264603
1.2118799999999998	1054216962.9981498
1.21189	1100145179.1099038
1.2119	1089757834.6605806
1.21191	1084700898.7498028
1.21192	1068021511.2529432
1.21193	1004569527.0767944
1.21194	1153081488.3476994
1.21195	1218849265.6393056
1.21196	1281061560.6243222
1.21197	1328005886.243732
1.2119799999999998	1350579022.8854368
1.21199	1367004675.6045613
1.212	1375878233.0702255
1.21201	1359533771.03037
1.21202	1332171075.835918
1.21203	1319957658.0003893
1.21204	1281976310.5687025
1.21205	1188228596.1899984
1.21206	1101666136.2416804
1.21207	987847715.875052
1.2120799999999998	894684678.2900733
1.21209	885258285.1094096
1.2121	888730326.4483483
1.21211	967230538.2609688
1.21212	1071519305.2376047
1.21213	1158643954.6611614
1.21214	1144748280.8782575
1.21215	1186287625.0151231
1.21216	1201572554.7343116
1.21217	1228230845.6346865
1.21218	1231118903.9637768
1.21219	1159150962.0553405
1.2122	1188091804.191898
1.21221	1213696221.8082125
1.21222	1267856203.6653464
1.21223	1310599506.2325294
1.21224	1331772368.6687407
1.21225	1260869095.2338762
1.21226	1245460619.4009912
1.2122700000000002	1287300683.9634454
1.21228	1262641327.174115
1.21229	1145618451.9453099
1.2123	999907900.8376676
1.21231	948899024.1365801
1.21232	943170046.8450029
1.21233	1045201441.4584348
1.21234	1139829781.387813
1.21235	1090636429.6957684
1.21236	1294672728.6587706
1.2123700000000002	1348497047.7694376
1.21238	1355969746.662525
1.21239	1354783815.9967914
1.2124	1353536588.446899
1.21241	1421248436.7179472
1.21242	1430605861.137697
1.21243	1378034212.6630473
1.21244	1394568977.5061007
1.21245	1422885651.7257345
1.21246	1456498360.15598
1.2124700000000002	1424754377.4997153
1.21248	1354347155.6792483
1.21249	1293778709.2400956
1.2125	1315133982.8173218
1.21251	1303917157.5074675
1.21252	1264212266.734452
1.21253	1250345398.0348856
1.21254	1230183789.791592
1.21255	1386053519.645032
1.21256	1442746402.2834241
1.21257	1440688203.0359404
1.21258	1403944694.509377
1.21259	1405756175.3532267
1.2126	1339491617.036243
1.21261	1360598538.1140068
1.21262	1357563022.205675
1.21263	1428696563.1513042
1.21264	1359220762.8486927
1.21265	1531369524.3933926
1.21266	1512411601.0956244
1.21267	1417587907.8875215
1.21268	1463524509.7784054
1.21269	1442314600.8868587
1.2127	1452211929.369268
1.21271	1441285442.0872214
1.21272	1457404143.7699838
1.21273	1275821745.1273506
1.21274	1416706870.2536821
1.21275	1344126055.9659839
1.21276	1350174806.380491
1.21277	1305088611.6981306
1.21278	1349242460.7237113
1.21279	1260172505.7145052
1.2128	1387394600.6030648
1.21281	1381051900.9736366
1.21282	1344249860.2520778
1.21283	1268732310.2653925
1.21284	1313348553.2040546
1.21285	1323091867.446515
1.21286	1259418301.346772
1.21287	1213835961.793526
1.21288	1141431884.8517225
1.21289	1127482993.8216352
1.2129	1151436520.4948318
1.21291	1162840100.5359404
1.21292	1151383496.1044226
1.2129299999999998	1154223733.0750744
1.21294	1132478589.3832295
1.21295	1125822697.1320362
1.21296	1137024964.0958333
1.21297	1151224437.5835786
1.21298	1109992386.6362848
1.21299	1057133900.1564592
1.213	1151410007.9943945
1.21301	1240623490.4264636
1.21302	1301937091.5096095
1.2130299999999998	1295060328.903534
1.21304	1274001677.961293
1.21305	1257100502.5285542
1.21306	1201987634.8698866
1.21307	1205951938.6113966
1.21308	1099537384.3717737
1.21309	993116048.4209334
1.2131	932889059.7215725
1.21311	842112279.1336572
1.21312	902755202.6921943
1.2131299999999998	964628302.2545924
1.21314	916072824.7277738
1.21315	916473686.1778117
1.21316	904836268.3604614
1.21317	915208405.2154387
1.21318	986665629.9173312
1.21319	1043974762.573472
1.2132	1150588423.202152
1.21321	1192669189.0370705
1.21322	1230212116.146274
1.21323	1256434925.1853552
1.21324	1252650742.0229757
1.21325	1161582338.2512145
1.21326	1130264272.9468467
1.21327	1106037877.1893241
1.21328	1004685189.0756023
1.21329	927940222.3698424
1.2133	892626960.6310678
1.21331	887544219.8701293
1.2133200000000002	904836268.3604614
1.21333	913229642.9171867
1.21334	997011115.0161641
1.21335	1007163550.1321343
1.21336	973531481.3928529
1.21337	979670430.75095
1.21338	943865256.3109908
1.21339	886543397.9891722
1.2134	780836309.2091421
1.21341	782275988.4321368
1.2134200000000002	814854371.9191883
1.21343	904877938.5700103
1.21344	992521675.4616852
1.21345	1027590309.3107507
1.21346	1151197929.966474
1.21347	1230098814.6408865
1.21348	1318135328.2150502
1.21349	1329474464.0076938
1.2135	1368138297.4382946
1.21351	1318378160.080585
1.2135200000000002	1327730708.5674806
1.21353	1360191322.8556688
1.21354	1353287280.7559786
1.21355	1331220509.5832605
1.21356	1298015863.0230324
1.21357	1207563562.5681345
1.21358	1288130904.9885464
1.21359	1197098812.5257962
1.2136	1182333513.6876686
1.21361	1180402172.1288848
1.21362	1252564214.9637878
1.21363	1213891862.2924898
1.21364	1108664138.979957
1.21365	1068882581.8205683
1.21366	1210653884.9385126
1.21367	1296701460.500935
1.21368	1317437435.7172222
1.21369	1290089973.6888685
1.2137	1205979707.0006616
1.21371	1204813984.9918473
1.21372	1164152834.7115152
1.21373	1209483644.783942
1.21374	1260985230.917357
1.21375	1332263102.13217
1.21376	1356219548.5274346
1.21377	1356094641.8430765
1.21378	1330975312.2873895
1.21379	1336749406.6504846
1.2138	1439726505.0762374
1.21381	1467979531.1017954
1.21382	1518797942.0318115
1.21383	1533486651.6996226
1.21384	1519672484.0962481
1.21385	1513108252.7747188
1.21386	1514432775.1496866
1.21387	1440920433.2535825
1.2138799999999998	1439129912.0163991
1.21389	1433507600.7281227
1.2139	1410457485.391598
1.21391	1352570776.903582
1.21392	1354970999.227794
1.21393	1402684506.5948606
1.21394	1409873020.811683
1.21395	1419776553.9463599
1.21396	1385160185.9244635
1.21397	1539359300.654577
1.2139799999999998	1513352156.66601
1.21399	1536349417.171657
1.214	1561241187.5241199
1.21401	1546037415.401433
1.21402	1555571579.7512295
1.21403	1525421980.3428113
1.21404	1462918055.3147564
1.21405	1470821602.8823779
1.21406	1410944724.2869544
1.21407	1368138297.4382946
1.2140799999999998	1352601921.3552244
1.21409	1428795257.4223082
1.2141	1476114342.3980286
1.21411	1488024219.6154199
1.21412	1501239559.2129824
1.21413	1489806963.9225295
1.21414	1491454469.7073126
1.21415	1489018179.128527
1.21416	1348590201.862835
1.21417	1375814872.9949741
1.21418	1390464803.0264704
1.21419	1313560257.0409427
1.2142	1217334695.19899
1.21421	1120701620.7310982
1.21422	1075647568.905277
1.21423	1120882271.0485916
1.21424	1256261354.2757432
1.21425	1325867117.7605605
1.21426	1364708825.1285448
1.2142700000000002	1429683812.7185824
1.21428	1433474593.3758152
1.21429	1410619879.6585922
1.2143	1400393221.7331135
1.21431	1376068330.8039682
1.21432	1426428475.546706
1.21433	1455961865.16215
1.21434	1403201369.868355
1.21435	1329107167.384051
1.21436	1375213097.784959
1.2143700000000002	1369903578.0275073
1.21438	1316739912.7216206
1.21439	1210709638.8940525
1.2144	1209149498.2688336
1.21441	1229504152.9140534
1.21442	1298643661.1095471
1.21443	1277879784.9580932
1.21444	1402103262.9775295
1.21445	1368989130.7007349
1.21446	1355470280.9571195
1.2144700000000002	1372935074.1017113
1.21448	1318772857.2779744
1.21449	1291516622.070849
1.2145	1228343975.0858474
1.21451	1252881510.070872
1.21452	1326050305.7260823
1.21453	1367539879.9277484
1.21454	1351699023.3476498
1.21455	1316618642.0786495
1.21456	1369682793.4520905
1.21457	1379812261.747296
1.21458	1211350993.9604294
1.21459	1289110067.1876314
1.2146	1236744535.130198
1.21461	1238454341.6690116
1.21462	1239509900.4572706
1.21463	1278026914.7745776
1.21464	1308097151.6608489
1.21465	1298703467.2373247
1.21466	1237257229.0852685
1.21467	1309242214.4432564
1.21468	1236858448.7572515
1.21469	1174978716.7905998
1.2147	1144642850.5205073
1.21471	1043398000.1793064
1.21472	892770846.6939217
1.21473	835391399.856312
1.21474	939701672.8848858
1.21475	1057328649.3537576
1.21476	1154649043.1531546
1.21477	1196051830.323446
1.21478	1251872213.6229813
1.21479	1272477172.2409992
1.2148	1340540687.3962636
1.21481	1143431099.0911481
1.21482	1319106924.1225836
1.21483	1363923461.6467602
1.21484	1336010895.7057574
1.21485	1319015806.5915248
1.21486	1377082629.0555089
1.21487	1426921231.5793664
1.21488	1402070978.7284968
1.21489	1418371512.4138415
1.2149	1413058038.558359
1.21491	1353380765.7583768
1.21492	1399136221.638665
1.2149299999999998	1384649968.0445547
1.21494	1373188001.3832777
1.21495	1366029253.9523242
1.21496	1421379344.5649376
1.21497	1446505202.599387
1.21498	1510219244.0914676
1.21499	1526792437.0172358
1.215	1432748623.8774812
1.21501	1432418759.2936685
1.21502	1461503972.0061631
1.2150299999999998	1505774714.362046
1.21504	1451409629.103738
1.21505	1429815497.5281944
1.21506	1345116809.6065533
1.21507	1294583298.9238436
1.21508	1352446206.2680347
1.21509	1394536866.7384045
1.2151	1364960236.9394808
1.21511	1319896873.1034925
1.21512	1275557380.588931
1.2151299999999998	1252794967.0713427
1.21514	1223150789.577414
1.21515	1177904280.4730582
1.21516	1213137422.7207775
1.21517	1352508490.1516387
1.21518	1361664139.1077435
1.21519	1316497382.6046033
1.2152	1365400319.0617025
1.21521	1412992966.3292134
1.21522	1447804759.531848
1.21523	1449606073.7478836
1.21524	1370913332.2474606
1.21525	1443045417.4375048
1.21526	1394183697.0883608
1.21527	1356969230.2727401
1.21528	1269784437.3529975
1.21529	1242996769.703966
1.2153	1245862173.1881974
1.21531	1199416447.5347085
1.2153200000000002	1184895363.2717135
1.21533	1239110394.0708342
1.21534	1266951529.0764089
1.21535	1316285205.3971572
1.21536	1318013929.0554814
1.21537	1337734722.9720378
1.21538	1314044279.6783938
1.21539	1304637927.8955927
1.2154	1420005413.3327498
1.21541	1431429621.144594
1.2154200000000002	1429881344.481375
1.21543	1394472647.421103
1.21544	1362479573.5348985
1.21545	1267330830.1243904
1.21546	1337611518.7246294
1.21547	1370061303.0845973
1.21548	1467844331.4166605
1.21549	1496028957.777934
1.2155	1522825007.1840365
1.21551	1523140618.9599113
1.2155200000000002	1446072276.2267187
1.21553	1455392055.7576306
1.21554	1465210424.9426928
1.21555	1426198580.9684393
1.21556	1345209730.193306
1.21557	1257969176.7867248
1.21558	1093150606.3226461
1.21559	1129327750.4767866
1.2156	1181680312.5447829
1.21561	1324860036.2120116
1.21562	1329443852.0793061
1.21563	1351916909.04819
1.21564	1300229454.4337597
1.21565	1294017054.0373526
1.21566	1332416493.4198582
1.21567	1370597704.126624
1.21568	1450674576.5780869
1.21569	1509141632.1588962
1.2157	1473160277.6237068
1.21571	1534546312.7027874
1.21572	1567147953.9106867
1.21573	1497510926.9243329
1.21574	1506815226.02388
1.21575	1529677927.230139
1.21576	1475740513.065751
1.21577	1403912367.8603039
1.21578	1447304791.829653
1.21579	1440754550.707243
1.2158	1518133626.6733458
1.21581	1536172548.5899465
1.21582	1499753900.1315591
1.21583	1364928807.9303765
1.21584	1237257229.0852685
1.21585	1470245977.9283555
1.21586	1517225034.3918548
1.21587	1442945738.8343182
1.2158799999999998	1501792738.198867
1.21589	1451710439.7473788
1.2159	1403492189.1510468
1.21591	1364583136.5889235
1.21592	1385160185.9244635
1.21593	1341096410.1728153
1.21594	1388257409.192318
1.21595	1450073446.8625395
1.21596	1456464823.4279675
1.21597	1441053153.041854
1.2159799999999998	1473872786.0219169
1.21599	1390240704.6402097
1.216	1340911143.6547296
1.21601	1294017054.0373526
1.21602	1209427947.2862222
1.21603	1156192106.354917
1.21604	1077903792.6240141
1.21605	1024636918.9600928
1.21606	992247469.4726584
1.21607	1002582223.5150695
1.2160799999999998	969013884.7746453
1.21609	951897091.8394039
1.2161	991585117.7126443
1.21611	1038125837.1191416
1.21612	1102630496.4878957
1.21613	1085275502.5974665
1.21614	1086175493.6708856
1.21615	1008230891.9881028
1.21616	974092052.491858
1.21617	921573546.5815816
1.2161799999999998	887646408.0569434
1.21619	850178269.0401481
1.2162	893346622.9183588
1.21621	993001718.2919956
1.21622	1037432860.32002
1.21623	1051647030.822727
1.21624	1146990973.1357598
1.21625	1230665426.536782
1.21626	1304848227.6324134
1.21627	1323792755.2937818
1.21628	1371323757.4702725
1.21629	1344187956.6836839
1.2163	1362165887.135214
1.21631	1351107796.3013244
1.21632	1288486877.8881154
1.21633	1255307142.791727
1.21634	1334012810.1242714
1.21635	1336164718.4989655
1.21636	1354690234.078469
1.2163700000000002	1361413334.4045534
1.21638	1331005959.4793634
1.21639	1255336047.6396449
1.2164	1145961428.1913915
1.21641	1136475296.6865542
1.21642	1207869458.2701776
1.21643	1226676371.8324473
1.21644	1255220432.2412126
1.21645	1086475656.5180194
1.21646	1182279066.4709024
1.2164700000000002	1068365856.2093239
1.21648	957370409.199641
1.21649	893305483.7332963
1.2165	913503046.4000009
1.21651	1002397558.0533185
1.21652	1035499753.8672278
1.21653	1066055953.8253863
1.21654	1139961016.695338
1.21655	1177416181.1594734
1.21656	1074434635.9617078
1.2165700000000002	1137234431.1264794
1.21658	1228061170.9935071
1.21659	1202264434.6174128
1.2166	1169122449.7179296
1.21661	1133522121.200843
1.21662	1083128541.3233767
1.21663	1032048245.8012217
1.21664	968255561.0963539
1.21665	1058473525.6607779
1.21666	1146225325.9427464
1.21667	1183123280.1633105
1.21668	1182850887.322091
1.21669	1248187991.4197185
1.2167	1276380027.9853685
1.21671	1300439043.5513382
1.21672	1373377727.4221025
1.21673	1390560856.2498286
1.21674	1404300336.7805386
1.21675	1391073252.1826098
1.21676	1329107167.384051
1.21677	1257187342.9542038
1.21678	1181381049.303775
1.21679	1191735838.8543525
1.2168	1244571925.1069243
1.21681	1252968059.0487814
1.21682	1263077503.3594036
1.21683	1177958526.2188494
1.21684	1185495746.2545464
1.21685	1141221644.6927366
1.21686	1237855640.6633296
1.21687	1270574105.208539
1.21688	1297627378.2127216
1.21689	1306321275.269449
1.2169	1279116202.0386505
1.21691	1275087534.4375336
1.21692	1293272372.2998698
1.2169299999999998	1304247461.1591113
1.21694	1280324334.5222301
1.21695	1245259891.0442874
1.21696	1329382630.337081
1.21697	1361476031.2491722
1.21698	1472380306.4903605
1.21699	1410327583.4386885
1.217	1394729542.4357214
1.21701	1483645009.1742506
1.21702	1430803520.294986
1.2170299999999998	1402846005.9130824
1.21704	1296820896.6192086
1.21705	1382069872.6085384
1.21706	1470482972.6803925
1.21707	1526511217.358871
1.21708	1536349417.171657
1.21709	1547070126.1439064
1.2171	1529114476.8531382
1.21711	1445805924.402049
1.21712	1533698525.3452675
1.2171299999999998	1581867123.3172474
1.21714	1568592015.4303882
1.21715	1364017681.3958774
1.21716	1474008540.973811
1.21717	1550922155.2152295
1.21718	1528516038.233044
1.21719	1517504543.3145359
1.2172	1544578552.2274597
1.21721	1526370626.9544616
1.21722	1569712078.2774625
1.21723	1566282155.1976204
1.21724	1573403094.5534856
1.21725	1524263324.0117385
1.21726	1499581244.521926
1.21727	1517993807.838021
1.21728	1502034818.097697
1.21729	1523526455.518242
1.2173	1553924807.498745
1.21731	1551029292.8226345
1.2173200000000002	1553889027.469707
1.21733	1535748147.0646095
1.21734	1414360112.6436386
1.21735	1468114743.2398555
1.21736	1322909088.1761134
1.21737	1418502155.2741086
1.21738	1382929369.7959454
1.21739	1286559867.3667812
1.2174	1261798480.2724595
1.21741	1231260649.924977
1.2174200000000002	1314800922.129182
1.21743	1264532512.484532
1.21744	1225772856.1879215
1.21745	1252708430.0497856
1.21746	1227552287.695824
1.21747	1191571205.8364167
1.21748	1200632237.0218856
1.21749	1213835961.793526
1.2175	1220955962.296106
1.21751	1361131234.3313086
1.2175200000000002	1403395242.6937144
1.21753	1537340257.6209288
1.21754	1549744129.8574607
1.21755	1524544129.554706
1.21756	1514363034.54889
1.21757	1543867411.276421
1.21758	1558439689.3112435
1.21759	1535960333.1689684
1.2176	1546963262.0165946
1.21761	1513909798.9198215
1.21762	1489223908.803248
1.21763	1573258185.4464664
1.21764	1562859726.7229974
1.21765	1355813643.862431
1.21766	1538508854.2764056
1.21767	1615139357.1555018
1.21768	1523000338.984791
1.21769	1566137901.9231515
1.2177	1535783509.3796306
1.21771	1583652898.5352097
1.21772	1575759739.1173413
1.21773	1586024895.2646465
1.21774	1527530885.1346755
1.21775	1450975234.8790545
1.21776	1349459950.4412262
1.21777	1377907296.8663962
1.21778	1182469642.6999118
1.21779	1101640769.7334976
1.2178	1218989598.9248672
1.21781	1353256120.5235345
1.21782	1461234777.8198855
1.21783	1457269918.069163
1.21784	1447404771.5559473
1.21785	1284961158.1582375
1.21786	1323609879.198834
1.21787	1222278014.388426
1.21788	1113089279.6296587
1.21789	1104688924.9132528
1.2179	1002051401.9846318
1.21791	1193273510.9944654
1.21792	1229843924.4051733
1.21793	1271891309.7575812
1.21794	1337118815.1946318
1.21795	1421542996.3298235
1.21796	1448972022.6000216
1.21797	1478461432.8412983
1.2179799999999998	1530770203.2314422
1.21799	1542304053.480125
1.218	1497648859.1297262
1.21801	1479585273.2384415
1.21802	1562248081.4652884
1.21803	1515165245.3956046
1.21804	1512516078.396318
1.21805	1534970382.1031349
1.21806	1478904055.907775
1.21807	1392130665.167123
1.2180799999999998	1413448534.8699505
1.21809	1367162066.8939633
1.2181	1335457280.2618265
1.21811	1294553490.384972
1.21812	1293599979.452426
1.21813	1288991341.2302892
1.21814	1241080637.2156534
1.21815	1130915092.666359
1.21816	1224503413.1389205
1.21817	1288605557.380527
1.2181799999999998	1314619288.2160854
1.21819	1199637408.5599384
1.2182	1178012774.4628026
1.21821	1283275786.9302359
1.21822	1339152387.7215447
1.21823	1368390341.0395634
1.21824	1420463242.7837136
1.21825	1470415255.9961874
1.21826	1491797929.3309276
1.21827	1483542526.147491
1.21828	1439825961.2949536
1.21829	1359064285.7830787
1.2183	1448705136.6715248
1.21831	1421608462.3114676
1.21832	1342641293.6097345
1.21833	1289614774.5184364
1.21834	1224249682.3329954
1.21835	1110299131.2434008
1.21836	1034951504.006794
1.2183700000000002	1109251436.990647
1.21838	1189131818.4640305
1.21839	1266368210.659869
1.2184	1273737690.5611515
1.21841	1206118558.5382345
1.21842	1265989197.7154849
1.21843	1277673831.6703663
1.21844	1254729185.5786796
1.21845	1221152773.0066054
1.21846	1200328174.1626713
1.2184700000000002	1165010930.315012
1.21848	1124346053.9124877
1.21849	1048552065.2992576
1.2185	1032547406.044449
1.21851	1061866696.0959524
1.21852	1161154474.3232892
1.21853	1197071248.624334
1.21854	1257650593.216417
1.21855	1287656427.432767
1.21856	1299720592.9114234
1.2185700000000002	1378510251.0225832
1.21858	1178609670.0582027
1.21859	1356563101.2345445
1.2186	1358720099.6452632
1.21861	1366029253.9523242
1.21862	1352383925.2526488
1.21863	1313650997.7029786
1.21864	1277173797.5811405
1.21865	1332539219.165718
1.21866	1350827831.6508641
1.21867	1378002482.6179984
1.21868	1341467020.00438
1.21869	1331251162.4211705
1.2187	1296880618.8036466
1.21871	1179098264.1340704
1.21872	1225575300.8680058
1.21873	1287478543.4111614
1.21874	1340571554.8416693
1.21875	1398588651.6807086
1.21876	1345178755.9511955
1.21877	1373883791.6900132
1.21878	1445672766.8875167
1.21879	1450040058.0719142
1.2188	1440356510.5069242
1.21881	1410587399.3094711
1.21882	1213472671.2923858
1.21883	1320413633.9641244
1.21884	1440024894.344143
1.21885	1428334742.4800394
1.21886	1361789558.7853804
1.21887	1396336208.8563795
1.21888	1382197171.8102398
1.21889	1360066050.3742225
1.2189	1395596912.561267
1.21891	1414783545.0012608
1.21892	1432385777.0125728
1.2189299999999998	1423147781.0912573
1.21894	1355095802.4160762
1.21895	1352415065.4018235
1.21896	1351636776.740517
1.21897	1324006142.672832
1.21898	1310086586.2570286
1.21899	1340787646.8616366
1.219	1351294471.636354
1.21901	1292409078.3552394
1.21902	1255798615.7338018
1.2190299999999998	1169714840.612025
1.21904	1139646077.3385882
1.21905	1071371279.6003443
1.21906	1044431592.2335511
1.21907	1093377166.3032956
1.21908	1136894066.794398
1.21909	1179804368.7379544
1.2191	1136553804.330384
1.21911	1125382091.9376307
1.21912	1063726552.1656619
1.2191299999999998	967988059.1562741
1.21914	905086318.4049377
1.21915	950254642.4121332
1.21916	1001151955.53817
1.21917	1103671937.2249217
1.21918	1119979310.56464
1.21919	1161448613.8403413
1.2192	1174302539.30933
1.21921	1149740950.5804904
1.21922	1141274201.1018186
1.21923	1215066367.6334155
1.21924	1309483407.98581
1.21925	1427447025.6373355
1.21926	1434696371.7279706
1.21927	1424098404.9164116
1.21928	1485627739.7985187
1.21929	1500721138.9716268
1.2193	1514572265.9866753
1.21931	1525176131.1825757
1.2193200000000002	1510810519.2222862
1.21933	1447471428.5437832
1.21934	1480096392.149564
1.21935	1491763579.8096552
1.21936	1432154922.308131
1.21937	1459419013.5057588
1.21938	1497786804.03973
1.21939	1498925334.460137
1.2194	1530558734.1205034
1.21941	1519847452.9284818
1.2194200000000002	1411204653.8497534
1.21943	1403621461.5118833
1.21944	1345302657.1990016
1.21945	1389408655.371643
1.21946	1371450066.872612
1.21947	1355220617.0996811
1.21948	1279116202.0386505
1.21949	1281828726.087397
1.2195	1284635738.8069265
1.21951	1358720099.6452632
1.2195200000000002	1397880349.8339028
1.21953	1447771422.979083
1.21954	1462749640.3443654
1.21955	1379240495.9179275
1.21956	1371923830.7559905
1.21957	1426198580.9684393
1.21958	1445473053.6097975
1.21959	1406468467.8575733
1.2196	1395532644.4281752
1.21961	1438169254.2576857
1.21962	1480505414.4021282
1.21963	1457303473.335384
1.21964	1474687503.3173456
1.21965	1427545633.590365
1.21966	1420594078.3083336
1.21967	1460393865.5229244
1.21968	1453416211.3879964
1.21969	1472007422.8112082
1.2197	1461941518.3333025
1.21971	1344745191.4401715
1.21972	1221968469.6865966
1.21973	1239624068.7956135
1.21974	1205924170.8615193
1.21975	1152922195.2567663
1.21976	1150588423.202152
1.21977	1181136253.934054
1.21978	1234951778.7522461
1.21979	1178772512.2500865
1.2198	1164930456.9904528
1.21981	1138229926.621827
1.21982	1122535281.890168
1.21983	1108179214.2941103
1.21984	1097235878.1119077
1.21985	1066841742.3402475
1.21986	1131800808.924916
1.21987	1223291618.1227293
1.21988	1237029338.8712244
1.21989	1250575741.383611
1.2199	1234354770.9764795
1.21991	1123207513.6749775
1.21992	1216214004.6863306
1.21993	1155367109.3122554
1.21994	1104790675.2089877
1.21995	1018403773.8668745
1.21996	907172757.8499094
1.21997	862462061.1851419
1.2199799999999998	914639598.8343217
1.21999	954179320.3778744
1.22	964517251.7098461
1.22001	1056112055.2228153
1.22002	1137208245.6374695
1.22003	1187544793.6599078
1.22004	1180184754.0388215
1.22005	1141431884.8517225
1.22006	1089256098.1695282
1.22007	1041549704.4043489
1.2200799999999998	1048310655.0582273
1.22009	1123543780.514916
1.2201	1167454598.082736
1.22011	1194510577.9947214
1.22012	1207507953.4914274
1.22013	1170819642.891299
1.22014	1274617861.3519778
1.22015	1290684218.8967881
1.22016	1260985230.917357
1.22017	1230410418.8927455
1.2201799999999998	1243311641.2198832
1.22019	1268118972.1030235
1.2202	1285493840.3731725
1.22021	1250172668.366428
1.22022	1126315342.374506
1.22023	1191324298.9522626
1.22024	1211016331.548948
1.22025	1199471683.9752102
1.22026	1278821708.5548654
1.22027	1297746899.6150956
1.22028	1287686077.1590664
1.22029	1265668583.0565393
1.2203	1226676371.8324473
1.22031	1186779401.9965804
1.22032	1209539344.8466902
1.22033	1275410535.0717108
1.22034	1291040897.4005356
1.22035	1258490669.442875
1.22036	1236345920.0485494
1.2203700000000002	1231714346.6807716
1.22038	1251324650.372248
1.22039	1177199313.0586164
1.2204	1159551387.7612927
1.22041	1119669891.5946212
1.22042	1112474333.6933632
1.22043	1140827548.7625756
1.22044	1171790573.5210412
1.22045	1192916374.655252
1.22046	1173897019.6158807
1.2204700000000002	1145486565.3389738
1.22048	1121863452.431342
1.22049	1102757448.8229337
1.2205	1189405657.7096086
1.22051	1182850887.322091
1.22052	1152789467.8243098
1.22053	1090636429.6957684
1.22054	1049953341.3984226
1.22055	1056525540.0834144
1.22056	1116580399.609406
1.2205700000000002	1124915756.739001
1.22058	1090736885.6492612
1.22059	1026478837.2049943
1.2206	995428337.6721623
1.22061	1008579182.7456508
1.22062	1069202584.8152717
1.22063	1169149370.0671055
1.22064	1275381167.996954
1.22065	1344187956.6836839
1.22066	1371450066.872612
1.22067	1348372852.320936
1.22068	1351418936.1883314
1.22069	1372935074.1017113
1.2207	1346573303.1636276
1.22071	1330209361.7885134
1.22072	1404106338.9204464
1.22073	1172357321.5098825
1.22074	1333521432.1633234
1.22075	1308549030.4432974
1.22076	1230325428.0875967
1.22077	1180864318.5698614
1.22078	1160165642.5201335
1.22079	1179885869.5514252
1.2208	1211406780.0197606
1.22081	1189077058.1809685
1.22082	1245460619.4009912
1.22083	1134383758.7941985
1.22084	1239966636.909177
1.22085	1173302510.6972265
1.22086	1115475407.5375953
1.22087	1047369686.070392
1.22088	941499296.8413126
1.22089	982245391.8046516
1.2209	1098525139.2432644
1.22091	1223263451.1165733
1.22092	1291576099.978792
1.2209299999999998	1373693995.7406614
1.22094	1368106795.252491
1.22095	1393862711.3848436
1.22096	1364583136.5889235
1.22097	1460562009.2591026
1.22098	1493653978.4976847
1.22099	1436712928.993219
1.2209999999999999	1541664954.3934414
1.22101	1537517260.6478553
1.22102	1509176381.829218
1.2210299999999998	1477950878.5276072
1.22104	1446605127.0901065
1.22105	1428236080.0191822
1.22106	1368169800.3494706
1.22107	1246436046.0507455
1.22108	1120546800.7751894
1.22109	1135141496.1439698
1.2211	1394954364.3954685
1.22111	1418534817.869319
1.22112	1408185927.6764882
1.2211299999999998	1381878945.7884324
1.22114	1372966687.4640238
1.22115	1380225351.1393425
1.22116	1385287769.767648
1.22117	1411107174.6526284
1.22118	1416935234.825642
1.22119	1424721571.6954956
1.2212	1387490441.7370222
1.22121	1331251162.4211705
1.22122	1274500470.1146538
1.22123	1286115582.0607765
1.22124	1239652612.52325
1.22125	1245259891.0442874
1.22126	1288397875.4418585
1.22127	1306170888.1318402
1.22128	1369462044.4600694
1.22129	1345891343.9926136
1.2213	1361319294.5511346
1.22131	1315345974.4546616
1.2213200000000002	1239253060.1392932
1.22133	1235605975.7244925
1.22134	1199582164.487708
1.22135	1124190730.4943113
1.22136	1022280319.4414304
1.22137	924527853.9272916
1.22138	903940822.8527569
1.22139	932695754.6720136
1.2214	951919010.3322854
1.22141	990033750.3672698
1.2214200000000002	990991661.0046363
1.22143	934458459.5469383
1.22144	899621860.2980556
1.22145	924421419.8515217
1.22146	1000529734.8313533
1.22147	1052761514.0598882
1.22148	1091943079.0503526
1.22149	1134044247.6434422
1.2215	1145565695.4806895
1.22151	1171008371.930593
1.2215200000000002	1229900562.1150336
1.22153	1235918975.0307891
1.22154	1205618767.8079605
1.22155	1246694375.0722373
1.22156	1306231040.9092195
1.22157	1293927669.5932546
1.22158	1226676371.8324473
1.22159	1326416757.5909328
1.2216	1330699519.3128426
1.22161	1329933727.5274785
1.2216200000000002	1229390916.6114864
1.22163	1235037089.1454198
1.22164	1142457360.4021955
1.22165	1091993366.0453718
1.22166	1009950294.120321
1.22167	998665392.0284693
1.22168	1039968057.0252221
1.22169	1150085161.0237856
1.2217	1211769452.032579
1.22171	1314407413.6972895
1.22172	1341405244.587565
1.22173	1382515471.1147337
1.22174	1399522870.6785822
1.22175	1358344723.2701776
1.22176	1262263429.653411
1.22177	1359220762.8486927
1.22178	1400683459.015499
1.22179	1423409958.7472415
1.2218	1411074683.0832546
1.22181	1281887757.84097
1.22182	1364991666.6722677
1.22183	1376511994.3298006
1.22184	1321904253.4417243
1.22185	1263979411.6762712
1.22186	1229843924.4051733
1.22187	1250086312.4805913
1.22188	1248734182.1096444
1.22189	1193850649.4164462
1.2219	1159711596.7722838
1.22191	1091716816.2286253
1.22192	961590136.6976047
1.22193	859824864.6323992
1.22194	862184081.072703
1.22195	975865579.6362258
1.22196	1124786253.481334
1.22197	1207396743.0204015
1.2219799999999998	1281091058.4964535
1.22199	1277056170.944236
1.222	1271569200.375266
1.22201	1329198982.0257006
1.22202	1365651858.2622552
1.22203	1446971575.9501536
1.22204	1487099405.478497
1.22205	1472109108.9937425
1.22206	1457236363.5755782
1.22207	1420921219.8452456
1.2220799999999998	1384331177.3105602
1.22209	1284251258.5509307
1.2221	1359565075.8127232
1.22211	1417424711.442809
1.22212	1421673931.3080008
1.22213	1428301854.235824
1.22214	1371671136.3218071
1.22215	1298015863.0230324
1.22216	1236858448.7572515
1.22217	1127976365.5881546
1.2221799999999998	1085000654.0950034
1.22219	1112064558.490641
1.2222	1159044205.2227187
1.22221	1191159722.7867436
1.22222	1249021746.8867753
1.22223	1350081542.830272
1.22224	1387330710.191695
1.22225	1367508391.5208585
1.22226	1312018624.4259086
1.22227	1309664332.3018148
1.22228	1372966687.4640238
1.22229	1116400442.6157844
1.2223	1378446769.741217
1.22231	1438632939.9830265
1.22232	1437639510.712278
1.22233	1502795894.7061136
1.22234	1503972862.6021705
1.22235	1415337455.5204935
1.22236	1411399632.4460325
1.2223700000000002	1385670591.8102098
1.22238	1335980133.2722006
1.22239	1334996109.3039358
1.2224	1324738017.7124689
1.22241	1237228740.5127337
1.22242	1210124350.398536
1.22243	1177904280.4730582
1.22244	1157417381.2653234
1.22245	1112295038.4660401
1.22246	1013771318.3778694
1.2224700000000002	947436255.8554412
1.22248	931815649.52355
1.22249	867540982.598383
1.2225	778699686.7658495
1.22251	780189318.2650626
1.22252	880582397.8400022
1.22253	972030741.1291908
1.22254	1012045411.0965424
1.22255	1067087420.0130982
1.22256	1133365530.149689
1.2225700000000002	1161903339.6583188
1.22258	1293748919.2273731
1.22259	1310026255.9293122
1.2226	1289733557.8987505
1.22261	1277232614.9624028
1.22262	1323213734.3230324
1.22263	1366595543.0452268
1.22264	1263746599.507632
1.22265	1332754016.421801
1.22266	1397719422.175056
1.22267	1378573735.227444
1.22268	1334934631.8767092
1.22269	1248073034.3512757
1.2227	1182932598.5888793
1.22271	1200162354.1517456
1.22272	1199941296.4368696
1.22273	1281386074.5775368
1.22274	1271481366.5204082
1.22275	1247555858.548899
1.22276	1207313341.8887568
1.22277	1219607257.3562608
1.22278	1258432715.1402314
1.22279	1268206573.683876
1.2228	1266922356.7752259
1.22281	1248073034.3512757
1.22282	1377463183.6206589
1.22283	1447904773.7958865
1.22284	1420855785.5115526
1.22285	1432352795.4909134
1.22286	1394023194.997891
1.22287	1355314235.656835
1.22288	1349211393.6256175
1.22289	1395500511.4714775
1.2229	1412797767.6209285
1.22291	1433177561.40355
1.22292	1402006412.4605048
1.22293	1420659500.5896873
1.22294	1382483637.8860831
1.22295	1322239113.52046
1.22296	1282803097.736597
1.22297	1256897898.1955442
1.22298	1192422054.6385145
1.22299	1185250098.2735848
1.2229999999999999	1205230184.8711324
1.22301	1078474795.8078146
1.22302	1053925712.3261144
1.2230299999999998	952752287.1490828
1.22304	841879627.0555445
1.22305	724486004.0667032
1.22306	762008823.1869571
1.22307	917550550.2551453
1.22308	1020304964.9578984
1.22309	1086825951.346926
1.2231	1177389070.4621243
1.22311	1238112191.3603456
1.22312	1306110738.12454
1.2231299999999998	1377019213.5170438
1.22314	1439892269.2576365
1.22315	1468858632.6464715
1.22316	1478665703.9468694
1.22317	1532886501.9726677
1.22318	1475162963.0329547
1.22319	1428663666.5759554
1.2232	1565200579.421076
1.22321	1526230049.4983108
1.22322	1544045165.8129365
1.2232299999999998	1311263583.1335242
1.22324	1425607593.6021874
1.22325	1437606408.2203224
1.22326	1514886167.3478322
1.22327	1513840082.4024162
1.22328	1475298836.8200152
1.22329	1492725665.4388132
1.2233	1477440500.5226796
1.22331	1451075468.1593356
1.22332	1431990048.8704429
1.22333	1399168438.3116407
1.22334	1323579402.3059466
1.22335	1322482701.400819
1.22336	1364394625.483803
1.22337	1368547891.8687778
1.22338	1352819952.5974581
1.22339	1347783080.1267855
1.2234	1306592015.7521741
1.22341	1079244887.4176242
1.2234200000000002	1242453088.5323071
1.22343	1241652307.5924091
1.22344	1330515689.0790935
1.22345	1374959797.5012002
1.22346	1404235667.8491724
1.22347	1419711172.3252714
1.22348	1363389672.6553814
1.22349	1301008098.6161945
1.2235	1278056342.7706015
1.22351	1348248668.310726
1.2235200000000002	1326141909.1999161
1.22353	1345023895.438306
1.22354	1394793773.5837533
1.22355	1413448534.8699505
1.22356	1401974130.4415064
1.22357	1360723859.6416454
1.22358	1311776963.9222386
1.22359	1141563304.618843
1.2236	1279558069.4269097
1.22361	1226761110.5610187
1.2236200000000002	1228683425.963689
1.22363	1223207119.0499322
1.22364	1251699273.0317252
1.22365	1275674869.17579
1.22366	1267039050.0103738
1.22367	1318438875.0365572
1.22368	1273972343.3263016
1.22369	1228711717.770815
1.2237	1206312977.5490613
1.22371	1166084439.328819
1.22372	1172816318.2624097
1.22373	1175519939.0976536
1.22374	1163000763.930784
1.22375	1162733003.9367595
1.22376	1205951938.6113966
1.22377	1245546655.744228
1.22378	1281946792.3131235
1.22379	1301157891.3314776
1.2238	1078003075.804287
1.22381	1281651647.1368732
1.22382	1263077503.3594036
1.22383	1239624068.7956135
1.22384	1152683296.879978
1.22385	1095216555.3667367
1.22386	1045369921.6040474
1.22387	987824970.1026767
1.22388	986075117.4881152
1.22389	980957066.3858836
1.2239	930379215.9923543
1.22391	984759093.7757877
1.22392	1038460543.2953132
1.22393	1051404908.0215883
1.22394	1004916553.0252905
1.22395	963141286.6209627
1.22396	966829737.8142476
1.22397	1052640317.388226
1.2239799999999998	1127145548.0095608
1.22399	1227326185.033405
1.224	1271979171.9312928
1.22401	1341961325.7673542
1.22402	1405918028.3307412
1.22403	1211713649.271964
1.22404	1443012190.4713745
1.22405	1504215293.9238634
1.22406	1519077740.721481
1.22407	1505462700.995885
1.2240799999999998	1469298380.8182886
1.22409	1433276565.2216384
1.2241	1460595640.329391
1.22411	1452044746.9162269
1.22412	1444940619.7408748
1.22413	1502000232.8660636
1.22414	1520757615.6488907
1.22415	1578337953.8501446
1.22416	1556216443.8464053
1.22417	1552672996.552625
1.2241799999999998	1547319504.4836025
1.22419	1444807541.920177
1.2242	1499788433.63888
1.22421	1464164928.9037411
1.22422	1282773560.4437592
1.22423	1366847302.434453
1.22424	1287330325.4983542
1.22425	1251670451.922673
1.22426	1243884339.2485585
1.22427	1202845921.587667
1.22428	1233076440.2677245
1.22429	1283719091.2363474
1.2243	1306261118.3367245
1.22431	1310901317.6671147
1.22432	1411432131.4977345
1.22433	1451509892.3919456
1.22434	1506780530.7205539
1.22435	1486106726.7981894
1.22436	1383375245.4159613
1.2243700000000002	1207341141.6258466
