1.19669	724536051.5154536
1.1967	843975811.800612
1.19671	863594762.9457246
1.19672	860993752.1846014
1.1967299999999998	721589159.2721478
1.19674	987938704.2021444
1.19675	1015827580.3086216
1.19676	971337151.8178644
1.19677	934479976.4958494
1.19678	840852848.983549
1.19679	404985990.38910496
1.1968	959356450.5013996
1.19681	381294025.1819251
1.19682	659826874.1654755
1.1968299999999998	867261365.4989829
1.19684	807104929.8196702
1.19685	255546536.96730542
1.19686	509671090.1597704
1.19687	914744906.6714984
1.19688	1030647134.1848736
1.19689	1046525945.8640939
1.1969	940221114.734076
1.19691	813804336.990558
1.19692	1049614930.9789543
1.1969299999999998	799889507.5083321
1.19694	510316957.62375855
1.19695	469234569.4868
1.19696	835833935.778629
1.19697	938296291.8587881
1.19698	372451733.5434773
1.19699	557596449.8530066
1.197	812942820.6074151
1.19701	612251700.4567063
1.19702	625071934.9634192
1.1970299999999998	1037862929.377266
1.19704	1044503741.5039194
1.19705	465200314.86148185
1.19706	647753845.6074094
1.19707	1015897753.6155998
1.19708	753858784.662151
1.19709	524276027.4152284
1.1971	716819811.7121544
1.19711	711918043.1199925
1.19712	999884877.3724687
1.19713	1037886827.3294971
1.19714	922847627.3890467
1.19715	961855870.5821283
1.19716	842868842.5032855
1.19717	972836821.2332852
1.19718	995818063.8810422
1.19719	722986187.0530474
1.1972	755022684.3037826
1.19721	742454766.9624122
1.1972200000000002	974226637.5788076
1.19723	841550146.6340803
1.19724	401800062.53076965
1.19725	193205728.9494516
1.19726	774390470.5196848
1.19727	584749689.6717647
1.19728	987984201.5084103
1.19729	668467042.4078099
1.1973	307942761.4831528
1.19731	467250742.30504936
1.1973200000000002	455124274.87024313
1.19733	795499662.9979557
1.19734	887278585.6373588
1.19735	909368695.9482131
1.19736	957017765.869698
1.19737	1071050627.5342301
1.19738	617717634.9535849
1.19739	752038370.9692713
1.1974	763958909.2823968
1.19741	844325683.0025014
1.1974200000000002	807811441.4235411
1.19743	710297032.0625257
1.19744	729272773.472226
1.19745	329078872.01217383
1.19746	395193688.49463284
1.19747	760588929.6887572
1.19748	785000620.4432561
1.19749	589684890.5137444
1.1975	823038213.7150607
1.19751	853296570.1951128
1.19752	630420025.1980027
1.19753	696337846.4074563
1.19754	786955182.9157996
1.19755	728483970.4464892
1.19756	679500843.2162696
1.19757	625287864.4488976
1.19758	575069057.0696206
1.19759	391255089.5418176
1.1976	419333925.8057041
1.19761	518024141.90537333
1.19762	362877465.8520113
1.19763	127952860.68527444
1.19764	244720302.04326156
1.19765	466197564.1157765
1.19766	359070726.1706658
1.19767	475389954.0834208
1.19768	542213092.470054
1.19769	538505322.3114951
1.1977	588206744.6221478
1.19771	478982889.9671372
1.19772	481415423.4892229
1.19773	545494027.5616015
1.19774	851294838.064442
1.19775	779794198.846411
1.19776	786701539.4222753
1.19777	831036310.7996514
1.1977799999999998	766672701.7772782
1.19779	345223220.76905674
1.1978	151418869.7097317
1.19781	564312928.3174565
1.19782	581460208.9240718
1.19783	777642521.869525
1.19784	583431670.1084155
1.19785	844325683.0025014
1.19786	506593951.25728977
1.19787	774782851.8851414
1.1978799999999998	764170028.0957378
1.19789	698779249.5446651
1.1979	566095887.6436253
1.19791	608471161.9760301
1.19792	901924117.2110183
1.19793	1063457160.9841617
1.19794	934049731.6382773
1.19795	1030457299.4516537
1.19796	477760235.36840254
1.19797	683329232.4500407
1.1979799999999998	336829406.4550415
1.19799	514623957.22277707
1.198	801751904.0664415
1.19801	804859361.8784318
1.19802	892441998.3388592
1.19803	934566049.2461287
1.19804	1009787522.484082
1.19805	367654596.50977516
1.19806	763202879.0509528
1.19807	748600305.4796226
1.19808	688747443.7473843
1.19809	385008218.3344945
1.1981	212476057.78632107
1.19811	571860368.7834609
1.19812	887401176.172094
1.19813	992064707.567626
1.19814	946324317.0426848
1.19815	840136784.0178317
1.19816	1106114282.2180762
1.1981700000000002	1002859285.4967157
1.19818	1082530147.7289348
1.19819	997975776.627238
1.1982	744217708.9248537
1.19821	532255306.5266658
1.19822	603906911.5239516
1.19823	545921250.5532238
1.19824	825619610.5576862
1.19825	805934969.1127452
1.19826	821069651.5596284
1.1982700000000002	540667170.6704035
1.19828	893243778.5078322
1.19829	685330405.126046
1.1983	680894772.5946026
1.19831	753667868.2012702
1.19832	820861713.7930343
1.19833	953147251.7714652
1.19834	897614790.3270682
1.19835	670640844.4483807
1.19836	713082863.8358389
1.1983700000000002	603740068.9289247
1.19838	380846527.3971913
1.19839	926360439.2793256
1.1984	790514790.54265
1.19841	690669057.9480089
1.19842	788260927.5050071
1.19843	784765676.6141323
1.19844	910395285.3862746
1.19845	891990029.6239479
1.19846	394848052.2330263
1.19847	827370439.0165749
1.19848	1049204150.6741264
1.19849	996804523.1594043
1.1985	1062943058.1623144
1.19851	868280404.6969987
1.19852	527424135.86642003
1.19853	982788350.6791539
1.19854	1043494105.1122855
1.19855	1064045011.5437382
1.19856	794035647.2878318
1.19857	399696182.194998
1.19858	296647026.86962616
1.19859	123250871.83145931
1.1986	633782144.9690487
1.19861	958627757.4319061
1.19862	885400983.3863733
1.19863	340486580.6080549
1.19864	447785472.8509241
1.19865	912409923.3344402
1.19866	952116299.4810207
1.19867	330460838.12703687
1.19868	633971887.2174788
1.19869	626916932.6058091
1.1987	636942165.3777093
1.19871	1097564369.541058
1.19872	1063212319.1131141
1.19873	1032666289.3010404
1.19874	927406210.7546793
1.19875	674326147.3508838
1.19876	579722291.2369229
1.19877	379594577.57633686
1.19878	871525301.9892446
1.19879	886176032.6342832
1.1988	1143984130.742389
1.19881	1117969614.649566
1.19882	731745398.3288053
1.1988299999999998	1006259514.9954357
1.19884	1131931119.809613
1.19885	1107082536.216684
1.19886	837047300.2557343
1.19887	915925183.1324762
1.19888	821561350.2404886
1.19889	857689315.5568553
1.1989	1042773533.8261279
1.19891	717348178.7019423
1.19892	543613207.8676088
1.1989299999999998	640147420.7609173
1.19894	580777790.2701751
1.19895	812418865.9229461
1.19896	853139401.6343209
1.19897	954772716.1666119
1.19898	847071363.4567032
1.19899	1053464729.9807976
1.199	918797912.8993566
1.19901	693106545.1499357
1.19902	287839240.4586205
1.1990299999999998	588491236.5758044
1.19904	571583916.6233926
1.19905	397017819.6800701
1.19906	826190125.4061763
1.19907	950517243.751076
1.19908	313964105.9129561
1.19909	226929000.34201437
1.1991	424277498.86342114
1.19911	894870105.3869693
1.19912	985462267.1079264
1.19913	926829823.3793504
1.19914	1081085394.3643534
1.19915	1033498855.441818
1.19916	778681756.7493713
1.19917	1184240746.7895374
1.19918	811689634.6075209
1.19919	718968726.5427655
1.1992	535821332.42942774
1.19921	688747443.7473843
1.1992200000000002	1021809650.3404336
1.19923	656916242.3575929
1.19924	394675347.4787602
1.19925	765138402.735051
1.19926	898421217.7919387
1.19927	905774312.3863363
1.19928	309692009.44434565
1.19929	463617691.3466537
1.1993	576925851.8748587
1.19931	399530556.3157072
1.1993200000000002	618258363.5018616
1.19933	1042437437.5301508
1.19934	473925416.03404504
1.19935	157786557.1086517
1.19936	149913243.29535076
1.19937	401790810.8489391
1.19938	1089707650.6132162
1.19939	1025817255.1335025
1.1994	572571859.891012
1.19941	1011299983.1394275
1.1994200000000002	1054022786.9418707
1.19943	739111568.7291994
1.19944	896602612.5642992
1.19945	887993935.9063623
1.19946	361060517.2661911
1.19947	804303576.7113411
1.19948	649695711.3631626
1.19949	594360582.9675858
1.1995	581018552.4113044
1.19951	677267132.5277437
1.19952	295297656.23375213
1.19953	645148957.7505611
1.19954	647753845.6074094
1.19955	360064247.22030926
1.19956	1021292164.615414
1.19957	1030813268.2642528
1.19958	683675473.354975
1.19959	319992647.78664887
1.1996	879791982.5908588
1.19961	1094359468.9412103
1.19962	1003690930.9200963
1.19963	900761882.757008
1.19964	837644999.0665388
1.19965	822129060.7735976
1.19966	1008161248.2708722
1.19967	1002051401.9846318
1.19968	1012698111.2691766
1.19969	711508348.0826372
1.1997	793724891.2232879
1.19971	802084271.2958934
1.19972	863554993.8528959
1.19973	667667136.2164699
1.19974	893223211.0465376
1.19975	374507052.07336116
1.19976	290121557.31323636
1.19977	659295330.7473909
1.1997799999999998	527497007.2372553
1.19979	448290979.4061799
1.1998	658582217.3957548
1.19981	863217030.4978206
1.19982	651988596.7376739
1.19983	476398077.25544274
1.19984	920216465.7945576
1.19985	912178853.4351703
1.19986	856899718.1827357
1.19987	853886210.2148429
1.1998799999999998	884036100.0408963
1.19989	410119104.1074463
1.1999	946324317.0426848
1.19991	810513028.0181844
1.19992	557673489.9710264
1.19993	703104698.3062304
1.19994	528287092.72701883
1.19995	643220681.7184057
1.19996	985144642.8040328
1.19997	727729533.0252923
1.1999799999999998	751969108.8652664
1.19999	891825734.1209615
1.2	484328471.4743678
1.20001	550503392.9135057
1.20002	906400215.2694386
1.20003	802250506.5757655
1.20004	752506057.0663934
1.20005	416754214.11493015
1.20006	778323243.1054668
1.20007	1018990182.9698759
1.20008	493412332.29596883
1.20009	531324693.0523068
1.2001	464943306.68754417
1.20011	671815469.7094691
1.20012	885135990.6055654
1.20013	810363739.7512869
1.20014	658900747.1361622
1.20015	539560315.5682181
1.20016	764733296.8710028
1.2001700000000002	781591810.1265161
1.20018	1024518960.0657166
1.20019	976877259.7700143
1.2002	853257275.3406665
1.20021	888157525.5010146
1.20022	578282433.5937593
1.20023	865386268.9821672
1.20024	952686475.6257461
1.20025	889528772.0085498
1.20026	789532478.4814812
1.2002700000000002	993756540.4474204
1.20028	738244125.8430445
1.20029	644881621.2881182
1.2003	446837897.84416395
1.20031	946476858.7943587
1.20032	1045779200.7465088
1.20033	991744955.2314117
1.20034	818106795.3339876
1.20035	710836958.5569687
1.20036	520535076.53625536
1.2003700000000002	387873402.5844015
1.20038	630144282.3269905
1.20039	760238746.1813997
1.2004	609508827.6750339
1.20041	596911574.1933236
1.20042	261246210.7901392
1.20043	807309382.7667338
1.20044	748858907.5216429
1.20045	738380127.9624517
1.20046	718554973.9737375
1.20047	527023523.2345993
1.20048	545016938.6760646
1.20049	645223237.545014
1.2005	628347656.9844768
1.20051	247782140.30727836
1.20052	605215441.3526157
1.20053	990261740.3100898
1.20054	880541846.4556925
1.20055	440352027.20265234
1.20056	1074508857.8404934
1.20057	998044716.7327119
1.20058	988211719.4708287
1.20059	1127379153.5823605
1.2006	1084426195.7670734
1.20061	955454477.5400338
1.20062	1145328321.4529526
1.20063	1081160075.6771216
1.20064	594648051.2854342
1.20065	788769301.96906
1.20066	537922859.0096056
1.20067	244427462.94674325
1.20068	767255481.7771517
1.20069	884382214.3966434
1.2007	926659110.7402424
1.20071	732655813.4796402
1.20072	353077465.1541092
1.20073	324399368.4178949
1.20074	857077314.1905018
1.20075	437945431.2099737
1.20076	418832139.2070969
1.20077	930507761.5105736
1.20078	522251865.53776884
1.20079	763712677.716904
1.2008	862104674.6410601
1.20081	925678123.0885377
1.20082	1019342190.4967043
1.2008299999999998	1059668440.0522156
1.20084	1039489244.2953273
1.20085	985235382.1574297
1.20086	817993777.5104781
1.20087	748824422.0885626
1.20088	1048938437.3240083
1.20089	1025958986.814942
1.2009	657582126.0571669
1.20091	594990456.7628138
1.20092	934523011.8800381
1.2009299999999998	763027165.3242964
1.20094	611336040.7874213
1.20095	1038986728.1871303
1.20096	828113758.1472665
1.20097	938663649.9525787
1.20098	735021427.6467954
1.20099	886645470.9454762
1.2009999999999998	992430265.0467787
1.20101	986438467.9142057
1.20102	948986424.9913825
1.2010299999999998	694224601.7141191
1.20104	387293314.3114413
1.20105	295624211.69272035
1.20106	515929071.3476733
1.20107	515572803.23586696
1.20108	949882748.0343404
1.20109	1152762924.1714673
1.2011	980053987.4857581
1.20111	704465939.3722768
1.20112	784079320.8280993
1.20113	413542358.23848814
1.20114	627220147.1210593
1.20115	874520511.2518933
1.20116	747962802.1962272
1.20117	502712865.61901814
1.20118	436093888.0649169
1.20119	641741315.202438
1.2012	515015144.4256474
1.20121	452647368.59405553
1.2012200000000002	705326173.335793
1.20123	1025274131.7142481
1.20124	952445205.5975217
1.20125	1107617987.5294485
1.20126	1067431463.8055006
1.20127	830883242.3525295
1.20128	930207849.5911807
1.20129	833508436.5516503
1.2013	563767453.1352628
1.20131	404203435.07950085
1.2013200000000002	940654202.2730973
1.20133	836681179.5480789
1.20134	817541862.3239747
1.20135	387900196.8552755
1.20136	528043863.5400012
1.20137	560776750.8639786
1.20138	354380649.6874358
1.20139	452303553.7374956
1.2014	983829860.910636
1.20141	768758622.6486
1.2014200000000002	889569737.2656091
1.20143	548605301.3292017
1.20144	650504042.8134296
1.20145	789132627.3086942
1.20146	1013747975.6993557
1.20147	1087977715.455018
1.20148	1095493991.7249358
1.20149	1072728947.0543301
1.2015	1107617987.5294485
1.20151	706545280.8441695
1.20152	761675523.9701751
1.20153	933791679.8125123
1.20154	996230881.4736814
1.20155	923825615.4221367
1.20156	892750290.1221591
1.20157	1066055953.8253863
1.20158	560402417.3641844
1.20159	694192632.2258685
1.2016	1023882216.6543363
1.20161	550097916.4249362
1.20162	663911207.4331938
1.20163	917466044.6180695
1.20164	798031437.127591
1.20165	481770274.1978535
1.20166	927683858.4306726
1.20167	841182056.4017613
1.20168	846330515.1387699
1.20169	752003739.1198592
1.2017	882734295.740146
1.20171	445481835.0920488
1.20172	506150884.3648705
1.20173	319793770.8325755
1.20174	525775082.25669485
1.20175	1010974031.0823133
1.20176	987120110.8716484
1.20177	941065820.2114631
1.2017799999999998	1015126113.7814307
1.20179	898731575.0811554
1.2018	571755037.9122572
1.20181	705147547.8697009
1.20182	724235818.6737206
1.20183	592038568.6817132
1.20184	701956176.9217865
1.20185	1075078062.6090894
1.20186	1109123737.050628
1.20187	789514299.0336273
1.2018799999999998	712853030.1265191
1.20189	653837762.9321586
1.2019	631742362.2298857
1.20191	527873669.7434651
1.20192	560867144.6817578
1.20193	730499629.496961
1.20194	547683932.3209782
1.20195	327619693.737019
1.20196	471997827.84917116
1.20197	479733448.6366881
1.2019799999999998	1067701861.7432367
1.20199	935082652.2604883
1.202	695488574.8389157
1.20201	792939403.9334308
1.20202	997654119.094592
1.20203	953015578.7081274
1.20204	811241202.2567028
1.20205	1068242863.1247923
1.20206	1218933463.6718562
1.20207	1018521028.6838924
1.20208	838667859.9847134
1.20209	776586792.1832557
1.2021	806993431.8550621
1.20211	758839623.6932018
1.20212	629143914.2483399
1.20213	960682766.3940773
1.20214	872007057.7714725
1.20215	325851706.6821336
1.20216	179365949.13993704
1.2021700000000002	733077685.4811157
1.20218	840446358.8697165
1.20219	631567829.4780824
1.2022	616651794.9752487
1.20221	758682383.6339079
1.20222	568486296.0076226
1.20223	773214518.3275406
1.20224	665778858.1642461
1.20225	786013490.5313048
1.20226	936591042.7160816
1.2022700000000002	894066865.4186994
1.20228	291823324.02545947
1.20229	451751912.6763036
1.2023	535402013.35660833
1.20231	609214175.2717736
1.20232	587584052.2572469
1.20233	831955313.8400201
1.20234	355017695.037082
1.20235	702133993.961153
1.20236	581902201.1584343
1.2023700000000002	808444107.5999472
1.20238	865027670.7064987
1.20239	959223919.66481
1.2024	506115921.90800977
1.20241	633446586.2485111
1.20242	1026597021.7515537
1.20243	976562402.4994924
1.20244	960926123.131872
1.20245	1064780281.7223787
1.20246	637411654.6539412
1.20247	760886712.4912642
1.20248	895282303.2047046
1.20249	688668153.3319548
1.2025	975393820.8605602
1.20251	809561786.2976731
1.20252	862481920.3366344
1.20253	919199966.8122275
1.20254	584924752.5411849
1.20255	286305703.70150584
1.20256	412638741.2639848
1.20257	819558577.5455186
1.20258	949642188.0565393
1.20259	672775240.249194
1.2026	514754319.93126297
1.20261	891086778.7639065
1.20262	678031701.7152469
1.20263	991539454.5818727
1.20264	621684443.3707234
1.20265	838011541.5289707
1.20266	1043470078.0491989
1.20267	1130420435.5138915
1.20268	1052470665.4877018
1.20269	1204120637.891909
1.2027	1171062300.1007476
1.20271	1042749523.3546127
1.20272	358814512.44496185
1.20273	606890025.875185
1.20274	557391061.565515
1.20275	739945954.3127228
1.20276	983988448.3289547
1.20277	1079965793.5081835
1.20278	953169199.0506744
1.20279	1039154206.5585773
1.2028	1067751032.3632381
1.20281	1145935041.7581618
1.20282	834045992.5688647
1.2028299999999998	831495685.3548768
1.20284	614369998.9807943
1.20285	703979479.5777231
1.20286	905044638.5993668
1.20287	1081658082.9534156
1.20288	899331903.2122475
1.20289	706659171.6666213
1.2029	407033355.3372234
1.20291	423184741.2732883
1.20292	710166202.5641267
1.2029299999999998	388078872.63590586
1.20294	353362126.66151583
1.20295	1044287308.6436434
1.20296	916262684.6064068
1.20297	807532481.4135528
1.20298	379087967.6271537
1.20299	697107892.9020027
1.203	939723310.5646392
1.20301	990330147.5304077
1.20302	733010169.6403586
1.2030299999999998	628029436.3229983
1.20304	357437406.26448107
1.20305	877283578.3786901
1.20306	639145889.1858141
1.20307	798196832.440833
1.20308	348489742.87519467
1.20309	561190098.7081034
1.2031	508979159.24680686
1.20311	755457435.4176433
1.20312	1114474151.1255608
1.20313	824764576.8779548
1.20314	695937117.471376
1.20315	277287313.4287191
1.20316	501233396.8032498
1.20317	913040411.518723
1.20318	1051259661.099048
1.20319	928987777.2677424
1.2032	908259606.4699137
1.20321	1079766874.7788708
1.2032200000000002	924080913.1420656
1.20323	996345583.3951707
1.20324	404240665.30615616
1.20325	622916737.02166
1.20326	941564335.555025
1.20327	890902135.6146109
1.20328	732858281.7329029
1.20329	226949902.2379018
1.2033	188790440.58835295
1.20331	722803089.1480997
1.2033200000000002	667559529.6611227
1.20333	774586636.3563975
1.20334	701390694.9745735
1.20335	798141696.8613397
1.20336	1036668733.0889363
1.20337	608135001.2787187
1.20338	264082729.42944
1.20339	345676614.5675277
1.2034	549718053.4614474
1.20341	506815630.12429667
1.2034200000000002	543901178.7185977
1.20343	927790668.1301867
1.20344	991927658.230462
1.20345	1020633925.4375813
1.20346	1036358467.1918883
1.20347	615672846.5206879
1.20348	529273317.1892299
1.20349	661195668.7422773
1.2035	736291861.3484457
1.20351	560428225.4434779
1.20352	547696543.3547493
1.20353	975595975.2607881
1.20354	1029129434.9961463
1.20355	820370433.8396593
1.20356	509026040.11870706
1.20357	801364316.3652838
1.20358	789514299.0336273
1.20359	723202635.2849901
1.2036	463735133.3294796
1.20361	548769543.2602834
1.20362	686435917.9269958
1.20363	738380127.9624517
1.20364	734733767.5562272
1.20365	605898671.1389664
1.20366	359318849.12985617
1.20367	407962270.3403522
1.20368	981860977.435579
1.20369	992338863.0506947
1.2037	669869184.9309499
1.20371	358360389.54010266
1.20372	625446260.1443322
1.20373	758053749.1482197
1.20374	949467273.6115766
1.20375	893778698.7630686
1.20376	357239933.62281173
1.20377	172210647.63540447
1.20378	891250938.133744
1.20379	897697467.5118537
1.2038	1049035052.5736074
1.20381	975281530.9610252
1.20382	783718322.0863363
1.20383	679782531.119376
1.20384	968723867.3827636
1.20385	937087187.6141418
1.20386	1107159013.4104178
1.20387	1084925707.493635
1.2038799999999998	916115012.4117783
1.20389	830921506.8209537
1.2039	864251217.4597219
1.20391	988757976.3710402
1.20392	517035067.76520276
1.20393	484506937.5499792
1.20394	795591253.5535088
1.20395	808202147.3398807
1.20396	1010974031.0823133
1.20397	1012441643.1570076
1.2039799999999998	946367897.8914768
1.20399	797058137.4371455
1.204	818483634.199965
1.20401	850432796.1479446
1.20402	853787908.5907105
1.20403	1185550341.6083016
1.20404	1008974057.7219553
1.20405	656402157.7308828
1.20406	661820171.7890972
1.20407	583552588.7331004
1.2040799999999998	1094636688.1853278
1.20409	895612198.1595328
1.2041	644347280.6535218
1.20411	942714093.9393721
1.20412	699310420.890687
1.20413	813804336.990558
1.20414	830768459.5195585
1.20415	465093210.8617334
1.20416	697927000.3779883
1.20417	918205732.9103826
1.20418	848691788.1294383
1.20419	1142483666.757931
1.2042	706935840.101228
1.20421	656976749.3658812
1.20422	687606542.0273787
1.20423	534552050.739429
1.20424	848691788.1294383
1.20425	957392453.7217633
1.20426	1000046052.7622538
1.2042700000000002	1085800406.7248206
1.20428	1122793784.950934
1.20429	689128164.8380544
1.2043	661089105.1801871
1.20431	1023410810.0222471
1.20432	518250822.4738539
1.20433	731189590.5264841
1.20434	788115737.8489933
1.20435	834142021.1900784
1.20436	990672254.5220172
1.2043700000000002	825239486.20972
1.20438	768440064.8827006
1.20439	623691750.8944992
1.2044	801825751.5464952
1.20441	1140066015.8203983
1.20442	1121630989.7735255
1.20443	1048841830.972593
1.20444	907339880.6395352
1.20445	444150341.12457067
1.20446	858855299.9402449
1.2044700000000002	562665128.067506
1.20448	338002568.09707683
1.20449	944408745.2419182
1.2045	1124138960.790005
1.20451	989167867.1957934
1.20452	863137528.9324008
1.20453	1077854154.462894
1.20454	1063457160.9841617
1.20455	561035057.5741384
1.20456	418013203.73350286
1.20457	801604229.5095807
1.20458	904232265.918216
1.20459	978453069.4926748
1.2046	922911377.6465732
1.20461	817541862.3239747
1.20462	1044383495.4887315
1.20463	1080164748.8830557
1.20464	1036788090.8581488
1.20465	582639601.6235747
1.20466	411860364.9612437
1.20467	569626257.0608964
1.20468	325499255.82763565
1.20469	892051648.2405156
1.2047	972433697.658178
1.20471	892359805.1783824
1.20472	789350702.8384402
1.20473	735461596.2313838
1.20474	686293680.725529
1.20475	787444583.473425
1.20476	501244938.26160073
1.20477	539796420.083758
1.20478	634775271.6411638
1.20479	546713754.2125771
1.2048	926189813.0960014
1.20481	984577711.1534945
1.20482	836353733.6059164
1.2048299999999998	1131436018.2514632
1.20484	1117557815.2834141
1.20485	904190625.44231
1.20486	957723182.4721193
1.20487	697445055.9627367
1.20488	685993498.9700059
1.20489	574936657.7694137
1.2049	405284505.05785716
1.20491	872870869.6304245
1.20492	787879861.6924354
1.2049299999999998	792008787.1305082
1.20494	609719380.925299
1.20495	428933533.32347465
1.20496	741412664.1705308
1.20497	437814357.9676378
1.20498	583136196.7189198
1.20499	757146641.0204536
1.205	1052446431.7340534
1.20501	863296539.3859386
1.20502	422182279.0511338
1.2050299999999998	211164058.30623
1.20504	417830366.6466221
1.20505	777373980.0359466
1.20506	964828225.4566
1.20507	886155627.9119741
1.20508	953783928.087483
1.20509	943191764.3879381
1.2051	745933307.9257134
1.20511	758909518.6241528
1.20512	966206600.543864
1.20513	900305700.5162027
1.20514	983897823.8171194
1.20515	980573156.2195319
1.20516	1207869458.2701776
1.20517	858084387.0449287
1.20518	654334772.3737569
1.20519	958230521.8006693
1.2052	1130342351.5335374
1.20521	1125433918.89156
1.2052200000000002	1040998251.3712195
1.20523	941694426.4613671
1.20524	695824954.7006043
1.20525	879002276.822469
1.20526	526465601.1654599
1.20527	903171032.5676801
1.20528	817692472.9717102
1.20529	855854621.2208227
1.2053	898214372.4764649
1.20531	585086395.553852
1.2053200000000002	836488548.7652037
1.20533	579428696.4268807
1.20534	849141369.7306905
1.20535	1012931320.474819
1.20536	884850702.4598386
1.20537	1027826947.9665293
1.20538	994282967.9007804
1.20539	975483662.0887072
1.2054	743926449.751312
1.20541	904232265.918216
1.2054200000000002	448507799.7294828
1.20543	642880125.7234253
1.20544	466347872.6799662
1.20545	482925346.3986062
1.20546	325409329.48388207
1.20547	599804887.1144233
1.20548	1065859597.1472526
1.20549	1103011397.345
1.2055	783664186.6123666
1.20551	727595492.6372912
1.20552	559976755.6016066
1.20553	930100761.6193857
1.20554	975281530.9610252
1.20555	632280808.5657183
1.20556	744046366.1919209
1.20557	692229335.4866015
1.20558	988962900.5477256
1.20559	1046911571.3013417
1.2056	481681537.0069719
1.20561	727729533.0252923
1.20562	639955830.2292402
1.20563	275435554.3177842
1.20564	594552213.0675981
1.20565	470955637.5889428
1.20566	809654995.9081957
1.20567	1108485457.833972
1.20568	920979577.6521883
1.20569	1030338670.4997821
1.2057	1098297512.5450304
1.20571	828247245.0723914
1.20572	714101589.8937348
1.20573	931150755.5574543
1.20574	896004106.3078097
1.20575	1144748280.8782575
1.20576	1096074313.0498908
1.20577	774105227.0741216
1.20578	487517264.47428846
1.20579	699133318.9276537
1.2058	922167898.5803688
1.20581	1080363740.9102333
1.20582	956158741.8445756
1.20583	960284679.2093812
1.20584	636663569.752047
1.20585	898690187.9155875
1.20586	820559352.8621031
1.20587	772271485.990312
1.2058799999999998	1048576209.3807725
1.20589	1066080500.9534693
1.2059	879994585.5058908
1.20591	1100981445.4930117
1.20592	996827475.6960137
1.20593	997171827.1728568
1.20594	912157849.9826825
1.20595	955388479.3624482
1.20596	1003875834.6518787
1.20597	1093427519.3419938
1.2059799999999998	968969261.0636301
1.20599	778466628.7511365
1.206	834468601.2112477
1.20601	948702401.6432883
1.20602	1037719553.218984
1.20603	922274073.1949787
1.20604	976517431.1743977
1.20605	1202984412.3140965
1.20606	1270544849.4954185
1.20607	1157364081.4524393
1.2060799999999998	1029271624.3037553
1.20609	964650513.897802
1.2061	947458071.6325957
1.20611	904919610.6985843
1.20612	929394290.1315789
1.20613	1063873521.5718364
1.20614	981341126.859242
1.20615	1097741290.2737126
1.20616	1192449511.4870965
1.20617	1013047945.2160873
1.20618	563910264.6991541
1.20619	628477884.633059
1.2062	796654474.9663545
1.20621	1004916553.0252905
1.20622	915482401.1018268
1.20623	672697788.5957959
1.20624	902256459.5513476
1.20625	982313245.256106
1.20626	972187426.6008224
1.2062700000000002	1151622125.092129
1.20628	1208203251.0482998
1.20629	1093276467.182166
1.2063	1098095217.2992773
1.20631	924421419.8515217
1.20632	654786926.9722532
1.20633	717397733.0701537
1.20634	439238095.6904628
1.20635	982290626.9181596
1.20636	1124061310.7035663
1.2063700000000002	722037909.2703568
1.20638	836835316.1130723
1.20639	990170538.0333217
1.2064	599459711.0256766
1.20641	649097594.9842309
1.20642	1035523597.4047053
1.20643	1201821585.6118276
1.20644	1137784465.6985662
1.20645	716687780.7840028
1.20646	913019388.2283556
1.2064700000000002	1025061683.4442453
1.20648	591534392.3827343
1.20649	566539245.7125376
1.2065	1020093546.3548387
1.20651	872207867.9349303
1.20652	499861858.98884887
1.20653	997723036.9799832
1.20654	607281428.4943911
1.20655	895921585.0801727
1.20656	1133887584.4628365
1.20657	1030314946.3482797
1.20658	667744008.6612651
1.20659	710722394.409092
1.2066	580898158.8672941
1.20661	428637338.84928566
1.20662	246053756.6190902
1.20663	227645987.59719524
1.20664	967141457.1386127
1.20665	1047707372.591744
1.20666	1115141555.4912202
1.20667	985371506.8586199
1.20668	994489037.1547924
1.20669	556711253.0737197
1.2067	634424578.771418
1.20671	650294378.8814104
1.20672	1141563304.618843
1.20673	1112013347.204339
1.20674	1000714056.1956598
1.20675	947938145.8406547
1.20676	783159102.4770283
1.20677	835410635.6756157
1.20678	905190526.3167434
1.20679	662780923.7426897
1.2068	561681345.0158186
1.20681	768280835.5045905
1.20682	990124940.0448519
1.2068299999999998	748376255.9468262
1.20684	884056455.958707
1.20685	660906464.743812
1.20686	974518302.3948047
1.20687	1160539696.0231376
1.20688	1106980574.842466
1.20689	695616700.3693336
1.2069	808109104.9851028
1.20691	879508416.8721414
1.20692	838455465.4315947
1.2069299999999998	747842254.5515903
1.20694	646606401.6829956
1.20695	296189732.83668864
1.20696	486474409.9725197
1.20697	917719584.8808563
1.20698	1106012410.019245
1.20699	714381172.1548128
1.207	528810414.9313061
1.20701	593444350.801455
1.20702	784856031.3026897
1.2070299999999998	1063114398.1491427
1.20704	851451666.8127707
1.20705	658157750.5954274
1.20706	550680882.846829
1.20707	888709862.9119314
1.20708	683722701.6147653
1.20709	885380596.5100309
1.2071	630100755.0054598
1.20711	472236987.75523406
1.20712	495963824.16350126
1.20713	543087741.4132277
1.20714	933060920.0653967
1.20715	762131654.3967088
1.20716	385949071.0912644
1.20717	565470560.9785602
1.20718	851334042.5432277
1.20719	912493963.2640859
1.2072	568041414.2305704
1.20721	463436248.59945744
1.2072200000000002	753841426.6219965
1.20723	789750664.5094513
1.20724	561306407.6752014
1.20725	594853470.9188758
1.20726	512401036.9987395
1.20727	561888314.1933379
1.20728	747343049.8181367
1.20729	503697737.37668157
1.2073	678265926.0153637
1.20731	936871440.1550324
1.2073200000000002	502088182.92223394
1.20733	727193519.5883582
1.20734	886808812.1208273
1.20735	740423168.9187318
1.20736	861846654.2419753
1.20737	917613934.5909078
1.20738	1042821556.427766
1.20739	941022483.5267496
1.2074	819539706.7291436
1.20741	684431517.1408795
1.2074200000000002	904565458.768618
1.20743	904357198.8522477
1.20744	739588245.2134914
1.20745	952598733.9993796
1.20746	795554616.0659118
1.20747	672155876.6248131
1.20748	570046127.865009
1.20749	763765434.9418653
1.2075	839885338.416532
1.20751	1107694501.7121305
1.20752	1096099551.3841963
1.20753	877566426.7786027
1.20754	766584440.4013934
1.20755	737938212.6571777
1.20756	616779598.6080956
1.20757	291038202.8663976
1.20758	435120956.00768965
1.20759	1010438766.4727633
1.2076	617021077.7438464
1.20761	473020540.49746126
1.20762	754483940.3716342
1.20763	827694367.8543804
1.20764	1034379726.6720383
1.20765	1061035708.3552287
1.20766	582022802.7943587
1.20767	609003796.4832318
1.20768	632644883.4359324
1.20769	935297987.7885363
1.2077	868440362.5905223
1.20771	635872436.7954491
1.20772	543075236.4998188
1.20773	962454040.3504164
1.20774	904398846.9993193
1.20775	1156458360.0782056
1.20776	1160646590.6018956
1.20777	962963885.7791668
1.20778	546487207.2744389
1.20779	951020765.842893
1.2078	788006863.1569929
1.20781	986801952.228198
1.20782	886461748.0848502
1.20783	684100645.1629236
1.20784	551785139.4729563
1.20785	736987293.1736926
1.20786	889160169.5760528
1.20787	895282303.2047046
1.2078799999999998	1006398544.4885654
1.20789	972008359.5519255
1.2079	1143773420.4856296
1.20791	1166863351.866853
1.20792	874238644.5808921
1.20793	1061353362.1461506
1.20794	997447394.0001936
1.20795	814010487.007589
1.20796	934092747.2085019
1.20797	717976120.3654622
1.2079799999999998	691862831.6461626
1.20799	880846027.3622606
1.208	594018539.9703668
1.20801	778735548.0373914
1.20802	840349604.4765844
1.20803	625979340.1895679
1.20804	844345124.5436418
1.20805	990672254.5220172
1.20806	1148788289.9853141
1.20807	1147862848.9670365
1.2080799999999998	792866374.8785484
1.20809	976989733.3951976
1.2081	1002236003.6762053
1.20811	845590314.7665161
1.20812	775389650.5504137
1.20813	601312178.7899331
1.20814	160727429.82283118
1.20815	446241544.42371917
1.20816	633752958.8947049
1.20817	782654343.8765148
1.20818	911884849.1054064
1.20819	1035905168.6802266
1.2082	968166385.5702574
1.20821	684100645.1629236
1.20822	593294059.6627322
1.20823	942041423.4244076
1.20824	993916727.9863927
1.20825	951568375.001999
1.20826	483214546.90105504
1.2082700000000002	690653154.8883277
1.20828	964783794.4978817
1.20829	659249789.812325
1.2083	586664757.7911953
1.20831	276159507.8055192
1.20832	254495436.98909605
1.20833	749031358.510756
1.20834	645089540.0719755
1.20835	317226894.72064686
1.20836	861449850.5647112
1.2083700000000002	1017864575.5476065
1.20838	647485429.732998
1.20839	760974317.8542193
1.2084	1068907194.0349156
1.20841	1075647568.905277
1.20842	685803978.1459256
1.20843	724052404.296708
1.20844	1030694598.3323162
1.20845	902214910.0625924
1.20846	1068218266.2070537
1.2084700000000002	1020234487.2220613
1.20848	883690121.1414582
1.20849	567374744.2653543
1.2085	474842956.1103702
1.20851	695168364.2508339
1.20852	1018567934.3906773
1.20853	1197760536.6014097
1.20854	768528539.9075474
1.20855	947807192.3921859
1.20856	1047466156.8260069
1.20857	919877507.9620986
1.20858	1059888060.7155392
1.20859	968902329.350116
1.2086	985235382.1574297
1.20861	887605531.3704283
1.20862	1121915117.3422027
1.20863	1206979794.967654
1.20864	1067578945.0994928
1.20865	1025722778.2235991
1.20866	975820640.400267
1.20867	1067284002.8853947
1.20868	738788284.6680758
1.20869	680346257.2961941
1.2087	720012439.9834311
1.20871	1051743895.5544953
1.20872	1010229392.2564043
1.20873	925635495.0171516
1.20874	915756479.0173373
1.20875	901052300.8880656
1.20876	558007453.5012176
1.20877	814085463.5968528
1.20878	770619510.0410651
1.20879	660100406.200725
1.2088	837355736.690047
1.20881	959754152.8877523
1.20882	654440247.1782836
1.2088299999999998	954640818.5525768
1.20884	844500672.9895136
1.20885	985439576.2619069
1.20886	937454072.3241683
1.20887	826837185.5006758
1.20888	716687780.7840028
1.20889	553655986.2959579
1.2089	398978965.5669308
1.20891	702603000.2807907
1.20892	485937035.6034993
1.2089299999999998	915735393.1879244
1.20894	847129879.0945622
1.20895	573099460.9947021
1.20896	590540925.0299412
1.20897	583686972.1531488
1.20898	821485685.1283271
1.20899	1002928562.9546831
1.209	492107518.15140635
1.20901	689382095.8093176
1.20902	493378249.7567195
1.2090299999999998	733922158.3808148
1.20904	553439305.9038347
1.20905	481725903.5591634
1.20906	747067769.1752819
1.20907	845045318.2485173
1.20908	548491624.1734278
1.20909	852668069.6237358
1.2091	683549547.277282
1.20911	623648669.2826573
1.20912	623792286.22945
1.20913	682401542.7521305
1.20914	871083926.3351598
1.20915	672341625.8180339
1.20916	925656808.8074578
1.20917	1021010010.1446276
1.20918	724769651.9929969
1.20919	734108072.9287871
1.2092	555341335.0607316
1.20921	590948997.1760727
1.2092200000000002	348955461.615978
1.20923	372331688.64013684
1.20924	673503721.8173254
1.20925	904003267.0293883
1.20926	538183030.6694436
1.20927	455564631.96318096
1.20928	1114422828.875972
1.20929	1100119847.62265
1.2093	1054168415.6307248
1.20931	814066718.802133
1.2093200000000002	707945784.3841372
1.20933	384609493.5592576
1.20934	266950045.98143312
1.20935	623619949.8613669
1.20936	673085136.0476878
1.20937	797425280.8056433
1.20938	742882281.3187863
1.20939	915313778.5426401
1.2094	405648617.3245952
1.20941	585382857.1033405
1.2094200000000002	898772964.1527127
1.20943	1180184754.0388215
1.20944	1116811815.5115387
1.20945	928324901.1205156
1.20946	936224495.76379
1.20947	684573368.401245
1.20948	908489683.5594971
1.20949	694352494.3906366
1.2095	731627464.4101889
1.20951	956136725.7293922
1.2095200000000002	580804536.6916728
1.20953	961191673.5173168
1.20954	887013030.9065933
1.20955	801475036.5851272
1.20956	780800351.1962006
1.20957	917149217.789625
1.20958	1024070840.1009897
1.20959	396241537.3804345
1.2096	752575368.6274357
1.20961	906504574.4579195
1.20962	772911910.8796455
1.20963	1004130132.9039322
1.20964	1078474795.8078146
1.20965	1063628583.8412572
1.20966	915988455.1879812
1.20967	938123467.2126582
1.20968	1043109738.4842149
1.20969	1191598643.0932555
1.2097	710951541.1718893
1.20971	365872695.51151145
1.20972	863992554.6191206
1.20973	1023599346.6245912
1.20974	591044254.5773205
1.20975	539336732.8679639
1.20976	900388625.5543898
1.20977	493276016.2638657
1.20978	652243860.7626429
1.20979	960903997.2449416
1.2098	483448258.34986126
1.20981	999769767.998157
1.20982	1101209628.4474406
1.20983	794767318.0408441
1.20984	518226956.69102377
1.20985	953300893.3389133
1.20986	423340677.01624334
1.20987	580938287.2764996
1.2098799999999998	1091515733.0802894
1.20989	950692351.6255009
1.2099	886522984.8080645
1.20991	1008184462.308748
1.20992	1079468565.380565
1.20993	1063481648.2721436
1.20994	873494148.4828918
1.20995	1065393394.974628
1.20996	1208815444.0690606
1.20997	865944384.0242066
1.2099799999999998	980211966.2561326
1.20999	819181243.763804
1.21	970644057.4148867
1.21001	895529713.0263082
1.21002	1089732742.3480132
1.21003	1125097086.3497148
1.21004	820143788.4255214
1.21005	747962802.1962272
1.21006	984351029.8560858
1.21007	1008555959.619106
1.2100799999999998	1079692289.7016873
1.21009	1136815535.646882
1.2101	1145803118.7051744
1.21011	1034665575.8424351
1.21012	945866839.2808877
1.21013	983535409.2265068
1.21014	719697509.794938
1.21015	912788163.9807078
1.21016	822678220.5185705
1.21017	1049953341.3984226
1.21018	1117943872.7442417
1.21019	975259074.5324193
1.2102	757844320.0917501
1.21021	1031929433.6954263
1.21022	1095468767.3339963
1.21023	620954816.3825241
1.21024	879731210.8127432
1.21025	836276706.1276379
1.21026	994260073.9529576
1.2102700000000002	762623177.2641022
1.21028	899104145.3514793
1.21029	854692710.56735
1.2103	852687703.2576387
1.21031	944365254.6133627
1.21032	840659257.7488723
1.21033	793195058.6010411
1.21034	820502672.5877771
1.21035	783177135.5893887
1.21036	795243265.5333946
1.2103700000000002	771578291.1677692
1.21038	991014479.6936038
1.21039	722669956.1610202
1.2104	991014479.6936038
1.21041	952225922.2311912
1.21042	967631504.8599997
1.21043	742694144.6824774
1.21044	487764288.03307694
1.21045	782384071.3198428
1.21046	925614181.717608
1.2104700000000002	1093100266.0359745
1.21048	843859220.2872689
1.21049	666745356.8687397
1.2105	433261401.27814484
1.21051	749428146.511135
1.21052	472835417.8242954
1.21053	387418183.0505238
1.21054	666914254.4285443
1.21055	829717022.1528456
1.21056	1040758580.2598916
1.21057	1011928901.7696363
1.21058	1049494096.5502043
1.21059	1031454322.0361168
1.2106	1050098407.8337599
1.21061	814985721.5115107
1.21062	619569456.799456
1.21063	869340674.9701673
1.21064	1117815172.1081786
1.21065	1151622125.092129
1.21066	1026644299.3801273
1.21067	849239136.3714719
1.21068	660678235.1538979
1.21069	637220882.9131621
1.2107	614327561.27052
1.21071	1016693389.9664133
1.21072	918565225.2271273
1.21073	842364391.4384006
1.21074	531055608.7429998
1.21075	816996131.2356576
1.21076	1077556373.495729
1.21077	894108039.6674918
1.21078	855303009.1927122
1.21079	769095021.3364397
1.2108	536401520.1966557
1.21081	974428550.0754768
1.21082	982064472.1807287
1.21083	800368522.4310355
1.21084	1058278565.5888929
1.21085	1178067025.205042
1.21086	830462449.4808543
1.21087	596032580.615554
1.21088	478916720.6063263
1.21089	575758025.0811431
1.2109	500564446.7162788
1.21091	843257087.33952
1.21092	1168288226.2716484
1.2109299999999998	916684736.339718
1.21094	528676492.484625
1.21095	898979938.1034789
1.21096	415814854.56158006
1.21097	752991372.0808883
1.21098	535586966.59926987
1.21099	962365399.1395172
1.2109999999999999	1087451758.7600586
1.21101	982177543.0401896
1.21102	603087045.7934767
1.2110299999999998	996483243.1334164
1.21104	1202624369.586933
1.21105	1015196238.6311439
1.21106	892113271.11369
1.21107	796177682.8748963
1.21108	829506894.4198768
1.21109	669329551.626871
1.2111	676316526.5096233
1.21111	776139881.5340451
1.21112	890163945.5394205
1.2111299999999998	840562478.8462582
1.21114	992019022.351438
1.21115	1002651481.833612
1.21116	749583468.5915416
1.21117	604115529.6067486
1.21118	1039704682.7369387
1.21119	1021151077.6347525
1.2112	904336375.4979352
1.21121	358872351.17241335
1.21122	747067769.1752819
1.21123	1078872193.8048182
1.21124	787843579.3193836
1.21125	805972084.6442701
1.21126	284046864.7579156
1.21127	469656135.2278917
1.21128	632062464.2199637
1.21129	756501859.7317883
1.2113	525170109.64041305
1.21131	354168555.36493444
1.2113200000000002	873997116.8862237
1.21133	1215374163.9193232
1.21134	907151869.6657053
1.21135	622371934.2615339
1.21136	467014107.635309
1.21137	765543723.1977859
1.21138	742078757.8463818
1.21139	1099486749.9698756
1.2114	727394478.3455106
1.21141	468791792.98827535
1.2114200000000002	555456431.8473935
1.21143	651313379.9648585
1.21144	657582126.0571669
1.21145	697252371.3936334
1.21146	356919273.23733014
1.21147	427986430.7642273
1.21148	876435580.0505668
1.21149	585301989.0592064
1.2115	1068464260.872732
1.21151	1058644145.186022
1.2115200000000002	1126522836.4382188
1.21153	1072037556.0453603
1.21154	1117737958.838499
1.21155	1102224347.2208645
1.21156	946411480.7472832
1.21157	463084238.89302355
1.21158	700309471.3299125
1.21159	660054809.6549351
1.2116	530774439.03505087
1.21161	763958909.2823968
1.21162	755196554.7183603
1.21163	696642554.7137092
1.21164	1086200504.0738275
1.21165	1145618451.9453099
1.21166	744354811.5202805
1.21167	754588183.3807628
1.21168	678687733.6730504
1.21169	858361045.3591242
1.2117	868320391.4080462
1.21171	795756143.1286175
1.21172	831476539.6796013
1.21173	510399217.6283075
1.21174	440849142.11563474
1.21175	452741181.6317784
1.21176	683848659.5916067
1.21177	1114602467.090225
1.21178	1110324697.120025
1.21179	939896429.9399463
1.2118	802084271.2958934
1.21181	361617966.7715938
1.21182	697637793.7799076
1.21183	558637390.0282594
1.21184	393676961.46147966
1.21185	590173901.0334902
1.21186	493560050.508094
1.21187	584924752.5411849
1.2118799999999998	699922572.9279382
1.21189	940827493.1407883
1.2119	526295916.05860656
1.21191	567740662.2266134
1.21192	662841970.9329714
1.21193	721971410.183741
1.21194	742112932.6229906
1.21195	759713773.200295
1.21196	1007929137.2885023
1.21197	858459873.5153934
1.2119799999999998	978588257.1180133
1.21199	906588070.4597893
1.212	927982956.5802892
1.21201	1090360223.5262597
1.21202	979873471.4962512
1.21203	1069818244.4826669
1.21204	1043301904.0975107
1.21205	1082604928.8451812
1.21206	1048021036.1339412
1.21207	794620929.9737827
1.2120799999999998	490851361.54802537
1.21209	572901553.6327071
1.2121	424228654.9229496
1.21211	652529274.1192516
1.21212	591112304.9790356
1.21213	952752287.1490828
1.21214	766760973.3152146
1.21215	821807309.9903103
1.21216	734852202.1921077
1.21217	748410720.7406211
1.21218	982426344.7582703
1.21219	666852832.184364
1.2122	715484121.4168974
1.21221	886400515.5915692
1.21222	1024235914.1215698
1.21223	800810944.6564307
1.21224	846447448.0976998
1.21225	612688882.5767206
1.21226	729272773.472226
1.2122700000000002	1032713846.4361492
1.21228	925315847.0477227
1.21229	936591042.7160816
1.2123	768015526.5246062
1.21231	416130932.8311299
1.21232	394012500.0133862
1.21233	857827569.8828098
1.21234	992064707.567626
1.21235	928047061.5860447
1.21236	975169253.9885985
1.2123700000000002	1085075605.8736775
1.21238	719432412.2695004
1.21239	718521884.0562339
1.2124	803082199.9121847
1.21241	1055188379.9890449
1.21242	951086462.2991002
1.21243	781303914.0980532
1.21244	977034726.4711144
1.21245	892997000.2260277
1.21246	1135873584.8846269
1.2124700000000002	1209149498.2688336
1.21248	914344801.3818065
1.21249	665074045.7569051
1.2125	965539399.1390439
1.21251	634614513.3522371
1.21252	736631014.3681265
1.21253	594524833.5567816
1.21254	646338461.2857553
1.21255	1110733831.2160368
1.21256	1023033840.9907477
1.21257	951699848.1129444
1.21258	1042437437.5301508
1.21259	850511127.5103422
1.2126	479788683.1705564
1.21261	596458181.3725553
1.21262	542175639.0101463
1.21263	959599471.2615752
1.21264	893161511.5040734
1.21265	1180565261.9811888
1.21266	1124035428.5333712
1.21267	746603462.9999754
1.21268	780009693.7164987
1.21269	763132588.7051027
1.2127	782582262.0670482
1.21271	923527857.2249829
1.21272	983444826.439193
1.21273	1074805796.6316187
1.21274	1032880313.6570293
1.21275	648574694.8602479
1.21276	932566906.8922484
1.21277	791826441.3619701
1.21278	906943014.2747766
1.21279	1055018317.4224542
1.2128	974159342.7111326
1.21281	1007859514.415028
1.21282	806083441.4948021
1.21283	461466309.74821556
1.21284	989805812.9150307
1.21285	1113601994.233986
1.21286	1076985856.5746264
1.21287	1057913112.2366811
1.21288	687669875.8469052
1.21289	638219398.0336572
1.2129	646919139.2028277
1.21291	979783225.9703348
1.21292	727260499.6711752
1.2129299999999998	989760231.7223908
1.21294	867900622.7705609
1.21295	360769654.0882933
1.21296	743549695.315608
1.21297	953805890.0268748
1.21298	523094314.8415696
1.21299	237039105.7158558
1.213	502562408.0492733
1.21301	880379659.5917598
1.21302	1003552275.4717666
1.2130299999999998	845746092.6060274
1.21304	818917213.4898933
1.21305	609200147.7584883
1.21306	784097375.1295142
1.21307	989532357.2428967
1.21308	643679977.4313607
1.21309	317248808.73508835
1.2131	403877816.82432526
1.21311	222776819.80943507
1.21312	372211682.4284643
1.2131299999999998	617049493.2688454
1.21314	353036817.9485986
1.21315	658157750.5954274
1.21316	592202177.5860058
1.21317	779471068.1646503
1.21318	728853091.123875
1.21319	997102947.3623748
1.2132	1115501092.603758
1.21321	832817802.1588812
1.21322	902422676.6419443
1.21323	984373695.6371095
1.21324	1125511663.7976835
1.21325	796672818.8247275
1.21326	973060850.9809216
1.21327	1061353362.1461506
1.21328	734429308.990654
1.21329	411708657.9425433
1.2133	576036496.0896558
1.21331	505149584.3770065
1.2133200000000002	550883798.5576826
1.21333	713197808.4770991
1.21334	1036597125.0230867
1.21335	904440497.0644027
1.21336	421259783.2871912
1.21337	696835070.7609559
1.21338	1031929433.6954263
1.21339	949204962.3500234
1.2134	401698305.74623525
1.21341	664859685.7678198
1.2134200000000002	498092497.22827387
1.21343	773517244.2511232
1.21344	837220781.7678441
1.21345	794218501.8034058
1.21346	603489891.4585537
1.21347	973531481.3928529
1.21348	1215458121.8920646
1.21349	1016529531.559126
1.2135	980844136.0309061
1.21351	1004546396.2749199
1.2135200000000002	960550052.3328279
1.21353	874480239.0213497
1.21354	800829384.2221572
1.21355	642377025.3764682
1.21356	920915960.8340658
1.21357	935642627.78234
1.21358	881982564.7993745
1.21359	879569173.2596617
1.2136	576129349.6859933
1.21361	631756908.8028171
1.21362	1128781804.1005564
1.21363	1028324066.5377142
1.21364	429378208.84378797
1.21365	332001464.9314931
1.21366	761009362.8235611
1.21367	1181408251.9208872
1.21368	1159204344.1590126
1.21369	1035666670.159522
1.2137	954882644.7656614
1.21371	912809181.9468824
1.21372	596485649.919379
1.21373	968166385.5702574
1.21374	851608524.4526799
1.21375	1086800926.5426898
1.21376	1096276235.9970353
1.21377	853414465.6165974
1.21378	755387858.4206666
1.21379	519660850.7749423
1.2138	740525469.2263019
1.21381	980031421.1685411
1.21382	1188173877.5009015
1.21383	1209233026.2420487
1.21384	1043590218.897264
1.21385	969326308.2983004
1.21386	1021739068.6682024
1.21387	945431351.7864693
1.2138799999999998	869100500.4475602
1.21389	1090335117.3433359
1.2139	865485905.9937563
1.21391	864410433.0811641
1.21392	578295749.1921709
1.21393	749548949.7919589
1.21394	595045259.9328033
1.21395	811315923.7736689
1.21396	1094611483.5343044
1.21397	1029319025.1051643
1.2139799999999998	840272208.9819461
1.21399	1018497576.6405203
1.214	1214870537.8564994
1.21401	1062649396.7141582
1.21402	1008393412.7049245
1.21403	918861383.4028578
1.21404	1095493991.7249358
1.21405	1172978360.0178778
1.21406	1046887465.5490936
1.21407	802158149.3895103
1.2140799999999998	1047032108.3887688
1.21409	939615127.1479748
1.2141	791553001.4220724
1.21411	1145038264.4368062
1.21412	982132313.1342669
1.21413	852648436.441909
1.21414	956577144.3660524
1.21415	1027140845.9517393
1.21416	1089155778.5953221
1.21417	1141063989.9865727
1.21418	1128885773.5346675
1.21419	1076961058.3443415
1.2142	896272352.7945256
1.21421	583122769.666368
1.21422	506465655.18082887
1.21423	670239470.6271224
1.21424	1113986685.166649
1.21425	927491631.9570527
1.21426	850491543.9933711
1.2142700000000002	1072926569.2300326
1.21428	1110248001.256156
1.21429	1025982610.6656103
1.2143	698296716.6198303
1.21431	520247497.69071865
1.21432	1047417920.3375409
1.21433	1116991838.8159764
1.21434	878698732.614817
1.21435	705797311.9440151
1.21436	779848066.9818662
1.2143700000000002	1009624777.0814203
1.21438	1032143305.33505
1.21439	819615192.601817
1.2144	676363246.4138168
1.21441	869440767.2757788
1.21442	1040135693.5809381
1.21443	882490420.9345922
1.21444	1106419955.117291
1.21445	888034830.4799756
1.21446	652980181.0928707
1.2144700000000002	889590220.6015925
1.21448	794584337.1702124
1.21449	877263378.4103534
1.2145	727679264.9862764
1.21451	902817564.9662576
1.21452	1026738861.1691748
1.21453	1115013177.465283
1.21454	858420340.8875206
1.21455	502041941.02117
1.21456	923549122.4845763
1.21457	848555006.1988614
1.21458	1092596990.6527653
1.21459	970577010.0145352
1.2146	772200360.4333593
1.21461	952971691.7293693
1.21462	908426929.4828948
1.21463	801216713.1981442
1.21464	1158563921.1365092
1.21465	1110145748.3452594
1.21466	790259999.7521304
1.21467	1140564893.7522664
1.21468	820049371.3176444
1.21469	694864300.7488296
1.2147	1050388600.836367
1.21471	994878395.6124084
1.21472	599211307.2476047
1.21473	376617069.71416736
1.21474	872408724.3419642
1.21475	1078325809.3003962
1.21476	1010182870.544834
1.21477	764557230.7931883
1.21478	776676205.1887378
1.21479	711688584.843991
1.2148	1073939954.4398446
1.21481	633009167.9448242
1.21482	920322415.7292322
1.21483	718720446.4208822
1.21484	992041864.6965467
1.21485	877829153.3768282
1.21486	1015430023.118098
1.21487	1245804800.4359028
1.21488	1080537889.005675
1.21489	753893501.9415343
1.2149	735986757.1408428
1.21491	751519060.6506461
1.21492	808723382.5288438
1.2149299999999998	704741749.1211518
1.21494	664982168.7286825
1.21495	943256920.0172006
1.21496	857847322.3199643
1.21497	1114961830.393181
1.21498	1243111259.209625
1.21499	1188392767.3774445
1.215	914197438.2885232
1.21501	849160922.1583959
1.21502	959268094.5759307
1.2150299999999998	1209845741.046865
1.21504	983512762.7475183
1.21505	1008672080.599342
1.21506	484328471.4743678
1.21507	405648617.3245952
1.21508	739213687.819986
1.21509	1054289788.2413263
1.2151	924825934.5372596
1.21511	601132211.3069699
1.21512	743378506.3807857
1.2151299999999998	910856579.9899496
1.21514	838687171.2481648
1.21515	687179191.2878404
1.21516	844014679.218021
1.21517	1144695564.4855726
1.21518	1096225751.7731075
1.21519	950561017.6957248
1.2152	471791378.13158536
1.21521	987938704.2021444
1.21522	1123750763.991042
1.21523	1040159643.8661011
1.21524	960129912.0793551
1.21525	999562604.5176377
1.21526	1101133562.2084668
1.21527	888975925.6417346
1.21528	950933177.6269984
1.21529	843742644.8805224
1.2153	688795022.3785756
1.21531	514955854.52900285
1.2153200000000002	839034850.0376643
1.21533	754327602.8586555
1.21534	938944667.8904859
1.21535	1190830638.6589649
1.21536	1161395128.3866107
1.21537	963806830.8960557
1.21538	735122981.6246731
1.21539	831572272.4645894
1.2154	960793375.4519737
1.21541	859092643.2182003
1.2154200000000002	1097564369.541058
1.21543	914450075.2772183
1.21544	833911571.071395
1.21545	749290109.4589357
1.21546	745950483.8726095
1.21547	743515454.3751553
1.21548	939009530.1305867
1.21549	1017044604.0720307
1.2155	1183559239.1894948
1.21551	1224531608.696586
1.2155200000000002	825296493.7028407
1.21553	960704887.1869203
1.21554	1192943842.8861046
1.21555	1022303858.586677
1.21556	1102503558.7679439
1.21557	1111526957.5899458
1.21558	593717704.9618827
1.21559	827122814.2708268
1.2156	861707752.1683633
1.21561	1053683064.899572
1.21562	1085350473.362659
1.21563	876294326.709437
1.21564	437099188.3012228
1.21565	590336994.639883
1.21566	929501296.763156
1.21567	869020457.01949
1.21568	992750238.3363873
1.21569	988006950.9472662
1.2157	987097381.8528047
1.21571	1106572823.2425172
1.21572	1184595285.8117585
1.21573	910961452.2659141
1.21574	856406589.0010188
1.21575	1183995358.8585055
1.21576	949751525.947708
1.21577	512802342.0412793
1.21578	777624616.1948878
1.21579	981860977.435579
1.2158	1138177510.4035375
1.21581	1150217577.0934927
1.21582	846583890.3026682
1.21583	782600281.8970145
1.21584	817221906.7998074
1.21585	938944667.8904859
1.21586	863932874.1891304
1.21587	1032761405.7613957
1.2158799999999998	1090686656.5159707
1.21589	771969247.6102526
1.2159	724969940.9182428
1.21591	617802981.6940702
1.21592	769272132.399444
1.21593	393994355.4850021
1.21594	740747168.3837553
1.21595	1197402057.334619
1.21596	1166218697.4895494
1.21597	1113704565.4915533
1.2159799999999998	1129509791.2741795
1.21599	1124475506.487389
1.216	1098322802.070985
1.21601	801087582.7289035
1.21602	559113527.5705607
1.21603	704336183.9019215
1.21604	536784541.0255112
1.21605	703120888.0765921
1.21606	737072146.8559186
1.21607	1020210995.7253026
1.2160799999999998	599528730.3483948
1.21609	402837600.10059303
1.2161	606652511.6569028
1.21611	836835316.1130723
1.21612	782564242.6519991
1.21613	617859886.0720136
1.21614	944843761.7001678
1.21615	857689315.5568553
1.21616	761833384.3701729
1.21617	602948195.8556383
1.2161799999999998	839034850.0376643
1.21619	557391061.565515
1.2162	605215441.3526157
1.21621	1022092025.7904949
1.21622	609214175.2717736
1.21623	462721841.8738333
1.21624	735597085.7426827
1.21625	968300151.9395143
1.21626	941954662.1984321
1.21627	689064696.7113334
1.21628	1057109559.0291008
1.21629	1188940168.5056934
1.2163	1071963504.8721547
1.21631	1109890157.2672806
1.21632	945801503.3710123
1.21633	839633968.0707048
1.21634	1154223733.0750744
1.21635	1035022998.3932488
1.21636	1150085161.0237856
1.2163700000000002	1148074312.5937464
1.21638	1093351990.6535015
1.21639	775728950.8890699
1.2164	424795590.50430936
1.21641	474788290.9415981
1.21642	843295921.6576822
1.21643	944517480.5760312
1.21644	1055285570.9061466
1.21645	1024141582.8518486
1.21646	1119747238.322097
1.2164700000000002	956422974.7718849
1.21648	712016405.0268465
1.21649	378747696.3349792
1.2165	510869529.2335542
1.21651	940221114.734076
1.21652	808890993.791955
1.21653	646487303.3517718
1.21654	866363206.5076605
1.21655	830978906.8277062
1.21656	834084402.6906729
1.2165700000000002	825106484.0389817
1.21658	1032856530.9827085
1.21659	1001359448.4182564
1.2166	730112863.2824641
1.21661	794236789.5707784
1.21662	565327354.2660711
1.21663	757512842.4098082
1.21664	629042516.4023782
1.21665	706219979.6270533
1.21666	1032713846.4361492
1.21667	928859441.7286019
1.21668	860438827.9041724
1.21669	963052582.1152613
1.2167	741805416.2831483
1.21671	738737252.7439405
1.21672	1083827085.2603931
1.21673	1210486638.476462
1.21674	1074310944.2233012
1.21675	1019295249.1349293
1.21676	1033023021.2034775
1.21677	823834547.2335744
1.21678	481382169.6384528
1.21679	857590576.1092433
1.2168	797755854.4281467
1.21681	840969025.1226548
1.21682	1126600656.5667002
1.21683	719117735.7825089
1.21684	949642188.0565393
1.21685	917698453.8497807
1.21686	783646142.2853677
1.21687	773107702.1728946
1.21688	687859912.308808
1.21689	758682383.6339079
1.2169	653401308.7144705
1.21691	579962615.8196433
1.21692	908238693.2603832
1.2169299999999998	557789070.1064311
1.21694	748135046.8257067
1.21695	337473752.02528393
1.21696	672837207.9924332
1.21697	1103951515.4703472
1.21698	932094617.3011472
1.21699	873956868.7583263
1.217	761886011.7736652
1.21701	1135089222.149885
1.21702	767025848.913033
1.2170299999999998	579108580.7553338
1.21704	607869005.7764933
1.21705	677095613.0778923
1.21706	766037446.6165293
1.21707	800995359.4214972
1.21708	1131019258.5926569
1.21709	1009857278.5442356
1.2171	889733617.1603395
1.21711	879386916.6870762
1.21712	896251715.5985336
1.2171299999999998	896747139.4781797
1.21714	1011206843.2581141
1.21715	807402333.0447887
1.21716	759136721.6142651
1.21717	1001959113.8898953
1.21718	910835606.9835824
1.21719	808313812.3062402
1.2172	970934649.6749264
1.21721	1112115772.135369
1.21722	1055601503.2159301
1.21723	917444919.4249076
1.21724	1009392329.1478828
1.21725	812119614.8792211
1.21726	766937546.8819218
1.21727	1014284993.3122972
1.21728	650084782.5261644
1.21729	737683381.8382328
1.2173	1080736949.7741392
1.21731	1002951656.5041393
1.2173200000000002	1061964502.1370213
1.21733	1159150962.0553405
1.21734	1059839252.1904305
1.21735	746036369.5397046
1.21736	667159999.9850564
1.21737	1010229392.2564043
1.21738	927940222.3698424
1.21739	882023182.5327436
1.2174	586502678.7211714
1.21741	743310041.8430525
1.2174200000000002	744611946.967381
1.21743	623605590.6466821
1.21744	446025819.66711193
1.21745	949795264.6289328
1.21746	944560978.215009
1.21747	819275560.919049
1.21748	874158127.9340477
1.21749	551924915.7198125
1.2175	690351066.3185005
1.21751	1077531562.1289575
1.2175200000000002	1187763567.6442509
1.21753	1278733373.7317991
1.21754	1070902666.6427149
1.21755	910604935.783528
1.21756	881069160.1415889
1.21757	858380810.0801505
1.21758	1048358932.6595927
1.21759	979309573.3026447
1.2176	913313758.3492769
1.21761	996368525.3641762
1.21762	782600281.8970145
1.21763	902464235.6989244
1.21764	1076911463.5967398
1.21765	956621197.3858633
1.21766	1133182867.9306931
1.21767	976607375.8956448
1.21768	941694426.4613671
1.21769	984827120.873616
1.2177	914492188.2291322
1.21771	1051235455.2294811
1.21772	1053852912.2315383
1.21773	984441696.1116623
1.21774	1123155789.248441
1.21775	1052737273.6092813
1.21776	950955073.9246832
1.21777	940719182.6077248
1.21778	385824675.86159873
1.21779	213855291.1880006
1.2178	758175942.8239771
1.21781	978836149.6109649
1.21782	1261449880.630976
1.21783	1248590424.549512
1.21784	1280973071.0830948
1.21785	1170442276.059031
1.21786	1137443936.7459369
1.21787	1018028649.1559037
1.21788	619926212.3209221
1.21789	679453906.5820532
1.2179	790569399.2559223
1.21791	663758353.8268608
1.21792	689080563.1949892
1.21793	846681362.4857992
1.21794	831399961.3867979
1.21795	1164260062.08797
1.21796	1065540594.6795592
1.21797	942974611.4599012
1.2179799999999998	813991743.9392487
1.21799	1149476243.4198327
1.218	1076663524.1146684
1.21801	989669075.6341394
1.21802	1105146875.0540807
1.21803	1092823435.8942792
1.21804	1112474333.6933632
1.21805	1032571181.6008273
1.21806	912893258.6512992
1.21807	985734598.0172153
1.2180799999999998	935577998.1115848
1.21809	775228981.1404103
1.2181	657445867.6841677
1.21811	551162929.7522371
1.21812	854613994.0846553
1.21813	986529326.4387828
1.21814	636648910.2003728
1.21815	256986316.8007231
1.21816	657809286.1041905
1.21817	998297537.8667363
1.2181799999999998	1121656816.5788393
1.21819	672310664.0548588
1.2182	311415338.8100975
1.21821	855283315.3398582
1.21822	776568910.817413
1.21823	569586910.0320668
1.21824	1128080260.8352165
1.21825	1127275322.9066849
1.21826	1153532938.3014345
1.21827	1138990233.106602
1.21828	868240419.8273616
1.21829	1081807529.863255
1.2183	1225801080.97593
1.21831	1204619807.5705993
1.21832	1026880720.1839932
1.21833	1129353754.5086002
1.21834	1297000071.4237695
1.21835	927470275.9188688
1.21836	554319300.1349769
1.2183700000000002	942692387.3950832
1.21838	900554498.545557
1.21839	1084426195.7670734
1.2184	1033522652.9063761
1.21841	518991207.1390246
1.21842	823151928.5013335
1.21843	979287024.1260043
1.21844	950495357.5346916
1.21845	742249647.4685856
1.21846	985666508.2352473
1.2184700000000002	1070434258.6542755
1.21848	1059936871.4884195
1.21849	624438971.8762826
1.2185	872509169.890147
1.21851	670625402.5500517
1.21852	959908859.4476676
1.21853	964694938.7185768
1.21854	771738203.9571921
1.21855	671367014.891032
1.21856	762026369.2905357
1.2185700000000002	1108255767.2462986
1.21858	1032642511.5547515
1.21859	676425544.639858
1.2186	689922009.8440487
1.21861	772022575.1985531
1.21862	837201504.2688662
1.21863	953125304.9976051
1.21864	682825922.3137593
1.21865	971784572.1214976
1.21866	1102148210.8900173
1.21867	1126419084.6286352
1.21868	739179646.5554602
1.21869	906984781.5057908
1.2187	1147413618.0757039
1.21871	913503046.4000009
1.21872	646368226.9572483
1.21873	954618837.3884664
1.21874	974293937.0952119
1.21875	1104943318.225331
1.21876	930572040.9296988
1.21877	717034413.8492974
1.21878	978881227.7194484
1.21879	1048841830.972593
1.2188	921488670.4299136
1.21881	1125019370.0805929
1.21882	739094550.2523311
1.21883	926616437.493746
1.21884	1023151628.8946288
1.21885	1039632864.9623605
1.21886	832932868.1385592
1.21887	684100645.1629236
1.21888	660343640.9803064
1.21889	592338552.8768033
1.2189	820219329.9387372
1.21891	901301305.2392256
1.21892	1099031145.268494
1.2189299999999998	1061866696.0959524
1.21894	695120345.3799857
1.21895	753529050.2354008
1.21896	955366480.983006
1.21897	995153328.653634
1.21898	868140465.7089026
1.21899	1005773063.0017368
1.219	1240394980.181274
1.21901	873192506.3868685
1.21902	855972870.0745343
1.2190299999999998	764610046.3598245
1.21904	761780760.6019304
1.21905	917677323.30526
1.21906	574499956.314292
1.21907	937929077.5353092
1.21908	984464363.9803779
1.21909	1030765798.6519836
1.2191	778896944.1978784
1.21911	956467020.6917566
1.21912	1056866178.5791584
1.2191299999999998	819520836.34728
1.21914	444989742.3629467
1.21915	683911647.2814305
1.21916	644584710.6979686
1.21917	802823358.5204539
1.21918	657007004.9599262
1.21919	851157636.6055975
1.2192	1015874361.974673
1.21921	873856256.547246
1.21922	564936974.8123032
1.21923	973419405.8907306
1.21924	1165332879.2080026
1.21925	1244829867.7816465
1.21926	1206729695.2514539
1.21927	1099486749.9698756
1.21928	965072632.3073244
1.21929	843742644.8805224
1.2193	1092370592.3332384
1.21931	1180347813.8516364
1.2193200000000002	1071198608.8687145
1.21933	876960434.6932287
1.21934	813560772.4606537
1.21935	1017958328.6569649
1.21936	766619743.7323747
1.21937	643917161.5869265
1.21938	1025439399.6981523
1.21939	857136521.0388241
1.2194	1137941667.2904015
1.21941	1081707896.2959502
1.2194200000000002	856879987.564718
1.21943	650773710.0575743
1.21944	594743904.9518135
1.21945	946237161.3657948
1.21946	969906790.680282
1.21947	1120159844.4501069
1.21948	747050567.5022372
1.21949	938987908.886046
1.2195	514861004.89131194
1.21951	957260194.2026137
1.2195200000000002	920831145.2454984
1.21953	1180184754.0388215
1.21954	1206063016.00489
1.21955	612223505.8731438
1.21956	552064727.3742899
1.21957	785380293.6825949
1.21958	1063898018.4469812
1.21959	838204523.0342628
1.2196	812736940.979341
1.21961	546462041.1879753
1.21962	942149886.1948344
1.21963	931751284.201957
1.21964	1111373405.073038
1.21965	936634175.3207011
1.21966	815323574.8361214
1.21967	983943135.0296818
1.21968	776014792.6467997
1.21969	1145090996.6117704
1.2197	1219045736.7630565
1.21971	1087376642.8482263
1.21972	1015336502.8635617
1.21973	922932628.7110404
1.21974	769360703.2251184
1.21975	735275338.9005402
1.21976	898772964.1527127
1.21977	870542543.5277418
1.21978	1156991051.4816403
1.21979	983150489.9925221
1.2198	589657735.1462563
1.21981	729709499.4674202
1.21982	698216326.8670168
1.21983	871726001.2115619
1.21984	878395293.2295169
1.21985	650983528.5326166
1.21986	882815602.3176095
1.21987	1207980712.2818918
1.21988	1033641648.4488713
1.21989	970353552.1265726
1.2199	952511000.4539398
1.21991	908322348.9878523
1.21992	866702401.6412637
1.21993	955058556.8507344
1.21994	1005912025.2844014
1.21995	1070705417.249311
1.21996	552191859.6115294
1.21997	451991221.3995787
1.2199799999999998	887462477.7909467
1.21999	716176390.5951129
1.22	552280869.5968041
1.22001	767520528.2016412
1.22002	1165091409.1986587
1.22003	1222784711.2296836
1.22004	1190830638.6589649
1.22005	1132791548.0162394
1.22006	914323748.0570984
1.22007	648574694.8602479
1.2200799999999998	748169500.5111552
1.22009	1083078662.5592275
1.2201	964250782.5601262
1.22011	1055844592.4300803
1.22012	724936555.5873989
1.22013	804785235.0054079
1.22014	1224418830.3611758
1.22015	1233843279.7403686
1.22016	1159818415.0767696
1.22017	725053410.9720142
1.2201799999999998	1105299567.284651
1.22019	845551374.7900759
1.2202	920280034.2916057
1.22021	772662793.6725659
1.22022	856189702.0742214
1.22023	627899301.5979228
1.22024	878011087.0965301
1.22025	704774204.4253776
1.22026	1150694401.1926024
1.22027	1011695923.352859
1.22028	1061768899.0627338
1.22029	1030054016.7323512
1.2203	848672246.5038188
1.22031	937864289.9276515
1.22032	657097780.1024426
1.22033	1180565261.9811888
1.22034	1147202276.1422133
1.22035	990238938.9533881
1.22036	497702703.7066738
1.2203700000000002	718703897.4615512
1.22038	860914455.3812523
1.22039	1075944822.3773696
1.2204	930486336.0242397
1.22041	661317476.7040932
1.22042	648246230.4088849
1.22043	1058912317.1514975
1.22044	835468345.7911143
1.22045	660784732.4862238
1.22046	994603538.5274996
1.2204700000000002	629230839.6966959
1.22048	734598437.0593687
1.22049	537873316.7648915
1.2205	906943014.2747766
1.22051	993481993.2997236
1.22052	937000882.6691304
1.22053	630695888.7304777
1.22054	885808819.5080391
1.22055	576009969.2394841
1.22056	960859746.9994496
1.2205700000000002	1085950425.9573717
1.22058	853394815.2485657
1.22059	516570974.45274526
1.2206	517499578.02443445
1.22061	513464000.3123792
1.22062	675382805.8382753
1.22063	1058595393.9440213
1.22064	1166890220.1977842
1.22065	1177470404.4269385
1.22066	1011043869.1064084
1.22067	867880638.8502705
1.22068	792884631.5116894
1.22069	964339597.4292533
1.2207	473194839.8098456
1.22071	1012791388.5076752
1.22072	1167454598.082736
1.22073	943018038.0454943
1.22074	855716684.8709978
1.22075	869600938.9356796
1.22076	751934480.2054157
1.22077	411329634.82855856
1.22078	844539564.57823
1.22079	566030717.1976051
1.2208	954486961.0321054
1.22081	860022869.4192562
1.22082	892421449.3390226
1.22083	796948027.3923199
1.22084	663040413.1373107
1.22085	848515929.6964822
1.22086	996827475.6960137
1.22087	954860658.0333568
1.22088	438217785.6500951
1.22089	772218141.2084571
1.2209	977214719.4962976
1.22091	991242695.4837012
1.22092	1078052720.8236504
1.2209299999999998	1193355942.2554574
1.22094	1120598405.0506046
1.22095	1024047260.2699586
1.22096	813036419.496306
1.22097	872448901.1735346
1.22098	1121192025.0577188
1.22099	1168584172.8853438
1.2209999999999999	1230523749.0992675
1.22101	1114525475.7386854
1.22102	1030718331.2257248
1.2210299999999998	1111091947.2171009
1.22104	1044070920.6306773
1.22105	1055236974.3286463
1.22106	1136501465.2985964
1.22107	623361534.577108
1.22108	308418201.2830548
1.22109	705748558.8768301
1.2211	1144010472.2537153
1.22111	1182660249.648661
1.22112	963540558.015744
1.2211299999999998	918332596.4835787
1.22114	832952047.3474231
1.22115	619184391.4323063
1.22116	587083669.3962713
1.22117	1020046570.3926443
1.22118	1045803280.9797268
1.22119	1202319802.2155867
1.2212	967676066.9636463
1.22121	913566151.1344453
1.22122	680252270.4797161
1.22123	1059570845.4765414
1.22124	685930319.5433856
1.22125	970063133.783958
1.22126	1064559647.3361324
1.22127	889774591.8510797
1.22128	1136658489.625136
1.22129	956863525.2614584
1.2213	891723064.7991494
1.22131	898110967.6778189
1.2213200000000002	657233966.332852
1.22133	853669961.579736
1.22134	1106445431.671551
1.22135	917297056.6918963
1.22136	730987583.2859467
1.22137	511941103.2159225
1.22138	604198997.0171171
1.22139	684510319.7674633
1.2214	575400188.727391
1.22141	969728143.7013557
1.2214200000000002	1064314551.6374453
1.22143	784079320.8280993
1.22144	555545968.0619495
1.22145	557583610.8680863
1.22146	1007720283.0953859
1.22147	1027306414.8386748
1.22148	824688616.7513031
1.22149	975259074.5324193
1.2215	671769063.9437134
1.22151	446549903.65338117
1.2215200000000002	1063114398.1491427
1.22153	1020939483.7076807
1.22154	571070859.9861349
1.22155	763325902.7352785
1.22156	967631504.8599997
1.22157	1067136562.3363564
1.22158	916220490.121999
1.22159	645208380.9019718
1.2216	1015780800.7969004
1.22161	1063530624.5396533
1.2216200000000002	716687780.7840028
1.22163	909075597.3601961
1.22164	987142840.4138529
1.22165	1023787917.9598597
1.22166	537539025.9377258
1.22167	616864815.7451184
1.22168	605340874.7539135
1.22169	647917932.3051991
1.2217	753702576.6884259
1.22171	1132452513.4002619
1.22172	1058327302.2400769
1.22173	1084276387.1001594
1.22174	1100829349.7918103
1.22175	729793515.2144499
1.22176	621469758.247885
1.22177	845395632.8156085
1.22178	1033403671.0629607
1.22179	1064535135.2265947
1.2218	1045538428.9076352
1.22181	747859474.4541129
1.22182	967297354.4872569
1.22183	1072358503.5789887
1.22184	874842755.8707355
1.22185	963229999.2970313
1.22186	749963280.3223532
1.22187	982358483.494449
1.22188	1007998764.9715207
1.22189	623605590.6466821
1.2219	839556638.4855797
1.22191	835506821.4162173
1.22192	548655832.0717441
1.22193	467929041.4603545
1.22194	455994915.33334523
1.22195	886890493.9924043
1.22196	755770611.2186674
1.22197	1058961082.9886867
1.2219799999999998	1106827650.3881614
1.22199	674885348.6889185
1.222	623361534.577108
1.22201	731459020.3544548
1.22202	752610026.8019655
1.22203	1034260646.1600387
1.22204	1260201522.5928395
1.22205	1180619630.2725294
1.22206	972008359.5519255
1.22207	967497830.86137
1.2220799999999998	948986424.9913825
1.22209	689175769.7694353
1.2221	558624527.075084
1.22211	958318782.1577528
1.22212	938469148.3433226
1.22213	1252939208.7251878
1.22214	1185877966.5345054
1.22215	1126315342.374506
1.22216	877505808.7311301
1.22217	656492849.3048937
1.2221799999999998	501268021.9755756
1.22219	816638780.8187478
1.2222	876334682.4837296
1.22221	568002176.6750263
1.22222	897614790.3270682
1.22223	1253545205.0463152
1.22224	1244801204.8446743
1.22225	1176305154.2916741
1.22226	1074855294.4074402
1.22227	663223643.2868853
1.22228	988393771.5638508
1.22229	846077215.807845
1.2223	860161499.8999679
1.22231	1000783185.4613142
1.22232	947174505.7073123
1.22233	1215933993.3013618
1.22234	1134749499.8601086
1.22235	1102097456.2578833
1.22236	905607477.9584802
1.2223700000000002	725571139.852303
1.22238	759626312.9545525
1.22239	1047273224.1996572
1.2224	907172757.8499094
1.22241	507235919.2968497
1.22242	795664533.5905466
1.22243	530127092.86148566
1.22244	733195853.1665933
1.22245	1053731589.915251
1.22246	744834869.5380862
1.2224700000000002	524251884.1678456
1.22248	1067013710.7713656
1.22249	898359159.1962904
1.2225	517249405.2829927
1.22251	452116128.445158
1.22252	921637208.8256869
1.22253	912367906.2721608
1.22254	747016165.3443718
1.22255	665257837.8975793
1.22256	627942676.8431847
1.2225700000000002	946106442.9007797
1.22258	1179261173.8323836
1.22259	1083303135.0879092
1.2226	934716695.6362042
1.22261	620140364.2298068
1.22262	841143319.4284503
1.22263	859389414.5529094
1.22264	947152696.4594256
1.22265	963784638.6791412
1.22266	1028631927.0889236
1.22267	970308866.7230207
1.22268	1054678274.5107664
1.22269	485042730.4424217
1.2227	447744232.1839701
1.22271	611448663.4203775
1.22272	786411761.2466941
1.22273	764134837.5757297
1.22274	947087271.7287543
1.22275	1037576196.8674779
1.22276	727427976.8704866
1.22277	898379844.9185232
1.22278	701697614.3410704
1.22279	806027761.1464713
1.2228	499873368.86601084
1.22281	478387694.68990916
1.22282	1108000611.3024511
1.22283	1249366912.0335336
1.22284	1052397965.9007332
1.22285	943300359.6038864
1.22286	1023835066.2214444
1.22287	644273101.7015302
1.22288	562703996.9400617
1.22289	927000567.4677811
1.2229	1135402902.2270482
1.22291	1026928010.8776633
1.22292	816601174.0790215
1.22293	1041765569.8848329
1.22294	1044551843.7864004
1.22295	783123037.4979634
1.22296	842946477.1677235
1.22297	803045217.4617057
1.22298	573297436.7232863
1.22299	976877259.7700143
1.2229999999999999	1116349031.659237
1.22301	1062429203.8711287
1.22302	856505192.1292307
1.2230299999999998	984804444.6522106
1.22304	1034332092.8220717
1.22305	324945105.67018497
1.22306	678656479.6675372
1.22307	1120856462.0776472
1.22308	1101311058.2733746
1.22309	755735807.4971979
1.2231	731762247.5832489
1.22311	1086025443.3462286
1.22312	868220428.0830486
1.2231299999999998	1088203203.3326583
1.22314	1114602467.090225
1.22315	1196299717.0080132
1.22316	1149952760.1981635
1.22317	1230212116.146274
1.22318	1099132374.4394717
1.22319	1156405104.4288619
1.2232	1193795671.8281915
1.22321	896066002.2165451
1.22322	1088328494.56857
1.2232299999999998	1001866834.2948152
1.22324	865366342.9563493
1.22325	613422921.4472204
1.22326	975169253.9885985
1.22327	1066768050.0687412
1.22328	1056768842.0894141
1.22329	1080886269.4159355
1.2233	1048431353.2303971
1.22331	888689399.8466994
1.22332	1012674793.3018894
1.22333	1009438814.4528383
1.22334	552153716.8666173
1.22335	725972216.0932838
1.22336	1090937825.3153837
1.22337	1016412506.0084898
1.22338	860676608.7875285
1.22339	795060175.0844184
1.2234	834218852.0475535
1.22341	847305450.2628031
1.2234200000000002	885462146.8320309
1.22343	769165860.8679202
1.22344	1032167071.5865539
1.22345	967876621.8274852
1.22346	1089155778.5953221
1.22347	1180728374.36675
1.22348	1045442135.6941466
1.22349	497954888.1974547
1.2235	470522071.11210334
1.22351	1061206740.888818
1.2235200000000002	872850771.2672883
1.22353	867481057.0601375
1.22354	855027336.5140313
1.22355	1046670538.7545283
1.22356	905461523.0418552
1.22357	896292990.4657154
1.22358	675600558.6273026
1.22359	839402000.6806477
1.2236	594976756.7589798
1.22361	727511729.932399
1.2236200000000002	962365399.1395172
1.22363	686040887.3588609
1.22364	1066620680.7962992
1.22365	951130262.4578316
1.22366	605703383.9625074
1.22367	1142168030.4634948
1.22368	919475157.6957897
1.22369	804822297.5885012
1.2237	816619977.2324027
1.22371	797149907.4290249
1.22372	1109098198.826813
1.22373	886114819.8768443
1.22374	538430930.1907805
1.22375	681020209.599683
1.22376	800368522.4310355
1.22377	625907275.803145
1.22378	885951606.5278155
1.22379	971851702.9401699
1.2238	845609785.4272144
1.22381	988780743.6269301
1.22382	963030407.2653633
1.22383	828418902.7366978
1.22384	647679274.4827096
1.22385	809189055.1485794
1.22386	809133160.2794701
1.22387	464536667.43428415
1.22388	829908093.5545702
1.22389	866762273.3900405
1.2239	489846489.48732615
1.22391	894128627.5029527
1.22392	1162090631.4435034
1.22393	876294326.709437
1.22394	1031311831.1984973
1.22395	607533177.7510635
1.22396	508944001.4263885
1.22397	1035166001.9829783
1.2239799999999998	711164386.4611068
1.22399	1088804732.8398886
1.224	782600281.8970145
1.22401	1034856185.8402207
1.22402	1137234431.1264794
1.22403	831591420.3442192
1.22404	1119051310.0824018
1.22405	1184758955.0041444
1.22406	1197484773.795339
1.22407	1158190504.4454298
1.2240799999999998	1015640475.1866947
1.22409	573363443.8294702
1.2241	872830673.3669324
1.22411	935922741.2840087
1.22412	816601174.0790215
1.22413	985848091.4398484
1.22414	1120288815.0420883
1.22415	1160486252.4256554
1.22416	1110682681.2105794
1.22417	1157444032.092235
1.2241799999999998	1094031936.710816
1.22419	862640810.011482
1.2242	1007117169.6045605
1.22421	956863525.2614584
1.22422	1037815135.1235846
1.22423	944365254.6133627
1.22424	787245161.3322059
1.22425	644866772.5109904
1.22426	813130029.1617874
1.22427	679297474.5489807
1.22428	1012395019.5698643
1.22429	870763066.2652316
1.2243	951086462.2991002
1.22431	1099790591.3612304
1.22432	1035285186.7339194
1.22433	1141379321.1812027
1.22434	1195748927.462701
1.22435	1085750404.9195511
1.22436	873614834.4957
1.2243700000000002	596032580.615554
