1.19669	1217923471.048396
1.1967	1286500620.4595675
1.19671	1254151494.4634938
1.19672	1203233735.8049257
1.1967299999999998	1187845618.2786894
1.19674	1264037621.4196162
1.19675	1250143882.4083376
1.19676	1210653884.9385126
1.19677	1092169388.7659848
1.19678	873956868.7583263
1.19679	670548198.3916209
1.1968	880298577.3625773
1.19681	867740764.2916267
1.19682	1020939483.7076807
1.1968299999999998	1154330045.9053526
1.19684	1089883304.890342
1.19685	806009201.8850707
1.19686	993161784.1582019
1.19687	1237171765.3355575
1.19688	1340571554.8416693
1.19689	1362793332.1718626
1.1969	1332079055.8963928
1.19691	1267330830.1243904
1.19692	1298434361.3501024
1.1969299999999998	1194180568.1193357
1.19694	1033094382.3704543
1.19695	983761902.6987016
1.19696	1027684958.2345457
1.19697	938750108.0511694
1.19698	619469602.0493445
1.19699	709120433.7129424
1.197	958098146.5061332
1.19701	1006352199.1899924
1.19702	1077630811.023956
1.1970299999999998	1226252765.9816418
1.19704	1247527132.8443925
1.19705	1076167816.3881886
1.19706	1145697591.1977446
1.19707	1241309273.7751706
1.19708	1194015597.3728998
1.19709	1115809359.53289
1.1971	1166917089.1473842
1.19711	1198698605.239812
1.19712	1316982487.5184455
1.19713	1344373675.9414935
1.19714	1333828522.1740992
1.19715	1317619458.99868
1.19716	1283157598.3052187
1.19717	1301967070.0641375
1.19718	1297029936.2978995
1.19719	1197926024.7660606
1.1972	1149926281.8621762
1.19721	1118664870.1923153
1.1972200000000002	1157310784.0940404
1.19723	1027259106.71926
1.19724	760991840.1371549
1.19725	604004257.6625563
1.19726	915503481.1058142
1.19727	931515316.0588242
1.19728	1039465309.4465069
1.19729	927833395.4532514
1.1973	749152097.8317562
1.19731	824365864.2528558
1.1973200000000002	893223211.0465376
1.19733	1063947013.8894916
1.19734	1120546800.7751894
1.19735	1107796528.8444717
1.19736	1106445431.671551
1.19737	1081184970.594467
1.19738	898069609.091624
1.19739	976787290.1926922
1.1974	989600714.077473
1.19741	1002166774.0568856
1.1974200000000002	955388479.3624482
1.19743	860498266.9656559
1.19744	707017233.7828907
1.19745	505708204.97860026
1.19746	551696209.3834983
1.19747	760273757.2756339
1.19748	853925534.0334741
1.19749	837837896.1625919
1.1975	873353369.2063093
1.19751	863475461.1613344
1.19752	786520415.5519979
1.19753	772840726.3400968
1.19754	794474568.8699198
1.19755	749963280.3223532
1.19756	680549939.9489715
1.19757	615318538.7288103
1.19758	557814757.8338648
1.19759	445102465.58006036
1.1976	430358118.3646683
1.19761	437401230.0332728
1.19762	362593487.90391624
1.19763	293785258.46194106
1.19764	319146436.80719256
1.19765	393169662.765692
1.19766	412439260.9754783
1.19767	495861054.91070724
1.19768	568146060.9640044
1.19769	618443458.2271272
1.1977	671196989.6594622
1.19771	701810723.7490282
1.19772	716291833.8941609
1.19773	755040069.5437137
1.19774	843820360.0288397
1.19775	857946091.3282781
1.19776	882327875.1630332
1.19777	899207664.5005127
1.1977799999999998	844384008.9689229
1.19779	631204374.431546
1.1978	448456166.3331079
1.19781	742027498.6322622
1.19782	847598149.7421536
1.19783	885747632.1159086
1.19784	848594084.5008212
1.19785	965072632.3073244
1.19786	933125375.8565547
1.19787	1017653662.6205332
1.1978799999999998	1028987265.3313547
1.19789	1010834369.5060145
1.1979	980731218.6767676
1.19791	929779571.667816
1.19792	1101970579.9029238
1.19793	1124449614.7800937
1.19794	1045369921.6040474
1.19795	935965843.1115012
1.19796	684604894.8958282
1.19797	693825088.9094063
1.1979799999999998	576832869.9078798
1.19799	707245185.950485
1.198	921000784.2348008
1.19801	1015734023.4394015
1.19802	1068390456.5254873
1.19803	1029888005.0200024
1.19804	880339117.543673
1.19805	621369597.2300513
1.19806	801825751.5464952
1.19807	923315231.5576563
1.19808	946302527.370894
1.19809	801253611.4409509
1.1981	686214672.7937459
1.19811	934157274.2782196
1.19812	1171844537.71374
1.19813	1247383514.242943
1.19814	1293689341.2597039
1.19815	1285671450.1789837
1.19816	1349366736.2698007
1.1981700000000002	1340201192.402093
1.19818	1352290509.1071744
1.19819	1305268928.8086472
1.1982	1213835961.793526
1.19821	1093905988.8796587
1.19822	1099031145.268494
1.19823	1122767931.9662619
1.19824	1221462111.0790565
1.19825	1230183789.791592
1.19826	1216718187.6849713
1.1982700000000002	1129795914.6727998
1.19828	1208537136.0695136
1.19829	1136867889.142472
1.1983	1074261471.5151546
1.19831	1092093946.9830725
1.19832	1195308478.4165382
1.19833	1211881065.263536
1.19834	1177741558.2235415
1.19835	970912293.3358088
1.19836	964561670.3935287
1.1983700000000002	762570498.9407809
1.19838	617845659.4861723
1.19839	854476257.684181
1.1984	892503648.1773945
1.19841	895674066.9952773
1.19842	982584705.9382774
1.19843	1018919796.0528244
1.19844	1006537593.1906563
1.19845	852609171.4344378
1.19846	653747438.1465483
1.19847	882084112.640125
1.19848	1099537384.3717737
1.19849	1150773891.0912993
1.1985	1109200355.25039
1.19851	911465007.2929617
1.19852	781267934.5516036
1.19853	1020140524.48041
1.19854	1165493887.016733
1.19855	1192641727.130284
1.19856	1067628110.0588431
1.19857	841182056.4017613
1.19858	615857167.1916344
1.19859	380469633.4507312
1.1986	848261976.2900687
1.19861	1089557112.3367512
1.19862	1070212452.700757
1.19863	870622727.1516197
1.19864	958627757.4319061
1.19865	1195996751.3693984
1.19866	1189734348.0462034
1.19867	957546779.5900686
1.19868	1074904794.4627755
1.19869	1113986685.166649
1.1987	1172465304.5822976
1.19871	1327088849.046499
1.19872	1386723898.006515
1.19873	1321082683.6546698
1.19874	1291159812.1376705
1.19875	1163402519.5408506
1.19876	1045995942.8075883
1.19877	896520036.2147373
1.19878	1142431054.6521747
1.19879	1207341141.6258466
1.1988	1355095802.4160762
1.19881	1313560257.0409427
1.19882	1175926019.424446
1.1988299999999998	1291635580.6258626
1.19884	1345426569.8590648
1.19885	1387554339.5044706
1.19886	1278291791.1341574
1.19887	1309845281.6151645
1.19888	1312925247.8844044
1.19889	1334750216.5809526
1.1989	1369083700.3859653
1.19891	1234383193.3726532
1.19892	1136894066.794398
1.1989299999999998	1110861716.535668
1.19894	1145829502.1007288
1.19895	1193713210.1928055
1.19896	1229504152.9140534
1.19897	1212858119.663434
1.19898	1181843578.990909
1.19899	1339769232.209377
1.199	1243884339.2485585
1.19901	1057742610.530532
1.19902	826665855.5858755
1.1990299999999998	917846381.2855842
1.19904	800018444.8550992
1.19905	646919139.2028277
1.19906	775818265.1262412
1.19907	819256696.6192976
1.19908	556685616.1633861
1.19909	531006698.9662829
1.1991	773588491.1031435
1.19911	1065000961.8360133
1.19912	1201378899.72779
1.19913	1273708362.0046248
1.19914	1344280813.1053278
1.19915	1335365033.3271868
1.19916	1302326866.565626
1.19917	1346604309.516744
1.19918	1245632698.0308554
1.19919	1135115358.846014
1.1992	1029603475.7588435
1.19921	1053149437.1885803
1.1992200000000002	1026786145.3298494
1.19923	787952431.4513296
1.19924	635140782.8531263
1.19925	851510485.0417169
1.19926	976652351.3629426
1.19927	914934491.3336264
1.19928	600012088.1634825
1.19929	649471353.1616871
1.1993	830462449.4808543
1.19931	840291557.1873236
1.1993200000000002	981115190.7271147
1.19933	1035523597.4047053
1.19934	776247116.6286926
1.19935	454558726.8629391
1.19936	426825148.40293455
1.19937	742779655.428087
1.19938	1109762383.7961051
1.19939	1173113411.91625
1.1994	1057255614.2007381
1.19941	1164367299.3408866
1.1994200000000002	1100753309.8206437
1.19943	970398239.5880152
1.19944	1013794661.5938699
1.19945	899331903.2122475
1.19946	637558441.0101068
1.19947	774283491.9124585
1.19948	834622330.1667116
1.19949	739792629.2330911
1.1995	751294137.5599209
1.19951	836719711.0275233
1.19952	705326173.335793
1.19953	806733329.8343202
1.19954	751242241.7919117
1.19955	590785734.4904923
1.19956	796691163.1054888
1.19957	860636974.0775744
1.19958	691799111.6589192
1.19959	529517112.69096535
1.1996	777696241.3672665
1.19961	1029959149.6202533
1.19962	1147228691.7549288
1.19963	1199886038.3704126
1.19964	1221405861.9652743
1.19965	1216101992.395282
1.19966	1296761177.18501
1.19967	1307254062.0695775
1.19968	1290000860.508501
1.19969	1182932598.5888793
1.1997	1139987265.5699785
1.19971	1070853350.8879373
1.19972	978655857.934824
1.19973	879873018.1587863
1.19974	863773746.5291853
1.19975	613352302.5887157
1.19976	598232495.6967329
1.19977	763097445.9598472
1.1997799999999998	657279368.014958
1.19979	638748656.9727335
1.1998	875144968.0411843
1.19981	1030860740.0626245
1.19982	1048165835.5929989
1.19983	987733992.2503996
1.19984	1149343912.6944056
1.19985	1170954446.24387
1.19986	1138649343.2783196
1.19987	1072062240.9065101
1.1998799999999998	864808600.4710478
1.19989	671877349.0505064
1.1999	910458175.436782
1.19991	1031573079.4395119
1.19992	955520480.2767732
1.19993	934243317.3051538
1.19994	765878715.0878025
1.19995	834968323.8713844
1.19996	1069892147.461412
1.19997	1106241635.6618624
1.1999799999999998	1140827548.7625756
1.19999	1149767424.6490185
1.2	982335864.1148654
1.20001	986506611.0230967
1.20002	1077134657.9479504
1.20003	1035118331.9245293
1.20004	883832566.6398826
1.20005	690510043.8281838
1.20006	873715418.9104395
1.20007	1019741279.363701
1.20008	862084824.1758709
1.20009	906901248.9671699
1.2001	985031230.3642553
1.20011	1127041738.848763
1.20012	1238825111.2043028
1.20013	1247670767.9814966
1.20014	1196327263.1440988
1.20015	1158830721.0532146
1.20016	1237599143.1264875
1.2001700000000002	1317953233.6685438
1.20018	1394023194.997891
1.20019	1392900197.6133184
1.2002	1366438216.9755392
1.20021	1344992925.47515
1.20022	1216466070.064855
1.20023	1324341535.194664
1.20024	1351450054.1175609
1.20025	1273943009.3667574
1.20026	1220197132.3526096
1.2002700000000002	1335580286.0874026
1.20028	1268819954.2156124
1.20029	1169741774.6016624
1.2003	1112397489.342989
1.20031	1275322435.876017
1.20032	1327302767.7359107
1.20033	1291546360.6824381
1.20034	1152311775.5726676
1.20035	1006444891.9214675
1.20036	760483857.7031572
1.2003700000000002	712081987.1813776
1.20038	926211139.6501037
1.20039	1002536053.9605213
1.2004	952861983.1242547
1.20041	825011495.612546
1.20042	589494829.20027
1.20043	820011607.5180345
1.20044	969370948.4523226
1.20045	1058619769.2843868
1.20046	1009415571.5327696
1.20047	877505808.7311301
1.20048	728601397.6529068
1.20049	751778670.9691018
1.2005	827065680.6243117
1.20051	663406924.0718191
1.20052	885278669.1693957
1.20053	1036334604.4310406
1.20054	934393911.672798
1.20055	750706195.3819791
1.20056	1020046570.3926443
1.20057	1187763567.6442509
1.20058	1229560774.9765034
1.20059	1368138297.4382946
1.2006	1353411928.8609169
1.20061	1350641220.780083
1.20062	1360066050.3742225
1.20063	1272887436.5397556
1.20064	1090184492.3851266
1.20065	988188965.3170578
1.20066	731492706.0628176
1.20067	581031931.0119077
1.20068	917740716.3984971
1.20069	1091264431.2280195
1.2007	1125226625.3953981
1.20071	1022115560.6000699
1.20072	797003080.5131996
1.20073	773250126.9919275
1.20074	862243640.6961683
1.20075	719366153.1469759
1.20076	801936535.5203652
1.20077	930850636.3946763
1.20078	765896350.299958
1.20079	875467442.7607932
1.2008	1103138393.5353987
1.20081	1215458121.8920646
1.20082	1346356278.6811929
1.2008299999999998	1401941849.1658258
1.20084	1314195573.3258848
1.20085	1397622874.472567
1.20086	1345953326.0067039
1.20087	1341590579.372933
1.20088	1417457349.228673
1.20089	1353006864.491957
1.2009	1256984724.6253042
1.20091	1240852042.7686687
1.20092	1314014023.0390394
1.2009299999999998	1270135340.2357984
1.20094	1257998142.9309466
1.20095	1407051521.0759099
1.20096	1365463199.5179775
1.20097	1361946349.6277056
1.20098	1331128555.304258
1.20099	1353131486.7684135
1.2009999999999998	1354378341.0340002
1.20101	1329658150.3809462
1.20102	1235662878.7927372
1.2010299999999998	1047900385.1985537
1.20104	853669961.579736
1.20105	779381333.4071988
1.20106	944930789.0342996
1.20107	1040614804.0802852
1.20108	1186287625.0151231
1.20109	1291011170.4275346
1.2011	1217727180.7979245
1.20111	1095973365.5238054
1.20112	977237220.9558109
1.20113	747136579.8284317
1.20114	847285940.5584285
1.20115	946215373.7008103
1.20116	853630649.5303769
1.20117	653220792.2013158
1.20118	582049606.5521246
1.20119	632426413.3648857
1.2012	636590275.3690437
1.20121	795444713.7258952
1.2012200000000002	981137781.999331
1.20123	1157950514.4160395
1.20124	1225631741.995961
1.20125	1288724247.8042266
1.20126	1241080637.2156534
1.20127	1186970703.6524358
1.20128	1135063086.0555687
1.20129	1053586021.5719312
1.2013	833815568.9802048
1.20131	688699868.402692
1.2013200000000002	903212626.0885212
1.20133	961213806.0283145
1.20134	844986946.6020433
1.20135	576859434.6549003
1.20136	664461771.9293053
1.20137	751761360.8247834
1.20138	705342414.2580965
1.20139	705342414.2580965
1.2014	920725136.7445453
1.20141	1008788214.9492693
1.2014200000000002	996001517.243542
1.20143	801308961.9913126
1.20144	870342116.7752559
1.20145	1079046101.4718904
1.20146	1247986823.4980097
1.20147	1362856092.5691907
1.20148	1378668967.0165615
1.20149	1389344672.2117653
1.2015	1387873872.4844382
1.20151	1274207039.32007
1.20152	1292915077.3019972
1.20153	1307434678.3687856
1.20154	1271422813.9878314
1.20155	1199554543.4056122
1.20156	1129327750.4767866
1.20157	1115783667.368705
1.20158	898731575.0811554
1.20159	970174822.8587303
1.2016	1070335672.5557221
1.20161	913460978.9987029
1.20162	1000322413.8772043
1.20163	1207424544.6779008
1.20164	1169634042.3640766
1.20165	1081085394.3643534
1.20166	1216522091.6875699
1.20167	1184268015.254376
1.20168	1136894066.794398
1.20169	1011206843.2581141
1.2017	826913343.5269358
1.20171	635755315.5515263
1.20172	663009879.7009461
1.20173	671305182.5513432
1.20174	904607116.506634
1.20175	1171170163.8917859
1.20176	1260172505.7145052
1.20177	1296761177.18501
1.2017799999999998	1330178732.9386735
1.20179	1269813675.55678
1.2018	1154064282.1880965
1.20181	1189871329.1600401
1.20182	1201987634.8698866
1.20183	1169499391.0198698
1.20184	1237542150.892033
1.20185	1343259745.1681175
1.20186	1333674968.3299506
1.20187	1219101877.1865535
1.2018799999999998	1117043279.3755689
1.20189	1009415571.5327696
1.2019	848848137.334079
1.20191	723935710.2423041
1.20192	749566208.9930441
1.20193	911318108.3302348
1.20194	811764397.4285351
1.20195	638616301.1052217
1.20196	642096052.5675952
1.20197	697910930.1999335
1.2019799999999998	985439576.2619069
1.20199	1137653480.9613106
1.202	1144985534.6901882
1.20201	1225123865.4036949
1.20202	1243340269.8579905
1.20203	1335457280.2618265
1.20204	1295179613.86104
1.20205	1387969746.7264678
1.20206	1420005413.3327498
1.20207	1351014468.3046758
1.20208	1252593056.6527367
1.20209	1175086941.3135624
1.2021	1101463220.5296595
1.20211	1017185123.683216
1.20212	945474891.5117408
1.20213	1014191578.5140473
1.20214	914639598.8343217
1.20215	617106328.2447466
1.20216	521242717.1226997
1.2021700000000002	871324648.9743109
1.20218	977057223.7860873
1.20219	934566049.2461287
1.2022	1009345845.9836016
1.20221	1079046101.4718904
1.20222	1103570289.9640136
1.20223	1166863351.866853
1.20224	1179016817.7245755
1.20225	1225716408.5615673
1.20226	1240566358.9188714
1.2022700000000002	1153028388.2054653
1.20228	832300201.9298222
1.20229	896024737.8023213
1.2023	968322448.1311605
1.20231	971851702.9401699
1.20232	869941401.6936141
1.20233	769325273.6711941
1.20234	546499790.7522825
1.20235	723635726.1696506
1.20236	880866309.8250875
1.2023700000000002	1024802084.2291584
1.20238	1062306894.2296088
1.20239	971695071.5764383
1.2024	699358729.2116919
1.20241	756850321.9430264
1.20242	1054119870.4989414
1.20243	1169957268.8466358
1.20244	1217278636.1553626
1.20245	1187025366.9320586
1.20246	1013701291.9547603
1.20247	1109404696.3265736
1.20248	1214786620.471223
1.20249	1224165117.0817485
1.2025	1291576099.978792
1.20251	1256579585.9289892
1.20252	1283453090.2794652
1.20253	1248532926.159492
1.20254	1035833613.3577162
1.20255	784566932.9121972
1.20256	863058034.689009
1.20257	1093805241.0544126
1.20258	1153426698.8840945
1.20259	1063089919.3173145
1.2026	1053586021.5719312
1.20261	1177822916.5381887
1.20262	1142799390.2779438
1.20263	1226252765.9816418
1.20264	1160593142.0818448
1.20265	1271832738.3468552
1.20266	1411269643.7221684
1.20267	1477304429.4901862
1.20268	1444042582.266393
1.20269	1512794719.8173509
1.2027	1466695636.71781
1.20271	1333030235.1993642
1.20272	1055504283.2017274
1.20273	1124423723.6689656
1.20274	1145512941.4455335
1.20275	1257332090.3281214
1.20276	1391425633.905825
1.20277	1443710117.4519315
1.20278	1395725457.706767
1.20279	1389696616.057257
1.2028	1417881708.8396711
1.20281	1383598237.1317525
1.20282	1179750037.9899356
1.2028299999999998	1131357864.1195614
1.20284	1028702984.9193922
1.20285	1129405764.3685575
1.20286	1192147520.921833
1.20287	1171925488.662567
1.20288	1025321348.4200813
1.20289	816469564.1274887
1.2029	611716225.3338262
1.20291	597379066.6599222
1.20292	723369178.0189168
1.2029299999999998	718852851.814373
1.20294	786538526.0623465
1.20295	1031834393.8589972
1.20296	1027282760.5066401
1.20297	874037366.8676617
1.20298	632499228.3379632
1.20299	801678063.3876789
1.203	1027945287.7290107
1.20301	1093326815.5833917
1.20302	1002997845.1983328
1.2030299999999998	947807192.3921859
1.20304	854220520.4036647
1.20305	959135575.9453199
1.20306	851706575.1514968
1.20307	793067220.9655683
1.20308	599639177.794052
1.20309	776586792.1832557
1.2031	910374323.001486
1.20311	1090109187.7092674
1.20312	1241137792.4071774
1.20313	1188255956.4795198
1.20314	1100930744.591173
1.20315	864709041.43265
1.20316	1031098131.8496164
1.20317	1277703251.536258
1.20318	1369903578.0275073
1.20319	1377431466.7238884
1.2032	1342054028.3734765
1.20321	1421804878.346296
1.2032200000000002	1372144976.5730553
1.20323	1301307701.2932768
1.20324	1068341256.4595972
1.20325	1157230842.6583722
1.20326	1270340078.3643374
1.20327	1221743395.5067422
1.20328	1063285765.754944
1.20329	644807380.821429
1.2033	591425437.7562245
1.20331	1000875365.2440519
1.2033200000000002	1095418320.294523
1.20333	1159738300.4260724
1.20334	1101818347.5571883
1.20335	1120856462.0776472
1.20336	1062037862.5797311
1.20337	876253972.7935501
1.20338	706512743.9807386
1.20339	781124032.9338629
1.2034	930293528.8459103
1.20341	1005842541.7432756
1.2034200000000002	1078176843.3748028
1.20343	1194840679.0678098
1.20344	1218372253.3006787
1.20345	1207507953.4914274
1.20346	1072062240.9065101
1.20347	814179194.0449526
1.20348	710215260.8018671
1.20349	827503806.1231552
1.2035	987324695.5939404
1.20351	987438372.093861
1.20352	1017278814.2098627
1.20353	1159578087.726085
1.20354	1121037137.3546329
1.20355	944669731.0765996
1.20356	784982545.3440888
1.20357	900326431.0597217
1.20358	981182966.1043439
1.20359	915714307.8440253
1.2036	714315378.2472714
1.20361	709773858.6359682
1.20362	805359896.8886359
1.20363	864231317.569127
1.20364	917106982.4797957
1.20365	848086206.918934
1.20366	777302384.5435666
1.20367	874399700.1238599
1.20368	1144405667.7165706
1.20369	1199471683.9752102
1.2037	1095140903.1002822
1.20371	923931980.8994381
1.20372	941911284.5819749
1.20373	1036811964.0610275
1.20374	1181925220.6728995
1.20375	1136135159.5567758
1.20376	804655529.4047606
1.20377	608373095.915536
1.20378	1087627049.4010684
1.20379	1262815779.5704505
1.2038	1379907579.0937498
1.20381	1344249860.2520778
1.20382	1300978142.142541
1.20383	1298793181.5932314
1.20384	1394793773.5837533
1.20385	1433111562.6574712
1.20386	1452078181.8670444
1.20387	1470042869.970572
1.2038799999999998	1404947189.916855
1.20389	1309965928.3798518
1.2039	1293778709.2400956
1.20391	1172978360.0178778
1.20392	945714395.8448193
1.20393	907130981.9624641
1.20394	1092169388.7659848
1.20395	1093704502.5079572
1.20396	1173545682.4912884
1.20397	1263950307.8098323
1.2039799999999998	1247038897.0535405
1.20399	1127145548.0095608
1.204	1149767424.6490185
1.20401	1272184207.274335
1.20402	1319927265.202035
1.20403	1427414157.83332
1.20404	1363672240.7993026
1.20405	1219466852.964233
1.20406	1122561129.517812
1.20407	1096907484.9973722
1.2040799999999998	1308820232.6374884
1.20409	1294195841.449986
1.2041	1195088314.736274
1.20411	1269930635.1044931
1.20412	1186588131.1724198
1.20413	1095594895.0970297
1.20414	949423550.0345484
1.20415	767661923.7303959
1.20416	931815649.52355
1.20417	1142641517.613233
1.20418	1208926785.2132993
1.20419	1352010299.3853893
1.2042	1240994909.3633873
1.20421	1187982381.931958
1.20422	1181680312.5447829
1.20423	1109072661.191035
1.20424	1242224241.2937355
1.20425	1340695031.7310348
1.20426	1359064285.7830787
1.2042700000000002	1368075293.792044
1.20428	1339460774.4570382
1.20429	1155127704.3219225
1.2043	1147255107.9758935
1.20431	1265639440.295935
1.20432	1165896503.8697348
1.20433	1224306062.4125555
1.20434	1275439902.8226721
1.20435	1313318312.5842097
1.20436	1359815540.0227444
1.2043700000000002	1296522326.9481485
1.20438	1207646980.9850085
1.20439	1109123737.050628
1.2044	1190200148.1841898
1.20441	1316709594.013736
1.20442	1315497417.973929
1.20443	1217699141.916198
1.20444	997217749.6899401
1.20445	749738822.8630912
1.20446	931236521.6610327
1.2044700000000002	974361241.2606623
1.20448	932008772.1676797
1.20449	1240852042.7686687
1.2045	1384809390.9402695
1.20451	1394601089.0131884
1.20452	1371671136.3218071
1.20453	1406759964.2598245
1.20454	1381624417.72318
1.20455	1165467050.837196
1.20456	1094611483.5343044
1.20457	1260811031.4032
1.20458	1360817858.3624573
1.20459	1399748465.2938278
1.2046	1341158171.366958
1.20461	1311022061.7007961
1.20462	1347348676.2161407
1.20463	1281887757.84097
1.20464	1128807795.5613456
1.20465	869560893.2545937
1.20466	825239486.20972
1.20467	923676724.3253204
1.20468	888362054.8752698
1.20469	1178012774.4628026
1.2047	1261101377.2978218
1.20471	1257216291.0958345
1.20472	1189049678.9850993
1.20473	1116323327.0687854
1.20474	977619825.0498377
1.20475	939939714.7667817
1.20476	785669691.7814707
1.20477	839382672.9578266
1.20478	982946770.212328
1.20479	1047779748.1528186
1.2048	1232310077.3894634
1.20481	1274441778.5504198
1.20482	1228711717.770815
1.2048299999999998	1331649713.5491693
1.20484	1341096410.1728153
1.20485	1260578802.818019
1.20486	1207090967.0345767
1.20487	1067357730.7988856
1.20488	962631347.2665633
1.20489	756798042.3806534
1.2049	643176251.1424034
1.20491	889590220.6015925
1.20492	964961530.610135
1.2049299999999998	891250938.133744
1.20494	764328405.492021
1.20495	612237603.0026238
1.20496	701164629.7677313
1.20497	704693068.9671482
1.20498	856406589.0010188
1.20499	988735209.639384
1.205	1095721037.3818939
1.20501	1002928562.9546831
1.20502	739486074.3792633
1.2050299999999998	518943408.4835916
1.20504	595566141.8719863
1.20505	815755480.1325357
1.20506	1046020028.03153
1.20507	1125485748.2322595
1.20508	1259244318.296982
1.20509	1300708564.9172306
1.2051	1269667491.269975
1.20511	1284280829.8694167
1.20512	1343445336.1799138
1.20513	1359032992.5317035
1.20514	1426691257.5846055
1.20515	1435456380.3684912
1.20516	1476998315.4855466
1.20517	1358720099.6452632
1.20518	1190172743.1285107
1.20519	1363923461.6467602
1.2052	1428762358.574466
1.20521	1414620671.4021664
1.2052200000000002	1329198982.0257006
1.20523	1324372029.6365116
1.20524	1208815444.0690606
1.20525	1127171501.7937276
1.20526	952993634.9661127
1.20527	1076217376.8887868
1.20528	1087827416.161419
1.20529	1134096473.5135689
1.2053	1094762720.146194
1.20531	982019247.4817953
1.2053200000000002	1057158241.8442992
1.20533	1098980534.1792314
1.20534	1184868080.3618195
1.20535	1265668583.0565393
1.20536	1221265250.513163
1.20537	1238653973.0123508
1.20538	1285138694.366192
1.20539	1221687133.439632
1.2054	1079692289.7016873
1.20541	915208405.2154387
1.2054200000000002	703250419.6605631
1.20543	762254505.4061048
1.20544	707180049.2612956
1.20545	833258974.7568557
1.20546	818276351.3481799
1.20547	1020774940.9660904
1.20548	1262089053.5617652
1.20549	1318469233.5630672
1.2055	1268177372.4845555
1.20551	1198312252.7403042
1.20552	1102351252.793548
1.20553	1196630312.5067794
1.20554	1284961158.1582375
1.20555	1171062300.1007476
1.20556	1225152075.2479713
1.20557	1166567841.0550153
1.20558	1172141385.1995869
1.20559	1017114861.4509356
1.2056	793797999.3540894
1.20561	943430690.3673828
1.20562	969728143.7013557
1.20563	827218045.7857988
1.20564	994443240.2966679
1.20565	1072679547.1981641
1.20566	1241680898.0225127
1.20567	1396496977.2577407
1.20568	1403912367.8603039
1.20569	1458075457.7450554
1.2057	1483405893.1235485
1.20571	1354939800.2267401
1.20572	1362322721.3064358
1.20573	1409743172.6874714
1.20574	1440124371.1755712
1.20575	1500306531.6795814
1.20576	1448771853.5447598
1.20577	1332999541.3972561
1.20578	1198588206.1023855
1.20579	1275704243.0133393
1.2058	1403621461.5118833
1.20581	1475230898.362183
1.20582	1382292653.9061346
1.20583	1423639403.8164866
1.20584	1360504554.5427775
1.20585	1382133520.7438002
1.20586	1390560856.2498286
1.20587	1376195077.2177856
1.2058799999999998	1446072276.2267187
1.20589	1461201132.033076
1.2059	1431001206.7617776
1.20591	1474653547.7736564
1.20592	1491660535.9912672
1.20593	1462412868.5664744
1.20594	1418436832.3398905
1.20595	1370818636.1801038
1.20596	1350547925.0122113
1.20597	1450507571.1091387
1.2059799999999998	1360692528.1776154
1.20599	1277879784.9580932
1.206	1293034164.6654296
1.20601	1367130587.1864345
1.20602	1445872507.7585568
1.20603	1431034157.1615975
1.20604	1499857503.0390458
1.20605	1613726756.8391678
1.20606	1615771710.1985707
1.20607	1603688444.9698784
1.2060799999999998	1522825007.1840365
1.20609	1519847452.9284818
1.2061	1460427492.7215154
1.20611	1370629263.6683846
1.20612	1437407809.2742536
1.20613	1497959253.0448751
1.20614	1460292988.572795
1.20615	1541593959.7333221
1.20616	1530206350.5192022
1.20617	1442082145.9740527
1.20618	1264969341.974902
1.20619	1274207039.32007
1.2062	1317285768.8580143
1.20621	1390752982.6030498
1.20622	1294911238.1556592
1.20623	1078797670.527868
1.20624	1339121552.9532936
1.20625	1415891582.9046125
1.20626	1432253855.4823735
1.2062700000000002	1537304859.4608676
1.20628	1531827987.1302214
1.20629	1449873125.6504035
1.2063	1413253273.2268867
1.20631	1260752970.2464
1.20632	1061328923.863208
1.20633	1133417724.7629962
1.20634	1087677137.631
1.20635	1278291791.1341574
1.20636	1289258490.0125682
1.2063700000000002	1060254196.3086069
1.20638	1115989221.2474964
1.20639	1242424480.3220696
1.2064	1129041745.6418195
1.20641	1061035708.3552287
1.20642	1212662645.785355
1.20643	1392098610.5429971
1.20644	1411172160.0358634
1.20645	1316467069.4811168
1.20646	1339460774.4570382
1.2064700000000002	1321173943.9654744
1.20648	1165735440.4412675
1.20649	1084800807.995512
1.2065	1132921972.9705555
1.20651	940177816.9485958
1.20652	796397705.2943938
1.20653	1055407072.1414064
1.20654	1103799009.4671576
1.20655	1257418946.7518475
1.20656	1329535689.979108
1.20657	1328739972.234202
1.20658	1207674788.404516
1.20659	1071790738.6927814
1.2066	1057036539.0097818
1.20661	900471558.2306067
1.20662	675585002.528649
1.20663	695360472.9079193
1.20664	1109583525.6482348
1.20665	1248734182.1096444
1.20666	1271891309.7575812
1.20667	1170469226.7986813
1.20668	1013094598.87226
1.20669	830366844.4616008
1.2067	807569670.514935
1.20671	867980563.0533386
1.20672	1139593595.905645
1.20673	1219775763.9654214
1.20674	1235662878.7927372
1.20675	1160967333.4166405
1.20676	1005888863.5707154
1.20677	1010159610.4924377
1.20678	1111578146.4766624
1.20679	1092219686.1831868
1.2068	1055285570.9061466
1.20681	1219803850.6636882
1.20682	1323457501.7517145
1.2068299999999998	1285523440.303497
1.20684	1290713938.3413653
1.20685	1265872601.1708539
1.20686	1325806060.7292454
1.20687	1364865952.0831769
1.20688	1340602422.9978325
1.20689	1194538082.9338846
1.2069	1169741774.6016624
1.20691	1109864601.3961957
1.20692	967119188.139976
1.2069299999999998	823739705.2358459
1.20694	682810199.8468739
1.20695	450111387.0637366
1.20696	565418481.6135732
1.20697	834814531.1873945
1.20698	992567383.8264374
1.20699	936375409.485409
1.207	851196834.7658802
1.20701	865167107.9308795
1.20702	967497830.86137
1.2070299999999998	1140302299.2135465
1.20704	1167723445.3891668
1.20705	1103773593.8483193
1.20706	1113961034.9706097
1.20707	1226789358.1046865
1.20708	1196492553.2810204
1.20709	1195941674.9517677
1.2071	1075399920.4122105
1.20711	993207522.0017316
1.20712	1039584989.2020056
1.20713	1104383730.2492855
1.20714	1251814564.1044743
1.20715	1161020799.1692355
1.20716	1016038114.7725894
1.20717	1106802165.0330913
1.20718	1247383514.242943
1.20719	1254960336.5252929
1.2072	1147677850.2446365
1.20721	1065148107.320553
1.2072200000000002	1191982831.0318468
1.20723	1169930329.8951173
1.20724	1068907194.0349156
1.20725	1032024482.2857512
1.20726	971806948.5458078
1.20727	884524771.4563111
1.20728	867021765.4314471
1.20729	763923728.4845487
1.2073	883954681.0566113
1.20731	1066841742.3402475
1.2073200000000002	1048914284.901983
1.20733	1138518258.9740846
1.20734	1272535773.3296914
1.20735	1282684952.6458585
1.20736	1174843450.1534295
1.20737	1382547305.0763788
1.20738	1456163027.62284
1.20739	1412244851.041218
1.2074	1349304597.0659835
1.20741	1278645045.0104704
1.2074200000000002	1383630096.0252938
1.20743	1308729825.6613564
1.20744	1339553304.325229
1.20745	1394440538.871458
1.20746	1294195841.449986
1.20747	1193465859.461386
1.20748	1193823160.3058422
1.20749	1271247172.5678835
1.2075	1318347803.6510954
1.20751	1421772140.4560275
1.20752	1423147781.0912573
1.20753	1305298984.0824473
1.20754	1217222579.6932845
1.20755	1130316324.7386975
1.20756	968233266.4448203
1.20757	715896105.7522088
1.20758	806956269.2898432
1.20759	1063996011.5883732
1.2076	1012418331.0950488
1.20761	891497233.8941069
1.20762	1011928901.7696363
1.20763	1160726767.9972274
1.20764	1193548304.0097988
1.20765	1087501838.9173677
1.20766	898338473.9503587
1.20767	929437091.3058666
1.20768	1013234572.7323617
1.20769	1127794571.9298582
1.2077	1059448864.8967547
1.20771	850804934.3826183
1.20772	829888984.434526
1.20773	1095771498.3623297
1.20774	1222137302.5318365
1.20775	1346604309.516744
1.20776	1343445336.1799138
1.20777	1229702341.5411427
1.20778	1081409050.6476634
1.20779	1176007252.321784
1.2078	1197788116.3744965
1.20781	1196795644.5144145
1.20782	1103341617.8541095
1.20783	1037552306.0676953
1.20784	1049808295.0033703
1.20785	1194813167.1611884
1.20786	1315194548.3699698
1.20787	1382197171.8102398
1.2078799999999998	1441484576.7850688
1.20789	1457840462.686989
1.2079	1439461322.0781624
1.20791	1532498294.961165
1.20792	1450373980.5768833
1.20793	1485490914.7281456
1.20794	1457605505.502592
1.20795	1342115833.6685774
1.20796	1361256604.9243407
1.20797	1296731318.4992158
1.2079799999999998	1273825680.2827358
1.20799	1295537534.6599462
1.208	1192037725.13378
1.20801	1217082449.83162
1.20802	1164286870.4752445
1.20803	1043277881.4599649
1.20804	1184513459.6945732
1.20805	1321113103.0578234
1.20806	1397815976.5470605
1.20807	1420528659.039724
1.2080799999999998	1331005959.4793634
1.20809	1309694488.7846856
1.2081	1210598133.5504827
1.20811	1112448718.3200977
1.20812	1092119093.6650114
1.20813	914513245.4323633
1.20814	555981063.5872297
1.20815	776372242.9651575
1.20816	933469215.2830856
1.20817	972724825.702266
1.20818	1157683917.1510706
1.20819	1259824355.2843313
1.2082	1219326464.7359328
1.20821	1124579079.2785668
1.20822	1176901184.6409745
1.20823	1329688767.243791
1.20824	1364677401.9083507
1.20825	1298912810.3750093
1.20826	1125122992.9657657
1.2082700000000002	1182823651.487454
1.20828	1192861440.0909448
1.20829	1009880531.6351007
1.2083	883445982.2680697
1.20831	724636156.7850139
1.20832	732942660.0177537
1.20833	1039441375.1488004
1.20834	1065050008.072109
1.20835	949817134.7248973
1.20836	1204730762.2646394
1.2083700000000002	1328097624.8089418
1.20838	1281917274.7372196
1.20839	1292379319.8790705
1.2084	1429519223.7615235
1.20841	1433342571.566541
1.20842	1302296879.7265732
1.20843	1326538930.7152472
1.20844	1411854687.2738144
1.20845	1442480663.0509515
1.20846	1393638065.364593
1.2084700000000002	1264037621.4196162
1.20848	1305930304.7217965
1.20849	1189433045.1022894
1.2085	1121940950.6898658
1.20851	1225462426.4094212
1.20852	1397204578.1537454
1.20853	1499615774.0536528
1.20854	1368138297.4382946
1.20855	1401812731.4958794
1.20856	1460898354.8118198
1.20857	1405303086.1365778
1.20858	1357469248.3132188
1.20859	1293778709.2400956
1.2086	1415076764.7376065
1.20861	1435621652.9053142
1.20862	1486380502.9887881
1.20863	1505913407.7254422
1.20864	1474823333.310931
1.20865	1437805034.605739
1.20866	1387426546.9121122
1.20867	1323183266.5516133
1.20868	1144590138.9829586
1.20869	973150477.3247064
1.2087	982607331.0477256
1.20871	1177768677.03731
1.20872	1262437829.8376632
1.20873	1266922356.7752259
1.20874	1204897213.468071
1.20875	1073371352.2475824
1.20876	947436255.8554412
1.20877	1057572136.303792
1.20878	1064878356.1269636
1.20879	1006746202.2664024
1.2088	1055164083.6584283
1.20881	1244428646.7167544
1.20882	1218091745.0178115
1.2088299999999998	1304277492.9124784
1.20884	1292915077.3019972
1.20885	1309423105.4348402
1.20886	1279469683.739588
1.20887	1175141057.313103
1.20888	1051719678.5351504
1.20889	961656563.2853025
1.2089	927662497.9663618
1.20891	1037002969.4745481
1.20892	988097953.9411263
1.2089299999999998	1061646665.4372427
1.20894	917677323.30526
1.20895	768493148.6752776
1.20896	821920854.7091978
1.20897	924080913.1420656
1.20898	1001636172.4879754
1.20899	916790279.6456057
1.209	693074627.1489074
1.20901	688240142.7959335
1.20902	667175362.088624
1.2090299999999998	667544158.7118689
1.20904	634643739.1035461
1.20905	638160618.5617143
1.20906	752627356.4877678
1.20907	824992499.2395345
1.20908	762149203.3286102
1.20909	881150313.3473369
1.2091	918522924.7092466
1.20911	896932994.0286804
1.20912	942887764.2880851
1.20913	1049349113.5977896
1.20914	1143141522.5508974
1.20915	1139829781.387813
1.20916	1223094462.698909
1.20917	1246349948.2727199
1.20918	1066694362.8875453
1.20919	1071568651.6614237
1.2092	970286524.7929225
1.20921	833681184.619633
1.2092200000000002	645847525.5579113
1.20923	686815361.2682682
1.20924	851961559.8049061
1.20925	921000784.2348008
1.20926	769697365.3755198
1.20927	772164800.1113987
1.20928	1087501838.9173677
1.20929	1217082449.83162
1.2093	1269053701.0168061
1.20931	1224108743.4928114
1.2093200000000002	1106216163.8001204
1.20933	887769049.4117346
1.20934	781735797.91994
1.20935	981747943.0199863
1.20936	1147624998.9433987
1.20937	1227891519.7921312
1.20938	1260840062.9842956
1.20939	1252708430.0497856
1.2094	1056379585.7682768
1.20941	1118948246.3941364
1.2094200000000002	1335088330.7533321
1.20943	1454320078.2405908
1.20944	1463254943.4295886
1.20945	1426756960.6579072
1.20946	1368453359.1946106
1.20947	1296492473.762015
1.20948	1334104963.64742
1.20949	1216129994.5008585
1.2095	1188173877.5009015
1.20951	1129613827.761475
1.2095200000000002	992041864.6965467
1.20953	1147123032.9534152
1.20954	1278262357.7167966
1.20955	1234781175.6439846
1.20956	1295179613.86104
1.20957	1355532704.1077163
1.20958	1343136032.0707932
1.20959	1108919447.7242892
1.2096	1234440040.1283882
1.20961	1360034734.0566366
1.20962	1373725626.5779915
1.20963	1400103044.5911393
1.20964	1472685463.3935518
1.20965	1497855781.25933
1.20966	1452713592.2294517
1.20967	1415630790.0570898
1.20968	1450774789.0889113
1.20969	1392836053.6656802
1.2097	1102021328.692051
1.20971	915060902.9368774
1.20972	1127976365.5881546
1.20973	1169903391.563879
1.20974	1146040591.1366038
1.20975	1108817317.17206
1.20976	1209205182.943207
1.20977	1086250526.6074061
1.20978	1143536417.8373222
1.20979	1218484474.7001133
1.2098	1118407317.7398596
1.20981	1218119792.9396627
1.20982	1192257326.822918
1.20983	976427494.7369838
1.20984	832127740.0169022
1.20985	1034570284.0096103
1.20986	997746010.6663944
1.20987	1127898450.4323387
1.2098799999999998	1345147782.42228
1.20989	1389728615.3727794
1.2099	1349366736.2698007
1.20991	1453048130.4092956
1.20992	1381910765.093372
1.20993	1400393221.7331135
1.20994	1243197133.259209
1.20995	1350236985.6598508
1.20996	1470313686.8168378
1.20997	1390336742.3828592
1.2099799999999998	1404041678.9228122
1.20999	1452145054.078334
1.21	1452412573.721394
1.21001	1447738087.1939125
1.21002	1461537624.7661948
1.21003	1514990815.5914106
1.21004	1407537583.3896904
1.21005	1357750589.4247286
1.21006	1477780732.939109
1.21007	1481119159.726932
1.2100799999999998	1510149697.5264733
1.21009	1514502518.9622364
1.2101	1522123881.804351
1.21011	1478665703.9468694
1.21012	1426428475.546706
1.21013	1370471473.2261796
1.21014	1240452103.7963974
1.21015	1232111468.4788928
1.21016	1242767822.3248453
1.21017	1366532610.4438
1.21018	1430375293.298685
1.21019	1378129407.1819851
1.2102	1306501762.690501
1.21021	1317043138.1998415
1.21022	1204869470.0038586
1.21023	989555142.329766
1.21024	1094989614.2440958
1.21025	1241680898.0225127
1.21026	1316618642.0786495
1.2102700000000002	1307043374.5893106
1.21028	1352788803.1255186
1.21029	1295656863.5717454
1.2103	1305028511.5303495
1.21031	1305689765.6247787
1.21032	1175926019.424446
1.21033	1090109187.7092674
1.21034	1067972328.1772195
1.21035	1162438539.1449742
1.21036	1223066300.2323725
1.2103700000000002	1221462111.0790565
1.21038	1181734732.1872814
1.21039	1058156733.7797627
1.2104	1211825257.3630602
1.21041	1235520626.035388
1.21042	1176278069.1763744
1.21043	990831944.8927684
1.21044	807923052.4081545
1.21045	989441222.141694
1.21046	1134044247.6434422
1.2104700000000002	1168826366.7843955
1.21048	1035332864.4764891
1.21049	842267416.2363195
1.2105	681537881.556366
1.21051	785398377.9403619
1.21052	714266036.793234
1.21053	767078835.0116575
1.21054	998412477.7345332
1.21055	1161983603.869798
1.21056	1304968414.1302242
1.21057	1352383925.2526488
1.21058	1370155946.8354301
1.21059	1419384309.3800282
1.2106	1412830298.8662472
1.21061	1316376134.2984526
1.21062	1263659306.000235
1.21063	1343476270.5080993
1.21064	1431660358.9348726
1.21065	1418110262.7884936
1.21066	1353536588.446899
1.21067	1234610596.1037855
1.21068	1049735779.3200833
1.21069	880521571.463821
1.2107	863415816.4496646
1.21071	1107771021.180403
1.21072	1212941903.8279927
1.21073	1226874104.6383429
1.21074	1157737231.6932774
1.21075	1214339158.9715812
1.21076	1306622101.4915276
1.21077	1249856059.2796988
1.21078	1132191786.59111
1.21079	953915707.3095436
1.2108	852569908.2351488
1.21081	1094157899.0430877
1.21082	1202181388.000823
1.21083	1185168226.9251196
1.21084	1208982459.6311262
1.21085	1119386332.634503
1.21086	904273908.3117844
1.21087	747807815.9360284
1.21088	709773858.6359682
1.21089	773428194.9135243
1.2109	750084169.8635054
1.21091	916199393.6084588
1.21092	1098423965.9981394
1.2109299999999998	1047128548.0508984
1.21094	872890968.4563444
1.21095	955696509.8663158
1.21096	908343264.1236492
1.21097	987461108.9643852
1.21098	883486667.3958554
1.21099	1038078030.7583901
1.2109999999999999	1176630224.3252585
1.21101	1123802515.8178089
1.21102	967765197.3276542
1.2110299999999998	1162277953.4189944
1.21104	1315073420.0537612
1.21105	1315951853.1592615
1.21106	1323274671.970556
1.21107	1263397461.655266
1.21108	1197567495.9701078
1.21109	1064878356.1269636
1.2111	1071815417.8706863
1.21111	1200494017.0840614
1.21112	1282891713.6959536
1.2111299999999998	1290654500.1365185
1.21114	1321052264.9519405
1.21115	1284310401.8688152
1.21116	1139173831.437707
1.21117	1053658803.2297171
1.21118	1162197668.8752706
1.21119	1095569668.3827307
1.2112	886074013.7209475
1.21121	580777790.2701751
1.21122	734902965.7371889
1.21123	989258977.1189154
1.21124	1036668733.0889363
1.21125	984963189.1675293
1.21126	760501368.6927005
1.21127	779435173.0219347
1.21128	830730202.099064
1.21129	897904193.7918533
1.2113	755057455.1839622
1.21131	713444180.8179684
1.2113200000000002	989281755.9109024
1.21133	1152179118.4133284
1.21134	1080960936.9731688
1.21135	906880367.0346133
1.21136	763132588.7051027
1.21137	837201504.2688662
1.21138	941520975.9133601
1.21139	1090812233.6864603
1.2114	1027850614.8290877
1.21141	904669606.71079
1.2114200000000002	884321125.5474992
1.21143	843334757.7642756
1.21144	852530646.843952
1.21145	941000815.9327812
1.21146	842558375.3398246
1.21147	891271460.1812572
1.21148	952379415.2858939
1.21149	893161511.5040734
1.2115	1135298332.570848
1.21151	1274823322.0357823
1.2115200000000002	1354409527.106824
1.21153	1307284163.0532866
1.21154	1340695031.7310348
1.21155	1283128052.8497922
1.21156	1098854016.6525311
1.21157	904211445.4405613
1.21158	1035618977.0449864
1.21159	1033736854.7472652
1.2116	927683858.4306726
1.21161	1050219311.8404274
1.21162	1162518840.3280013
1.21163	1215905995.7088232
1.21164	1308247760.5805087
1.21165	1288012269.211228
1.21166	1071494632.8778667
1.21167	1041501740.372308
1.21168	1144695564.4855726
1.21169	1150932887.3625405
1.2117	1206118558.5382345
1.21171	1234610596.1037855
1.21172	1219719592.509006
1.21173	1042989652.9503171
1.21174	934609088.5942056
1.21175	944343510.0501318
1.21176	1106547343.7549918
1.21177	1200272898.280247
1.21178	1217839342.7812498
1.21179	1058132369.1010607
1.2118	894272755.6254207
1.21181	697445055.9627367
1.21182	847266431.3032764
1.21183	900907080.120067
1.21184	867700804.2727798
1.21185	936569477.1586305
1.21186	906441957.5030633
1.21187	897118887.0983049
1.2118799999999998	993047448.7640461
1.21189	1117635016.1087835
1.2119	1015991325.5656207
1.21191	993390494.4403527
1.21192	956467020.6917566
1.21193	989053991.5918523
1.21194	1108383367.251848
1.21195	1217306665.3544743
1.21196	1315285401.9287505
1.21197	1339522460.3256385
1.2119799999999998	1379844033.4645293
1.21199	1398266651.815677
1.212	1395596912.561267
1.21201	1419482360.3611064
1.21202	1395500511.4714775
1.21203	1399587322.5726204
1.21204	1357375480.8982053
1.21205	1278291791.1341574
1.21206	1140958898.9489322
1.21207	901612657.4472119
1.2120799999999998	752419426.5918709
1.21209	733618036.1293954
1.2121	752124957.5706184
1.21211	941889596.5228416
1.21212	1035237511.1869401
1.21213	1155872682.801899
1.21214	1128937761.8428125
1.21215	1185495746.2545464
1.21216	1183341239.5997474
1.21217	1218540589.2759366
1.21218	1247010183.2523751
1.21219	1038986728.1871303
1.2122	1089281179.5068314
1.21221	1243912981.073677
1.21222	1287567482.3500133
1.21223	1309694488.7846856
1.21224	1303466878.241013
1.21225	1198974647.5730865
1.21226	1231260649.924977
1.2122700000000002	1324463517.1751351
1.21228	1281268059.9934444
1.21229	1181898006.152279
1.2123	991904818.5150241
1.21231	743036246.7415807
1.21232	698586196.3751775
1.21233	962808686.8468627
1.21234	1151887326.4171875
1.21235	1225490644.0494368
1.21236	1282537286.583815
1.2123700000000002	1339121552.9532936
1.21238	1294642918.0607266
1.21239	1293153262.9977136
1.2124	1341683256.3679116
1.21241	1430177693.2990613
1.21242	1405561976.3755019
1.21243	1369367448.6406643
1.21244	1374991457.4850287
1.21245	1411627141.5233836
1.21246	1458511977.6406212
1.2124700000000002	1439461322.0781624
1.21248	1276350638.5874693
1.21249	1151118410.7772255
1.2125	1250460564.4053967
1.21251	1203095216.3757255
1.21252	1167857892.2583065
1.21253	1062282433.9910313
1.21254	1116837531.349982
1.21255	1362761953.0570161
1.21256	1430803520.294986
1.21257	1407148720.1087284
1.21258	1410489962.749307
1.21259	1326050305.7260823
1.2126	1157817208.1102688
1.21261	1182034085.021978
1.21262	1192120071.0267608
1.21263	1363075776.7217538
1.21264	1346697332.8598988
1.21265	1504423123.3026226
1.21266	1480232720.3431644
1.21267	1380384264.6028864
1.21268	1350361352.8092902
1.21269	1337057240.0154374
1.2127	1366564076.382247
1.21271	1410165222.8216035
1.21272	1434101863.0519614
1.21273	1283926018.9833179
1.21274	1396175458.9630992
1.21275	1310267593.9109476
1.21276	1298613759.0784519
1.21277	1187845618.2786894
1.21278	1245517976.3027933
1.21279	1296462621.263275
1.2128	1381020101.4445467
1.21281	1367949295.2034786
1.21282	1259099350.7823508
1.21283	1134932414.6106884
1.21284	1307615319.6227806
1.21285	1354409527.106824
1.21286	1272272089.6813886
1.21287	1158217173.0743654
1.21288	1010508567.5208117
1.21289	1037815135.1235846
1.2129	1062992009.6262617
1.21291	1137548704.02869
1.21292	1068144478.8519317
1.2129299999999998	1107235495.8871956
1.21294	1107031554.355699
1.21295	929223105.1437484
1.21296	1055868904.4301707
1.21297	1153214249.4021974
1.21298	966740693.6052773
1.21299	766725663.4805173
1.213	1002374477.2623037
1.21301	1219607257.3562608
1.21302	1316921839.630058
1.2130299999999998	1306261118.3367245
1.21304	1259157335.7854118
1.21305	1192833973.7574651
1.21306	1190720964.154665
1.21307	1229702341.5411427
1.21308	1033046807.7114213
1.21309	821410026.984859
1.2131	765896350.299958
1.21311	606205678.207055
1.21312	768086266.6263615
1.2131299999999998	926445764.1581508
1.21314	827408541.7106991
1.21315	866462955.9998137
1.21316	769024188.3292209
1.21317	796746198.4821991
1.21318	910122812.029187
1.21319	1111271048.5133972
1.2132	1244228084.6809962
1.21321	1247986823.4980097
1.21322	1299780448.6348908
1.21323	1339892635.198694
1.21324	1347783080.1267855
1.21325	1228853186.5785036
1.21326	1204203818.4717624
1.21327	1141983949.5634186
1.21328	960903997.2449416
1.21329	798619665.1052527
1.2133	826456500.5678164
1.21331	816431965.1802998
1.2133200000000002	791771745.8183041
1.21333	849024064.6184409
1.21334	1056160692.1002123
1.21335	1069276445.264289
1.21336	921043198.864957
1.21337	967832050.4881582
1.21338	1032452309.2932882
1.21339	913566151.1344453
1.2134	630710411.2071887
1.21341	687179191.2878404
1.2134200000000002	699551995.8693836
1.21343	850609051.8593942
1.21344	1014752196.3826556
1.21345	1081757711.9325266
1.21346	1153453257.8210905
1.21347	1301877136.47136
1.21348	1414001922.711239
1.21349	1385957777.7667027
1.2135	1420038110.5421546
1.21351	1392547442.453473
1.2135200000000002	1342115833.6685774
1.21353	1343971316.642688
1.21354	1324890542.5929234
1.21355	1251209404.4201431
1.21356	1281179556.1882386
1.21357	1220253325.8010488
1.21358	1293599979.452426
1.21359	1162090631.4435034
1.2136	1008974057.7219553
1.21361	1049059207.7764436
1.21362	1248964228.6340902
1.21363	1205146933.3948483
1.21364	954047504.7388381
1.21365	831151130.6402004
1.21366	1102757448.8229337
1.21367	1326416757.5909328
1.21368	1373725626.5779915
1.21369	1355064600.5413556
1.2137	1229136173.0601695
1.21371	1137627285.8234286
1.21372	942670681.3506
1.21373	1084900726.4436312
1.21374	1245690062.8573534
1.21375	1375339765.425277
1.21376	1406338933.289837
1.21377	1317316100.8329675
1.21378	1262844857.3131106
1.21379	1206952003.5507824
1.2138	1325867117.7605605
1.21381	1427808621.4353304
1.21382	1531299003.8444285
1.21383	1554211077.392153
1.21384	1508724698.5200126
1.21385	1481050953.2394907
1.21386	1485969857.6135151
1.21387	1405206014.5912342
1.2138799999999998	1379399295.9892962
1.21389	1404300336.7805386
1.2139	1277203205.9331946
1.21391	1236972372.8766167
1.21392	1200521659.798592
1.21393	1273649706.9174774
1.21394	1252621899.0057926
1.21395	1329137771.5599039
1.21396	1365117392.8406332
1.21397	1498614740.3621109
1.2139799999999998	1434134884.847853
1.21399	1509245883.5703359
1.214	1567725418.9198954
1.21401	1523105547.7548425
1.21402	1526546366.9832768
1.21403	1472922851.3758733
1.21404	1483610847.3787413
1.21405	1446405285.0109625
1.21406	1318863958.026115
1.21407	1237998162.264648
1.2140799999999998	1356937985.2612514
1.21409	1381242713.5253859
1.2141	1400683459.015499
1.21411	1485319901.1108687
1.21412	1465412865.227403
1.21413	1429881344.481375
1.21414	1455056977.9311671
1.21415	1488127012.2372894
1.21416	1381656231.167327
1.21417	1438036800.0740767
1.21418	1430803520.294986
1.21419	1321417335.6162775
1.2142	1108230249.008001
1.21421	942996324.5027143
1.21422	888423422.8715643
1.21423	968880019.8063606
1.21424	1243225759.2606425
1.21425	1334412188.0367553
1.21426	1372682193.4067755
1.2142700000000002	1456196557.4016726
1.21428	1455559623.6060278
1.21429	1413058038.558359
1.2143	1289941455.1413405
1.21431	1229079570.5509107
1.21432	1395725457.706767
1.21433	1451810723.8155673
1.21434	1363640841.4470696
1.21435	1246751788.791896
1.21436	1318499592.788616
1.2143700000000002	1346883398.824788
1.21438	1275968637.9896033
1.21439	1108459934.3069146
1.2144	1040518964.3285233
1.21441	1175519939.0976536
1.21442	1295627030.3134189
1.21443	1263106587.1285462
1.21444	1405885656.2445009
1.21445	1344776155.698975
1.21446	1269492092.340077
1.2144700000000002	1332661956.2155573
1.21448	1285878692.6343975
1.21449	1232480339.0793054
1.2145	1097084299.8442194
1.21451	1178067025.205042
1.21452	1336657070.4619992
1.21453	1411497131.8461235
1.21454	1310629684.2488241
1.21455	1192998781.2452831
1.21456	1337919550.621074
1.21457	1373915426.8976068
1.21458	1248302959.076586
1.21459	1281061560.6243222
1.2146	1136475296.6865542
1.21461	1151860803.5366793
1.21462	1172465304.5822976
1.21463	1197981192.568477
1.21464	1310207255.2477179
1.21465	1341127290.4143634
1.21466	1291367939.2838154
1.21467	1377463183.6206589
1.21468	1263746599.507632
1.21469	1197429628.8533258
1.2147	1202596678.4562824
1.21471	1065393394.974628
1.21472	771240806.3089235
1.21473	602809377.8854988
1.21474	851314440.0781556
1.21475	1101437858.6937296
1.21476	1212969833.169003
1.21477	1210988447.188457
1.21478	1251295837.889102
1.21479	1257129448.6705818
1.2148	1367130587.1864345
1.21481	1125589414.0744257
1.21482	1312471857.8709948
1.21483	1307795985.8350172
1.21484	1318894326.3406348
1.21485	1222756555.895351
1.21486	1299780448.6348908
1.21487	1453851336.3943453
1.21488	1422623570.6417835
1.21489	1346573303.1636276
1.2149	1315194548.3699698
1.21491	1297358495.303189
1.21492	1315497417.973929
1.2149299999999998	1268849170.2110946
1.21494	1258287841.0594935
1.21495	1309423105.4348402
1.21496	1290505916.599228
1.21497	1399490645.8445938
1.21498	1509906309.7690194
1.21499	1520687583.7851322
1.215	1445473053.6097975
1.21501	1413090575.796706
1.21502	1430177693.2990613
1.2150299999999998	1505636033.7721984
1.21504	1426264261.3526158
1.21505	1367004675.6045613
1.21506	1141300480.213991
1.21507	1063481648.2721436
1.21508	1249539530.37495
1.21509	1366752887.2287905
1.2151	1319349934.9791892
1.21511	1230268770.8123806
1.21512	1218989598.9248672
1.2151299999999998	1182551327.6303446
1.21514	1057791322.4995006
1.21515	982946770.212328
1.21516	1191653519.502273
1.21517	1357813117.5898235
1.21518	1414229851.2620285
1.21519	1330576963.0018034
1.2152	1213919813.5073538
1.21521	1371323757.4702725
1.21522	1452880851.6905875
1.21523	1470009021.3722868
1.21524	1373852157.2108386
1.21525	1437771928.302499
1.21526	1418306195.495817
1.21527	1329015359.0845194
1.21528	1181462659.034238
1.21529	1113730209.782097
1.2153	1154330045.9053526
1.21531	1100854697.6161435
1.2153200000000002	1138832886.6600473
1.21533	1085925421.312625
1.21534	1156511618.1801238
1.21535	1334197123.5365288
1.21536	1338443367.6499069
1.21537	1281002566.917656
1.21538	1221405861.9652743
1.21539	1297866432.026304
1.2154	1374421689.2978258
1.21541	1393028494.3707547
1.2154200000000002	1425016851.128949
1.21543	1347534832.173662
1.21544	1247527132.8443925
1.21545	1149688004.2721586
1.21546	1249999962.5598025
1.21547	1300439043.5513382
1.21548	1420463242.7837136
1.21549	1474449830.929657
1.2155	1535924966.7824762
1.21551	1538969454.3920085
1.2155200000000002	1423475510.7076619
1.21553	1450941825.3242373
1.21554	1507023414.6213462
1.21555	1445805924.402049
1.21556	1363013006.2078242
1.21557	1211350993.9604294
1.21558	900139873.3511053
1.21559	988803511.4070568
1.2156	1161609084.9809134
1.21561	1362636443.8226812
1.21562	1362479573.5348985
1.21563	1277820937.7742374
1.21564	1066424220.1011935
1.21565	1116477563.4899254
1.21566	1271920596.474452
1.21567	1362793332.1718626
1.21568	1433705660.8032386
1.21569	1466999615.449699
1.2157	1454654986.3700936
1.21571	1544542987.4014244
1.21572	1543725222.3810909
1.21573	1449873125.6504035
1.21574	1431462581.4091337
1.21575	1501758158.5412655
1.21576	1417653191.7264178
1.21577	1214618803.0900974
1.21578	1294434263.0929134
1.21579	1373251240.4838412
1.2158	1491385787.2722225
1.21581	1503418880.5767078
1.21582	1411952218.1090648
1.21583	1329627534.2230716
1.21584	1199361213.63788
1.21585	1406662792.0803757
1.21586	1450006670.050091
1.21587	1423836100.455642
1.2158799999999998	1475774493.6380296
1.21589	1351979168.5561898
1.2159	1276585772.7197676
1.21591	1249309377.885767
1.21592	1257187342.9542038
1.21593	1100297180.2829077
1.21594	1265493736.558061
1.21595	1456364217.8770769
1.21596	1485559325.6880724
1.21597	1486893969.2944827
1.2159799999999998	1517923903.2493849
1.21599	1454922968.4023542
1.216	1408445349.0033615
1.21601	1278556722.3904624
1.21602	1126393148.1693144
1.21603	1119077077.4877071
1.21604	1001105851.8483797
1.21605	917529423.1161877
1.21606	912851219.331122
1.21607	985825391.7099973
1.2160799999999998	873252826.4716831
1.21609	776783514.384352
1.2161	906316736.5688788
1.21611	1074162532.9335027
1.21612	1135089222.149885
1.21613	1088203203.3326583
1.21614	1143062559.8593366
1.21615	1056306616.171983
1.21616	947021851.5173037
1.21617	840930297.9595673
1.2161799999999998	839015530.7687018
1.21619	721373193.9394829
1.2162	756118736.5999718
1.21621	1006607124.7458936
1.21622	1000621891.2693502
1.21623	993367621.04225
1.21624	1174248461.9240859
1.21625	1273591054.5314288
1.21626	1327822428.1234336
1.21627	1301247775.2388446
1.21628	1417392074.4084494
1.21629	1426428475.546706
1.2163	1411757163.1755278
1.21631	1388481187.8833632
1.21632	1207758214.504864
1.21633	1178229792.42259
1.21634	1379621646.8061125
1.21635	1376575386.5094154
1.21636	1428795257.4223082
1.2163700000000002	1418567481.216622
1.21638	1365777645.2393134
1.21639	1196299717.0080132
1.2164	970934649.6749264
1.21641	949620321.9888244
1.21642	1157737231.6932774
1.21643	1271276444.4527822
1.21644	1315982154.4193172
1.21645	1296850757.367639
1.21646	1242453088.5323071
1.2164700000000002	1083353024.1896384
1.21648	857452359.9790972
1.21649	682291561.4824287
1.2165	803914755.4653338
1.21651	997125906.7705307
1.21652	983150489.9925221
1.21653	973643569.7988869
1.21654	1139987265.5699785
1.21655	1207897270.8124676
1.21656	1106267108.110118
1.2165700000000002	1163670433.7142894
1.21658	1285049923.1962705
1.21659	1235179286.2303224
1.2166	1128314060.1311119
1.21661	1078300980.2169151
1.21662	1023104512.1057676
1.21663	1000783185.4613142
1.21664	842519574.9861434
1.21665	908259606.4699137
1.21666	1125952319.7215574
1.21667	1215710030.6107564
1.21668	1245317238.7019992
1.21669	1273649706.9174774
1.2167	1217586992.8452551
1.21671	1257679552.0248966
1.21672	1396593447.183325
1.21673	1449072117.4985154
1.21674	1448038136.8953195
1.21675	1420528659.039724
1.21676	1335426530.5755892
1.21677	1190392001.243624
1.21678	996345583.3951707
1.21679	1103926096.3399687
1.2168	1183150522.8972368
1.21681	1229192778.1761255
1.21682	1267184931.6692755
1.21683	1101869089.3356
1.21684	1140748745.9091403
1.21685	1114910485.6856492
1.21686	1123052347.5410826
1.21687	1196079370.7516642
1.21688	1211295210.4700773
1.21689	1244256734.4212365
1.2169	1187872969.7497168
1.21691	1151463033.6057494
1.21692	1251785740.3407776
1.2169299999999998	1156751309.9923227
1.21694	1141642163.741949
1.21695	979039017.4480516
1.21696	1174491829.7704492
1.21697	1323823237.0993595
1.21698	1426756960.6579072
1.21699	1391297484.7705007
1.217	1338196839.9769466
1.21701	1448638422.8706381
1.21702	1300439043.5513382
1.2170299999999998	1229277690.7378929
1.21704	1153665751.3340206
1.21705	1240166512.02535
1.21706	1330822086.91226
1.21707	1406144653.8066893
1.21708	1473431668.7705715
1.21709	1482996069.5498085
1.2171	1447338117.6377144
1.21711	1424984039.281125
1.21712	1441650543.3836048
1.2171299999999998	1458041884.7034476
1.21714	1483132664.8258665
1.21715	1285168286.118878
1.21716	1390080656.477385
1.21717	1484396767.7207713
1.21718	1448805213.1335552
1.21719	1397236750.3484738
1.2172	1474891252.9992726
1.21721	1497821292.2524624
1.21722	1529607484.5803099
1.21723	1501723579.679875
1.21724	1486346278.206931
1.21725	1397011560.5412266
1.21726	1395500511.4714775
1.21727	1430836466.1428547
1.21728	1330331884.2406757
1.21729	1378002482.6179984
1.2173	1484396767.7207713
1.21731	1490458883.9049964
1.2173200000000002	1519217659.3953118
1.21733	1525984070.1032119
1.21734	1428071657.7289155
1.21735	1356656812.5304153
1.21736	1235662878.7927372
1.21737	1350174806.380491
1.21738	1262350626.73375
1.21739	1215150304.3436086
1.2174	1148338696.9107301
1.21741	1163884809.4739285
1.2174200000000002	1235150845.5036447
1.21743	1142168030.4634948
1.21744	1076093479.9165645
1.21745	1191927939.4578269
1.21746	1128911767.389469
1.21747	1073643254.8567133
1.21748	1106547343.7549918
1.21749	1015242991.2221627
1.2175	1134096473.5135689
1.21751	1384044328.4038794
1.2175200000000002	1426231420.782441
1.21753	1557758034.8316047
1.21754	1527882652.616368
1.21755	1459452618.2572947
1.21756	1467945730.0130966
1.21757	1454487522.6659114
1.21758	1498718264.5765107
1.21759	1472041317.424923
1.2176	1472922851.3758733
1.21761	1460225741.1438954
1.21762	1402619912.073517
1.21763	1470347542.4303849
1.21764	1535005726.5092494
1.21765	1342764961.137864
1.21766	1494995894.433394
1.21767	1532710032.0508535
1.21768	1488675359.4923654
1.21769	1503384263.4762256
1.2177	1460528378.9631894
1.21771	1528269690.4097867
1.21772	1511541237.5286446
1.21773	1525141013.1086519
1.21774	1528199312.6101599
1.21775	1451743867.0004005
1.21776	1330485053.1758885
1.21777	1277644412.481885
1.21778	905544922.9707148
1.21779	734801442.15353
1.2178	1087927613.3832893
1.21781	1329382630.337081
1.21782	1496270108.590255
1.21783	1506052113.8635573
1.21784	1515723555.7390482
1.21785	1346542297.5244508
1.21786	1351076686.2527866
1.21787	1185877966.5345054
1.21788	911716889.1787584
1.21789	914808097.1935775
1.2179	974316371.3004508
1.21791	1114910485.6856492
1.21792	1112141379.8421726
1.21793	1196712975.6554143
1.21794	1296611890.6310122
1.21795	1464771900.2603571
1.21796	1484089184.1043072
1.21797	1453851336.3943453
1.2179799999999998	1453483145.2192357
1.21799	1514363034.54889
1.218	1499097914.5509865
1.21801	1489429666.9025373
1.21802	1543156597.7424905
1.21803	1517574428.5904946
1.21804	1531651639.0674171
1.21805	1507231631.983117
1.21806	1447104853.0949302
1.21807	1365148826.1921098
1.2180799999999998	1391778104.8931286
1.21809	1248734182.1096444
1.2181	1172384316.3455913
1.21811	1139121371.7519946
1.21812	1199195527.2082546
1.21813	1218708948.5092812
1.21814	1080612532.496811
1.21815	835622258.9232985
1.21816	1091792231.9593687
1.21817	1275381167.996954
1.2181799999999998	1292617406.8755374
1.21819	1052107217.7667387
1.2182	903462227.4420687
1.21821	1182687481.7207887
1.21822	1243798417.730106
1.21823	1249769725.2636929
1.21824	1411789670.4597678
1.21825	1483200967.181877
1.21826	1508898406.8692887
1.21827	1501135860.8397348
1.21828	1435687767.2479825
1.21829	1468013332.9688027
1.2183	1507474588.5987089
1.21831	1480403148.2433956
1.21832	1402749104.0909605
1.21833	1336810967.6531074
1.21834	1239681156.9081433
1.21835	970554661.9102764
1.21836	822034415.1159518
1.2183700000000002	1049469931.3337996
1.21838	1181027472.2744665
1.21839	1316376134.2984526
1.2184	1302206923.3521328
1.21841	1172654298.892295
1.21842	1251612811.695417
1.21843	1323152799.4817324
1.21844	1268790738.892841
1.21845	1168987857.2696126
1.21846	1190858058.8634179
1.2184700000000002	1225152075.2479713
1.21848	1120546800.7751894
1.21849	879771724.8650422
1.2185	910751719.7871572
1.21851	950429701.9091443
1.21852	1172492301.9044375
1.21853	1267330830.1243904
1.21854	1236459796.9601064
1.21855	1203843410.7869868
1.21856	1247642039.6311324
1.2185700000000002	1374200176.5475926
1.21858	1368295819.2482462
1.21859	1252823814.0736113
1.2186	1243082635.8446221
1.21861	1296522326.9481485
1.21862	1301397595.5495071
1.21863	1293480839.9779255
1.21864	1132635057.8905284
1.21865	1285819477.0957177
1.21866	1393605976.0316944
1.21867	1384331177.3105602
1.21868	1290297928.3835266
1.21869	1306652187.9236438
1.2187	1287122849.0862164
1.21871	1089205937.2274556
1.21872	1027093545.4568733
1.21873	1218680887.0217724
1.21874	1340478954.6376536
1.21875	1409645794.4424078
1.21876	1337149603.847611
1.21877	1334934631.8767092
1.21878	1414001922.711239
1.21879	1447204819.009469
1.2188	1401522260.215602
1.21881	1377780392.7585835
1.21882	1228485401.553158
1.21883	1233019656.3066378
1.21884	1393702246.247091
1.21885	1413936807.0156233
1.21886	1317619458.99868
1.21887	1285523440.303497
1.21888	1241023484.6561632
1.21889	1226224530.7933216
1.2189	1336749406.6504846
1.21891	1405432525.2948716
1.21892	1440091211.4682481
1.2189299999999998	1409678253.1100266
1.21894	1299780448.6348908
1.21895	1292825768.977126
1.21896	1317194777.1235542
1.21897	1260085459.088239
1.21898	1214898511.6064606
1.21899	1326233519.0017061
1.219	1399200655.726441
1.21901	1307735760.9909198
1.21902	1264474279.9511409
1.2190299999999998	1181217846.7540677
1.21904	1107337480.741591
1.21905	959179746.7879682
1.21906	850334892.0899131
1.21907	1073148937.6954137
1.21908	1189104438.0072742
1.21909	1261449880.630976
1.2191	1195143351.8543053
1.21911	1189487821.779533
1.21912	1123104067.2038474
1.2191299999999998	885013712.996161
1.21914	690764483.9962755
1.21915	842015332.955407
1.21916	970957006.5288235
1.21917	1109941270.7748213
1.21918	1114653797.6126542
1.21919	1214590835.780584
1.2192	1218456418.3812509
1.21921	1072901864.4672123
1.21922	959025157.7376584
1.21923	1186205681.9993243
1.21924	1355095802.4160762
1.21925	1491111089.1590946
1.21926	1499822967.9413676
1.21927	1481050953.2394907
1.21928	1475230898.362183
1.21929	1447704752.1763113
1.2193	1516561407.016079
1.21931	1544649684.336308
1.2193200000000002	1506086792.3942726
1.21933	1419416992.2878215
1.21934	1407569993.5133965
1.21935	1426362787.6003606
1.21936	1372682193.4067755
1.21937	1324616010.4507284
1.21938	1421477533.3629243
1.21939	1443344494.5637064
1.2194	1511819699.3608193
1.21941	1488538253.7387722
1.2194200000000002	1334535097.6013472
1.21943	1262670400.8998187
1.21944	1239167458.5272238
1.21945	1360441902.4352846
1.21946	1360880527.7837596
1.21947	1317862195.8288455
1.21948	1119334784.1757998
1.21949	1176142652.9543438
1.2195	1158777356.155126
1.21951	1310508976.352777
1.2195200000000002	1352446206.2680347
1.21953	1435919191.4256434
1.21954	1435621652.9053142
1.21955	1246608259.4500911
1.21956	1202347486.970858
1.21957	1317740821.8245404
1.21958	1424852799.4447706
1.21959	1326600021.4972494
1.2196	1309392955.20073
1.21961	1265027597.3072667
1.21962	1391201380.6644044
1.21963	1443776604.2907345
1.21964	1452880851.6905875
1.21965	1416087209.0688019
1.21966	1386468477.550277
1.21967	1427118381.6510985
1.21968	1425607593.6021874
1.21969	1486859732.689757
1.2197	1508481540.4267454
1.21971	1391297484.7705007
1.21972	1273591054.5314288
1.21973	1234667453.332044
1.21974	1092596990.6527653
1.21975	1048503778.8040055
1.21976	1077233870.2850394
1.21977	1121476041.4294124
1.21978	1276615167.5318873
1.21979	1255422766.1768596
1.2198	1109634625.034547
1.21981	1058887935.0750457
1.21982	1033379876.3380293
1.21983	1119257465.9386675
1.21984	1051622816.0337492
1.21985	920089341.9731754
1.21986	1078723152.3986254
1.21987	1293272372.2998698
1.21988	1324860036.2120116
1.21989	1328678782.9060955
1.2199	1287923299.5486445
1.21991	1165413380.331864
1.21992	1247067611.515878
1.21993	1221237130.1653087
1.21994	1196354809.9144652
1.21995	1052252581.791649
1.21996	776068399.7011063
1.21997	684447276.940405
1.2199799999999998	881576490.3274535
1.21999	919898689.1683266
1.22	898648802.6559289
1.22001	1030955690.2180953
1.22002	1229957202.4332216
1.22003	1314286357.8755305
1.22004	1295656863.5717454
1.22005	1224108743.4928114
1.22006	1051283867.525978
1.22007	895735940.1049211
1.2200799999999998	959356450.5013996
1.22009	1126756312.9514725
1.2201	1182088520.9566715
1.22011	1236516739.3491726
1.22012	1173005369.153692
1.22013	1179994546.0606735
1.22014	1353443092.6810222
1.22015	1379240495.9179275
1.22016	1277291435.0523632
1.22017	1137994072.647464
1.2201799999999998	1251814564.1044743
1.22019	1275381167.996954
1.2202	1298793181.5932314
1.22021	1225349562.3464794
1.22022	1087576963.4777362
1.22023	1077258674.7971237
1.22024	1157310784.0940404
1.22025	1152126059.8258085
1.22026	1296253673.0175946
1.22027	1334258566.999459
1.22028	1332293778.9769366
1.22029	1271276444.4527822
1.2203	1168234425.849373
1.22031	1122250997.2634056
1.22032	1072630149.6168972
1.22033	1281002566.917656
1.22034	1350330259.9480512
1.22035	1282921253.7094016
1.22036	1153479817.3696404
1.2203700000000002	1191488897.8563955
1.22038	1265522875.9636743
1.22039	1207396743.0204015
1.2204	1135847430.729899
1.22041	968478535.848408
1.22042	984215046.129269
1.22043	1171358949.432948
1.22044	1196712975.6554143
1.22045	1161261425.527829
1.22046	1138308555.475385
1.2204700000000002	1013467905.4770429
1.22048	1083477756.9958954
1.22049	1057572136.303792
1.2205	1208898948.9658368
1.22051	1226845855.1433313
1.22052	1128443969.5659099
1.22053	991356823.0859957
1.22054	1008300540.5163171
1.22055	950604793.6562806
1.22056	1126341277.0422616
1.2205700000000002	1189213963.6171567
1.22058	1112961137.867111
1.22059	928004324.4235176
1.2206	804377659.2199539
1.22061	853669961.579736
1.22062	998849369.9365038
1.22063	1217334695.19899
1.22064	1351699023.3476498
1.22065	1412667650.1299858
1.22066	1405335444.808491
1.22067	1341559688.4638908
1.22068	1334258566.999459
1.22069	1336503190.9879394
1.2207	1203538534.6906743
1.22071	1308729825.6613564
1.22072	1421903096.5401359
1.22073	1327149965.1537595
1.22074	1310901317.6671147
1.22075	1262379693.7657518
1.22076	1147307942.2426307
1.22077	1014331703.9379565
1.22078	1040854442.082117
1.22079	990216138.1217008
1.2208	1165118236.7286274
1.22081	1239053332.2423046
1.22082	1272184207.274335
1.22083	1144721922.3784552
1.22084	1217110474.5133278
1.22085	1193328464.535776
1.22086	1146225325.9427464
1.22087	998895369.7090688
1.22088	696257682.1649284
1.22089	833527629.0136224
1.2209	1116117711.6510956
1.22091	1285286659.9436152
1.22092	1374326750.8901205
1.2209299999999998	1450240402.3482099
1.22094	1437639510.712278
1.22095	1391874248.8392935
1.22096	1321113103.0578234
1.22097	1428795257.4223082
1.22098	1511506433.4061346
1.22099	1477168370.9897206
1.2209999999999999	1572389011.0274966
1.22101	1546464660.3494918
1.22102	1505116095.3045287
1.2210299999999998	1487030923.596902
1.22104	1472753284.6270726
1.22105	1433936765.4773393
1.22106	1314861472.3434653
1.22107	1059644040.5655912
1.22108	895323533.4277681
1.22109	1052785755.0686588
1.2211	1391938348.4931688
1.22111	1424098404.9164116
1.22112	1387937787.9099267
1.2211299999999998	1335580286.0874026
1.22114	1308097151.6608489
1.22115	1238169209.846738
1.22116	1256232428.1220925
1.22117	1399039576.0705106
1.22118	1421412073.4106426
1.22119	1455861294.3531795
1.2212	1406727572.7875164
1.22121	1320231224.6797886
1.22122	1221968469.6865966
1.22123	1205008193.7133152
1.22124	1074508857.8404934
1.22125	1167158937.5364425
1.22126	1284103412.1716306
1.22127	1326386216.0680208
1.22128	1420201607.8828778
1.22129	1368138297.4382946
1.2213	1378351553.300407
1.22131	1330086850.6205664
1.2213200000000002	1227665354.646606
1.22133	1266222423.0240355
1.22134	1274999457.5531678
1.22135	1169041692.3894858
1.22136	981070009.7431973
1.22137	790915342.0534675
1.22138	782726432.3252673
1.22139	859013521.5053941
1.2214	899228369.7605271
1.22141	1027282760.5066401
1.2214200000000002	1061940049.7822225
1.22143	893922770.4791377
1.22144	769537875.470682
1.22145	793195058.6010411
1.22146	979241927.330336
1.22147	1121088764.2113976
1.22148	1128833787.6206222
1.22149	1140276043.0850766
1.2215	1096225751.7731075
1.22151	1064290045.1713797
1.2215200000000002	1265814306.9255192
1.22153	1252593056.6527367
1.22154	1087326568.456277
1.22155	1177199313.0586164
1.22156	1315951853.1592615
1.22157	1338350914.450777
1.22158	1261101377.2978218
1.22159	1279027846.8733974
1.2216	1347069490.4974215
1.22161	1384681851.1553745
1.2216200000000002	1246321250.3350039
1.22163	1266893185.1457524
1.22164	1175357546.2343128
1.22165	1036668733.0889363
1.22166	818973784.2408018
1.22167	843334757.7642756
1.22168	926083187.6911252
1.22169	1081309453.779965
1.2217	1215486109.171804
1.22171	1368673945.5926726
1.22172	1398588651.6807086
1.22173	1437043782.4599905
1.22174	1430408229.2861495
1.22175	1289080384.6731215
1.22176	1179288327.6369975
1.22177	1311625948.711417
1.22178	1396657764.1693134
1.22179	1442281390.7482128
1.2218	1439196187.9240954
1.22181	1263484737.0744715
1.22182	1392226833.4681358
1.22183	1395307729.2682102
1.22184	1321295634.1865766
1.22185	1226309238.3087368
1.22186	1114859143.3425696
1.22187	1260143489.5043066
1.22188	1287745378.659841
1.22189	1186260310.047587
1.2219	1170846602.320242
1.22191	1099765268.0385673
1.22192	874742041.6740031
1.22193	646159896.0398723
1.22194	669514519.7697338
1.22195	959665760.3342267
1.22196	1134488244.2111654
1.22197	1276350638.5874693
1.2219799999999998	1329780622.062323
1.22199	1236345920.0485494
1.222	1200272898.280247
1.22201	1276233087.7628186
1.22202	1332631270.8932939
1.22203	1441750132.514763
1.22204	1528656826.2462347
1.22205	1536773984.8570251
1.22206	1457135704.7304232
1.22207	1423672184.7025776
1.2220799999999998	1359032992.5317035
1.22209	1196547655.06812
1.2221	1217979559.788452
1.22211	1379621646.8061125
1.22212	1422328787.122821
1.22213	1486277831.007336
1.22214	1429321742.0241075
1.22215	1342455813.6728563
1.22216	1203039813.0692322
1.22217	980392544.6044217
1.2221799999999998	862720265.8252914
1.22219	1041885514.4828467
1.2222	1114474151.1255608
1.22221	1059473259.8892416
1.22222	1214395082.6441698
1.22223	1396882896.9467328
1.22224	1450707979.9792092
1.22225	1415989392.6083605
1.22226	1306020518.3071938
1.22227	1146146150.2369509
1.22228	1271276444.4527822
1.22229	1311686352.7093992
1.2223	1343228815.8255546
1.22231	1406112276.502265
1.22232	1415304866.5464244
1.22233	1514153832.0154994
1.22234	1522930203.8421779
1.22235	1436084517.248626
1.22236	1395693320.310437
1.2223700000000002	1300528877.80075
1.22238	1316921839.630058
1.22239	1371576387.9090073
1.2224	1307344367.1000512
1.22241	1150853386.4811492
1.22242	1181625895.4083483
1.22243	1121553512.9256082
1.22244	1145618451.9453099
1.22245	1156698040.852443
1.22246	956422974.7718849
1.2224700000000002	825999909.9997011
1.22248	968590042.4790988
1.22249	895735940.1049211
1.2225	622085387.3788309
1.22251	605745225.9151398
1.22252	896643903.591252
1.22253	1027188148.6249193
1.22254	989053991.5918523
1.22255	997102947.3623748
1.22256	1097134823.6066523
1.2225700000000002	1222278014.388426
1.22258	1368169800.3494706
1.22259	1381274518.1803732
1.2226	1310599506.2325294
1.22261	1192861440.0909448
1.22262	1255047029.1084116
1.22263	1343414402.564004
1.22264	1287982611.9741602
1.22265	1370408362.1356876
1.22266	1423409958.7472415
1.22267	1381497171.27165
1.22268	1327791854.2341394
1.22269	1085850410.8328068
1.2227	1007395484.81125
1.22271	1061328923.863208
1.22272	1107337480.741591
1.22273	1228966373.3520234
1.22274	1263804798.5293286
1.22275	1238454341.6690116
1.22276	1079369147.2299292
1.22277	1144379317.1056368
1.22278	1161020799.1692355
1.22279	1191900494.6187465
1.2228	1110273565.9554503
1.22281	1089155778.5953221
1.22282	1361820915.5097635
1.22283	1478699751.874932
1.22284	1429552140.0370374
1.22285	1429815497.5281944
1.22286	1382260825.8079813
1.22287	1229900562.1150336
1.22288	1199388830.2683425
1.22289	1339769232.209377
1.2229	1439129912.0163991
1.22291	1428203194.0467277
1.22292	1396496977.2577407
1.22293	1429387566.2384837
1.22294	1408867010.593913
1.22295	1299241846.3432505
1.22296	1280088511.784823
1.22297	1213696221.8082125
1.22298	1054751131.6213137
1.22299	1176576039.7486258
1.2229999999999999	1285553040.9153874
1.22301	1176386413.3796256
1.22302	1136606145.7725234
1.2230299999999998	1043638279.1095057
1.22304	815473776.8225628
1.22305	495552874.9043027
1.22306	643161441.6324247
1.22307	959798352.2175776
1.22308	1109455787.477297
1.22309	1131852931.4784884
1.2231	1199996557.0481133
1.22311	1287330325.4983542
1.22312	1312562523.3464773
1.2231299999999998	1400683459.015499
1.22314	1485319901.1108687
1.22315	1519462548.0859628
1.22316	1535712785.5638266
1.22317	1570941453.9556258
1.22318	1506260197.0258994
1.22319	1519077740.721481
1.2232	1559624324.5275939
1.22321	1497062734.9838881
1.22322	1507162222.9995832
1.2232299999999998	1296671603.1901526
1.22324	1353910636.1016748
1.22325	1307404573.9193733
1.22326	1455559623.6060278
1.22327	1498614740.3621109
1.22328	1491008090.4116068
1.22329	1529325746.4187784
1.2233	1455190999.8032825
1.22331	1411659645.8137295
1.22332	1442613526.5483158
1.22333	1348000334.6009824
1.22334	1156724675.1157436
1.22335	1168153729.8613265
1.22336	1316163976.63235
1.22337	1356250776.9961152
1.22338	1335949371.546966
1.22339	1286500620.4595675
1.2234	1267389194.2098074
1.22341	1076564364.3059838
1.2234200000000002	1120366204.524758
1.22343	1081209866.08505
1.22344	1302956749.711226
1.22345	1381306323.5676928
1.22346	1438301720.6413374
1.22347	1457538381.8340178
1.22348	1370439917.3176367
1.22349	1132582899.3195286
1.2235	1100753309.8206437
1.22351	1278262357.7167966
1.2235200000000002	1237485161.2821028
1.22353	1280855094.5362782
1.22354	1349118196.6233013
1.22355	1404041678.9228122
1.22356	1388129551.84783
1.22357	1330791443.954065
1.22358	1246062998.6291325
1.22359	1113935385.3651807
1.2236	1177904280.4730582
1.22361	1191050017.9740713
1.2236200000000002	1152073003.681666
1.22363	1068931806.8159863
1.22364	1198201889.1856196
1.22365	1254960336.5252929
1.22366	1210291546.805186
1.22367	1342857719.2590685
1.22368	1288338543.8931935
1.22369	1204758502.5349514
1.2237	1097741290.2737126
1.22371	1068070696.5936873
1.22372	1188803294.589518
1.22373	1169930329.8951173
1.22374	1059083007.4072733
1.22375	1024778487.5608027
1.22376	1123543780.514916
1.22377	1184977215.770775
1.22378	1284576580.5070672
1.22379	1345209730.193306
1.2238	1118433070.3165224
1.22381	1329229588.3156822
1.22382	1292647170.833925
1.22383	1232451960.4974618
1.22384	1144563784.1244662
1.22385	1111450178.6797338
1.22386	968523136.9601675
1.22387	820842812.9711838
1.22388	969080824.1944014
1.22389	959378540.7543392
1.2239	786610972.2739707
1.22391	943452413.9119216
1.22392	1095544442.249292
1.22393	1074113067.0597916
1.22394	1048069300.3975598
1.22395	828972263.9242097
1.22396	794602633.3613523
1.22397	1036835837.8136091
1.2239799999999998	1097160086.360397
1.22399	1229957202.4332216
1.224	1276409418.0599866
1.22401	1368642431.0732567
1.22402	1448404948.760302
1.22403	1240909187.4327915
1.22404	1492966283.7803984
1.22405	1536066437.2146301
1.22406	1541416487.3860912
1.22407	1518518194.8782187
1.2240799999999998	1443078645.1687176
1.22409	1306140812.7819386
1.2241	1382197171.8102398
1.22411	1394922244.7540133
1.22412	1379272254.4696145
1.22413	1478291228.4764464
1.22414	1515863165.466798
1.22415	1579464975.8449366
1.22416	1554783775.401858
1.22417	1559732063.2803216
1.2241799999999998	1537269462.1158698
1.22419	1394536866.7384045
1.2242	1460427492.7215154
1.22421	1449772975.4221375
1.22422	1283275786.9302359
1.22423	1351916909.04819
1.22424	1246981470.112362
1.22425	1138360977.728662
1.22426	1149793899.3271413
1.22427	1042245431.1428113
1.22428	1129691861.4154522
1.22429	1177524630.1915393
1.2243	1256753200.8069654
1.22431	1345147782.42228
1.22432	1456364217.8770769
1.22433	1504492406.1430554
1.22434	1508794179.4598598
1.22435	1458579146.1459782
1.22436	1347689981.7854626
1.2243700000000002	1219691507.7508323
