1.19669	3600393757.223047
1.1967	3598073245.7095547
1.19671	3626853387.952303
1.19672	3606035517.721978
1.1967299999999998	3544867444.737997
1.19674	3625600933.474147
1.19675	3638731412.7205
1.19676	3640742805.7277374
1.19677	3624348911.5037313
1.19678	3557050246.294197
1.19679	3249151784.9814878
1.1968	3577914844.426465
1.19681	3386491578.9390016
1.19682	3535574557.5563493
1.1968299999999998	3625934879.0391617
1.19684	3566645946.7373233
1.19685	3281859617.185939
1.19686	3482731548.408501
1.19687	3630864150.4751735
1.19688	3628356904.4467053
1.19689	3633373129.046169
1.1969	3596251035.925561
1.19691	3570425700.7840962
1.19692	3641916631.731636
1.1969299999999998	3580057483.6116953
1.19694	3463059871.792233
1.19695	3446592987.067877
1.19696	3581459133.7133217
1.19697	3627772129.538837
1.19698	3250274196.0736017
1.19699	3414837169.945904
1.197	3586988629.5380797
1.19701	3458199152.2959976
1.19702	3517466743.389713
1.1970299999999998	3663363381.911824
1.19704	3659148205.8711
1.19705	3431942476.9919786
1.19706	3477683061.0137863
1.19707	3602549857.935853
1.19708	3538262095.713674
1.19709	3473841506.9623327
1.1971	3527524185.034282
1.19711	3543235348.7838483
1.19712	3649555731.1204243
1.19713	3661761043.318325
1.19714	3620512072.8146896
1.19715	3615929879.501532
1.19716	3583686411.880113
1.19717	3633289468.501311
1.19718	3642671434.0039306
1.19719	3579727763.316354
1.1972	3510346604.994831
1.19721	3545275586.1788006
1.1972200000000002	3624515822.782493
1.19723	3565085911.9130354
1.19724	3287759187.066967
1.19725	3075742686.3928514
1.19726	3583686411.880113
1.19727	3536307319.9943085
1.19728	3631616662.075053
1.19729	3505823113.8363442
1.1973	3140508693.876216
1.19731	3359928224.5153217
1.1973200000000002	3416016816.626316
1.19733	3579645337.987455
1.19734	3568864012.7124634
1.19735	3565906897.7965
1.19736	3584264080.437138
1.19737	3611187180.360245
1.19738	3512610538.8163424
1.19739	3520383688.1309533
1.1974	3522978558.5597634
1.19741	3577338199.162889
1.1974200000000002	3559754109.0211205
1.19743	3517385751.657286
1.19744	3459473434.6637344
1.19745	3102130044.9780154
1.19746	3201547871.1668267
1.19747	3513823961.054513
1.19748	3489795674.378741
1.19749	3436370641.4906073
1.1975	3477202634.5307736
1.19751	3445164789.80338
1.19752	3352586562.6122537
1.19753	3344105730.0311913
1.19754	3368837013.164866
1.19755	3348112173.860545
1.19756	3287834891.391474
1.19757	3233404214.125225
1.19758	3114942254.349056
1.19759	2857393154.8309765
1.1976	2803819165.260351
1.19761	2679785297.152509
1.19762	1827553081.715556
1.19763	844656250.0911039
1.19764	1175682354.3979425
1.19765	2508591809.6505504
1.19766	2727156117.051167
1.19767	2952568621.728968
1.19768	3059989949.1551323
1.19769	3091647705.2529244
1.1977	2791065316.722485
1.19771	1727627068.6410735
1.19772	2143877665.973511
1.19773	3101844341.3994274
1.19774	3352509367.3425827
1.19775	3393126101.629316
1.19776	3443102882.94518
1.19777	3485459173.12289
1.1977799999999998	3442944325.848688
1.19779	3217732966.5694056
1.1978	3020090797.520617
1.19781	3447624831.0666084
1.19782	3460110751.9178452
1.19783	3502756922.1683
1.19784	3475841786.551177
1.19785	3541114747.386929
1.19786	3438111840.350697
1.19787	3515766308.576845
1.1978799999999998	3513581243.077623
1.19789	3497437803.664173
1.1979	3379480929.1014824
1.19791	3397582413.48598
1.19792	3595671435.4552846
1.19793	3648883520.025463
1.19794	3624348911.5037313
1.19795	3629359595.02957
1.19796	3293669362.192851
1.19797	3457084540.2655478
1.1979799999999998	3217140292.841381
1.19799	3448974631.654157
1.198	3584841842.110853
1.19801	3551403349.828821
1.19802	3578573981.4041467
1.19803	3619678515.0724545
1.19804	3621929561.538832
1.19805	3241977526.659689
1.19806	3552221184.8231907
1.19807	3559262344.787008
1.19808	3522248557.9902844
1.19809	3396330928.4134088
1.1981	3239962622.191941
1.19811	3448101170.942775
1.19812	3581459133.7133217
1.19813	3622263168.942439
1.19814	3638815198.572197
1.19815	3629276026.898685
1.19816	3671808306.673001
1.1981700000000002	3648379442.958707
1.19818	3648295436.88468
1.19819	3626435855.0606117
1.1982	3576349880.637236
1.19821	3513419440.407435
1.19822	3500741153.440505
1.19823	3490358208.317229
1.19824	3600227956.7808924
1.19825	3567467291.8734407
1.19826	3557295967.10715
1.1982700000000002	3452788686.6255875
1.19828	3566810200.6351533
1.19829	3514471290.9677315
1.1983	3538262095.713674
1.19831	3555248812.2159204
1.19832	3556395073.769892
1.19833	3587236418.492728
1.19834	3537121678.5991344
1.19835	3445958159.648743
1.19836	3534841946.9549656
1.1983700000000002	3497437803.664173
1.19838	3242350794.6025424
1.19839	3601637503.947273
1.1984	3430757330.7331405
1.19841	3332422054.2125893
1.19842	3541848658.052125
1.19843	3529799197.2217774
1.19844	3621429208.0418525
1.19845	3591037993.297744
1.19846	3278007931.0552764
1.19847	3542827442.2205358
1.19848	3596499464.7266736
1.19849	3600559565.300769
1.1985	3638563846.804717
1.19851	3547316998.366906
1.19852	3330197573.243249
1.19853	3611519798.3084
1.19854	3665641595.6154923
1.19855	3664797647.612896
1.19856	3575691153.316324
1.19857	3397113052.551984
1.19858	3200368594.5865197
1.19859	2957944356.581593
1.1986	3516575936.8944297
1.19861	3644768927.888928
1.19862	3604707249.832529
1.19863	3334187354.247475
1.19864	3405649895.673605
1.19865	3620345345.9111814
1.19866	3621095677.445346
1.19867	3406198865.821913
1.19868	3502273031.842632
1.19869	3488188934.073285
1.1987	3478724212.785829
1.19871	3655863735.788683
1.19872	3661592416.8732796
1.19873	3605703404.871471
1.19874	3526143643.068592
1.19875	3419479464.935191
1.19876	3445164789.80338
1.19877	3339796459.635693
1.19878	3577173460.4439726
1.19879	3609940135.8641596
1.1988	3672231063.5619392
1.19881	3665979229.231632
1.19882	3442310170.475889
1.1988299999999998	3634628268.4092274
1.19884	3672400179.9460526
1.19885	3653928122.790794
1.19886	3613349744.729221
1.19887	3587236418.492728
1.19888	3558442888.692269
1.19889	3578986003.676787
1.1989	3636804870.505758
1.19891	3562049907.3084483
1.19892	3509619221.907461
1.1989299999999998	3524357861.3439336
1.19894	3522897439.914563
1.19895	3571412382.172193
1.19896	3565250093.9669523
1.19897	3527036873.221136
1.19898	3505258087.4504647
1.19899	3639485554.8429904
1.199	3607613471.5565453
1.19901	3512529658.9008713
1.19902	3289652318.2250204
1.1990299999999998	3469844400.4886017
1.19904	3472242112.130987
1.19905	3302478508.174993
1.19906	3565824790.7011404
1.19907	3629693886.7960663
1.19908	3152317841.400583
1.19909	3140219455.656213
1.1991	3409337536.103993
1.19911	3619428485.174583
1.19912	3647959431.931003
1.19913	3654853722.852756
1.19914	3662182643.406733
1.19915	3623931666.933949
1.19916	3596251035.925561
1.19917	3681289736.42532
1.19918	3579645337.987455
1.19919	3524114415.736135
1.1992	3476562169.125497
1.19921	3539891900.872713
1.1992200000000002	3618345221.842792
1.19923	3456209025.701266
1.19924	3245637406.2026553
1.19925	3539728886.5798554
1.19926	3609275221.5594454
1.19927	3599730601.2642946
1.19928	3230725056.892877
1.19929	3343643756.6637177
1.1993	3552384774.4209037
1.19931	3395548984.344839
1.1993200000000002	3511640102.733523
1.19933	3655947916.1312532
1.19934	3420660715.284417
1.19935	2947813476.6065197
1.19936	2883101951.048198
1.19937	3333035965.5818315
1.19938	3686888468.255678
1.19939	3649303637.448865
1.1994	3509861666.1881585
1.19941	3630864150.4751735
1.1994200000000002	3648631472.786982
1.19943	3590624583.568391
1.19944	3600227956.7808924
1.19945	3593519451.4298625
1.19946	3248927349.2793584
1.19947	3518681843.191197
1.19948	3495264129.4180284
1.19949	3369923172.967949
1.1995	3395001730.6162853
1.19951	3538913927.712317
1.19952	3317722056.367627
1.19953	3489956389.109263
1.19954	3495505582.049816
1.19955	3227750819.048057
1.19956	3626101863.356109
1.19957	3642671434.0039306
1.19958	3494700804.802208
1.19959	3105417528.167045
1.1996	3594429748.9822993
1.19961	3665979229.231632
1.19962	3639653163.205976
1.19963	3579398073.387975
1.19964	3592526662.47662
1.19965	3587814659.2893443
1.19966	3626602862.448875
1.19967	3632703898.6221337
1.19968	3638815198.572197
1.19969	3562870194.04553
1.1997	3556149415.186282
1.19971	3604209275.521488
1.19972	3500176946.103868
1.19973	3309862862.259848
1.19974	3614348288.1076994
1.19975	3272502597.9695864
1.19976	3265427155.125211
1.19977	3501627948.724824
1.1997799999999998	3384776522.6666164
1.19979	3277781502.1100373
1.1998	3487707056.2505274
1.19981	3557459790.412605
1.19982	3488670878.4745226
1.19983	3452311699.18993
1.19984	3606533744.355147
1.19985	3608527339.355978
1.19986	3578738784.620921
1.19987	3597327684.6808033
1.1998799999999998	3579315655.6503944
1.19989	3272125858.871905
1.1999	3638312512.399387
1.19991	3590045889.901989
1.19992	3501789208.3642635
1.19993	3560409900.359577
1.19994	3414601289.498153
1.19995	3455015499.520661
1.19996	3600559565.300769
1.19997	3494539871.5883145
1.1999799999999998	3514633142.078557
1.19999	3588310368.443981
1.2	3412793413.954568
1.20001	3458358411.919385
1.20002	3590541907.3338366
1.20003	3564757570.486906
1.20004	3532157006.6211047
1.20005	3335031958.716412
1.20006	3590955307.5441875
1.20007	3644097598.474499
1.20008	3402514620.270239
1.20009	3408160195.966996
1.2001	3412007679.694997
1.20011	3494620337.268855
1.20012	3570507913.820544
1.20013	3572892915.530048
1.20014	3509134383.5855203
1.20015	3472881781.6790576
1.20016	3584841842.110853
1.2001700000000002	3596747910.6892343
1.20018	3625350494.484221
1.20019	3596085426.2583814
1.2002	3591699547.8714437
1.20021	3593602196.2256927
1.20022	3444212987.095284
1.20023	3588888782.354815
1.20024	3604458254.077289
1.20025	3553939251.394053
1.20026	3548460702.5940228
1.2002700000000002	3605537359.9166217
1.20028	3534272243.662732
1.20029	3491563943.545289
1.2003	3445482115.820077
1.20031	3635716406.573611
1.20032	3659569505.1281633
1.20033	3633122153.190551
1.20034	3601554574.133775
1.20035	3548052194.4742494
1.20036	3377536103.318697
1.2003700000000002	3287986305.270071
1.20038	3484095093.840709
1.20039	3540625558.0979156
1.2004	3463458594.2459483
1.20041	3494459407.760543
1.20042	3149923452.7844753
1.20043	3488510222.9426045
1.20044	3503079552.860701
1.20045	3525818888.1928024
1.20046	3509700034.806873
1.20047	3460349776.156485
1.20048	3374815227.350538
1.20049	3414129577.481941
1.2005	3455254171.779577
1.20051	3225819032.919843
1.20052	3488349574.808963
1.20053	3620845549.656732
1.20054	3588888782.354815
1.20055	3367906297.6874075
1.20056	3649471697.961673
1.20057	3629443165.0847054
1.20058	3603545416.783022
1.20059	3657463493.7977743
1.2006	3635800123.0014405
1.20061	3617178993.139072
1.20062	3657295065.257641
1.20063	3650059970.708621
1.20064	3553039208.15271
1.20065	3566317461.633293
1.20066	3390236536.911094
1.20067	3164681439.734445
1.20068	3566892330.420675
1.20069	3608361164.3571343
1.2007	3602964640.6922064
1.20071	3512610538.8163424
1.20072	3270016921.2831016
1.20073	3295262377.6421103
1.20074	3560245941.1996665
1.20075	3325293626.986974
1.20076	3388363540.539997
1.20077	3598487513.0471954
1.20078	3414286807.5796924
1.20079	3542827442.2205358
1.2008	3609358329.1494665
1.20081	3575361835.1563454
1.20082	3633122153.190551
1.2008299999999998	3631783908.053789
1.20084	3609192115.883024
1.20085	3627939198.4662313
1.20086	3569110549.6196756
1.20087	3540136436.3882313
1.20088	3637977426.864693
1.20089	3588888782.354815
1.2009	3533539902.915356
1.20091	3515118740.134524
1.20092	3598487513.0471954
1.2009299999999998	3573633412.351916
1.20094	3555658148.9246273
1.20095	3641832774.467624
1.20096	3637558613.3444133
1.20097	3627772129.538837
1.20098	3585006933.9799256
1.20099	3591120680.955231
1.2009999999999998	3616013140.322479
1.20101	3619095138.8429775
1.20102	3593519451.4298625
1.2010299999999998	3523789847.7504845
1.20104	3348960305.715205
1.20105	3221736371.1016183
1.20106	3414522666.303051
1.20107	3512934077.102171
1.20108	3626268855.363132
1.20109	3668596944.413425
1.2011	3618761823.212289
1.20111	3527686637.266921
1.20112	3554757670.368569
1.20113	3316958210.577032
1.20114	3460827874.1702285
1.20115	3581294205.2227283
1.20116	3536714475.857597
1.20117	3233553121.3207693
1.20118	3276649591.9715204
1.20119	3442944325.848688
1.2012	3367596116.338577
1.20121	3458915878.361459
1.2012200000000002	3563362456.756871
1.20123	3622263168.942439
1.20124	3595505852.4790616
1.20125	3649891883.10546
1.20126	3623681343.2489033
1.20127	3571165686.2654967
1.20128	3613100151.992219
1.20129	3576185187.431008
1.2013	3420266919.834981
1.20131	3216621792.879044
1.2013200000000002	3599316190.8190727
1.20133	3548869257.747753
1.20134	3518600823.4803867
1.20135	3209888892.936604
1.20136	3405493063.311203
1.20137	3476081897.4887238
1.20138	3364650817.9541683
1.20139	3382205566.696536
1.2014	3638982776.0634375
1.20141	3608527339.355978
1.2014200000000002	3610023258.764589
1.20143	3429967460.6050487
1.20144	3515118740.134524
1.20145	3597493351.5574155
1.20146	3647707448.5240774
1.20147	3664713263.500088
1.20148	3658979699.74888
1.20149	3637391101.436794
1.2015	3639653163.205976
1.20151	3547235319.314872
1.20152	3557787459.6573954
1.20153	3634544578.964035
1.20154	3647455482.522932
1.20155	3539321383.6896853
1.20156	3525575341.6643314
1.20157	3621846164.488821
1.20158	3421448442.208469
1.20159	3530937253.466707
1.2016	3652666318.6452203
1.20161	3506711196.464776
1.20162	3524276710.93948
1.20163	3620595439.1457524
1.20164	3611519798.3084
1.20165	3524276710.93948
1.20166	3590211221.4318523
1.20167	3608111916.207154
1.20168	3553611936.5660205
1.20169	3538506518.6423383
1.2017	3561557825.919989
1.20171	3338566259.7741337
1.20172	3395627170.6497245
1.20173	3271899836.2317853
1.20174	3436766291.0562434
1.20175	3624515822.782493
1.20176	3627688597.960274
1.20177	3600974118.903008
1.2017799999999998	3625767902.411964
1.20179	3587401620.638658
1.2018	3495264129.4180284
1.20181	3538669476.6417904
1.20182	3551566901.762973
1.20183	3505823113.8363442
1.20184	3553284651.88341
1.20185	3635800123.0014405
1.20186	3637223597.243191
1.20187	3538425042.456761
1.2018799999999998	3532889060.757509
1.20189	3491403154.7858553
1.2019	3433207084.2609572
1.20191	3320473357.9750714
1.20192	3244441889.4290924
1.20193	3420109414.349225
1.20194	3460110751.9178452
1.20195	3315125698.118431
1.20196	3355598564.98963
1.20197	3374737520.252839
1.2019799999999998	3656621428.6559296
1.20199	3622513394.6601057
1.202	3544459350.28351
1.20201	3569274917.0192914
1.20202	3613848981.929987
1.20203	3604292266.4624476
1.20204	3552139392.8493905
1.20205	3642755310.579015
1.20206	3694706971.0775743
1.20207	3663025989.213047
1.20208	3565742685.496332
1.20209	3593767691.533286
1.2021	3540951676.7812047
1.20211	3497679406.453258
1.20212	3233627577.4901304
1.20213	3597162025.433257
1.20214	3582201405.919309
1.20215	3234968081.745311
1.20216	3109925604.656829
1.2021700000000002	3541114747.386929
1.20218	3571330148.309831
1.20219	3492528831.613873
1.2022	3472801816.5414953
1.20221	3447307307.707632
1.20222	3508649612.2418556
1.20223	3541359367.3766103
1.20224	3525007131.8520384
1.20225	3556067532.762676
1.20226	3617345574.223273
1.2022700000000002	3586740857.699511
1.20228	3305749949.700449
1.20229	3394767220.3048177
1.2023	3481609029.342441
1.20231	3473601550.780136
1.20232	3427756791.5727344
1.20233	3493654871.375721
1.20234	3086810721.30908
1.20235	3495747051.361151
1.20236	3485619688.145536
1.2023700000000002	3555412541.244237
1.20238	3582943831.9642787
1.20239	3624432366.1823006
1.2024	3369767985.8440323
1.20241	3466809675.7906704
1.20242	3613016958.2445188
1.20243	3575526490.4449267
1.20244	3606450701.802831
1.20245	3655442863.149524
1.20246	3548297293.702349
1.20247	3546826952.2644405
1.20248	3560491882.771044
1.20249	3544540965.4157596
1.2025	3599813489.078782
1.20251	3584759299.027308
1.20252	3591864955.5568104
1.20253	3612101953.4388533
1.20254	3453345255.261657
1.20255	3164025682.336317
1.20256	3335799966.620474
1.20257	3578162006.5645924
1.20258	3583521380.8219156
1.20259	3408395631.464414
1.2026	3522572984.011365
1.20261	3621595984.860189
1.20262	3582613845.8386717
1.20263	3618511856.635047
1.20264	3537040234.30031
1.20265	3587401620.638658
1.20266	3645356442.5778065
1.20267	3627605068.305074
1.20268	3592609384.4123774
1.20269	3678324162.566367
1.2027	3691900602.9521217
1.20271	3634628268.4092274
1.20272	3325063931.774405
1.20273	3462103125.173312
1.20274	3459553092.900444
1.20275	3528174038.854474
1.20276	3628106275.087625
1.20277	3647791441.0590158
1.20278	3499290518.2892647
1.20279	3517547736.987064
1.2028	3638396288.605436
1.20281	3647539469.256072
1.20282	3555166950.529225
1.2028299999999998	3544296125.6566772
1.20284	3477602985.3239536
1.20285	3534272243.662732
1.20286	3579315655.6503944
1.20287	3627521540.5731797
1.20288	3575526490.4449267
1.20289	3487385841.352187
1.2029	3264525008.9003057
1.20291	3281859617.185939
1.20292	3432179555.3679123
1.2029299999999998	3233776494.9721737
1.20294	3337029147.1542172
1.20295	3627605068.305074
1.20296	3603960314.163906
1.20297	3535818794.8300424
1.20298	3262120503.9426703
1.20299	3508326468.551652
1.203	3590541907.3338366
1.20301	3608527339.355978
1.20302	3549196135.738793
1.2030299999999998	3515766308.576845
1.20304	3406355730.68847
1.20305	3605620381.438207
1.20306	3509376794.37363
1.20307	3519573183.1471796
1.20308	3198158621.6666
1.20309	3437241130.66605
1.2031	3382517093.687438
1.20311	3447545447.4851155
1.20312	3631700284.101676
1.20313	3547562046.807704
1.20314	3450881132.2087193
1.20315	3220697973.3807163
1.20316	3413893745.911259
1.20317	3611270331.975252
1.20318	3647875435.5279775
1.20319	3624182007.9113564
1.2032	3600476660.307439
1.20321	3629359595.02957
1.2032200000000002	3589136702.5719023
1.20323	3574785601.356099
1.20324	3326901937.821681
1.20325	3464016882.806541
1.20326	3598653233.3371077
1.20327	3597079198.6702585
1.20328	3557459790.412605
1.20329	3187131627.0227942
1.2033	3128167502.709875
1.20331	3525656521.971207
1.2033200000000002	3500257541.584341
1.20333	3558524825.81111
1.20334	3511316683.621649
1.20335	3556804542.4544344
1.20336	3578986003.676787
1.20337	3234446708.5144696
1.20338	3165410218.465697
1.20339	3280726298.7595787
1.2034	3434393076.780823
1.20341	3455492860.5259576
1.2034200000000002	3471922321.54106
1.20343	3569768064.6369367
1.20344	3502918233.800085
1.20345	3546663618.608019
1.20346	3636721130.9430413
1.20347	3435342165.77253
1.20348	3212772694.0842023
1.20349	3399930191.071534
1.2035	3523465309.657272
1.20351	3501466696.511509
1.20352	3486823786.464041
1.20353	3599813489.078782
1.20354	3625016602.740518
1.20355	3574374062.644811
1.20356	3337720760.235373
1.20357	3565496381.2248945
1.20358	3555903773.5715938
1.20359	3513014966.329836
1.2036	3356757747.846965
1.20361	3393438634.484977
1.20362	3511882686.6165576
1.20363	3537610383.775865
1.20364	3562131927.482905
1.20365	3235862059.9610434
1.20366	3242052176.810385
1.20367	3318027643.934229
1.20368	3611769281.8746815
1.20369	3629526737.06415
1.2037	3528986524.486497
1.20371	3392969845.9956627
1.20372	3473841506.9623327
1.20373	3583851450.5384326
1.20374	3642839189.08545
1.20375	3598984696.8129306
1.20376	3305217168.6997967
1.20377	3048245911.7066994
1.20378	3585667377.4891148
1.20379	3631783908.053789
1.2038	3630529750.928373
1.20381	3600476660.307439
1.20382	3558279020.114522
1.20383	3493815763.832925
1.20384	3601471646.2297845
1.20385	3607447338.641915
1.20386	3644181507.888612
1.20387	3645524321.3113885
1.2038799999999998	3591203370.5166936
1.20389	3551812243.786823
1.2039	3578656382.06385
1.20391	3626602862.448875
1.20392	3431468369.367679
1.20393	3400713144.0663857
1.20394	3577091093.9294095
1.20395	3529555375.7527814
1.20396	3629443165.0847054
1.20397	3634293522.190318
1.2039799999999998	3637726132.9664187
1.20399	3559426258.649572
1.204	3583273848.4841304
1.20401	3597079198.6702585
1.20402	3609192115.883024
1.20403	3675191724.984037
1.20404	3630446155.853962
1.20405	3507841808.8178644
1.20406	3471282828.7158012
1.20407	3464415715.446563
1.2040799999999998	3652245814.1011243
1.20409	3609025910.2707953
1.2041	3503563554.619078
1.20411	3600725381.0144258
1.20412	3524925966.4977508
1.20413	3545275586.1788006
1.20414	3576267533.086079
1.20415	3305749949.700449
1.20416	3506953439.859268
1.20417	3576844005.76475
1.20418	3561065812.510376
1.20419	3648967539.64076
1.2042	3575444161.852812
1.20421	3521275459.1922216
1.20422	3539728886.5798554
1.20423	3457323355.453671
1.20424	3569521482.311749
1.20425	3585832507.376373
1.20426	3603545416.783022
1.2042700000000002	3615596855.3885775
1.20428	3628022735.815165
1.20429	3370388777.221764
1.2043	3374892936.237529
1.20431	3585832507.376373
1.20432	3449927750.235053
1.20433	3499854582.7391176
1.20434	3511559245.162912
1.20435	3540707084.9528213
1.20436	3597493351.5574155
1.2043700000000002	3549931721.305121
1.20438	3534028113.2173204
1.20439	3512367904.656809
1.2044	3581706540.690737
1.20441	3657968825.9592295
1.20442	3657042436.9902687
1.20443	3639485554.8429904
1.20444	3566892330.420675
1.20445	3287834891.391474
1.20446	3511074138.8353662
1.2044700000000002	3395627170.6497245
1.20448	3348189267.879928
1.20449	3608942810.3349133
1.2045	3667836770.0853405
1.20451	3635632692.073415
1.20452	3598487513.0471954
1.20453	3620678807.396417
1.20454	3628691103.857719
1.20455	3447307307.707632
1.20456	3427598941.173594
1.20457	3595505852.4790616
1.20458	3610355769.5066814
1.20459	3625183544.7682905
1.2046	3607364275.053569
1.20461	3553448290.456704
1.20462	3613432946.139686
1.20463	3643426392.712115
1.20464	3644852852.761164
1.20465	3304760567.614507
1.20466	3323533035.774771
1.20467	3428151449.375161
1.20468	3314896705.2572336
1.20469	3595340277.128056
1.2047	3630529750.928373
1.20471	3605371322.608264
1.20472	3510427434.643064
1.20473	3492367998.4207373
1.20474	3489233231.1027193
1.20475	3540217951.980564
1.20476	3314667728.2137704
1.20477	3351428820.1824927
1.20478	3484175319.018585
1.20479	3454538204.460684
1.2048	3604458254.077289
1.20481	3608693522.007624
1.20482	3553693762.4467826
1.2048299999999998	3653170988.0066533
1.20484	3651909445.321015
1.20485	3597493351.5574155
1.20486	3590541907.3338366
1.20487	3524844803.012342
1.20488	3489876030.8188467
1.20489	3390704947.753731
1.2049	3243396173.493486
1.20491	3546908621.9133687
1.20492	3552793781.376092
1.2049299999999998	3526224836.461241
1.20494	3174022492.289567
1.20495	3295717666.4133263
1.20496	3488429897.951025
1.20497	3308719873.5254
1.20498	3395314436.2317147
1.20499	3530530762.69244
1.205	3625684416.9819045
1.20501	3582778835.1023765
1.20502	3334340902.785011
1.2050299999999998	2970434634.438305
1.20504	3159220944.8314285
1.20505	3486663215.9918947
1.20506	3634795653.080754
1.20507	3592030370.859657
1.20508	3607447338.641915
1.20509	3601886304.8452663
1.2051	3553693762.4467826
1.20511	3571330148.309831
1.20512	3622596807.073837
1.20513	3640239853.264553
1.20514	3637726132.9664187
1.20515	3623264175.531333
1.20516	3665135203.4949713
1.20517	3563854787.481532
1.20518	3473681534.332473
1.20519	3589219346.4500494
1.2052	3659400979.604842
1.20521	3641832774.467624
1.2052200000000002	3599647715.3583484
1.20523	3593188491.2985616
1.20524	3504451064.8640146
1.20525	3527118087.1814218
1.20526	3449768878.84903
1.20527	3578903595.4273524
1.20528	3575855823.7709165
1.20529	3549768244.672093
1.2053	3554512124.888871
1.20531	3240186438.61126
1.2053200000000002	3517871730.026591
1.20533	3469444942.884093
1.20534	3533946740.1496525
1.20535	3617012419.7260365
1.20536	3596085426.2583814
1.20537	3607862685.2740154
1.20538	3604707249.832529
1.20539	3601969242.2972345
1.2054	3567385148.849093
1.20541	3581459133.7133217
1.2054200000000002	3278158892.375192
1.20543	3422393953.9712744
1.20544	3246235329.776468
1.20545	3354208073.942602
1.20546	3323609563.8320823
1.20547	3497357273.109817
1.20548	3632202056.69828
1.20549	3635548979.5007954
1.2055	3586493102.9758077
1.20551	3542664292.7441006
1.20552	3509376794.37363
1.20553	3586162789.965315
1.20554	3606450701.802831
1.20555	3532726368.9499164
1.20556	3564675489.855481
1.20557	3523140801.4537463
1.20558	3591451450.62539
1.20559	3609773895.805144
1.2056	3308186613.8681746
1.20561	3551239805.426355
1.20562	3472162161.722191
1.20563	3196097357.1483355
1.20564	3347187184.0767407
1.20565	3408003248.0036545
1.20566	3547480362.1132865
1.20567	3628774658.5201135
1.20568	3599564831.3608975
1.20569	3631783908.053789
1.2057	3658474227.9397116
1.20571	3541604004.264624
1.20572	3499693412.19043
1.20573	3592609384.4123774
1.20574	3605122280.9820867
1.20575	3652666318.6452203
1.20576	3644936779.5658493
1.20577	3510831610.802919
1.20578	3344336740.65003
1.20579	3443737184.3544626
1.2058	3553693762.4467826
1.20581	3631031361.7986717
1.20582	3597824708.199259
1.20583	3596085426.2583814
1.20584	3513985782.3539944
1.20585	3564593411.113997
1.20586	3573304283.708157
1.20587	3556558855.5867205
1.2058799999999998	3604956262.7883797
1.20589	3623764782.555953
1.2059	3585089482.7655563
1.20591	3651993534.611633
1.20592	3626853387.952303
1.20593	3611020882.8740172
1.20594	3577008729.311382
1.20595	3530855951.5678797
1.20596	3550503948.810362
1.20597	3661592416.8732796
1.2059799999999998	3616596019.75245
1.20599	3432890888.764384
1.206	3486582933.5287337
1.20601	3579398073.387975
1.20602	3600891204.36434
1.20603	3577255828.8551188
1.20604	3609275221.5594454
1.20605	3674514791.9994063
1.20606	3683663916.8920617
1.20607	3661929677.529099
1.2060799999999998	3609940135.8641596
1.20609	3594926372.108485
1.2061	3598321800.3888087
1.20611	3594429748.9822993
1.20612	3591864955.5568104
1.20613	3618845149.241901
1.20614	3593023022.6635256
1.20615	3631533041.973876
1.20616	3665979229.231632
1.20617	3620261985.338663
1.20618	3487867674.7944
1.20619	3454697295.487325
1.2062	3524844803.012342
1.20621	3604790252.239903
1.20622	3571412382.172193
1.20623	3452470687.679854
1.20624	3580634567.2074494
1.20625	3593353967.5539
1.20626	3601471646.2297845
1.2062700000000002	3642335947.0162077
1.20628	3644265419.234832
1.20629	3627187448.8779664
1.2063	3626018370.236405
1.20631	3516252063.1963644
1.20632	3469684611.928072
1.20633	3533377181.13608
1.20634	3411850554.552548
1.20635	3601057035.350892
1.20636	3645104638.97279
1.2063700000000002	3561475818.964544
1.20638	3604707249.832529
1.20639	3618011975.278832
1.2064	3495264129.4180284
1.20641	3510750771.8483076
1.20642	3575032547.326308
1.20643	3654937879.938636
1.20644	3644936779.5658493
1.20645	3548052194.4742494
1.20646	3591203370.5166936
1.2064700000000002	3609275221.5594454
1.20648	3475841786.551177
1.20649	3443023603.4842057
1.2065	3601803369.302982
1.20651	3546173662.767053
1.20652	3341719554.4791718
1.20653	3592443942.4455705
1.20654	3491001215.2809052
1.20655	3583933972.717768
1.20656	3639485554.8429904
1.20657	3630195382.1794906
1.20658	3543724898.6536775
1.20659	3488751209.014947
1.2066	3455095055.108439
1.20661	3392969845.9956627
1.20662	3151301817.9632125
1.20663	3113364721.635076
1.20664	3514633142.078557
1.20665	3566974462.097342
1.20666	3646951602.7332354
1.20667	3624348911.5037313
1.20668	3578986003.676787
1.20669	3302706643.1878834
1.2067	3383140233.753939
1.20671	3408709570.7605143
1.20672	3654853722.852756
1.20673	3636051283.85105
1.20674	3598321800.3888087
1.20675	3588310368.443981
1.20676	3473041717.4781003
1.20677	3502676269.138125
1.20678	3611020882.8740172
1.20679	3476161938.1538115
1.2068	3423260902.621986
1.20681	3529717921.5273633
1.20682	3607530404.142893
1.2068299999999998	3556886441.8485107
1.20684	3562295973.4976788
1.20685	3482490978.1452203
1.20686	3587979888.064861
1.20687	3618511856.635047
1.20688	3626268855.363132
1.20689	3521437623.65379
1.2069	3540625558.0979156
1.20691	3567960189.7411914
1.20692	3557050246.294197
1.2069299999999998	3552875588.4179187
1.20694	3247805403.2913213
1.20695	2979339537.644107
1.20696	3155004623.37463
1.20697	3572810647.5775366
1.20698	3652498111.018081
1.20699	3546173662.767053
1.207	3463857362.6069245
1.20701	3241977526.659689
1.20702	3404395438.978185
1.2070299999999998	3642335947.0162077
1.20704	3596747910.6892343
1.20705	3494218027.3934045
1.20706	3460588816.906889
1.20707	3580881917.2238603
1.20708	3542664292.7441006
1.20709	3562542056.685161
1.2071	3448418767.422625
1.20711	3356603166.999334
1.20712	3403376533.15892
1.20713	3485459173.12289
1.20714	3539158395.669495
1.20715	3453504291.3496795
1.20716	3363798712.4414077
1.20717	3452073230.1828136
1.20718	3559590180.060822
1.20719	3554430280.1648345
1.2072	3416803474.1300826
1.20721	3407061711.9905586
1.2072200000000002	3527686637.266921
1.20723	3535493148.8808937
1.20724	3485940740.367663
1.20725	3484977672.4044805
1.20726	3470723369.1174736
1.20727	3448736393.1555386
1.20728	3497035169.434588
1.20729	3285640173.547441
1.2073	3381582598.7862267
1.20731	3536958791.8767757
1.2073200000000002	3413500729.4931173
1.20733	3503402213.2698555
1.20734	3588227745.495587
1.20735	3554512124.888871
1.20736	3531262479.783055
1.20737	3592774833.998229
1.20738	3636721130.9430413
1.20739	3612101953.4388533
1.2074	3545193954.1314783
1.20741	3487787364.597869
1.2074200000000002	3600062163.97394
1.20743	3607364275.053569
1.20744	3576102843.6720095
1.20745	3588806146.088101
1.20746	3507034191.376072
1.20747	3450404408.293239
1.20748	3418534758.364219
1.20749	3475361614.4320607
1.2075	3303847554.6674423
1.20751	3532563684.634401
1.20752	3634460891.445857
1.20753	3581211743.825587
1.20754	3547888804.3946366
1.20755	3541440911.128293
1.20756	3417747702.263432
1.20757	2989234596.454451
1.20758	3215436963.883591
1.20759	3628440451.413772
1.2076	3508003354.6227107
1.20761	3404552220.7919555
1.20762	3537366022.7478533
1.20763	3591699547.8714437
1.20764	3613266545.234518
1.20765	3599730601.2642946
1.20766	3355830369.532803
1.20767	3436766291.0562434
1.20768	3499451670.283576
1.20769	3586988629.5380797
1.2077	3604624249.3363338
1.20771	3417275555.584273
1.20772	3361166295.8654256
1.20773	3592361224.3192115
1.20774	3612268300.7113523
1.20775	3656453038.893437
1.20776	3649303637.448865
1.20777	3586906037.0234976
1.20778	3345954261.8731914
1.20779	3464415715.446563
1.2078	3550585703.1262383
1.20781	3605371322.608264
1.20782	3513581243.077623
1.20783	3478483919.329912
1.20784	3438824403.2377467
1.20785	3497196217.5638537
1.20786	3559918045.530786
1.20787	3583026333.244668
1.2078799999999998	3607696540.8829327
1.20789	3588806146.088101
1.2079	3638647628.7980213
1.20791	3643090836.193328
1.20792	3572234824.946993
1.20793	3607281213.377812
1.20794	3590872623.6945047
1.20795	3538017689.6685524
1.20796	3575197187.45026
1.20797	3510427434.643064
1.2079799999999998	3494057116.4117064
1.20799	3573386563.0271893
1.208	3521599795.583464
1.20801	3545193954.1314783
1.20802	3534679165.2157116
1.20803	3287153615.2204237
1.20804	3556968343.1284275
1.20805	3615347107.4320154
1.20806	3662604292.036439
1.20807	3657968825.9592295
1.2080799999999998	3574374062.644811
1.20809	3610937737.002722
1.2081	3625016602.740518
1.20811	3598404655.764083
1.20812	3603628392.437894
1.20813	3433207084.2609572
1.20814	3044247794.002637
1.20815	3325293626.986974
1.20816	3433997700.425849
1.20817	3287834891.391474
1.20818	3586245365.3658037
1.20819	3625851389.7643685
1.2082	3610605172.661911
1.20821	3510912451.618937
1.20822	3506065295.8821282
1.20823	3609025910.2707953
1.20824	3640658975.491757
1.20825	3612351477.220376
1.20826	3493654871.375721
1.2082700000000002	3547235319.314872
1.20828	3597079198.6702585
1.20829	3501789208.3642635
1.2083	3445720129.5134315
1.20831	3198895109.6914034
1.20832	3176215786.8021197
1.20833	3516009177.497913
1.20834	3443261447.343679
1.20835	3274914755.55579
1.20836	3547480362.1132865
1.2083700000000002	3613266545.234518
1.20838	3480086189.281656
1.20839	3502111749.9228244
1.2084	3620261985.338663
1.20841	3604624249.3363338
1.20842	3449768878.84903
1.20843	3528255278.999267
1.20844	3604956262.7883797
1.20845	3571988072.2299404
1.20846	3597493351.5574155
1.2084700000000002	3531018557.237585
1.20848	3514066695.7983327
1.20849	3420345675.2979174
1.2085	3357144231.111851
1.20851	3501466696.511509
1.20852	3630195382.1794906
1.20853	3640072217.884101
1.20854	3556722644.94614
1.20855	3572810647.5775366
1.20856	3574291760.5880203
1.20857	3545193954.1314783
1.20858	3586823446.4106555
1.20859	3546255317.3732758
1.2086	3525412986.6581945
1.20861	3505500230.4642744
1.20862	3517790728.9691105
1.20863	3477602985.3239536
1.20864	3359850860.199585
1.20865	3116664110.775857
1.20866	2948695995.562668
1.20867	3166941200.123777
1.20868	3186764716.0556035
1.20869	3007668725.951436
1.2087	2956446333.951425
1.20871	3262721464.094952
1.20872	3393751196.127304
1.20873	3454140508.9456787
1.20874	3478483919.329912
1.20875	3472641891.790059
1.20876	3289879567.2054954
1.20877	3478403825.1998467
1.20878	3454220044.3858085
1.20879	3395861740.366523
1.2088	3513095857.420052
1.20881	3563198361.6298594
1.20882	3500741153.440505
1.2088299999999998	3576761646.8360724
1.20884	3550340445.825875
1.20885	3579233239.8105154
1.20886	3570590128.750039
1.20887	3553939251.394053
1.20888	3455731565.760928
1.20889	3340565564.7329483
1.2089	3350965835.1625967
1.20891	3501869840.968874
1.20892	3434788498.657802
1.2089299999999998	3586658270.8900204
1.20894	3525250639.1286244
1.20895	3351969050.221625
1.20896	3425468672.112973
1.20897	3430994327.239244
1.20898	3558770648.487926
1.20899	3588227745.495587
1.209	3249600702.89882
1.20901	3439853921.4711113
1.20902	3314744052.137468
1.2090299999999998	3474001486.959362
1.20904	3410358226.533492
1.20905	3369612805.866596
1.20906	3502434321.189929
1.20907	3553530112.569347
1.20908	3413107758.3200445
1.20909	3543398524.5589757
1.2091	3487064656.037469
1.20911	3156385212.006957
1.20912	3391485776.313233
1.20913	3493815763.832925
1.20914	3567549436.789222
1.20915	3558279020.114522
1.20916	3594926372.108485
1.20917	3610937737.002722
1.20918	3532075676.6367617
1.20919	3498887670.770305
1.2092	3448021776.3932915
1.20921	3422472758.411545
1.2092200000000002	3155876503.817504
1.20923	3316576353.632419
1.20924	3519492142.9127455
1.20925	3594595282.400968
1.20926	3388363540.539997
1.20927	3329814192.14842
1.20928	3625684416.9819045
1.20929	3627354490.879201
1.2093	3615596855.3885775
1.20931	3545765417.937315
1.2093200000000002	3514309447.310267
1.20933	3283976192.504805
1.20934	3081058894.8997355
1.20935	3372562447.8027644
1.20936	3460907563.5944057
1.20937	3504693152.128754
1.20938	3514147611.1058073
1.20939	3579975050.690793
1.2094	3374115927.8808136
1.20941	3426809798.2078533
1.2094200000000002	3591368755.3517365
1.20943	3654937879.938636
1.20944	3644685004.949125
1.20945	3612434655.644617
1.20946	3572234824.946993
1.20947	3464575261.3598557
1.20948	3551403349.828821
1.20949	3472322064.380746
1.2095	3492207172.634075
1.20951	3557214058.283515
1.2095200000000002	3435421268.3598285
1.20953	3575444161.852812
1.20954	3588723511.7241344
1.20955	3550422196.3769274
1.20956	3552139392.8493905
1.20957	3607945760.3388133
1.20958	3607115095.763869
1.20959	3330504309.9003353
1.2096	3480567014.1700144
1.20961	3571741336.557357
1.20962	3551321576.68615
1.20963	3599316190.8190727
1.20964	3632871194.6711173
1.20965	3640826637.894003
1.20966	3581706540.690737
1.20967	3584676757.844352
1.20968	3627521540.5731797
1.20969	3644601083.9416976
1.2097	3465213518.491739
1.20971	3279895447.3231936
1.20972	3529149044.063907
1.20973	3552139392.8493905
1.20974	3466410567.551643
1.20975	3428230386.388189
1.20976	3560163964.45115
1.20977	3388909724.232493
1.20978	3423970387.5908184
1.20979	3592692108.252899
1.2098	3480967752.3240128
1.20981	3583438868.142765
1.20982	3630362562.704377
1.20983	3528580258.2852616
1.20984	3365813127.8889084
1.20985	3578244397.7381163
1.20986	3360392447.820588
1.20987	3455333732.863036
1.2098799999999998	3628106275.087625
1.20989	3595009149.3002343
1.2099	3549359586.024639
1.20991	3590459233.002935
1.20992	3595671435.4552846
1.20993	3608693522.007624
1.20994	3576926366.5898337
1.20995	3636302462.05085
1.20996	3661423798.1935897
1.20997	3614764429.2867045
1.2099799999999998	3568206664.212384
1.20999	3554839522.631131
1.21	3596830729.8239408
1.21001	3577997229.908803
1.21002	3612185126.11753
1.21003	3631616662.075053
1.21004	3538017689.6685524
1.21005	3494218027.3934045
1.21006	3586988629.5380797
1.21007	3610522036.3625865
1.2100799999999998	3618595176.908914
1.21009	3630696946.851864
1.2101	3640994308.0175815
1.21011	3617928668.433539
1.21012	3575691153.316324
1.21013	3579645337.987455
1.21014	3533702632.188435
1.21015	3581211743.825587
1.21016	3565906897.7965
1.21017	3621095677.445346
1.21018	3633456791.517419
1.21019	3598736096.344011
1.2102	3538913927.712317
1.21021	3613183347.655532
1.21022	3631533041.973876
1.21023	3389299909.343548
1.21024	3557295967.10715
1.21025	3566071117.6590843
1.21026	3591037993.297744
1.2102700000000002	3546581954.6004357
1.21028	3591699547.8714437
1.21029	3586740857.699511
1.2103	3586575685.9821243
1.21031	3606284622.4344935
1.21032	3569521482.311749
1.21033	3535655968.1063313
1.21034	3531506419.178693
1.21035	3560819831.294721
1.21036	3529230306.659269
1.2103700000000002	3512206157.8616195
1.21038	3597659026.0634604
1.21039	3563608613.616951
1.2104	3599067567.45215
1.21041	3590293890.0519953
1.21042	3590789941.748681
1.21043	3516252063.1963644
1.21044	3366820787.943314
1.21045	3565496381.2248945
1.21046	3600145059.423028
1.2104700000000002	3620345345.9111814
1.21048	3557541704.894497
1.21049	3459154820.0583053
1.2105	3223220377.2087665
1.21051	3546745284.496006
1.21052	3377691648.185868
1.21053	3373183753.986826
1.21054	3481368536.6173525
1.21055	3525169468.16744
1.21056	3592692108.252899
1.21057	3589054060.5966797
1.21058	3614930899.173571
1.21059	3616929135.8960814
1.2106	3625016602.740518
1.21061	3537854761.684323
1.21062	3460748186.580948
1.21063	3584511681.180101
1.21064	3654685414.4942346
1.21065	3635381560.138088
1.21066	3616512745.5103617
1.21067	3581871488.1705194
1.21068	3465692288.502737
1.21069	3404552220.7919555
1.2107	3404395438.978185
1.21071	3600062163.97394
1.21072	3559016488.1461725
1.21073	3533865368.955632
1.21074	3407453987.0467386
1.21075	3533458541.0890164
1.21076	3622847055.8391924
1.21077	3586410521.871015
1.21078	3573715699.249503
1.21079	3506146026.948425
1.2108	3366433190.68778
1.21081	3581871488.1705194
1.21082	3599067567.45215
1.21083	3565989006.7824674
1.21084	3631867533.9314365
1.21085	3653759857.0567493
1.21086	3491644340.701765
1.21087	3358303947.9155693
1.21088	3375747852.0995736
1.21089	3377380565.6144533
1.2109	3367518575.465139
1.21091	3546173662.767053
1.21092	3616596019.75245
1.2109299999999998	3557541704.894497
1.21094	3399695340.325825
1.21095	3549768244.672093
1.21096	3387271437.222779
1.21097	3507518739.5256786
1.21098	3448101170.942775
1.21099	3584264080.437138
1.2109999999999999	3626268855.363132
1.21101	3586410521.871015
1.21102	3350888677.211125
1.2110299999999998	3586823446.4106555
1.21104	3646699688.942265
1.21105	3592692108.252899
1.21106	3583191341.5045576
1.21107	3549277859.9408283
1.21108	3555985652.2244616
1.21109	3501144214.3618274
1.2111	3470004196.40785
1.21111	3525656521.971207
1.21112	3607530404.142893
1.2111299999999998	3587319018.614713
1.21114	3601720435.6703224
1.21115	3599647715.3583484
1.21116	3530774651.5410914
1.21117	3489313574.5919404
1.21118	3611353485.504917
1.21119	3615596855.3885775
1.2112	3586575685.9821243
1.21121	3219808184.578145
1.21122	3482170243.643304
1.21123	3607945760.3388133
1.21124	3487385841.352187
1.21125	3495505582.049816
1.21126	3266404761.539996
1.21127	3331961694.8930845
1.21128	3476962446.1781282
1.21129	3514956866.6616106
1.2113	3324145309.5754843
1.21131	3255067508.11268
1.2113200000000002	3511074138.8353662
1.21133	3660159405.580488
1.21134	3587814659.2893443
1.21135	3478403825.1998467
1.21136	3169421502.428552
1.21137	3462103125.173312
1.21138	3536795912.655469
1.21139	3626185358.3983383
1.2114	3541277825.50252
1.21141	3364340936.4322944
1.2114200000000002	3409965617.1336308
1.21143	3375825582.461291
1.21144	3449212886.6102915
1.21145	3512934077.102171
1.21146	3324298395.6491237
1.21147	3371708338.651655
1.21148	3531343791.042647
1.21149	3366045638.05346
1.2115	3622930475.935858
1.21151	3633875132.7708244
1.2115200000000002	3636637393.308479
1.21153	3621262438.903678
1.21154	3637139848.039047
1.21155	3630446155.853962
1.21156	3565414283.58192
1.21157	3336568151.3852673
1.21158	3489313574.5919404
1.21159	3510346604.994831
1.2116	3422078754.354943
1.21161	3538425042.456761
1.21162	3522816323.137154
1.21163	3502273031.842632
1.21164	3623097321.89173
1.21165	3637809895.670442
1.21166	3526062451.5454674
1.21167	3530774651.5410914
1.21168	3523059679.072809
1.21169	3502837577.0556154
1.2117	3525494163.226665
1.21171	3522978558.5597634
1.21172	3556722644.94614
1.21173	3456368193.673827
1.21174	3273934602.174126
1.21175	3293972734.3224273
1.21176	3453186226.49735
1.21177	3627354490.879201
1.21178	3637893660.3031797
1.21179	3606201585.6183696
1.2118	3503886259.6084805
1.21181	3178117867.9587197
1.21182	3461863979.8218107
1.21183	3447386685.8056765
1.21184	3334648021.074424
1.21185	3422157551.537391
1.21186	3404630614.406409
1.21187	3403768383.918784
1.2118799999999998	3498645984.520174
1.21189	3576679289.8037577
1.2119	3429493625.820499
1.21191	3412086244.9797115
1.21192	3419636941.4100213
1.21193	3478483919.329912
1.21194	3452788686.6255875
1.21195	3527118087.1814218
1.21196	3584759299.027308
1.21197	3557459790.412605
1.2119799999999998	3601720435.6703224
1.21199	3589963226.992195
1.212	3609441438.653133
1.21201	3620011915.1374702
1.21202	3573715699.249503
1.21203	3611519798.3084
1.21204	3628524000.3045993
1.21205	3626018370.236405
1.21206	3609275221.5594454
1.21207	3463857362.6069245
1.2120799999999998	3301794197.682725
1.21209	3358458607.0888586
1.2121	3319861760.5105443
1.21211	3452550184.6704845
1.21212	3433128032.656544
1.21213	3564183045.75443
1.21214	3418456044.598707
1.21215	3534353624.225497
1.21216	3500176946.103868
1.21217	3533539902.915356
1.21218	3603877330.866343
1.21219	3513985782.3539944
1.2122	3493252672.6472416
1.21221	3547725421.8392406
1.21222	3576432230.0845366
1.21223	3517871730.026591
1.21224	3537366022.7478533
1.21225	3440408405.101321
1.21226	3455970287.485656
1.2122700000000002	3578162006.5645924
1.21228	3528905267.504349
1.21229	3527686637.266921
1.2123	3466969331.952449
1.21231	3282010755.8866405
1.21232	3205974029.7864685
1.21233	3564183045.75443
1.21234	3582283890.104511
1.21235	3558197088.6555147
1.21236	3553775590.211678
1.2123700000000002	3618011975.278832
1.21238	3535493148.8808937
1.21239	3512610538.8163424
1.2124	3566481700.403477
1.21241	3609441438.653133
1.21242	3561803858.116267
1.21243	3509861666.1881585
1.21244	3565003823.721357
1.21245	3546500292.473201
1.21246	3622263168.942439
1.2124700000000002	3651825357.9666147
1.21248	3564675489.855481
1.21249	3459393778.261216
1.2125	3590955307.5441875
1.21251	3511478389.4540787
1.21252	3516333028.824348
1.21253	3428230386.388189
1.21254	3450960592.598075
1.21255	3622513394.6601057
1.21256	3617512162.979009
1.21257	3593023022.6635256
1.21258	3597824708.199259
1.21259	3549768244.672093
1.2126	3435025773.636739
1.21261	3467288666.3341823
1.21262	3437874352.201189
1.21263	3560737841.3320336
1.21264	3582943831.9642787
1.21265	3639485554.8429904
1.21266	3621595984.860189
1.21267	3513662147.206992
1.21268	3512044418.514989
1.21269	3525250639.1286244
1.2127	3548297293.702349
1.21271	3577008729.311382
1.21272	3581376668.5186205
1.21273	3571576855.5775547
1.21274	3577420571.3673406
1.21275	3414444044.9183087
1.21276	3541440911.128293
1.21277	3530612057.103415
1.21278	3575197187.45026
1.21279	3596665093.46147
1.2128	3597327684.6808033
1.21281	3616013140.322479
1.21282	3543480115.2645288
1.21283	3397113052.551984
1.21284	3592609384.4123774
1.21285	3637056100.7632775
1.21286	3624515822.782493
1.21287	3557623621.262561
1.21288	3252445290.4111853
1.21289	3393126101.629316
1.2129	3426178614.651157
1.21291	3584264080.437138
1.21292	3509861666.1881585
1.2129299999999998	3587979888.064861
1.21294	3547643733.383003
1.21295	3284354296.001104
1.21296	3507841808.8178644
1.21297	3592361224.3192115
1.21298	3394610889.096583
1.21299	3135450869.144289
1.213	3402201251.523889
1.21301	3561147810.02495
1.21302	3602632810.666887
1.2130299999999998	3572070321.2417345
1.21304	3558688705.708888
1.21305	3497437803.664173
1.21306	3514795000.64306
1.21307	3596665093.46147
1.21308	3453981443.5594287
1.21309	3281406242.8427305
1.2131	3332422054.2125893
1.21311	3137111826.681672
1.21312	3322232328.3693714
1.2131299999999998	3458995523.7597985
1.21314	3274914755.55579
1.21315	3455970287.485656
1.21316	3364573344.89795
1.21317	3360547203.1750817
1.21318	3422236350.534232
1.21319	3583933972.717768
1.2132	3617678759.4066014
1.21321	3572975185.3768687
1.21322	3580634567.2074494
1.21323	3602549857.935853
1.21324	3614847663.27186
1.21325	3505338799.929888
1.21326	3557459790.412605
1.21327	3612268300.7113523
1.21328	3448418767.422625
1.21329	3224482319.8423586
1.2133	3383296036.706796
1.21331	3416174133.6366425
1.2133200000000002	3329890864.836354
1.21333	3435816808.6185517
1.21334	3617512162.979009
1.21335	3546663618.608019
1.21336	3328204473.4543066
1.21337	3480166322.1500444
1.21338	3611519798.3084
1.21339	3558688705.708888
1.2134	3252744865.488577
1.21341	3437320276.979134
1.2134200000000002	3315965473.9565077
1.21343	3395627170.6497245
1.21344	3541033211.1453576
1.21345	3517223773.787039
1.21346	3485459173.12289
1.21347	3583851450.5384326
1.21348	3643426392.712115
1.21349	3590045889.901989
1.2135	3590128554.7152033
1.21351	3560163964.45115
1.2135200000000002	3541196285.5059648
1.21353	3535004736.190755
1.21354	3507276457.083018
1.21355	3452947697.0821004
1.21356	3552875588.4179187
1.21357	3546500292.473201
1.21358	3550013462.444835
1.21359	3553121020.8457775
1.2136	3329814192.14842
1.21361	3422236350.534232
1.21362	3626101863.356109
1.21363	3599730601.2642946
1.21364	3298298824.574257
1.21365	3176727773.560861
1.21366	3511235833.4979525
1.21367	3646783658.2724133
1.21368	3625267018.6652226
1.21369	3600393757.223047
1.2137	3574867914.7841244
1.21371	3564921737.419793
1.21372	3352046233.0498905
1.21373	3546010359.195031
1.21374	3536470176.7145724
1.21375	3599067567.45215
1.21376	3606450701.802831
1.21377	3566071117.6590843
1.21378	3507195699.9879045
1.21379	3383763488.6176553
1.2138	3503563554.619078
1.21381	3585502255.2061944
1.21382	3640575147.186017
1.21383	3639904590.2233796
1.21384	3610771451.0035353
1.21385	3576514581.4280257
1.21386	3585254586.039165
1.21387	3588640879.2628727
1.2138799999999998	3604790252.239903
1.21389	3625183544.7682905
1.2139	3474161474.323925
1.21391	3511478389.4540787
1.21392	3453345255.261657
1.21393	3471682497.926916
1.21394	3420897014.316944
1.21395	3505338799.929888
1.21396	3604458254.077289
1.21397	3600559565.300769
1.2139799999999998	3579398073.387975
1.21399	3622096361.399846
1.214	3650816460.721571
1.21401	3615097376.726851
1.21402	3592030370.859657
1.21403	3550176950.3708205
1.21404	3602301011.2028346
1.21405	3629443165.0847054
1.21406	3605620381.438207
1.21407	3543888096.9739428
1.2140799999999998	3626352354.2505374
1.21409	3578491582.6417522
1.2141	3556804542.4544344
1.21411	3622596807.073837
1.21412	3595091928.398021
1.21413	3552875588.4179187
1.21414	3581871488.1705194
1.21415	3612268300.7113523
1.21416	3572070321.2417345
1.21417	3612933766.412419
1.21418	3629025334.0510654
1.21419	3593271228.4736805
1.2142	3447069184.3796787
1.21421	3353976381.459782
1.21422	3380259172.9376154
1.21423	3471043049.2747307
1.21424	3635967561.6401095
1.21425	3596333843.6191726
1.21426	3555330675.787571
1.2142700000000002	3616346202.7784576
1.21428	3615763363.610965
1.21429	3569357103.557659
1.2143	3457721417.428516
1.21431	3438428516.7368283
1.21432	3608776616.203365
1.21433	3625100072.7934093
1.21434	3512529658.9008713
1.21435	3407689373.759288
1.21436	3522248557.9902844
1.2143700000000002	3608444250.8999844
1.21438	3618178594.7241774
1.21439	3373805174.6302447
1.2144	3267533132.6283
1.21441	3561065812.510376
1.21442	3605454340.3066564
1.21443	3533621266.6151576
1.21444	3611519798.3084
1.21445	3571494617.928082
1.21446	3497357273.109817
1.2144700000000002	3542582720.82334
1.21448	3499935170.796814
1.21449	3531343791.042647
1.2145	3516737884.93
1.21451	3567056595.665169
1.21452	3617845363.5064335
1.21453	3623597905.8630757
1.21454	3551975814.551671
1.21455	3457721417.428516
1.21456	3583603895.401027
1.21457	3566153230.426397
1.21458	3596168230.138645
1.21459	3601886304.8452663
1.2146	3510589099.523121
1.21461	3502918233.800085
1.21462	3485619688.145536
1.21463	3435895922.1350307
1.21464	3629526737.06415
1.21465	3606782883.485113
1.21466	3520140517.039819
1.21467	3618928477.1901884
1.21468	3557295967.10715
1.21469	3522491874.704744
1.2147	3608610429.7251773
1.21471	3590293890.0519953
1.21472	3370932063.4912033
1.21473	3093570373.968728
1.21474	3515361564.321617
1.21475	3593850442.0451217
1.21476	3581294205.2227283
1.21477	3542419582.616497
1.21478	3544214516.161992
1.21479	3545275586.1788006
1.2148	3618595176.908914
1.21481	3508245687.279409
1.21482	3561065812.510376
1.21483	3568124504.163556
1.21484	3598487513.0471954
1.21485	3551566901.762973
1.21486	3604126286.4914412
1.21487	3663110334.474481
1.21488	3603047602.974061
1.21489	3500660546.824586
1.2149	3506307494.6578465
1.21491	3564183045.75443
1.21492	3583851450.5384326
1.2149299999999998	3488831541.4050856
1.21494	3440487624.344433
1.21495	3547970498.4938936
1.21496	3441359156.419315
1.21497	3607364275.053569
1.21498	3642923069.523297
1.21499	3614181845.050432
1.215	3543072180.523056
1.21501	3562213949.5459666
1.21502	3588145124.4496174
1.2150299999999998	3633373129.046169
1.21504	3591534147.8031936
1.21505	3594346985.131567
1.21506	3387115451.200177
1.21507	3364805769.4183693
1.21508	3516980820.967516
1.21509	3605205292.946016
1.2151	3589632594.386186
1.21511	3480326593.4222827
1.21512	3540707084.9528213
1.2151299999999998	3587566830.392617
1.21514	3386257656.467669
1.21515	3392188675.7558265
1.21516	3523627574.9674873
1.21517	3625100072.7934093
1.21518	3612434655.644617
1.21519	3567303007.7161226
1.2152	3440170758.316232
1.21521	3577997229.908803
1.21522	3623764782.555953
1.21523	3597410517.165454
1.21524	3574950230.1075077
1.21525	3602135122.930397
1.21526	3613765770.940054
1.21527	3542582720.82334
1.21528	3563772727.637201
1.21529	3561311810.718412
1.2153	3454538204.460684
1.21531	3349962920.357087
1.2153200000000002	3529067783.339665
1.21533	3510750771.8483076
1.21534	3562952233.108003
1.21535	3635214148.4851656
1.21536	3629861044.22569
1.21537	3577502945.468492
1.21538	3509215185.321002
1.21539	3552057602.758899
1.2154	3596085426.2583814
1.21541	3576514581.4280257
1.2154200000000002	3618011975.278832
1.21543	3583768930.2592344
1.21544	3558852593.1538033
1.21545	3488429897.951025
1.21546	3511882686.6165576
1.21547	3508811195.248281
1.21548	3571412382.172193
1.21549	3610771451.0035353
1.2155	3644768927.888928
1.21551	3647539469.256072
1.2155200000000002	3556640749.3235826
1.21553	3582366376.1890025
1.21554	3626185358.3983383
1.21555	3605703404.871471
1.21556	3596830729.8239408
1.21557	3611602957.582321
1.21558	3414444044.9183087
1.21559	3487144949.5928297
1.2156	3534516390.972676
1.21561	3597741866.1776156
1.21562	3606450701.802831
1.21563	3520140517.039819
1.21564	3315431046.5405874
1.21565	3409808586.029487
1.21566	3537691841.203017
1.21567	3541196285.5059648
1.21568	3584924387.0950437
1.21569	3605288306.821404
1.2157	3596251035.925561
1.21571	3627270968.9170117
1.21572	3636469923.823617
1.21573	3543724898.6536775
1.21574	3510993294.2964053
1.21575	3630780547.7010174
1.21576	3599564831.3608975
1.21577	3430204402.546972
1.21578	3493574427.9255986
1.21579	3586906037.0234976
1.2158	3627354490.879201
1.21581	3588310368.443981
1.21582	3417747702.263432
1.21583	3470004196.40785
1.21584	3503886259.6084805
1.21585	3551321576.68615
1.21586	3571823579.8877873
1.21587	3600227956.7808924
1.2158799999999998	3629610310.967917
1.21589	3565742685.496332
1.2159	3534679165.2157116
1.21591	3485138165.2527018
1.21592	3495827544.838353
1.21593	3353204188.763345
1.21594	3506468969.8032875
1.21595	3637474856.426328
1.21596	3632871194.6711173
1.21597	3624098558.997447
1.2159799999999998	3628691103.857719
1.21599	3615763363.610965
1.216	3612185126.11753
1.21601	3518924913.5172315
1.21602	3442627233.560322
1.21603	3467767723.057269
1.21604	3406355730.68847
1.21605	3412321951.688341
1.21606	3425705303.278864
1.21607	3547970498.4938936
1.2160799999999998	3183684331.083241
1.21609	3135523066.399796
1.2161	3379014068.8072314
1.21611	3521275459.1922216
1.21612	3514552215.591461
1.21613	3468406568.316482
1.21614	3561311810.718412
1.21615	3525088299.075249
1.21616	3512853189.737042
1.21617	3369147308.809781
1.2161799999999998	3495666559.7373576
1.21619	3353358613.0786395
1.2162	3364186006.373965
1.21621	3590955307.5441875
1.21622	3434946680.1559377
1.21623	3327897948.610232
1.21624	3494378945.7854843
1.21625	3567878035.367583
1.21626	3574538672.443724
1.21627	3534190864.9738173
1.21628	3614348288.1076994
1.21629	3640323673.849777
1.2163	3606284622.4344935
1.21631	3626101863.356109
1.21632	3589549940.9927635
1.21633	3514147611.1058073
1.21634	3494459407.760543
1.21635	3583191341.5045576
1.21636	3619095138.8429775
1.2163700000000002	3597244854.103418
1.21638	3595837026.0570436
1.21639	3487867674.7944
1.2164	3309100825.907244
1.21641	3350502914.102041
1.21642	3543235348.7838483
1.21643	3557705539.516856
1.21644	3600891204.36434
1.21645	3563772727.637201
1.21646	3607613471.5565453
1.2164700000000002	3564511334.2624383
1.21648	3426573090.748792
1.21649	3112647925.4427466
1.2165	3237948969.9968977
1.21651	3552630172.943347
1.21652	3473521569.0694675
1.21653	3391954359.75658
1.21654	3548624119.011141
1.21655	3543643302.311844
1.21656	3487787364.597869
1.2165700000000002	3471602560.403564
1.21658	3578491582.6417522
1.21659	3582778835.1023765
1.2166	3500015760.7101398
1.21661	3515361564.321617
1.21662	3494861745.427534
1.21663	3483373150.3601155
1.21664	3233329763.098949
1.21665	3326289156.2780447
1.21666	3599979270.433568
1.21667	3536633040.9348545
1.21668	3488670878.4745226
1.21669	3550095205.466716
1.2167	3493654871.375721
1.21671	3424443459.2590947
1.21672	3511640102.733523
1.21673	3632034791.4635296
1.21674	3612767388.4947977
1.21675	3608859712.312456
1.21676	3602466907.1148705
1.21677	3519249033.4052463
1.21678	3341180976.330424
1.21679	3519411104.544294
1.2168	3542338016.3303156
1.21681	3561721845.495801
1.21682	3623514470.3984585
1.21683	3494861745.427534
1.21684	3564511334.2624383
1.21685	3549441313.990285
1.21686	3515118740.134524
1.21687	3531750375.425649
1.21688	3490036749.250004
1.21689	3490518948.953978
1.2169	3447386685.8056765
1.21691	3434709410.640397
1.21692	3526630831.468892
1.2169299999999998	3405336238.1710176
1.21694	3479845801.7469983
1.21695	3300274015.324561
1.21696	3466250937.121309
1.21697	3611436640.949285
1.21698	3566728072.7407165
1.21699	3519168000.6345477
1.217	3490438577.7103057
1.21701	3617095705.4736814
1.21702	3566974462.097342
1.2170299999999998	3417511620.770161
1.21704	3371320178.7284274
1.21705	3285867145.369221
1.21706	3178337412.146221
1.21707	3462342287.044973
1.21708	3592692108.252899
1.21709	3588888782.354815
1.2171	3549441313.990285
1.21711	3507841808.8178644
1.21712	3536144470.773685
1.2171299999999998	3563116316.900132
1.21714	3596582278.140637
1.21715	3506711196.464776
1.21716	3490358208.317229
1.21717	3580469676.68867
1.21718	3535493148.8808937
1.21719	3525169468.16744
1.2172	3569274917.0192914
1.21721	3609690778.646457
1.21722	3602135122.930397
1.21723	3548624119.011141
1.21724	3587071223.9544635
1.21725	3557787459.6573954
1.21726	3508245687.279409
1.21727	3576020501.8090224
1.21728	3463299099.7558928
1.21729	3510023305.01303
1.2173	3606284622.4344935
1.21731	3600725381.0144258
1.2173200000000002	3600974118.903008
1.21733	3618845149.241901
1.21734	3586906037.0234976
1.21735	3523221925.702617
1.21736	3466091314.042072
1.21737	3598818961.2589135
1.21738	3570590128.750039
1.21739	3517142787.649116
1.2174	3410515282.9501
1.21741	3458676953.169549
1.2174200000000002	3493011375.6355467
1.21743	3397738881.5411205
1.21744	3304608381.270368
1.21745	3545357220.105792
1.21746	3575526490.4449267
1.21747	3540951676.7812047
1.21748	3531506419.178693
1.21749	3413107758.3200445
1.2175	3473841506.9623327
1.21751	3583438868.142765
1.2175200000000002	3608610429.7251773
1.21753	3648967539.64076
1.21754	3605537359.9166217
1.21755	3558934539.706533
1.21756	3553530112.569347
1.21757	3555003232.810532
1.21758	3600891204.36434
1.21759	3584594218.561969
1.2176	3566563822.624929
1.21761	3553448290.456704
1.21762	3514875932.720552
1.21763	3564183045.75443
1.21764	3597576187.8567452
1.21765	3563608613.616951
1.21766	3608028837.31652
1.21767	3606699835.1962376
1.21768	3571330148.309831
1.21769	3577008729.311382
1.2177	3542093328.7403092
1.21771	3581706540.690737
1.21772	3584346612.117737
1.21773	3582778835.1023765
1.21774	3610937737.002722
1.21775	3569768064.6369367
1.21776	3548378997.207529
1.21777	3580799465.3198915
1.21778	3289576572.0531826
1.21779	2996746453.260184
1.2178	3449054048.144197
1.21781	3566235345.0844617
1.21782	3645440380.9782095
1.21783	3637809895.670442
1.21784	3649387666.737835
1.21785	3629359595.02957
1.21786	3622680221.408232
1.21787	3588558248.704256
1.21788	3363566357.4836183
1.21789	3417983800.065198
1.2179	3479765676.2587943
1.21791	3499048804.212375
1.21792	3497035169.434588
1.21793	3563362456.756871
1.21794	3596416653.219539
1.21795	3620345345.9111814
1.21796	3613100151.992219
1.21797	3556804542.4544344
1.2179799999999998	3531831697.9195685
1.21799	3617928668.433539
1.218	3576102843.6720095
1.21801	3547643733.383003
1.21802	3606616788.819597
1.21803	3594512514.7387466
1.21804	3600476660.307439
1.21805	3578738784.620921
1.21806	3564839653.008329
1.21807	3583191341.5045576
1.2180799999999998	3567385148.849093
1.21809	3542011769.966329
1.2181	3476882387.080874
1.21811	3416095474.225897
1.21812	3535655968.1063313
1.21813	3586493102.9758077
1.21814	3417983800.065198
1.21815	3113006302.907858
1.21816	3422709182.619885
1.21817	3585915075.1717515
1.2181799999999998	3630111794.804116
1.21819	3406198865.821913
1.2182	3244516596.324491
1.21821	3527930329.6435776
1.21822	3507357216.037669
1.21823	3468326706.223328
1.21824	3603047602.974061
1.21825	3616262934.2885523
1.21826	3625684416.9819045
1.21827	3610522036.3625865
1.21828	3552057602.758899
1.21829	3613765770.940054
1.2183	3645356442.5778065
1.21831	3639150361.2720704
1.21832	3583191341.5045576
1.21833	3623764782.555953
1.21834	3667498965.3912454
1.21835	3454220044.3858085
1.21836	3239738821.2327642
1.2183700000000002	3538750958.4557366
1.21838	3528742759.153006
1.21839	3611519798.3084
1.2184	3588971420.524337
1.21841	3443023603.4842057
1.21842	3520951152.67209
1.21843	3562624088.1919045
1.21844	3569603674.527558
1.21845	3508326468.551652
1.21846	3572399336.228117
1.2184700000000002	3602715765.3079844
1.21848	3612268300.7113523
1.21849	3380959745.620265
1.2185	3498968236.5637736
1.21851	3469684611.928072
1.21852	3546990293.4428453
1.21853	3548460702.5940228
1.21854	3537040234.30031
1.21855	3478243642.4723053
1.21856	3499048804.212375
1.2185700000000002	3608028837.31652
1.21858	3566974462.097342
1.21859	3477763138.547451
1.2186	3488108616.47957
1.21861	3517385751.657286
1.21862	3522410767.265725
1.21863	3572399336.228117
1.21864	3510184951.281803
1.21865	3588062505.3060617
1.21866	3608942810.3349133
1.21867	3611436640.949285
1.21868	3510750771.8483076
1.21869	3552630172.943347
1.2187	3609275221.5594454
1.21871	3468166987.553593
1.21872	3354285308.326902
1.21873	3568946189.789301
1.21874	3596747910.6892343
1.21875	3617428867.642186
1.21876	3545438855.912511
1.21877	3502514968.648983
1.21878	3573715699.249503
1.21879	3592443942.4455705
1.2188	3571494617.928082
1.21881	3594595282.400968
1.21882	3481528863.254888
1.21883	3547153642.143546
1.21884	3587236418.492728
1.21885	3575197187.45026
1.21886	3512691420.594177
1.21887	3465532691.149628
1.21888	3464894375.2293835
1.21889	3424128070.885043
1.2189	3499129373.716121
1.21891	3542664292.7441006
1.21892	3598818961.2589135
1.2189299999999998	3589219346.4500494
1.21894	3502837577.0556154
1.21895	3497759944.425093
1.21896	3560819831.294721
1.21897	3507518739.5256786
1.21898	3388129488.762618
1.21899	3586906037.0234976
1.219	3642923069.523297
1.21901	3563936849.2153687
1.21902	3537528928.224319
1.2190299999999998	3485459173.12289
1.21904	3505984566.6747103
1.21905	3464495487.484789
1.21906	3179728210.900809
1.21907	3551894028.2276506
1.21908	3584181550.656895
1.21909	3585749941.4821787
1.2191	3578573981.4041467
1.21911	3595505852.4790616
1.21912	3608942810.3349133
1.2191299999999998	3506065295.8821282
1.21914	3137400778.6652865
1.21915	3290637177.1901393
1.21916	3461066947.947629
1.21917	3512610538.8163424
1.21918	3484736946.989809
1.21919	3537691841.203017
1.2192	3594512514.7387466
1.21921	3524682481.6479797
1.21922	3387115451.200177
1.21923	3569028368.758357
1.21924	3623013897.9533505
1.21925	3648631472.786982
1.21926	3640072217.884101
1.21927	3614431512.51074
1.21928	3589219346.4500494
1.21929	3579975050.690793
1.2193	3610854593.0459094
1.21931	3626185358.3983383
1.2193200000000002	3591120680.955231
1.21933	3511074138.8353662
1.21934	3421999958.986846
1.21935	3505823113.8363442
1.21936	3484736946.989809
1.21937	3470563540.0798755
1.21938	3576679289.8037577
1.21939	3536551607.887185
1.2194	3608028837.31652
1.21941	3604209275.521488
1.2194200000000002	3538506518.6423383
1.21943	3455015499.520661
1.21944	3439695513.991365
1.21945	3538832442.1458936
1.21946	3549849982.04756
1.21947	3599813489.078782
1.21948	3523140801.4537463
1.21949	3551566901.762973
1.2195	3436212394.4181523
1.21951	3549523043.8378096
1.2195200000000002	3571905825.1119623
1.21953	3625767902.411964
1.21954	3627688597.960274
1.21955	3407924776.732323
1.21956	3355598564.98963
1.21957	3510589099.523121
1.21958	3589054060.5966797
1.21959	3516413996.3166556
1.2196	3470004196.40785
1.21961	3390626874.785897
1.21962	3547235319.314872
1.21963	3551975814.551671
1.21964	3596582278.140637
1.21965	3540951676.7812047
1.21966	3496552069.5436697
1.21967	3574538672.443724
1.21968	3526955661.1308646
1.21969	3615929879.501532
1.2197	3644517164.866601
1.21971	3591864955.5568104
1.21972	3551321576.68615
1.21973	3551321576.68615
1.21974	3498484869.6282096
1.21975	3409337536.103993
1.21976	3500902372.240571
1.21977	3547725421.8392406
1.21978	3629108896.4094696
1.21979	3574374062.644811
1.2198	3471122973.9147143
1.21981	3487305542.250153
1.21982	3476322025.013107
1.21983	3534760555.148299
1.21984	3530368179.4859858
1.21985	3468965654.460544
1.21986	3546336973.859671
1.21987	3641245827.681173
1.21988	3577255828.8551188
1.21989	3582036443.246603
1.2199	3575691153.316324
1.21991	3535981629.052388
1.21992	3549523043.8378096
1.21993	3569603674.527558
1.21994	3593436708.5392795
1.21995	3605122280.9820867
1.21996	3326901937.821681
1.21997	3215659086.07195
1.2199799999999998	3544377737.0304976
1.21999	3485459173.12289
1.22	3420345675.2979174
1.22001	3501950475.43014
1.22002	3637726132.9664187
1.22003	3642755310.579015
1.22004	3631867533.9314365
1.22005	3617178993.139072
1.22006	3444530225.4436746
1.22007	3245861614.635706
1.2200799999999998	3298754532.875086
1.22009	3605122280.9820867
1.2201	3584594218.561969
1.22011	3582366376.1890025
1.22012	3463777605.2618976
1.22013	3503805580.574649
1.22014	3639150361.2720704
1.22015	3649891883.10546
1.22016	3622263168.942439
1.22017	3515442509.4448705
1.2201799999999998	3596830729.8239408
1.22019	3588062505.3060617
1.2202	3579810190.543173
1.22021	3549441313.990285
1.22022	3487466142.303197
1.22023	3264675349.294414
1.22024	3528011564.1766796
1.22025	3479925929.080182
1.22026	3618011975.278832
1.22027	3615014136.9918814
1.22028	3600559565.300769
1.22029	3600227956.7808924
1.2203	3541930213.0702724
1.22031	3527686637.266921
1.22032	3391095339.5594296
1.22033	3637474856.426328
1.22034	3633038498.424544
1.22035	3563362456.756871
1.22036	3396487338.834191
1.2203700000000002	3460270099.575691
1.22038	3534109488.158695
1.22039	3593271228.4736805
1.2204	3442310170.475889
1.22041	3333880278.385091
1.22042	3487787364.597869
1.22043	3585337140.527247
1.22044	3518924913.5172315
1.22045	3472082213.1542983
1.22046	3585667377.4891148
1.2204700000000002	3487225244.997039
1.22048	3504693152.128754
1.22049	3425232057.292422
1.2205	3542745866.543161
1.22051	3572728381.519295
1.22052	3534760555.148299
1.22053	3218251645.6462145
1.22054	3506307494.6578465
1.22055	3442389433.509286
1.22056	3605537359.9166217
1.2205700000000002	3607862685.2740154
1.22058	3530286890.690436
1.22059	3401183002.405764
1.2206	3276121501.016379
1.22061	3321238013.2514586
1.22062	3415623555.7946963
1.22063	3578903595.4273524
1.22064	3615846620.5977135
1.22065	3629276026.898685
1.22066	3606948985.799763
1.22067	3553121020.8457775
1.22068	3546173662.767053
1.22069	3557951305.597425
1.2207	3414994432.630241
1.22071	3541522456.7576118
1.22072	3617762060.4974604
1.22073	3548460702.5940228
1.22074	3529392837.463536
1.22075	3531913022.28603
1.22076	3480727303.895227
1.22077	3329200874.197119
1.22078	3454140508.9456787
1.22079	3298906449.633336
1.2208	3546092010.0409913
1.22081	3511720962.16597
1.22082	3531831697.9195685
1.22083	3485860474.539926
1.22084	3455174612.528059
1.22085	3515442509.4448705
1.22086	3557459790.412605
1.22087	3562624088.1919045
1.22088	3288592030.517918
1.22089	3477362769.3170104
1.2209	3574867914.7841244
1.22091	3561803858.116267
1.22092	3597162025.433257
1.2209299999999998	3621929561.538832
1.22094	3597659026.0634604
1.22095	3569932462.3169203
1.22096	3473921496.039929
1.22097	3523952128.0065756
1.22098	3615347107.4320154
1.22099	3636721130.9430413
1.2209999999999999	3635381560.138088
1.22101	3603462443.0387135
1.22102	3591947662.256027
1.2210299999999998	3610522036.3625865
1.22104	3598073245.7095547
1.22105	3609192115.883024
1.22106	3623180747.7510366
1.22107	3412871997.331691
1.22108	3181705656.114075
1.22109	3400478239.238068
1.2211	3623347605.232631
1.22111	3621762769.359074
1.22112	3569439291.988464
1.2211299999999998	3543398524.5589757
1.22114	3502514968.648983
1.22115	3425705303.278864
1.22116	3440091546.369131
1.22117	3566892330.420675
1.22118	3580881917.2238603
1.22119	3616096403.0606
1.2212	3566153230.426397
1.22121	3539891900.872713
1.22122	3477122569.9030275
1.22123	3569274917.0192914
1.22124	3185224151.194889
1.22125	3494057116.4117064
1.22126	3580964371.026362
1.22127	3537040234.30031
1.22128	3601139953.708003
1.22129	3579480493.0233164
1.2213	3558606764.8166313
1.22131	3527036873.221136
1.2213200000000002	3484095093.840709
1.22133	3544867444.737997
1.22134	3577420571.3673406
1.22135	3549032692.9799514
1.22136	3458756593.066369
1.22137	3368914584.3968034
1.22138	3394298248.277254
1.22139	3418456044.598707
1.2214	3410750881.1367826
1.22141	3578079617.2881603
1.2214200000000002	3606782883.485113
1.22143	3499935170.796814
1.22144	3408945044.2086964
1.22145	3402906371.793002
1.22146	3575114866.44054
1.22147	3583191341.5045576
1.22148	3415230340.236296
1.22149	3528417764.900802
1.2215	3426730893.904686
1.22151	3372640104.8169928
1.2215200000000002	3591947662.256027
1.22153	3577255828.8551188
1.22154	3403376533.15892
1.22155	3481528863.254888
1.22156	3574374062.644811
1.22157	3565578480.7582593
1.22158	3500176946.103868
1.22159	3456368193.673827
1.2216	3559016488.1461725
1.22161	3588392993.294863
1.2216200000000002	3497115692.5721607
1.22163	3547970498.4938936
1.22164	3584346612.117737
1.22165	3574950230.1075077
1.22166	3386335628.829375
1.22167	3303771481.641982
1.22168	3345800178.533007
1.22169	3425547547.352061
1.2217	3477683061.0137863
1.22171	3608111916.207154
1.22172	3583108836.4247413
1.22173	3599564831.3608975
1.22174	3593850442.0451217
1.22175	3485057917.9047275
1.22176	3445164789.80338
1.22177	3517061803.3759604
1.22178	3578079617.2881603
1.22179	3596333843.6191726
1.2218	3577667699.3611026
1.22181	3474161474.323925
1.22182	3544296125.6566772
1.22183	3595754229.8029475
1.22184	3550013462.444835
1.22185	3563362456.756871
1.22186	3519168000.6345477
1.22187	3565742685.496332
1.22188	3563854787.481532
1.22189	3446751712.195297
1.2219	3518519805.6351023
1.22191	3537284572.8228626
1.22192	3444292293.943157
1.22193	3263472819.9752674
1.22194	3268360852.4871445
1.22195	3526468427.8567867
1.22196	3504935256.116853
1.22197	3575938161.842006
1.2219799999999998	3598818961.2589135
1.22199	3491161985.529916
1.222	3456447780.4088826
1.22201	3503160215.176948
1.22202	3483774211.6010804
1.22203	3579975050.690793
1.22204	3641581214.2605705
1.22205	3622596807.073837
1.22206	3569768064.6369367
1.22207	3567795882.885626
1.2220799999999998	3572481594.7097244
1.22209	3444292293.943157
1.2221	3387349432.927904
1.22211	3555003232.810532
1.22212	3575608820.9327493
1.22213	3634126160.6422257
1.22214	3614681197.218061
1.22215	3596416653.219539
1.22216	3529067783.339665
1.22217	3402279591.004651
1.2221799999999998	3265878321.7233524
1.22219	3503563554.619078
1.2222	3545112323.9637814
1.22221	3382517093.687438
1.22222	3513095857.420052
1.22223	3586658270.8900204
1.22224	3565250093.9669523
1.22225	3598653233.3371077
1.22226	3574456366.596697
1.22227	3463059871.792233
1.22228	3550912739.2150345
1.22229	3449054048.144197
1.2223	3506307494.6578465
1.22231	3573139730.753635
1.22232	3565742685.496332
1.22233	3622513394.6601057
1.22234	3621762769.359074
1.22235	3580304793.763192
1.22236	3525818888.1928024
1.2223700000000002	3438191006.7128444
1.22238	3471762437.2909193
1.22239	3567220868.474515
1.2224	3532563684.634401
1.22241	3378547273.007644
1.22242	3476642220.849375
1.22243	3401104688.174597
1.22244	3528905267.504349
1.22245	3594926372.108485
1.22246	3496391051.0778475
1.2224700000000002	3372018898.7675858
1.22248	3597410517.165454
1.22249	3553039208.15271
1.2225	3307424963.441581
1.22251	3260468434.2117553
1.22252	3562952233.108003
1.22253	3556067532.762676
1.22254	3425468672.112973
1.22255	3338412516.6561985
1.22256	3418456044.598707
1.2225700000000002	3538099156.4743757
1.22258	3614764429.2867045
1.22259	3600725381.0144258
1.2226	3548624119.011141
1.22261	3495264129.4180284
1.22262	3546010359.195031
1.22263	3538425042.456761
1.22264	3530043035.533932
1.22265	3492287584.6016192
1.22266	3504370372.8252125
1.22267	3546255317.3732758
1.22268	3577914844.426465
1.22269	3354053610.5090904
1.2227	3322997388.710293
1.22271	3425784183.966648
1.22272	3476161938.1538115
1.22273	3507680270.4522915
1.22274	3545928710.22913
1.22275	3579150825.868325
1.22276	3501305451.723963
1.22277	3523303051.8194776
1.22278	3454856393.8405337
1.22279	3509295988.9170194
1.2228	3347726730.389807
1.22281	3335953589.4232783
1.22282	3594098705.013357
1.22283	3633875132.7708244
1.22284	3600891204.36434
1.22285	3574127162.1595407
1.22286	3571247916.3409524
1.22287	3432574722.389151
1.22288	3383841403.548349
1.22289	3548378997.207529
1.2229	3608527339.355978
1.22291	3571001231.7947607
1.22292	3488831541.4050856
1.22293	3569439291.988464
1.22294	3560491882.771044
1.22295	3475761753.257768
1.22296	3519086969.729677
1.22297	3538832442.1458936
1.22298	3432811844.440558
1.22299	3565578480.7582593
1.2229999999999999	3619428485.174583
1.22301	3551076268.5551977
1.22302	3548460702.5940228
1.2230299999999998	3559590180.060822
1.22304	3544704201.318153
1.22305	3086384292.1053405
1.22306	3404317050.778785
1.22307	3618345221.842792
1.22308	3603545416.783022
1.22309	3462581465.437922
1.2231	3399225687.5003624
1.22311	3572152572.1474047
1.22312	3537447474.5483346
1.2231299999999998	3588640879.2628727
1.22314	3601471646.2297845
1.22315	3608942810.3349133
1.22316	3601969242.2972345
1.22317	3621512595.490976
1.22318	3591782250.761965
1.22319	3601388720.2352424
1.2232	3625350494.484221
1.22321	3568617492.834813
1.22322	3591451450.62539
1.2232299999999998	3540299469.4498835
1.22324	3524601323.7689533
1.22325	3397817118.2708325
1.22326	3535248934.101237
1.22327	3590624583.568391
1.22328	3572810647.5775366
1.22329	3592361224.3192115
1.2233	3571741336.557357
1.22331	3550994502.9437647
1.22332	3574456366.596697
1.22333	3567303007.7161226
1.22334	3456129444.4636626
1.22335	3393907487.744288
1.22336	3590128554.7152033
1.22337	3584429145.6987047
1.22338	3551485124.854409
1.22339	3510265777.2077627
1.2234	3504693152.128754
1.22341	3492126762.518049
1.2234200000000002	3541359367.3766103
1.22343	3508084130.314989
1.22344	3584264080.437138
1.22345	3555740021.9217124
1.22346	3593271228.4736805
1.22347	3615680108.5412736
1.22348	3577914844.426465
1.22349	3375670123.52763
1.2235	3386257656.467669
1.22351	3572646117.3552623
1.2235200000000002	3417747702.263432
1.22353	3512529658.9008713
1.22354	3507599504.0591393
1.22355	3574127162.1595407
1.22356	3541767104.9118314
1.22357	3532563684.634401
1.22358	3493896212.840076
1.22359	3445402781.575872
1.2236	3380181340.489881
1.22361	3451516866.55644
1.2236200000000002	3504693152.128754
1.22363	3182291801.9395585
1.22364	3537610383.775865
1.22365	3534190864.9738173
1.22366	3467687875.6738877
1.22367	3611436640.949285
1.22368	3526224836.461241
1.22369	3491322763.182825
1.2237	3445799471.0649266
1.22371	3417196870.812642
1.22372	3553775590.211678
1.22373	3474721488.123986
1.22374	3341642609.428729
1.22375	3461306038.240217
1.22376	3529474105.6725125
1.22377	3495827544.838353
1.22378	3586080216.4661717
1.22379	3544949069.2670774
1.2238	3429019856.4941225
1.22381	3539239888.7413483
1.22382	3550340445.825875
1.22383	3543398524.5589757
1.22384	3460190424.829482
1.22385	3494137570.976285
1.22386	3477442839.475601
1.22387	3245562673.4999657
1.22388	3511559245.162912
1.22389	3516413996.3166556
1.2239	3270845270.326444
1.22391	3496632581.5573144
1.22392	3620845549.656732
1.22393	3554348437.32532
1.22394	3570096867.5678844
1.22395	3394063786.558947
1.22396	3329737521.2259197
1.22397	3568288826.153039
1.2239799999999998	3392969845.9956627
1.22399	3569028368.758357
1.224	3525007131.8520384
1.22401	3578079617.2881603
1.22402	3589880565.985763
1.22403	3427046522.018637
1.22404	3488831541.4050856
1.22405	3541685553.6493454
1.22406	3602218066.111693
1.22407	3604624249.3363338
1.2240799999999998	3571412382.172193
1.22409	3440566845.4116716
1.2241	3499209945.075071
1.22411	3523465309.657272
1.22412	3479605430.817136
1.22413	3540707084.9528213
1.22414	3596913550.8656526
1.22415	3613682561.866104
1.22416	3605869457.4731336
1.22417	3604375259.3143673
1.2241799999999998	3560573867.0702453
1.22419	3509619221.907461
1.2242	3590707261.706658
1.22421	3563608613.616951
1.22422	3563526559.440932
1.22423	3541359367.3766103
1.22424	3448498171.11327
1.22425	3380414843.209664
1.22426	3488590549.7837567
1.22427	3458756593.066369
1.22428	3576596934.667762
1.22429	3551812243.786823
1.2243	3567631583.596482
1.22431	3578162006.5645924
1.22432	3446672348.717892
1.22433	3376214261.1181393
1.22434	3604956262.7883797
1.22435	3608111916.207154
1.22436	3496713095.424837
1.2243700000000002	3377069511.693484
