1.19669	5679760198.104177
1.1967	5688922271.694323
1.19671	5697049592.730119
1.19672	5672441164.421867
1.1967299999999998	5662914440.058822
1.19674	5686695838.784559
1.19675	5675446054.0854645
1.19676	5687743463.356711
1.19677	5688922271.694323
1.19678	5619012522.988543
1.19679	5269264508.54909
1.1968	5569163908.643647
1.19681	5587403043.168589
1.19682	5669960064.282585
1.1968299999999998	5696918414.825707
1.19684	5676230200.099936
1.19685	5602346938.154904
1.19686	5663696854.647209
1.19687	5671657541.845885
1.19688	5603508047.7097645
1.19689	5605830988.803615
1.1969	5636895711.63273
1.19691	5676360901.635114
1.19692	5696393733.411828
1.1969299999999998	5680414142.305704
1.19694	5645988640.124185
1.19695	5632354740.4609785
1.19696	5658743387.360904
1.19697	5685124763.718575
1.19698	5431377639.463158
1.19699	5549961877.770304
1.197	5673355527.601493
1.19701	5570831209.766422
1.19702	5642349709.904907
1.1970299999999998	5693902156.527079
1.19704	5680414142.305704
1.19705	5583930445.575825
1.19706	5606605516.476973
1.19707	5637155306.2508135
1.19708	5600412290.194172
1.19709	5644558780.591786
1.1971	5655486890.203857
1.19711	5663696854.647209
1.19712	5685124763.718575
1.19713	5683423255.533396
1.19714	5679106329.186425
1.19715	5678844802.696848
1.19716	5657961657.072041
1.19717	5669960064.282585
1.19718	5679237096.947684
1.19719	5626780840.600307
1.1972	5476965433.547494
1.19721	5588818424.213088
1.1972200000000002	5668393612.843203
1.19723	5645988640.124185
1.19724	5536559862.9595785
1.19725	5438135192.710729
1.19726	5654966024.598691
1.19727	5626651280.675059
1.19728	5666305684.096027
1.19729	5628983815.824357
1.1973	5373533985.9407425
1.19731	5487442720.707811
1.1973200000000002	5457829947.48296
1.19733	5612030207.364288
1.19734	5581359542.592695
1.19735	5573268932.419453
1.19736	5572370699.992976
1.19737	5513406323.2939
1.19738	5386665405.020957
1.19739	5586502532.776187
1.1974	5597060482.889048
1.19741	5606347328.69633
1.1974200000000002	5591779015.998503
1.19743	5556739019.767757
1.19744	5456322101.663904
1.19745	5187761478.543607
1.19746	5256903441.552942
1.19747	5486431989.497881
1.19748	5489970363.435876
1.19749	5470411544.900615
1.1975	5457955620.1086035
1.19751	5418012466.723164
1.19752	5339738634.131292
1.19753	5266353409.811463
1.19754	5250854690.412217
1.19755	5195412082.169889
1.19756	5095068180.910875
1.19757	4947547814.006752
1.19758	4781123918.424251
1.19759	4455946829.643407
1.1976	4282131500.839497
1.19761	3964970861.1077538
1.19762	2344012913.809721
1.19763	1497373007.422386
1.19764	1726155832.3609385
1.19765	3636218734.0563846
1.19766	4131235951.6004868
1.19767	4491588901.059318
1.19768	4692129609.338615
1.19769	4767931419.333957
1.1977	3814257422.181064
1.19771	2056364036.7928526
1.19772	2548296747.9793463
1.19773	4854114317.1707325
1.19774	5203673028.965582
1.19775	5306888951.974814
1.19776	5383813411.5313635
1.19777	5379476318.431448
1.1977799999999998	5376256739.74908
1.19779	5412152184.01045
1.1978	5370317963.702532
1.19781	5517470248.223036
1.19782	5525988795.43012
1.19783	5523953320.893512
1.19784	5507442859.761283
1.19785	5564805633.776235
1.19786	5556099313.371297
1.19787	5584444768.261071
1.1978799999999998	5587789020.628282
1.19789	5595514171.565782
1.1979	5534775374.571608
1.19791	5502499350.975714
1.19792	5627687843.6121
1.19793	5655096236.502497
1.19794	5649890098.26833
1.19795	5652362416.053807
1.19796	5395354684.695611
1.19797	5569420384.025109
1.1979799999999998	5382697825.16288
1.19799	5585988020.572553
1.198	5654705609.785604
1.19801	5644688752.857184
1.19802	5651451436.291305
1.19803	5659916185.312922
1.19804	5656268278.567426
1.19805	5358336703.135975
1.19806	5630539376.4298725
1.19807	5650020193.293289
1.19808	5647548899.985488
1.19809	5610867331.922611
1.1981	5577762266.863193
1.19811	5623024813.69405
1.19812	5665653364.097281
1.19813	5669046248.342906
1.19814	5680806544.966448
1.19815	5674008734.39563
1.19816	5674662016.397307
1.1981700000000002	5678844802.696848
1.19818	5682899817.0123825
1.19819	5677798817.167578
1.1982	5662262510.468997
1.19821	5658482798.597861
1.19822	5654445206.9648075
1.19823	5651841838.210093
1.19824	5677668082.523552
1.19825	5665001119.195324
1.19826	5657049774.891242
1.1982700000000002	5639232493.623373
1.19828	5670090621.440911
1.19829	5653794252.375353
1.1983	5654966024.598691
1.19831	5618883141.933378
1.19832	5588947112.994572
1.19833	5627169538.275835
1.19834	5597447127.484086
1.19835	5557890676.893053
1.19836	5647418861.863503
1.1983700000000002	5597962695.159075
1.19838	5366115300.215666
1.19839	5666436157.108171
1.1984	5478478984.118046
1.19841	5408663965.137011
1.19842	5642349709.904907
1.19843	5610867331.922611
1.19844	5668132579.681062
1.19845	5624449218.318646
1.19846	5375885373.916989
1.19847	5559170575.863318
1.19848	5566727981.509474
1.19849	5615778890.1739645
1.1985	5646378664.6733465
1.19851	5559682617.975267
1.19852	5378857018.982906
1.19853	5613968868.704501
1.19854	5683292391.383382
1.19855	5691280621.358878
1.19856	5674270038.170903
1.19857	5619012522.988543
1.19858	5506682030.968927
1.19859	5509472250.498636
1.1986	5651191183.327287
1.19861	5677145174.049152
1.19862	5640401247.862035
1.19863	5588947112.994572
1.19864	5614356681.329817
1.19865	5667741052.47661
1.19866	5664870679.225793
1.19867	5597060482.889048
1.19868	5611384135.701033
1.19869	5594354718.431489
1.1987	5572499010.047254
1.19871	5580203022.455875
1.19872	5513279373.88335
1.19873	5269749848.0958
1.19874	4369583068.793252
1.19875	4051352202.2926345
1.19876	4807065059.815346
1.19877	5342936343.8962755
1.19878	5523698939.299474
1.19879	5570446403.670324
1.1988	5629372665.681299
1.19881	5646118645.313692
1.19882	5477343781.983885
1.1988299999999998	5648069082.416749
1.19884	5675838113.550978
1.19885	5645468649.2998905
1.19886	5598478310.321791
1.19887	5602862957.139918
1.19888	5627299110.1345215
1.19889	5663827267.588121
1.1989	5683815866.063496
1.19891	5666958079.200213
1.19892	5657701104.308156
1.1989299999999998	5659785862.4269705
1.19894	5625096794.241717
1.19895	5636246777.387288
1.19896	5621471329.152141
1.19897	5551879097.766392
1.19898	5557378799.817378
1.19899	5676491606.17984
1.199	5667219058.273362
1.19901	5650150291.3138075
1.19902	5603379023.654227
1.1990299999999998	5637544720.59379
1.19904	5555843451.433685
1.19905	5334208658.444209
1.19906	5615390979.309358
1.19907	5681722256.594754
1.19908	5386665405.020957
1.19909	5520647273.742897
1.1991	5623931211.25706
1.19911	5662784048.136297
1.19912	5690756459.181054
1.19913	5697574334.553657
1.19914	5697705527.56135
1.19915	5687612499.731382
1.19916	5681329790.681101
1.19917	5700855066.165782
1.19918	5675315373.615189
1.19919	5658743387.360904
1.1992	5650150291.3138075
1.19921	5660828529.541704
1.1992200000000002	5678975564.436169
1.19923	5595385331.573927
1.19924	5404555736.183575
1.19925	5645338659.076921
1.19926	5683161530.2465925
1.19927	5682245586.653451
1.19928	5481633558.000578
1.19929	5499839299.826163
1.1993	5667610549.418487
1.19931	5631187653.548671
1.1993200000000002	5657570832.425744
1.19933	5689839291.528677
1.19934	5634040959.7097845
1.19935	5495155671.478537
1.19936	5409784933.095307
1.19937	5543448280.699188
1.19938	5690887495.199558
1.19939	5682507269.758546
1.1994	5643779009.843383
1.19941	5671526948.608322
1.1994200000000002	5662784048.136297
1.19943	5625096794.241717
1.19944	5623672225.617036
1.19945	5600928130.983318
1.19946	5312023651.045967
1.19947	5237330731.8402605
1.19948	4427922387.787079
1.19949	4376833239.543783
1.1995	5147661727.239587
1.19951	5541406375.035228
1.19952	5530444011.227403
1.19953	5524843748.731554
1.19954	5499459397.5081215
1.19955	5337771764.051676
1.19956	5645208671.847054
1.19957	5660567844.756528
1.19958	5583544734.647825
1.19959	5197685526.33785
1.1996	5646118645.313692
1.19961	5692853397.586203
1.19962	5684732062.776148
1.19963	5671265771.15406
1.19964	5676230200.099936
1.19965	5673747442.6535425
1.19966	5684601168.490082
1.19967	5687612499.731382
1.19968	5689184262.279206
1.19969	5672702396.006236
1.1997	5667610549.418487
1.19971	5680544940.180843
1.19972	5557378799.817378
1.19973	5346874615.616069
1.19974	5654575406.876207
1.19975	5456950320.123064
1.19976	5554436421.376438
1.19977	5655747340.9970455
1.1997799999999998	5520647273.742897
1.19979	5435005651.294477
1.1998	5642089876.081229
1.19981	5658482798.597861
1.19982	5653013205.787525
1.19983	5637544720.59379
1.19984	5674531353.97996
1.19985	5657440563.542915
1.19986	5656398520.457083
1.19987	5673878087.020482
1.1998799999999998	5621212456.7912655
1.19989	5367598217.530524
1.1999	5675315373.615189
1.19991	5680675741.067728
1.19992	5654184816.135732
1.19993	5660176840.087379
1.19994	5530189330.732911
1.19995	5579432142.169887
1.19996	5678583288.2507105
1.19997	5647678941.101722
1.1999799999999998	5656268278.567426
1.19999	5675838113.550978
1.2	5606218239.264687
1.20001	5570831209.766422
1.20002	5611771769.77315
1.20003	5658873686.242703
1.20004	5639751910.05005
1.20005	5441642418.513219
1.20006	5658873686.242703
1.20007	5689184262.279206
1.20008	5598478310.321791
1.20009	5617460146.930353
1.2001	5623672225.617036
1.20011	5650020193.293289
1.20012	5659785862.4269705
1.20013	5659785862.4269705
1.20014	5656138039.676664
1.20015	5651971978.176019
1.20016	5679629418.298206
1.2001700000000002	5677798817.167578
1.20018	5671918737.342247
1.20019	5668002067.607818
1.2002	5678191039.16182
1.20021	5672441164.421867
1.20022	5631317317.928946
1.20023	5674139384.779081
1.20024	5653794252.375353
1.20025	5575707721.787932
1.20026	5566727981.509474
1.2002700000000002	5616813450.158186
1.20028	5611125727.86191
1.20029	5618753763.857267
1.2003	5577120140.215261
1.20031	5677014454.455643
1.20032	5689577270.779276
1.20033	5684470277.217932
1.20034	5671918737.342247
1.20035	5649109591.022068
1.20036	5540385704.26829
1.2003700000000002	5515945925.456346
1.20038	5648069082.416749
1.20039	5658482798.597861
1.2004	5597189361.453132
1.20041	5609188048.338193
1.20042	5173804330.606331
1.20043	5301392996.294345
1.20044	5594225905.136721
1.20045	5648069082.416749
1.20046	5641440343.869928
1.20047	5642479631.303988
1.20048	5505540984.847946
1.20049	5526879551.374358
1.2005	5622895340.253542
1.20051	5558274615.640293
1.20052	5637804345.100528
1.20053	5665783822.0890045
1.20054	5632873523.394006
1.20055	5462481762.3880825
1.20056	5673616801.294786
1.20057	5658222221.835075
1.20058	5525988795.43012
1.20059	5604540347.1130705
1.2006	5686041171.417629
1.20061	5682638115.830257
1.20062	5689970306.428372
1.20063	5688791280.92624
1.20064	5663566444.709133
1.20065	5614485958.158173
1.20066	5545490938.767606
1.20067	5432378228.352941
1.20068	5665783822.0890045
1.20069	5668263094.759516
1.2007	5625355845.487039
1.20071	5577505407.332673
1.20072	5545874020.941696
1.20073	5599380751.137019
1.20074	5649109591.022068
1.20075	5489843953.652035
1.20076	5613193323.816708
1.20077	5654054625.217891
1.20078	5463488081.396797
1.20079	5601572998.785245
1.2008	5676753024.298216
1.20081	5651321308.311159
1.20082	5675576737.564805
1.2008299999999998	5647288826.735747
1.20084	5634170689.790642
1.20085	5656268278.567426
1.20086	5508457461.673061
1.20087	5256782398.271517
1.20088	5454437880.186081
1.20089	5532864060.972196
1.2009	5643908964.153711
1.20091	5651451436.291305
1.20092	5670743452.327198
1.2009299999999998	5660046511.1997
1.20094	5655096236.502497
1.20095	5684077621.484271
1.20096	5683946742.2670965
1.20097	5672833016.309789
1.20098	5670090621.440911
1.20099	5674792681.823307
1.2009999999999998	5679629418.298206
1.20101	5677406622.266134
1.20102	5670612880.137059
1.2010299999999998	5641700147.780854
1.20104	5600283337.420265
1.20105	5567497106.529559
1.20106	5623024813.69405
1.20107	5643649058.525351
1.20108	5672441164.421867
1.20109	5690101324.344832
1.2011	5679890980.921497
1.20111	5653924437.297793
1.20112	5662132133.557536
1.20113	5507062432.226047
1.20114	5619659472.952898
1.20115	5659525225.65726
1.20116	5642089876.081229
1.20117	5378361630.757175
1.20118	5433504111.1902895
1.20119	5540896016.149946
1.2012	5486431989.497881
1.20121	5644688752.857184
1.2012200000000002	5640661003.919719
1.20123	5526370530.397366
1.20124	5535667546.859197
1.20125	5680806544.966448
1.20126	5660698185.648494
1.20127	5660046511.1997
1.20128	5671265771.15406
1.20129	5664609808.2970295
1.2013	5604540347.1130705
1.20131	5373657717.557793
1.2013200000000002	5663566444.709133
1.20133	5654575406.876207
1.20134	5646898739.317011
1.20135	5334822817.264345
1.20136	5551751262.497652
1.20137	5635338394.949539
1.20138	5592937935.307821
1.20139	5465878832.105098
1.2014	5666175214.088124
1.20141	5676230200.099936
1.2014200000000002	5678191039.16182
1.20143	5539875439.385929
1.20144	5608284026.900785
1.20145	5657961657.072041
1.20146	5682899817.0123825
1.20147	5680021766.750263
1.20148	5670090621.440911
1.20149	5672441164.421867
1.2015	5677014454.455643
1.20151	5650410496.341874
1.20152	5660307171.976052
1.20153	5686172098.861369
1.20154	5685517491.7887535
1.20155	5581745102.5677395
1.20156	5579432142.169887
1.20157	5676099501.574214
1.20158	5548684098.937033
1.20159	5621989109.639778
1.2016	5676753024.298216
1.20161	5599122896.061455
1.20162	5626133070.805374
1.20163	5677929554.821914
1.20164	5669568410.844329
1.20165	5651451436.291305
1.20166	5530189330.732911
1.20167	5625614908.662407
1.20168	5654966024.598691
1.20169	5652883041.8467
1.2017	5624708239.741308
1.20171	5432002985.919654
1.20172	5505414216.541425
1.20173	5547278882.002175
1.20174	5632614125.954772
1.20175	5680152555.590494
1.20176	5680544940.180843
1.20177	5672833016.309789
1.2017799999999998	5670351744.7762575
1.20179	5623542737.26949
1.2018	5633911232.616062
1.20181	5656659013.233383
1.20182	5658482798.597861
1.20183	5648459250.682738
1.20184	5661610655.931022
1.20185	5681329790.681101
1.20186	5680675741.067728
1.20187	5653664070.450494
1.2018799999999998	5650930942.348062
1.20189	5630539376.4298725
1.2019	5559682617.975267
1.20191	5331507199.4845295
1.20192	4411639331.769138
1.20193	5013026495.398061
1.20194	5590877800.339454
1.20195	5537069822.452001
1.20196	5516708034.19146
1.20197	5479235916.246344
1.2019799999999998	5682638115.830257
1.20199	5677668082.523552
1.202	5655617114.101175
1.20201	5664740242.259717
1.20202	5665653364.097281
1.20203	5671788138.090504
1.20204	5660046511.1997
1.20205	5683554122.696702
1.20206	5696262570.608963
1.20207	5686564899.281378
1.20208	5629502288.269453
1.20209	5663175232.911194
1.2021	5637285108.042951
1.20211	5604282254.434779
1.20212	5235883803.78953
1.20213	5625614908.662407
1.20214	5649239668.074953
1.20215	5478226696.646412
1.20216	5479488250.195329
1.2021700000000002	5580331512.85812
1.20218	5647158794.602125
1.20219	5586759806.64916
1.2022	5620306497.404409
1.20221	5527134079.444345
1.20222	5645728638.725432
1.20223	5639492195.856697
1.20224	5640141503.766258
1.20225	5662653659.216104
1.20226	5678060295.486654
1.2022700000000002	5665392457.125376
1.20228	5588818424.213088
1.20229	5620435911.23392
1.2023	5645338659.076921
1.20231	5634300422.858654
1.20232	5579046741.962969
1.20233	5589719307.913147
1.20234	5152167811.403749
1.20235	5597060482.889048
1.20236	5641180551.923116
1.2023700000000002	5660567844.756528
1.20238	5663305633.841183
1.20239	5672310553.140936
1.2024	5480245321.768497
1.20241	5527770450.903041
1.20242	5617848200.732954
1.20243	5606089152.805378
1.20244	5661480294.028869
1.20245	5682638115.830257
1.20246	5635987224.607567
1.20247	5653143372.725499
1.20248	5635727683.7803955
1.20249	5542682477.917699
1.2025	5563524437.435304
1.20251	5641570244.32984
1.20252	5663305633.841183
1.20253	5671788138.090504
1.20254	5537197319.664177
1.20255	5250733786.406807
1.20256	5501485846.487405
1.20257	5657831379.190225
1.20258	5640920771.939911
1.20259	5493637513.605532
1.2026	5625485375.583425
1.20261	5636636128.969172
1.20262	5654184816.135732
1.20263	5661219579.229519
1.20264	5641700147.780854
1.20265	5656919518.00607
1.20266	5672179944.867405
1.20267	5615649583.57509
1.20268	5564293119.838821
1.20269	5673094265.939996
1.2027	5687481539.121566
1.20271	5672049339.601206
1.20272	5600025440.780004
1.20273	5618106918.1605215
1.20274	5565446342.582576
1.20275	5613968868.704501
1.20276	5663957683.531937
1.20277	5647028765.462568
1.20278	5386045277.9459
1.20279	5389518909.3108425
1.2028	5648719377.833735
1.20281	5670874027.523885
1.20282	5632225052.1934185
1.2028299999999998	5636506342.120154
1.20284	5612547118.252429
1.20285	5651191183.327287
1.20286	5661219579.229519
1.20287	5661219579.229519
1.20288	5659394911.773384
1.20289	5615390979.309358
1.2029	5390884163.051135
1.20291	5395478918.758582
1.20292	5503006173.234577
1.2029299999999998	5452930971.500358
1.20294	5602475938.44552
1.20295	5672702396.006236
1.20296	5656659013.233383
1.20297	5634559897.956495
1.20298	5386169297.64939
1.20299	5540003001.200589
1.203	5533628507.195548
1.20301	5656659013.233383
1.20302	5629891173.94244
1.2030299999999998	5636636128.969172
1.20304	5617848200.732954
1.20305	5650670713.353125
1.20306	5575450956.870558
1.20307	5623672225.617036
1.20308	5337648858.729748
1.20309	5563652543.794514
1.2031	5426002630.88098
1.20311	5337034374.568293
1.20312	5631965684.616723
1.20313	5633132932.779186
1.20314	5450671389.029725
1.20315	5395478918.758582
1.20316	5608800592.737063
1.20317	5668915715.231906
1.20318	5676622313.734185
1.20319	5669829510.130438
1.2032	5664479377.337636
1.20321	5670612880.137059
1.2032200000000002	5654054625.217891
1.20323	5566727981.509474
1.20324	5372296826.454188
1.20325	5584573356.334247
1.20326	5660176840.087379
1.20327	5655486890.203857
1.20328	5651841838.210093
1.20329	5558402601.116498
1.2033	5542554854.406541
1.20331	5636246777.387288
1.2033200000000002	5609446366.941821
1.20333	5640401247.862035
1.20334	5603250002.569546
1.20335	5633392354.110886
1.20336	5586888448.028701
1.20337	5291270937.6964
1.20338	5481254913.24717
1.20339	5540385704.26829
1.2034	5547917572.850489
1.20341	5566087125.157491
1.2034200000000002	5544086530.507862
1.20343	5526497781.246403
1.20344	5261989776.967675
1.20345	5232147756.26758
1.20346	5225525844.23413
1.20347	4329223427.9339075
1.20348	3823402325.7810454
1.20349	4423133015.8205595
1.2035	5247591259.222986
1.20351	5416141474.6397
1.20352	5484158524.894243
1.20353	5560578805.159725
1.20354	5594097094.807957
1.20355	5578147578.338648
1.20356	5379971809.328436
1.20357	5587917685.706599
1.20358	5621083025.081338
1.20359	5611900987.081033
1.2036	5497433694.962703
1.20361	5493637513.605532
1.20362	5581616579.616765
1.20363	5601830966.694807
1.20364	5630539376.4298725
1.20365	5280925004.169211
1.20366	5509345391.672397
1.20367	5581488059.625107
1.20368	5659134293.007224
1.20369	5665392457.125376
1.2037	5637544720.59379
1.20371	5611254930.293956
1.20372	5610608947.882634
1.20373	5637804345.100528
1.20374	5662914440.058822
1.20375	5645988640.124185
1.20376	5584701947.368304
1.20377	5485800377.03148
1.20378	5656398520.457083
1.20379	5669698958.984375
1.2038	5665131562.168383
1.20381	5648849445.9015255
1.20382	5636506342.120154
1.20383	5621859660.046941
1.20384	5662653659.216104
1.20385	5654705609.785604
1.20386	5663566444.709133
1.20387	5672702396.006236
1.2038799999999998	5660958876.436254
1.20389	5641959963.656468
1.2039	5657310297.659608
1.20391	5644818728.115338
1.20392	5587660358.512553
1.20393	5589333197.118537
1.20394	5648329191.599419
1.20395	5557378799.817378
1.20396	5650150291.3138075
1.20397	5665783822.0890045
1.2039799999999998	5668132579.681062
1.20399	5616166827.835452
1.204	5638842962.697168
1.20401	5663305633.841183
1.20402	5663696854.647209
1.20403	5597447127.484086
1.20404	5550217468.845203
1.20405	5630150445.98219
1.20406	5626910403.508798
1.20407	5614098136.603061
1.2040799999999998	5674531353.97996
1.20409	5663566444.709133
1.2041	5620824170.6021385
1.20411	5656659013.233383
1.20412	5642479631.303988
1.20413	5647028765.462568
1.20414	5626521723.733026
1.20415	5384309301.9078045
1.20416	5618365647.502766
1.20417	5647418861.863503
1.20418	5641310446.401028
1.20419	5669437865.71021
1.2042	5650540603.349582
1.20421	5631187653.548671
1.20422	5638323629.983807
1.20423	5601444019.285344
1.20424	5626003525.795425
1.20425	5636636128.969172
1.20426	5653533891.5231285
1.2042700000000002	5646248653.496738
1.20428	5634430158.913918
1.20429	5347490232.742359
1.2043	5236968962.345367
1.20431	5204511829.559268
1.20432	5164282603.3530855
1.20433	5459338209.992801
1.20434	5572114088.747573
1.20435	5609704697.441734
1.20436	5643389164.865834
1.2043700000000002	5616296146.344452
1.20438	5628724597.508675
1.20439	5585087738.236489
1.2044	5617072119.932654
1.20441	5644428811.319078
1.20442	5662392890.382534
1.20443	5667219058.273362
1.20444	5639232493.623373
1.20445	5386045277.9459
1.20446	5459966775.714254
1.2044700000000002	5399580248.0433
1.20448	5579817569.000251
1.20449	5661741020.834879
1.2045	5660046511.1997
1.20451	5654705609.785604
1.20452	5659394911.773384
1.20453	5659264600.890061
1.20454	5665001119.195324
1.20455	5618236281.342265
1.20456	5610738138.415244
1.20457	5656138039.676664
1.20458	5659003988.124779
1.20459	5651321308.311159
1.2046	5648459250.682738
1.20461	5638193804.279068
1.20462	5664088102.478746
1.20463	5669698958.984375
1.20464	5667349552.316943
1.20465	5375885373.916989
1.20466	5478605132.210803
1.20467	5613839603.782433
1.20468	5589976729.927525
1.20469	5658613091.479313
1.2047	5663827267.588121
1.20471	5644558780.591786
1.20472	5358830246.912795
1.20473	5330402451.548342
1.20474	5491740406.066488
1.20475	5534775374.571608
1.20476	5356732999.763004
1.20477	5498066646.841428
1.20478	5627299110.1345215
1.20479	5610350575.741385
1.2048	5655747340.9970455
1.20481	5658482798.597861
1.20482	5622506937.818958
1.2048299999999998	5667871558.539691
1.20484	5671265771.15406
1.20485	5647288826.735747
1.20486	5642739483.076994
1.20487	5639622051.458349
1.20488	5632743823.181165
1.20489	5560962929.602724
1.2049	5386789439.003567
1.20491	5626651280.675059
1.20492	5644168881.751421
1.2049299999999998	5593324295.117522
1.20494	5176068319.50568
1.20495	5407045199.2541065
1.20496	5580588502.53858
1.20497	5473435441.495363
1.20498	5531080763.778015
1.20499	5641570244.32984
1.205	5664870679.225793
1.20501	5650280392.329981
1.20502	5589075804.739258
1.2050299999999998	5392746430.061522
1.20504	5330156983.096001
1.20505	5549706298.465561
1.20506	5670351744.7762575
1.20507	5657831379.190225
1.20508	5661089226.33216
1.20509	5657180034.7757225
1.2051	5644298845.038961
1.20511	5643259222.524212
1.20512	5654835815.69309
1.20513	5652883041.8467
1.20514	5662653659.216104
1.20515	5651841838.210093
1.20516	5670612880.137059
1.20517	5641830054.2230425
1.20518	5589848017.438507
1.20519	5647158794.602125
1.2052	5673355527.601493
1.20521	5646768716.165358
1.2052200000000002	5626262618.7982645
1.20523	5657831379.190225
1.20524	5633651787.389675
1.20525	5614744520.745205
1.20526	5585216341.114765
1.20527	5642219791.497345
1.20528	5628983815.824357
1.20529	5637544720.59379
1.2053	5620177086.5547285
1.20531	5286156298.5769615
1.2053200000000002	5582387761.714766
1.20533	5582387761.714766
1.20534	5559042572.704025
1.20535	5653403715.593229
1.20536	5636246777.387288
1.20537	5645598642.516029
1.20538	5659785862.4269705
1.20539	5660958876.436254
1.2054	5652622722.956327
1.20541	5634949133.00885
1.2054200000000002	5391504847.255498
1.20543	5567881708.8883705
1.20544	5391132428.157857
1.20545	5589333197.118537
1.20546	5580460006.218999
1.20547	5632354740.4609785
1.20548	5663566444.709133
1.20549	5657831379.190225
1.2055	5653924437.297793
1.20551	5642999346.816871
1.20552	5631576655.6465645
1.20553	5650280392.329981
1.20554	5655226451.404577
1.20555	5642479631.303988
1.20556	5652232267.097796
1.20557	5618236281.342265
1.20558	5618495016.64204
1.20559	5600154387.615574
1.2056	5380839028.218377
1.20561	5630669025.882842
1.20562	5602733947.937971
1.20563	5314348122.906628
1.20564	4961237297.830029
1.20565	5529043413.636439
1.20566	5634559897.956495
1.20567	5655226451.404577
1.20568	5649629917.204928
1.20569	5662914440.058822
1.2057	5667088567.234483
1.20571	5637674531.352629
1.20572	5631187653.548671
1.20573	5656138039.676664
1.20574	5656138039.676664
1.20575	5668393612.843203
1.20576	5660698185.648494
1.20577	5578918281.143304
1.20578	5524462119.227028
1.20579	5529934661.966642
1.2058	5579817569.000251
1.20581	5657049774.891242
1.20582	5655356669.304999
1.20583	5650020193.293289
1.20584	5623024813.69405
1.20585	5642219791.497345
1.20586	5651711701.24069
1.20587	5644168881.751421
1.2058799999999998	5618106918.1605215
1.20589	5605443765.091933
1.2059	5601057098.604315
1.20591	5642609555.694675
1.20592	5661610655.931022
1.20593	5650930942.348062
1.20594	5598607221.532933
1.20595	5535667546.859197
1.20596	5567240719.71626
1.20597	5670743452.327198
1.2059799999999998	5638972803.3495035
1.20599	5436883159.959019
1.206	5508457461.673061
1.20601	5515056931.662396
1.20602	5607121927.709609
1.20603	5644428811.319078
1.20604	5658352508.716456
1.20605	5675315373.615189
1.20606	5669568410.844329
1.20607	5670090621.440911
1.2060799999999998	5657049774.891242
1.20609	5646638696.007586
1.2061	5651841838.210093
1.20611	5642999346.816871
1.20612	5647028765.462568
1.20613	5653794252.375353
1.20614	5640661003.919719
1.20615	5657310297.659608
1.20616	5670351744.7762575
1.20617	5660958876.436254
1.20618	5626392169.774117
1.20619	5607509267.34866
1.2062	5622636402.316066
1.20621	5647939032.317283
1.20622	5630150445.98219
1.20623	5545746323.943391
1.20624	5642089876.081229
1.20625	5650800826.352593
1.20626	5649629917.204928
1.2062700000000002	5607509267.34866
1.20628	5609963039.838504
1.20629	5644558780.591786
1.2063	5625744444.72401
1.20631	5432253144.66175
1.20632	5492119775.157075
1.20633	5629243046.077783
1.20634	5594354718.431489
1.20635	5637934161.837508
1.20636	5649499831.166327
1.2063700000000002	5597833798.788529
1.20638	5605443765.091933
1.20639	5589848017.438507
1.2064	5547917572.850489
1.20641	5563140136.055722
1.20642	5582516302.42307
1.20643	5648589312.760814
1.20644	5654835815.69309
1.20645	5634689639.9864855
1.20646	5646378664.6733465
1.2064700000000002	5651191183.327287
1.20648	5621859660.046941
1.20649	5611771769.77315
1.2065	5653013205.787525
1.20651	5588947112.994572
1.20652	5392249762.632646
1.20653	5508076964.0540285
1.20654	5590234163.796873
1.20655	5642349709.904907
1.20656	5647808985.2122965
1.20657	5658352508.716456
1.20658	5623024813.69405
1.20659	5592165295.75013
1.2066	5610867331.922611
1.20661	5593710681.6169615
1.20662	5495661817.328374
1.20663	5442394261.1303215
1.20664	5452428761.125628
1.20665	5468774298.506421
1.20666	5651971978.176019
1.20667	5657310297.659608
1.20668	5593581883.151521
1.20669	5232027283.000289
1.2067	5387161558.087805
1.20671	5495535276.495472
1.20672	5641700147.780854
1.20673	5652492568.00662
1.20674	5616684119.737965
1.20675	5600928130.983318
1.20676	5522172895.719609
1.20677	5541406375.035228
1.20678	5638842962.697168
1.20679	5604798451.677218
1.2068	5582516302.42307
1.20681	5618883141.933378
1.20682	5648329191.599419
1.2068299999999998	5643649058.525351
1.20684	5642089876.081229
1.20685	5617330801.619557
1.20686	5643259222.524212
1.20687	5624967273.092644
1.20688	5641830054.2230425
1.20689	5622636402.316066
1.2069	5625873983.768329
1.20691	5634040959.7097845
1.20692	5612676353.413576
1.2069299999999998	5596287273.819701
1.20694	5273512745.62439
1.20695	5082764640.683721
1.20696	5228414374.589928
1.20697	5604669397.909375
1.20698	5657049774.891242
1.20699	5624837754.925848
1.207	5578276021.411998
1.20701	5269749848.0958
1.20702	5433003690.013121
1.2070299999999998	5654835815.69309
1.20704	5644168881.751421
1.20705	5621471329.152141
1.20706	5619141907.022847
1.20707	5643649058.525351
1.20708	5628594992.827307
1.20709	5631836005.307425
1.2071	5591135275.705607
1.20711	5564677500.86645
1.20712	5601315042.755271
1.20713	5616425467.831154
1.20714	5497180534.614472
1.20715	5415393258.728558
1.20716	5547662087.687275
1.20717	5607121927.709609
1.20718	5638972803.3495035
1.20719	5634689639.9864855
1.2072	5601315042.755271
1.20721	5601444019.285344
1.2072200000000002	5631576655.6465645
1.20723	5626910403.508798
1.20724	5590491609.521786
1.20725	5543193001.349769
1.20726	5600412290.194172
1.20727	5555715524.883401
1.20728	5567881708.8883705
1.20729	5383069661.598685
1.2073	5470411544.900615
1.20731	5557122878.958593
1.2073200000000002	5571985787.556333
1.20733	5611513344.083207
1.20734	5644428811.319078
1.20735	5629891173.94244
1.20736	5592294061.59709
1.20737	5645208671.847054
1.20738	5654315010.05134
1.20739	5630409729.962156
1.2074	5627299110.1345215
1.20741	5618495016.64204
1.2074200000000002	5646898739.317011
1.20743	5644688752.857184
1.20744	5640661003.919719
1.20745	5640531124.3956
1.20746	5610479760.324711
1.20747	5590749067.102761
1.20748	5558402601.116498
1.20749	5306888951.974814
1.2075	4166870466.852696
1.20751	5098706345.912745
1.20752	5612030207.364288
1.20753	5625873983.768329
1.20754	5621212456.7912655
1.20755	5551112130.304914
1.20756	5434254829.381014
1.20757	5185731181.35684
1.20758	5412152184.01045
1.20759	5649760006.238906
1.2076	5624837754.925848
1.20761	5580717001.816935
1.20762	5616554792.29565
1.20763	5641180551.923116
1.20764	5623542737.26949
1.20765	5617718846.486993
1.20766	5416889793.927855
1.20767	5576221287.097454
1.20768	5613710341.836765
1.20769	5640531124.3956
1.2077	5648849445.9015255
1.20771	5494270028.407567
1.20772	5484916241.734279
1.20773	5635468154.905266
1.20774	5647288826.735747
1.20775	5657049774.891242
1.20776	5654315010.05134
1.20777	5631187653.548671
1.20778	5427752049.426922
1.20779	5470789440.59478
1.2078	5626262618.7982645
1.20781	5637025507.447413
1.20782	5536432380.425218
1.20783	5562371612.931797
1.20784	5573782273.097827
1.20785	5525607086.831301
1.20786	5600541245.93736
1.20787	5612805591.550529
1.2078799999999998	5637544720.59379
1.20789	5634819385.003904
1.2079	5647808985.2122965
1.20791	5649629917.204928
1.20792	5629502288.269453
1.20793	5642349709.904907
1.20794	5635338394.949539
1.20795	5582516302.42307
1.20796	5605701911.261
1.20797	5614098136.603061
1.2079799999999998	5598607221.532933
1.20799	5618753763.857267
1.208	5616166827.835452
1.20801	5616037512.304089
1.20802	5586631168.231686
1.20803	5313858675.896166
1.20804	5604927508.416692
1.20805	5638842962.697168
1.20806	5653143372.725499
1.20807	5652622722.956327
1.2080799999999998	5626651280.675059
1.20809	5628983815.824357
1.2081	5633392354.110886
1.20811	5622377476.302824
1.20812	5636246777.387288
1.20813	5594612353.919302
1.20814	5493258039.676886
1.20815	5550217468.845203
1.20816	5545746323.943391
1.20817	5254725088.859973
1.20818	5597189361.453132
1.20819	5629243046.077783
1.2082	5626780840.600307
1.20821	5588175024.751297
1.20822	5581616579.616765
1.20823	5572499010.047254
1.20824	5596029561.200753
1.20825	5620047678.684783
1.20826	5595127660.489974
1.2082700000000002	5604024173.641844
1.20828	5616813450.158186
1.20829	5582002157.347935
1.2083	5537069822.452001
1.20831	5516453986.247521
1.20832	5514295051.019793
1.20833	5596416134.5797825
1.20834	5566599804.336508
1.20835	5458458339.549279
1.20836	5508457461.673061
1.2083700000000002	5593066718.945645
1.20838	5572499010.047254
1.20839	5556611072.596465
1.2084	5600412290.194172
1.20841	5585859399.925904
1.20842	5514422023.817439
1.20843	5566471630.114898
1.20844	5581745102.5677395
1.20845	5564805633.776235
1.20846	5545746323.943391
1.2084700000000002	5458332655.348249
1.20848	5461349875.057228
1.20849	5439262268.702731
1.2085	5430252197.2545395
1.20851	5483779705.728324
1.20852	5507062432.226047
1.20853	5488832780.159365
1.20854	5468018811.604215
1.20855	5457955620.1086035
1.20856	5439387513.786827
1.20857	5398337091.873681
1.20858	5373410257.172705
1.20859	5316918459.431509
1.2086	5254846084.769574
1.20861	5183582320.985043
1.20862	5079605678.260688
1.20863	4906479628.367565
1.20864	4555331637.601524
1.20865	3681374502.2299156
1.20866	3278989303.9136605
1.20867	3905889925.674261
1.20868	4338104405.465887
1.20869	3587732047.754928
1.2087	3355135003.938005
1.20871	4166870466.852696
1.20872	4774413176.160306
1.20873	5008988100.869675
1.20874	5141146742.4334135
1.20875	5211227103.684883
1.20876	5146002584.594184
1.20877	5330647931.3051605
1.20878	5294195810.174285
1.20879	5261626304.145143
1.2088	5420008904.016236
1.20881	5474065630.314002
1.20882	5478478984.118046
1.2088299999999998	5510614111.390646
1.20884	5516326966.66275
1.20885	5524334915.250279
1.20886	5537197319.664177
1.20887	5545107883.054957
1.20888	5463236484.265849
1.20889	5422755206.528375
1.2089	5515437911.457165
1.20891	5560322736.938664
1.20892	5542554854.406541
1.2089299999999998	5580717001.816935
1.20894	5521410032.038149
1.20895	5376875739.812155
1.20896	5499206143.874969
1.20897	5546257129.579103
1.20898	5595256494.548688
1.20899	5586116644.180835
1.209	5299806335.675459
1.20901	5496421123.516798
1.20902	5360804876.6534815
1.2090299999999998	5506048087.264543
1.20904	5463236484.265849
1.20905	5438009976.46206
1.20906	5559810635.872297
1.20907	5584187600.997079
1.20908	5465752977.042879
1.20909	5580074535.012177
1.2091	5555459680.6194935
1.20911	5140673247.12501
1.20912	5511883123.276065
1.20913	5599638618.087543
1.20914	5596802734.663302
1.20915	5607509267.34866
1.20916	5625355845.487039
1.20917	5630020808.469826
1.20918	5591006536.540394
1.20919	5589848017.438507
1.2092	5594483534.692326
1.20921	5562627775.509256
1.2092200000000002	5335928481.339595
1.20923	5539110130.176614
1.20924	5601315042.755271
1.20925	5625744444.72401
1.20926	5501865888.792439
1.20927	5472427290.283961
1.20928	5610479760.324711
1.20929	5627039969.400618
1.2093	5638453458.677902
1.20931	5621341891.481525
1.2093200000000002	5613193323.816708
1.20933	5549450730.930387
1.20934	5478478984.118046
1.20935	5544852527.279785
1.20936	5594483534.692326
1.20937	5611642555.440575
1.20938	5613322573.857458
1.20939	5628854205.1743355
1.2094	5578918281.143304
1.20941	5582773392.719147
1.2094200000000002	5632225052.1934185
1.20943	5650410496.341874
1.20944	5646898739.317011
1.20945	5638842962.697168
1.20946	5625614908.662407
1.20947	5593581883.151521
1.20948	5618624388.760185
1.20949	5570702938.114224
1.2095	5586888448.028701
1.20951	5614485958.158173
1.2095200000000002	5508711141.354932
1.20953	5616813450.158186
1.20954	5627169538.275835
1.20955	5619141907.022847
1.20956	5621859660.046941
1.20957	5639881771.631888
1.20958	5640401247.862035
1.20959	5521410032.038149
1.2096	5444775781.459607
1.20961	5549067401.694455
1.20962	5584059021.806147
1.20963	5589075804.739258
1.20964	5627687843.6121
1.20965	5647288826.735747
1.20966	5618495016.64204
1.20967	5618495016.64204
1.20968	5641310446.401028
1.20969	5633522069.256873
1.2097	5573012279.809893
1.20971	5523571752.895413
1.20972	5585730782.240823
1.20973	5522172895.719609
1.20974	5577376982.003165
1.20975	5586245270.75084
1.20976	5622895340.253542
1.20977	5576734899.710265
1.20978	5555331762.90576
1.20979	5633911232.616062
1.2098	5590877800.339454
1.20981	5580074535.012177
1.20982	5625744444.72401
1.20983	5591135275.705607
1.20984	5442644898.419344
1.20985	5625744444.72401
1.20986	5569676871.217948
1.20987	5601959955.104628
1.2098799999999998	5645338659.076921
1.20989	5636376558.259536
1.2099	5604927508.416692
1.20991	5629502288.269453
1.20992	5604669397.909375
1.20993	5616037512.304089
1.20994	5611254930.293956
1.20995	5627039969.400618
1.20996	5631187653.548671
1.20997	5630150445.98219
1.2099799999999998	5597704905.3859005
1.20999	5620694747.832727
1.21	5635078884.0013895
1.21001	5630798678.3211355
1.21002	5622506937.818958
1.21003	5641310446.401028
1.21004	5619659472.952898
1.21005	5603508047.7097645
1.21006	5634300422.858654
1.21007	5629631913.842311
1.2100799999999998	5626780840.600307
1.21009	5622765869.794238
1.2101	5632614125.954772
1.21011	5627947014.1824
1.21012	5597189361.453132
1.21013	5511248580.808269
1.21014	5544341851.006767
1.21015	5614744520.745205
1.21016	5609963039.838504
1.21017	5640271374.318951
1.21018	5642609555.694675
1.21019	5626003525.795425
1.2102	5602604941.706535
1.21021	5630280086.479603
1.21022	5638063981.563665
1.21023	5436382427.574289
1.21024	5598478310.321791
1.21025	5631706328.984071
1.21026	5635987224.607567
1.2102700000000002	5625485375.583425
1.21028	5633781508.509382
1.21029	5625355845.487039
1.2103	5632873523.394006
1.21031	5632614125.954772
1.21032	5590234163.796873
1.21033	5572627323.056015
1.21034	5569548626.14507
1.21035	5610350575.741385
1.21036	5600412290.194172
1.2103700000000002	5591006536.540394
1.21038	5613322573.857458
1.21039	5600283337.420265
1.2104	5635597917.848862
1.21041	5634689639.9864855
1.21042	5628465391.1301365
1.21043	5584830541.363316
1.21044	5453684373.796428
1.21045	5620047678.684783
1.21046	5636636128.969172
1.2104700000000002	5640661003.919719
1.21048	5625355845.487039
1.21049	5564549370.907004
1.2105	5345397423.6530075
1.21051	5594998829.397763
1.21052	5476965433.547494
1.21053	5556739019.767757
1.21054	5601830966.694807
1.21055	5609704697.441734
1.21056	5630150445.98219
1.21057	5615132386.952494
1.21058	5619788871.883949
1.21059	5634689639.9864855
1.2106	5634559897.956495
1.21061	5607767508.639787
1.21062	5585087738.236489
1.21063	5616554792.29565
1.21064	5619918273.794555
1.21065	5590234163.796873
1.21066	5546895702.78705
1.21067	5287008394.974427
1.21068	4520953082.074111
1.21069	4551242748.702432
1.2107	5226849555.835089
1.21071	5552646171.195639
1.21072	5579175205.740563
1.21073	5592680376.928037
1.21074	5570189881.040022
1.21075	5605960069.318385
1.21076	5632614125.954772
1.21077	5626521723.733026
1.21078	5619012522.988543
1.21079	5569676871.217948
1.2108	5461852907.134757
1.21081	5627687843.6121
1.21082	5633262641.951686
1.21083	5623413251.90349
1.21084	5642219791.497345
1.21085	5646768716.165358
1.21086	5520138826.753454
1.21087	5452052133.698463
1.21088	5482517164.14901
1.21089	5443020875.995275
1.2109	5434004578.460074
1.21091	5526625035.02553
1.21092	5545618629.885385
1.2109299999999998	5604282254.434779
1.21094	5512136960.719111
1.21095	5590105445.38029
1.21096	5566343458.844574
1.21097	5611125727.86191
1.21098	5530953407.403121
1.21099	5612288656.857214
1.2109999999999999	5641310446.401028
1.21101	5621600769.803204
1.21102	5422880071.518939
1.2110299999999998	5595900709.341751
1.21104	5629243046.077783
1.21105	5606605516.476973
1.21106	5613581082.86743
1.21107	5615778890.1739645
1.21108	5624449218.318646
1.21109	5598607221.532933
1.2111	5587917685.706599
1.21111	5618106918.1605215
1.21112	5640401247.862035
1.2111299999999998	5634040959.7097845
1.21114	5633392354.110886
1.21115	5580460006.218999
1.21116	5490223191.735806
1.21117	5576991723.756756
1.21118	5635857452.699932
1.21119	5638842962.697168
1.2112	5626780840.600307
1.21121	5338509255.41624
1.21122	5548173069.779476
1.21123	5621730213.43478
1.21124	5570061624.154792
1.21125	5585602167.517239
1.21126	5545490938.767606
1.21127	5523953320.893512
1.21128	5547406614.289341
1.21129	5605960069.318385
1.2113	5473183386.28208
1.21131	5375514033.737078
1.2113200000000002	5384929229.109729
1.21133	5634949133.00885
1.21134	5626392169.774117
1.21135	5580331512.85812
1.21136	5261262856.429534
1.21137	5524843748.731554
1.21138	5583159050.362894
1.21139	5620565328.043329
1.2114	5593453087.651738
1.21141	5555075936.314362
1.2114200000000002	5567240719.71626
1.21143	5435005651.294477
1.21144	5512898543.189926
1.21145	5608542303.871729
1.21146	5557634732.462003
1.21147	5572114088.747573
1.21148	5584573356.334247
1.21149	5421007398.514666
1.2115	5634689639.9864855
1.21151	5641700147.780854
1.2115200000000002	5640401247.862035
1.21153	5626780840.600307
1.21154	5638972803.3495035
1.21155	5630150445.98219
1.21156	5600412290.194172
1.21157	5508457461.673061
1.21158	5606476421.100403
1.21159	5604927508.416692
1.2116	5519757522.2422
1.21161	5609575530.704708
1.21162	5611125727.86191
1.21163	5590491609.521786
1.21164	5625355845.487039
1.21165	5621341891.481525
1.21166	5576221287.097454
1.21167	5585988020.572553
1.21168	5603766104.733696
1.21169	5545874020.941696
1.2117	5571344325.911903
1.21171	5588046353.747597
1.21172	5621341891.481525
1.21173	5598736135.7124
1.21174	5456070834.530898
1.21175	5496927385.92442
1.21176	5552390468.277439
1.21177	5629761542.399942
1.21178	5642609555.694675
1.21179	5625744444.72401
1.2118	5592036532.868103
1.21181	5358830246.912795
1.21182	5553285480.011528
1.21183	5578404467.442915
1.21184	5558530589.539733
1.21185	5585602167.517239
1.21186	5572370699.992976
1.21187	5535922479.640672
1.2118799999999998	5580074535.012177
1.21189	5604411299.288235
1.2119	5551751262.497652
1.21191	5513025483.831446
1.21192	5527388619.236074
1.21193	5552134777.134545
1.21194	5533118864.645378
1.21195	5612676353.413576
1.21196	5626392169.774117
1.21197	5621600769.803204
1.2119799999999998	5633651787.389675
1.21199	5630409729.962156
1.212	5635597917.848862
1.21201	5631576655.6465645
1.21202	5535157716.515203
1.21203	5537707337.871235
1.21204	5632484431.714732
1.21205	5626392169.774117
1.21206	5616166827.835452
1.21207	5512771605.471313
1.2120799999999998	5435381101.151682
1.21209	5444023609.846039
1.2121	5503766494.153338
1.21211	5593839483.048133
1.21212	5589333197.118537
1.21213	5611771769.77315
1.21214	5457075972.494283
1.21215	5602604941.706535
1.21216	5604411299.288235
1.21217	5616684119.737965
1.21218	5633003226.593315
1.21219	5592294061.59709
1.2122	5593195505.548857
1.21221	5613064076.752014
1.21222	5614098136.603061
1.21223	5606863716.1479
1.21224	5612030207.364288
1.21225	5562627775.509256
1.21226	5510867890.392215
1.2122700000000002	5491108182.481224
1.21228	5015682070.143149
1.21229	5425752759.979075
1.2123	5575964498.530066
1.21231	5482138458.360381
1.21232	5363891692.374096
1.21233	5612159430.622985
1.21234	5614744520.745205
1.21235	5586116644.180835
1.21236	5559042572.704025
1.2123700000000002	5617718846.486993
1.21238	5616813450.158186
1.21239	5608284026.900785
1.2124	5623801716.946218
1.21241	5633651787.389675
1.21242	5618883141.933378
1.21243	5600928130.983318
1.21244	5617072119.932654
1.21245	5603895137.702207
1.21246	5615520279.953579
1.2124700000000002	5636246777.387288
1.21248	5609963039.838504
1.21249	5546384838.339279
1.2125	5620177086.5547285
1.21251	5610867331.922611
1.21252	5606347328.69633
1.21253	5549322951.576239
1.21254	5580717001.816935
1.21255	5633522069.256873
1.21256	5634559897.956495
1.21257	5628465391.1301365
1.21258	5628206196.688246
1.21259	5618365647.502766
1.2126	5593581883.151521
1.21261	5594998829.397763
1.21262	5574680733.061342
1.21263	5605960069.318385
1.21264	5618624388.760185
1.21265	5619271294.0363655
1.21266	5609963039.838504
1.21267	5596029561.200753
1.21268	5606863716.1479
1.21269	5611125727.86191
1.2127	5615390979.309358
1.21271	5619141907.022847
1.21272	5623024813.69405
1.21273	5576092891.335567
1.21274	5603508047.7097645
1.21275	5579432142.169887
1.21276	5610608947.882634
1.21277	5582901942.3070345
1.21278	5604798451.677218
1.21279	5616554792.29565
1.2128	5625744444.72401
1.21281	5631576655.6465645
1.21282	5609446366.941821
1.21283	5574295661.058801
1.21284	5620177086.5547285
1.21285	5635727683.7803955
1.21286	5631706328.984071
1.21287	5566599804.336508
1.21288	5266353409.811463
1.21289	5549322951.576239
1.2129	5564549370.907004
1.21291	5615649583.57509
1.21292	5572755639.019324
1.2129299999999998	5603508047.7097645
1.21294	5615778890.1739645
1.21295	5533118864.645378
1.21296	5584444768.261071
1.21297	5611384135.701033
1.21298	5570446403.670324
1.21299	5479109753.6294155
1.213	5575579337.851189
1.21301	5592551602.185964
1.21302	5617589495.219467
1.2130299999999998	5623672225.617036
1.21304	5620177086.5547285
1.21305	5605443765.091933
1.21306	5593968287.445101
1.21307	5614744520.745205
1.21308	5566343458.844574
1.21309	5517597294.133142
1.2131	5506935628.887307
1.21311	5468018811.604215
1.21312	5546257129.579103
1.2131299999999998	5587660358.512553
1.21314	5525861556.300779
1.21315	5563652543.794514
1.21316	5366609560.460726
1.21317	5233232140.512108
1.21318	5415268566.126243
1.21319	5617718846.486993
1.2132	5627947014.1824
1.21321	5622765869.794238
1.21322	5624060708.549653
1.21323	5628076603.94336
1.21324	5630150445.98219
1.21325	5577120140.215261
1.21326	5494649572.244332
1.21327	5576349685.815798
1.21328	5422380628.806926
1.21329	5317285751.832762
1.2133	5535922479.640672
1.21331	5549450730.930387
1.2133200000000002	5444274322.171047
1.21333	5492119775.157075
1.21334	5625485375.583425
1.21335	5611384135.701033
1.21336	5546384838.339279
1.21337	5563524437.435304
1.21338	5624449218.318646
1.21339	5607380151.162697
1.2134	5399082951.225511
1.21341	5526879551.374358
1.2134200000000002	5388526214.672279
1.21343	5422380628.806926
1.21344	5574809096.306732
1.21345	5509852844.503949
1.21346	5576734899.710265
1.21347	5617201459.287015
1.21348	5636116999.503322
1.21349	5622636402.316066
1.2135	5617848200.732954
1.21351	5608284026.900785
1.2135200000000002	5605314696.465371
1.21353	5599767556.0160675
1.21354	5600283337.420265
1.21355	5563780653.103515
1.21356	5585730782.240823
1.21357	5565061908.447078
1.21358	5589075804.739258
1.21359	5600670204.649898
1.2136	5442644898.419344
1.21361	5517470248.223036
1.21362	5624190208.824065
1.21363	5624967273.092644
1.21364	5548556337.235035
1.21365	5483779705.728324
1.21366	5597060482.889048
1.21367	5636376558.259536
1.21368	5620047678.684783
1.21369	5623413251.90349
1.2137	5611771769.77315
1.21371	5600025440.780004
1.21372	5400823690.493162
1.21373	5568650993.312772
1.21374	5602346938.154904
1.21375	5621989109.639778
1.21376	5624967273.092644
1.21377	5568522771.861333
1.21378	5552262621.234116
1.21379	5568394553.3622675
1.2138	5580331512.85812
1.21381	5499079521.431871
1.21382	5592294061.59709
1.21383	5633392354.110886
1.21384	5627428684.976768
1.21385	5615520279.953579
1.21386	5620435911.23392
1.21387	5619400684.029163
1.2138799999999998	5616037512.304089
1.21389	5628465391.1301365
1.2139	5501485846.487405
1.21391	5563524437.435304
1.21392	5589848017.438507
1.21393	5591650262.010792
1.21394	5579303672.476179
1.21395	5597576014.951092
1.21396	5616425467.831154
1.21397	5618365647.502766
1.2139799999999998	5611771769.77315
1.21399	5625614908.662407
1.214	5631706328.984071
1.21401	5620824170.6021385
1.21402	5619530077.001334
1.21403	5606863716.1479
1.21404	5618106918.1605215
1.21405	5624190208.824065
1.21406	5612159430.622985
1.21407	5584059021.806147
1.2140799999999998	5626003525.795425
1.21409	5617201459.287015
1.2141	5611254930.293956
1.21411	5628206196.688246
1.21412	5622248017.76764
1.21413	5597318242.984788
1.21414	5602991969.312449
1.21415	5615520279.953579
1.21416	5528534193.369568
1.21417	5583159050.362894
1.21418	5628465391.1301365
1.21419	5551879097.766392
1.2142	5294561532.8962965
1.21421	5390387667.135489
1.21422	5537197319.664177
1.21423	5559682617.975267
1.21424	5628206196.688246
1.21425	5619271294.0363655
1.21426	5587660358.512553
1.2142700000000002	5615003095.239737
1.21428	5618106918.1605215
1.21429	5586245270.75084
1.2143	5548045319.844224
1.21431	5578019138.222775
1.21432	5623154290.11585
1.21433	5629243046.077783
1.21434	5598607221.532933
1.21435	5551239950.856899
1.21436	5591264017.835181
1.2143700000000002	5618106918.1605215
1.21438	5621859660.046941
1.21439	5324023944.228117
1.2144	5099528226.512523
1.21441	5539492771.56486
1.21442	5613193323.816708
1.21443	5582901942.3070345
1.21444	5620694747.832727
1.21445	5614485958.158173
1.21446	5596158416.026714
1.2144700000000002	5604024173.641844
1.21448	5591779015.998503
1.21449	5585730782.240823
1.2145	5562371612.931797
1.21451	5602862957.139918
1.21452	5626910403.508798
1.21453	5602991969.312449
1.21454	5593324295.117522
1.21455	5585216341.114765
1.21456	5615520279.953579
1.21457	5607767508.639787
1.21458	5572114088.747573
1.21459	5603766104.733696
1.2146	5568394553.3622675
1.21461	5512517738.802468
1.21462	5503259601.8695545
1.21463	5456699024.060194
1.21464	5616296146.344452
1.21465	5613710341.836765
1.21466	5593324295.117522
1.21467	5624190208.824065
1.21468	5612676353.413576
1.21469	5598736135.7124
1.2147	5607896633.745089
1.21471	5609575530.704708
1.21472	5500219228.387857
1.21473	5203792849.344508
1.21474	5561090976.980358
1.21475	5597704905.3859005
1.21476	5612805591.550529
1.21477	5602733947.937971
1.21478	5606347328.69633
1.21479	5609575530.704708
1.2148	5624967273.092644
1.21481	5554052747.753084
1.21482	5561859323.165666
1.21483	5493511019.3834095
1.21484	5584187600.997079
1.21485	5571600901.70758
1.21486	5603637074.736222
1.21487	5632484431.714732
1.21488	5616554792.29565
1.21489	5594097094.807957
1.2149	5594741176.112506
1.21491	5612934832.66331
1.21492	5619012522.988543
1.2149299999999998	5593453087.651738
1.21494	5578789823.281549
1.21495	5590362885.1773405
1.21496	5456573380.368434
1.21497	5586116644.180835
1.21498	5611900987.081033
1.21499	5448789118.901896
1.215	5425752759.979075
1.21501	5599509683.1278925
1.21502	5613451826.874358
1.2150299999999998	5623931211.25706
1.21504	5614485958.158173
1.21505	5616296146.344452
1.21506	5561987391.183762
1.21507	5560962929.602724
1.21508	5601701981.255043
1.21509	5621212456.7912655
1.2151	5616942783.556386
1.21511	5591264017.835181
1.21512	5606476421.100403
1.2151299999999998	5610350575.741385
1.21514	5385797247.105709
1.21515	5451424479.131395
1.21516	5597060482.889048
1.21517	5624578727.538929
1.21518	5620694747.832727
1.21519	5609575530.704708
1.2152	5583673301.996721
1.21521	5605830988.803615
1.21522	5621083025.081338
1.21523	5614744520.745205
1.21524	5588303698.7177925
1.21525	5617201459.287015
1.21526	5622506937.818958
1.21527	5602088946.484528
1.21528	5586888448.028701
1.21529	5586888448.028701
1.2153	5580588502.53858
1.21531	5553669100.63205
1.2153200000000002	5596931607.292446
1.21533	5550856498.030304
1.21534	5583159050.362894
1.21535	5626910403.508798
1.21536	5618753763.857267
1.21537	5598993972.9766035
1.21538	5574295661.058801
1.21539	5597189361.453132
1.2154	5615649583.57509
1.21541	5612030207.364288
1.2154200000000002	5614873806.503996
1.21543	5582002157.347935
1.21544	5592036532.868103
1.21545	5544086530.507862
1.21546	5581616579.616765
1.21547	5577762266.863193
1.21548	5609963039.838504
1.21549	5619271294.0363655
1.2155	5622248017.76764
1.21551	5625355845.487039
1.2155200000000002	5592680376.928037
1.21553	5600025440.780004
1.21554	5599638618.087543
1.21555	5611642555.440575
1.21556	5610350575.741385
1.21557	5576991723.756756
1.21558	5443772909.066492
1.21559	5533373680.0529995
1.2156	5584187600.997079
1.21561	5616684119.737965
1.21562	5619918273.794555
1.21563	5597704905.3859005
1.21564	5537834849.762916
1.21565	5545746323.943391
1.21566	5568394553.3622675
1.21567	5585473555.75506
1.21568	5609188048.338193
1.21569	5617718846.486993
1.2157	5606218239.264687
1.21571	5613451826.874358
1.21572	5624967273.092644
1.21573	5602088946.484528
1.21574	5592551602.185964
1.21575	5625355845.487039
1.21576	5583544734.647825
1.21577	5465123745.198726
1.21578	5559554603.025903
1.21579	5596544998.307053
1.2158	5613451826.874358
1.21581	5529298041.358282
1.21582	5282749286.07219
1.21583	5478731283.208239
1.21584	5570318140.87851
1.21585	5597833798.788529
1.21586	5609058893.497291
1.21587	5601057098.604315
1.2158799999999998	5620953596.351652
1.21589	5607896633.745089
1.2159	5602733947.937971
1.21591	5589848017.438507
1.21592	5591521510.987696
1.21593	5559170575.863318
1.21594	5595643014.524322
1.21595	5626521723.733026
1.21596	5624967273.092644
1.21597	5622248017.76764
1.2159799999999998	5622506937.818958
1.21599	5610221394.132632
1.216	5616813450.158186
1.21601	5597189361.453132
1.21602	5568394553.3622675
1.21603	5558530589.539733
1.21604	5565702646.7598505
1.21605	5486053013.292017
1.21606	5468144718.839803
1.21607	5559042572.704025
1.2160799999999998	5134167107.080647
1.21609	5111401546.174643
1.2161	5469403950.66025
1.21611	5589333197.118537
1.21612	5593195505.548857
1.21613	5582259223.966188
1.21614	5604282254.434779
1.21615	5579432142.169887
1.21616	5569548626.14507
1.21617	5432378228.352941
1.2161799999999998	5527897733.98681
1.21619	5424253776.190058
1.2162	5408290360.770414
1.21621	5579303672.476179
1.21622	5548939631.166686
1.21623	5531844963.612737
1.21624	5580203022.455875
1.21625	5598478310.321791
1.21626	5600670204.649898
1.21627	5596802734.663302
1.21628	5617977557.95744
1.21629	5620435911.23392
1.2163	5613968868.704501
1.21631	5621471329.152141
1.21632	5590105445.38029
1.21633	5441642418.513219
1.21634	5301759216.1975565
1.21635	5555971380.929621
1.21636	5606605516.476973
1.2163700000000002	5589719307.913147
1.21638	5608671446.817575
1.21639	5578147578.338648
1.2164	5536942328.175523
1.21641	5529170726.031617
1.21642	5589848017.438507
1.21643	5574038961.167705
1.21644	5604153212.552678
1.21645	5560450769.57515
1.21646	5596544998.307053
1.2164700000000002	5604153212.552678
1.21648	5521791450.704679
1.21649	5297122299.44313
1.2165	5421381881.373427
1.21651	5597318242.984788
1.21652	5511756208.938068
1.21653	5471797290.075332
1.21654	5601572998.785245
1.21655	5596029561.200753
1.21656	5496294565.200404
1.2165700000000002	5364632792.589378
1.21658	5586245270.75084
1.21659	5601186069.194936
1.2166	5579175205.740563
1.21661	5572499010.047254
1.21662	5588046353.747597
1.21663	5565190050.208295
1.21664	5262959160.586065
1.21665	5350199790.257832
1.21666	5610996528.404825
1.21667	5591907772.950914
1.21668	5575322578.845975
1.21669	5587403043.168589
1.2167	5537324819.812119
1.21671	5349953410.125364
1.21672	5377742459.634431
1.21673	5594612353.919302
1.21674	5615778890.1739645
1.21675	5616942783.556386
1.21676	5613581082.86743
1.21677	5590362885.1773405
1.21678	5507316047.662977
1.21679	5583673301.996721
1.2168	5580588502.53858
1.21681	5603766104.733696
1.21682	5606347328.69633
1.21683	5541661572.105571
1.21684	5586888448.028701
1.21685	5566215290.525445
1.21686	5566087125.157491
1.21687	5597060482.889048
1.21688	5584959138.319346
1.21689	5583416170.259267
1.2169	5573268932.419453
1.21691	5569548626.14507
1.21692	5591521510.987696
1.2169299999999998	5548684098.937033
1.21694	5540896016.149946
1.21695	5534010769.913615
1.21696	5578404467.442915
1.21697	5605443765.091933
1.21698	5592294061.59709
1.21699	5510867890.392215
1.217	5484411085.5429535
1.21701	5600283337.420265
1.21702	5582130689.177265
1.2170299999999998	5537962364.590699
1.21704	5436507606.346828
1.21705	4543180587.626997
1.21706	3942302995.422332
1.21707	5299440250.667819
1.21708	5566599804.336508
1.21709	5591135275.705607
1.2171	5589461897.7532425
1.21711	5575836108.680861
1.21712	5577890701.064313
1.2171299999999998	5596416134.5797825
1.21714	5601057098.604315
1.21715	5575964498.530066
1.21716	5578404467.442915
1.21717	5604411299.288235
1.21718	5587145739.674137
1.21719	5585087738.236489
1.2172	5600928130.983318
1.21721	5612159430.622985
1.21722	5610867331.922611
1.21723	5598349402.078905
1.21724	5608800592.737063
1.21725	5592809154.635292
1.21726	5578019138.222775
1.21727	5601572998.785245
1.21728	5571216042.444904
1.21729	5587274389.940193
1.2173	5605701911.261
1.21731	5592422830.409004
1.2173200000000002	5601701981.255043
1.21733	5610738138.415244
1.21734	5600541245.93736
1.21735	5590105445.38029
1.21736	5553924862.434802
1.21737	5603895137.702207
1.21738	5580331512.85812
1.21739	5582516302.42307
1.2174	5529043413.636439
1.21741	5537324819.812119
1.2174200000000002	5581616579.616765
1.21743	5536559862.9595785
1.21744	5517724342.968621
1.21745	5589333197.118537
1.21746	5588947112.994572
1.21747	5572627323.056015
1.21748	5586373900.282594
1.21749	5536814836.834653
1.2175	5563268233.565964
1.21751	5602991969.312449
1.2175200000000002	5595514171.565782
1.21753	5617848200.732954
1.21754	5599767556.0160675
1.21755	5579432142.169887
1.21756	5499586028.698288
1.21757	5533883346.073593
1.21758	5582516302.42307
1.21759	5602733947.937971
1.2176	5601830966.694807
1.21761	5596158416.026714
1.21762	5589333197.118537
1.21763	5600928130.983318
1.21764	5604411299.288235
1.21765	5573397263.156534
1.21766	5591264017.835181
1.21767	5609575530.704708
1.21768	5598478310.321791
1.21769	5602088946.484528
1.2177	5594870001.271963
1.21771	5595385331.573927
1.21772	5582130689.177265
1.21773	5594354718.431489
1.21774	5606605516.476973
1.21775	5582130689.177265
1.21776	5587145739.674137
1.21777	5605314696.465371
1.21778	5531972340.516706
1.21779	5442143635.383328
1.2178	5565958962.740619
1.21781	5595514171.565782
1.21782	5618495016.64204
1.21783	5615778890.1739645
1.21784	5614873806.503996
1.21785	5600541245.93736
1.21786	5612676353.413576
1.21787	5604927508.416692
1.21788	5440640123.253711
1.21789	5467263429.069148
1.2179	5512390809.852078
1.21791	5559810635.872297
1.21792	5544852527.279785
1.21793	5592937935.307821
1.21794	5600283337.420265
1.21795	5575964498.530066
1.21796	5608154892.875529
1.21797	5596673865.001528
1.2179799999999998	5591907772.950914
1.21799	5611642555.440575
1.218	5588561055.539432
1.21801	5567368911.6470175
1.21802	5604669397.909375
1.21803	5606605516.476973
1.21804	5605701911.261
1.21805	5595643014.524322
1.21806	5592165295.75013
1.21807	5582002157.347935
1.2180799999999998	5596416134.5797825
1.21809	5590620336.830229
1.2181	5565446342.582576
1.21811	5561731258.096414
1.21812	5574809096.306732
1.21813	5592551602.185964
1.21814	5557122878.958593
1.21815	5473435441.495363
1.21816	5557762703.204182
1.21817	5593710681.6169615
1.2181799999999998	5609963039.838504
1.21819	5475074083.346588
1.2182	5460218222.26609
1.21821	5590234163.796873
1.21822	5586373900.282594
1.21823	5577633835.619318
1.21824	5607896633.745089
1.21825	5611125727.86191
1.21826	5613968868.704501
1.21827	5609446366.941821
1.21828	5593324295.117522
1.21829	5604669397.909375
1.2183	5618106918.1605215
1.21831	5615520279.953579
1.21832	5601572998.785245
1.21833	5611513344.083207
1.21834	5621212456.7912655
1.21835	5436632788.001747
1.21836	5239019319.947716
1.2183700000000002	5532354488.826882
1.21838	5544724853.8019705
1.21839	5609188048.338193
1.2184	5598091594.497603
1.21841	5567881708.8883705
1.21842	5576349685.815798
1.21843	5591006536.540394
1.21844	5598607221.532933
1.21845	5561859323.165666
1.21846	5577248559.630725
1.2184700000000002	5602862957.139918
1.21848	5608025761.823661
1.21849	5417139256.665689
1.2185	5521918596.1152935
1.21851	5544086530.507862
1.21852	5586116644.180835
1.21853	5590749067.102761
1.21854	5588561055.539432
1.21855	5564677500.86645
1.21856	5574424015.437454
1.2185700000000002	5533628507.195548
1.21858	5475452301.128624
1.21859	5561347080.580994
1.2186	5580074535.012177
1.21861	5585859399.925904
1.21862	5581231028.519443
1.21863	5593839483.048133
1.21864	5551239950.856899
1.21865	5594741176.112506
1.21866	5604411299.288235
1.21867	5604153212.552678
1.21868	5577890701.064313
1.21869	5592294061.59709
1.2187	5589075804.739258
1.21871	5286156298.5769615
1.21872	5330156983.096001
1.21873	5593839483.048133
1.21874	5605960069.318385
1.21875	5607380151.162697
1.21876	5571344325.911903
1.21877	5575836108.680861
1.21878	5583159050.362894
1.21879	5601444019.285344
1.2188	5598865052.860283
1.21881	5599251822.114903
1.21882	5539365221.498561
1.21883	5574167309.635581
1.21884	5600541245.93736
1.21885	5598091594.497603
1.21886	5576606492.122147
1.21887	5552646171.195639
1.21888	5556483128.371255
1.21889	5557122878.958593
1.2189	5578276021.411998
1.21891	5589590601.351422
1.21892	5604153212.552678
1.2189299999999998	5593581883.151521
1.21894	5573397263.156534
1.21895	5577376982.003165
1.21896	5592165295.75013
1.21897	5508584300.0537
1.21898	5384185325.031805
1.21899	5598349402.078905
1.219	5610608947.882634
1.21901	5591392762.929189
1.21902	5589719307.913147
1.2190299999999998	5574295661.058801
1.21904	5581359542.592695
1.21905	5458709716.633486
1.21906	5151693301.064125
1.21907	5573397263.156534
1.21908	5595643014.524322
1.21909	5598736135.7124
1.2191	5600025440.780004
1.21911	5603508047.7097645
1.21912	5605960069.318385
1.2191299999999998	5547534349.517685
1.21914	5181672970.421121
1.21915	5308355502.18379
1.21916	5563012041.495003
1.21917	5566343458.844574
1.21918	5546767982.263921
1.21919	5569676871.217948
1.2192	5600412290.194172
1.21921	5565318194.920097
1.21922	5471545310.299993
1.21923	5591006536.540394
1.21924	5605830988.803615
1.21925	5612159430.622985
1.21926	5606089152.805378
1.21927	5597447127.484086
1.21928	5568650993.312772
1.21929	5589204499.44724
1.2193	5602217940.834596
1.21931	5604411299.288235
1.2193200000000002	5582901942.3070345
1.21933	5498193245.96198
1.21934	4619872606.471428
1.21935	4984137328.718172
1.21936	5541023601.4645
1.21937	5557890676.893053
1.21938	5592165295.75013
1.21939	5563652543.794514
1.2194	5595643014.524322
1.21941	5597962695.159075
1.2194200000000002	5577248559.630725
1.21943	5542299616.199975
1.21944	5531844963.612737
1.21945	5572114088.747573
1.21946	5556227248.758739
1.21947	5592551602.185964
1.21948	5552774027.070628
1.21949	5580331512.85812
1.2195	5556227248.758739
1.21951	5556866969.885153
1.2195200000000002	5569163908.643647
1.21953	5605056568.127818
1.21954	5600154387.615574
1.21955	5551751262.497652
1.21956	5539620324.568146
1.21957	5576734899.710265
1.21958	5545618629.885385
1.21959	5481886002.367588
1.2196	5537834849.762916
1.21961	5512390809.852078
1.21962	5576092891.335567
1.21963	5561859323.165666
1.21964	5578404467.442915
1.21965	5555715524.883401
1.21966	5551751262.497652
1.21967	5595127660.489974
1.21968	5584187600.997079
1.21969	5606089152.805378
1.2197	5612934832.66331
1.21971	5585087738.236489
1.21972	5559682617.975267
1.21973	5554820121.503919
1.21974	5521028639.718153
1.21975	5445277286.936399
1.21976	5514929944.245625
1.21977	5554052747.753084
1.21978	5589204499.44724
1.21979	5558402601.116498
1.2198	5557122878.958593
1.21981	5549450730.930387
1.21982	5522935864.801865
1.21983	5579175205.740563
1.21984	5556994922.948742
1.21985	5488706396.569044
1.21986	5544214189.287572
1.21987	5609317206.153005
1.21988	5589204499.44724
1.21989	5593710681.6169615
1.2199	5579303672.476179
1.21991	5555971380.929621
1.21992	5576734899.710265
1.21993	5592422830.409004
1.21994	5594741176.112506
1.21995	5594225905.136721
1.21996	5386045277.9459
1.21997	5282627647.675033
1.2199799999999998	5568779217.716675
1.21999	5532481877.463239
1.22	5498826285.292279
1.22001	5533628507.195548
1.22002	5605185630.810688
1.22003	5608671446.817575
1.22004	5605701911.261
1.22005	5595385331.573927
1.22006	5423629321.842947
1.22007	5228655157.514086
1.2200799999999998	5267808758.088692
1.22009	5573268932.419453
1.2201	5558658580.910023
1.22011	5547023426.251085
1.22012	5445904233.741071
1.22013	5491108182.481224
1.22014	5590620336.830229
1.22015	5602475938.44552
1.22016	5589075804.739258
1.22017	5520901514.799306
1.2201799999999998	5585988020.572553
1.22019	5593710681.6169615
1.2202	5592680376.928037
1.22021	5587917685.706599
1.22022	5520393044.394475
1.22023	5306522377.734247
1.22024	5570446403.670324
1.22025	5542044389.747271
1.22026	5593195505.548857
1.22027	5587789020.628282
1.22028	5562755861.221847
1.22029	5553029747.652747
1.2203	5460721150.109745
1.22031	5452052133.698463
1.22032	5410656957.680315
1.22033	5592165295.75013
1.22034	5599122896.061455
1.22035	5584959138.319346
1.22036	5546001720.88039
1.2203700000000002	5552774027.070628
1.22038	5576221287.097454
1.22039	5588046353.747597
1.2204	5437884763.096547
1.22041	5362780234.008691
1.22042	5534138196.687693
1.22043	5583930445.575825
1.22044	5575194203.777349
1.22045	5567368911.6470175
1.22046	5588818424.213088
1.2204700000000002	5511502389.028884
1.22048	5565190050.208295
1.22049	5527006813.94417
1.2205	5558786575.227454
1.22051	5576734899.710265
1.22052	5558530589.539733
1.22053	5238657433.813314
1.22054	5539875439.385929
1.22055	5524207714.2025
1.22056	5597576014.951092
1.2205700000000002	5594870001.271963
1.22058	5580074535.012177
1.22059	5540130565.952479
1.2206	5355746343.955977
1.22061	5490096776.1304455
1.22062	5525607086.831301
1.22063	5589976729.927525
1.22064	5601315042.755271
1.22065	5604153212.552678
1.22066	5598220496.804182
1.22067	5578532916.431421
1.22068	5579560614.8217745
1.22069	5587660358.512553
1.2207	5551495600.790595
1.22071	5549067401.694455
1.22072	5597060482.889048
1.22073	5574552372.771613
1.22074	5570446403.670324
1.22075	5573140604.63726
1.22076	5566343458.844574
1.22077	5531208123.08543
1.22078	5519757522.2422
1.22079	5385797247.105709
1.2208	5511883123.276065
1.22081	5476461009.61894
1.22082	5568907445.073065
1.22083	5540130565.952479
1.22084	5542937733.756127
1.22085	5544597183.263886
1.22086	5575707721.787932
1.22087	5580717001.816935
1.22088	5363397682.4423895
1.22089	5477596028.794883
1.2209	5585473555.75506
1.22091	5585730782.240823
1.22092	5589075804.739258
1.2209299999999998	5598736135.7124
1.22094	5586759806.64916
1.22095	5569933370.222754
1.22096	5534265626.395914
1.22097	5571857489.3193035
1.22098	5594354718.431489
1.22099	5582387761.714766
1.2209999999999999	5596029561.200753
1.22101	5585216341.114765
1.22102	5587789020.628282
1.2210299999999998	5593195505.548857
1.22104	5594741176.112506
1.22105	5597447127.484086
1.22106	5589333197.118537
1.22107	5519503333.867382
1.22108	5445151906.236827
1.22109	5470915411.627215
1.2211	5580845504.054148
1.22111	5589461897.7532425
1.22112	5578276021.411998
1.2211299999999998	5574038961.167705
1.22114	5566087125.157491
1.22115	5549834086.6467
1.22116	5553157612.360035
1.22117	5585216341.114765
1.22118	5590105445.38029
1.22119	5598349402.078905
1.2212	5586502532.776187
1.22121	5579817569.000251
1.22122	5564036880.571188
1.22123	5562115462.150789
1.22124	5146121077.046767
1.22125	5495914907.7354965
1.22126	5582002157.347935
1.22127	5574295661.058801
1.22128	5593453087.651738
1.22129	5588561055.539432
1.2213	5586759806.64916
1.22131	5576606492.122147
1.2213200000000002	5560578805.159725
1.22133	5568266337.815511
1.22134	5571344325.911903
1.22135	5579946050.526999
1.22136	5550217468.845203
1.22137	5446656665.19038
1.22138	5446782080.538728
1.22139	5417762963.773421
1.2214	5456070834.530898
1.22141	5570061624.154792
1.2214200000000002	5597447127.484086
1.22143	5536432380.425218
1.22144	5455693955.526904
1.22145	5440264310.128675
1.22146	5569292144.857976
1.22147	5585602167.517239
1.22148	5433754339.063329
1.22149	5533118864.645378
1.2215	5546001720.88039
1.22151	5537452322.895894
1.2215200000000002	5588561055.539432
1.22153	5580331512.85812
1.22154	5494523054.718944
1.22155	5526752291.73484
1.22156	5571857489.3193035
1.22157	5558018653.528639
1.22158	5534393059.038346
1.22159	5542172001.50441
1.2216	5558146633.111032
1.22161	5573653933.495664
1.2216200000000002	5550345268.796609
1.22163	5569676871.217948
1.22164	5577120140.215261
1.22165	5562627775.509256
1.22166	5327825596.511313
1.22167	5118350232.921661
1.22168	5449667430.725581
1.22169	5542937733.756127
1.2217	5552646171.195639
1.22171	5583416170.259267
1.22172	5566087125.157491
1.22173	5559426591.024179
1.22174	5521918596.1152935
1.22175	5475830545.037943
1.22176	5500472528.676328
1.22177	5539237674.369152
1.22178	5570959484.372221
1.22179	5584316183.14869
1.2218	5556739019.767757
1.22181	5540513277.832368
1.22182	5570702938.114224
1.22183	5588561055.539432
1.22184	5577762266.863193
1.22185	5577120140.215261
1.22186	5547662087.687275
1.22187	5577376982.003165
1.22188	5582644846.091189
1.22189	5553541224.147468
1.2219	5551751262.497652
1.22191	5562243536.0667715
1.22192	5546767982.263921
1.22193	5341829227.713529
1.22194	5395478918.758582
1.22195	5560066680.509688
1.22196	5537834849.762916
1.22197	5546001720.88039
1.2219799999999998	5583930445.575825
1.22199	5564036880.571188
1.222	5555459680.6194935
1.22201	5567753505.150157
1.22202	5562627775.509256
1.22203	5586116644.180835
1.22204	5602217940.834596
1.22205	5597447127.484086
1.22206	5579432142.169887
1.22207	5578918281.143304
1.2220799999999998	5571600901.70758
1.22209	5529934661.966642
1.2221	5530061994.883786
1.22211	5580074535.012177
1.22212	5586759806.64916
1.22213	5600025440.780004
1.22214	5591779015.998503
1.22215	5584573356.334247
1.22216	5565958962.740619
1.22217	5513533275.627597
1.2221799999999998	5347613364.672928
1.22219	5552390468.277439
1.2222	5570702938.114224
1.22221	5504653667.997105
1.22222	5537452322.895894
1.22223	5485295139.412034
1.22224	5436257251.684064
1.22225	5571857489.3193035
1.22226	5576606492.122147
1.22227	5524334915.250279
1.22228	5568266337.815511
1.22229	5471923284.314602
1.2223	5556611072.596465
1.22231	5582130689.177265
1.22232	5577762266.863193
1.22233	5592680376.928037
1.22234	5595771860.449615
1.22235	5576734899.710265
1.22236	5569933370.222754
1.2223700000000002	5529298041.358282
1.22238	5546895702.78705
1.22239	5528025020.001434
1.2224	5479109753.6294155
1.22241	5525734320.101197
1.22242	5555843451.433685
1.22243	5541406375.035228
1.22244	5570574669.415554
1.22245	5588046353.747597
1.22246	5546895702.78705
1.2224700000000002	5431502702.994886
1.22248	5585988020.572553
1.22249	5579689090.431865
1.2225	5382821767.787536
1.22251	5354883169.202958
1.22252	5579432142.169887
1.22253	5574295661.058801
1.22254	5408913049.05271
1.22255	5224563355.452379
1.22256	5469152081.099729
1.2225700000000002	5538089882.354653
1.22258	5589204499.44724
1.22259	5588046353.747597
1.2226	5575836108.680861
1.22261	5553285480.011528
1.22262	5561987391.183762
1.22263	5572370699.992976
1.22264	5533755925.1676
1.22265	5431252578.8111105
1.22266	5421257050.879565
1.22267	5559042572.704025
1.22268	5583416170.259267
1.22269	5527515893.5277405
1.2227	5518486697.418165
1.22271	5528534193.369568
1.22272	5540130565.952479
1.22273	5567881708.8883705
1.22274	5572242392.89309
1.22275	5575579337.851189
1.22276	5532991461.342019
1.22277	5561731258.096414
1.22278	5534520494.61508
1.22279	5558274615.640293
1.2228	5525225404.599046
1.22281	5514802959.7527895
1.22282	5585859399.925904
1.22283	5595256494.548688
1.22284	5586502532.776187
1.22285	5582387761.714766
1.22286	5578661368.37761
1.22287	5543831221.766607
1.22288	5529680004.928012
1.22289	5569420384.025109
1.2229	5590749067.102761
1.22291	5573397263.156534
1.22292	5527261347.874949
1.22293	5553796980.061154
1.22294	5543448280.699188
1.22295	5539365221.498561
1.22296	5554180636.0160675
1.22297	5570831209.766422
1.22298	5506301655.988065
1.22299	5562627775.509256
1.2229999999999999	5565958962.740619
1.22301	5508711141.354932
1.22302	5555715524.883401
1.2230299999999998	5545490938.767606
1.22304	5120354149.383078
1.22305	4735545350.07086
1.22306	5408539427.4806
1.22307	5578661368.37761
1.22308	5574167309.635581
1.22309	5484789948.32455
1.2231	5358953639.959825
1.22311	5534010769.913615
1.22312	5550600877.5277
1.2231299999999998	5581745102.5677395
1.22314	5569676871.217948
1.22315	5577762266.863193
1.22316	5585859399.925904
1.22317	5591521510.987696
1.22318	5581745102.5677395
1.22319	5579946050.526999
1.2232	5589590601.351422
1.22321	5557634732.462003
1.22322	5574295661.058801
1.2232299999999998	5533501092.157371
1.22324	5551239950.856899
1.22325	5531335485.3254385
1.22326	5556994922.948742
1.22327	5568522771.861333
1.22328	5558658580.910023
1.22329	5582773392.719147
1.2233	5572499010.047254
1.22331	5567497106.529559
1.22332	5579432142.169887
1.22333	5578789823.281549
1.22334	5542299616.199975
1.22335	5436507606.346828
1.22336	5577120140.215261
1.22337	5580845504.054148
1.22338	5574809096.306732
1.22339	5552518318.264606
1.2234	5543065366.083509
1.22341	5510867890.392215
1.2234200000000002	5548045319.844224
1.22343	5529425359.616525
1.22344	5560322736.938664
1.22345	5572883957.937254
1.22346	5584573356.334247
1.22347	5571472612.332772
1.22348	5482012228.91072
1.22349	5501105830.433854
1.2235	5537069822.452001
1.22351	5567368911.6470175
1.2235200000000002	5415268566.126243
1.22353	5537962364.590699
1.22354	5561219027.306425
1.22355	5578661368.37761
1.22356	5571729194.036416
1.22357	5569676871.217948
1.22358	5546001720.88039
1.22359	5459966775.714254
1.2236	5514041114.195279
1.22361	5544724853.8019705
1.2236200000000002	5515945925.456346
1.22363	5115522509.455205
1.22364	5485421444.45435
1.22365	5555075936.314362
1.22366	5555203848.1374035
1.22367	5589719307.913147
1.22368	5567240719.71626
1.22369	5558274615.640293
1.2237	5472931342.676123
1.22371	5450796896.8215475
1.22372	5542299616.199975
1.22373	5513533275.627597
1.22374	5498193245.96198
1.22375	5509218535.7671795
1.22376	5566215290.525445
1.22377	5561219027.306425
1.22378	5582773392.719147
1.22379	5565318194.920097
1.2238	5464494585.793396
1.22381	5555587601.278703
1.22382	5563268233.565964
1.22383	5564421243.897802
1.22384	5501865888.792439
1.22385	5523826128.632166
1.22386	5528025020.001434
1.22387	5334577145.251349
1.22388	5556994922.948742
1.22389	5529170726.031617
1.2239	5189195108.067292
1.22391	5426002630.88098
1.22392	5582516302.42307
1.22393	5548684098.937033
1.22394	5558914572.4921
1.22395	5468018811.604215
1.22396	5424128879.569137
1.22397	5568779217.716675
1.2239799999999998	5416765066.866918
1.22399	5555587601.278703
1.224	5565574493.195797
1.22401	5578532916.431421
1.22402	5575707721.787932
1.22403	5460469680.397759
1.22404	5346997733.3713455
1.22405	5412276804.854589
1.22406	5564677500.86645
1.22407	5582516302.42307
1.2240799999999998	5575579337.851189
1.22409	5545874020.941696
1.2241	5551623430.172416
1.22411	5552646171.195639
1.22412	5546384838.339279
1.22413	5564036880.571188
1.22414	5581231028.519443
1.22415	5584573356.334247
1.22416	5583801872.3060465
1.22417	5577762266.863193
1.2241799999999998	5523444569.419896
1.22419	5515310915.268086
1.2242	5563140136.055722
1.22421	5542299616.199975
1.22422	5538855050.60181
1.22423	5561475136.804132
1.22424	5534138196.687693
1.22425	5508203793.673285
1.22426	5545235565.352449
1.22427	5462355985.545385
1.22428	5541278780.907086
1.22429	5537579828.91559
1.2243	5556611072.596465
1.22431	5549195175.164283
1.22432	5021113054.699526
1.22433	4665626832.700922
1.22434	5513406323.2939
1.22435	5550217468.845203
1.22436	5521537168.666173
1.2243700000000002	5478100557.267377
