1.19669	4694723292.580057
1.1967	4682416052.7221155
1.19671	4704787364.234951
1.19672	4719326234.436963
1.1967299999999998	4652860158.194086
1.19674	4700889037.809067
1.19675	4718022416.545981
1.19676	4713027784.024211
1.1967700000000001	4700131405.077123
1.19678	4653610171.087173
1.19679	4472908354.537724
1.1968	4586802071.786833
1.19681	4539729749.092549
1.19682	4641196969.53579
1.1968299999999998	4702621228.394329
1.19684	4658541835.7768955
1.19685	4449794962.134359
1.19686	4601188228.089847
1.19687	4686730703.948309
1.19688	4606912885.16902
1.19689	4604579758.197974
1.1969	4623490823.529941
1.1969100000000001	4655539330.858007
1.19692	4711291760.228318
1.1969299999999998	4667023632.109992
1.19694	4590605788.824827
1.19695	4582262873.42186
1.19696	4681338010.700835
1.19697	4712702230.843011
1.19698	4551766760.051758
1.19699	4632015457.435713
1.197	4676489892.252355
1.1970100000000001	4614556842.160899
1.19702	4634789346.210927
1.1970299999999998	4729769757.0191555
1.1970399999999999	4722043679.064451
1.19705	4497384305.454188
1.19706	4542030016.755396
1.19707	4637351333.294796
1.19708	4575304469.004317
1.19709	4583845804.296275
1.1971	4635856668.772054
1.1971100000000001	4640448957.253188
1.19712	4713244831.972265
1.19713	4725959548.490492
1.1971399999999999	4697210251.031703
1.19715	4693642417.038309
1.19716	4675951522.448336
1.19717	4706954497.84772
1.19718	4714764447.512754
1.19719	4670571232.051174
1.1972	4622745664.910884
1.19721	4660365729.853302
1.1972200000000002	4705329054.079055
1.19723	4676059191.4506235
1.1972399999999999	4477648520.426455
1.19725	4319067585.359074
1.19726	4683925728.636357
1.19727	4672830199.576855
1.19728	4709556375.889427
1.19729	4617532916.173472
1.1973	4391470806.432064
1.19731	4466116010.642744
1.1973200000000002	4396529585.548246
1.19733	4634682627.471003
1.19734	4597375742.578499
1.19735	4602353784.708887
1.19736	4627111874.32345
1.19737	4629243228.813372
1.1973799999999999	4637992051.316066
1.19739	4626366132.107016
1.1974	4624662029.763048
1.19741	4670893874.825562
1.1974200000000002	4657683779.6903105
1.19743	4619021672.864095
1.19744	4547366939.175519
1.19745	4416111193.674823
1.19746	4449180242.705854
1.19747	4585640453.674648
1.1974799999999999	4597164030.47636
1.19749	4562784945.900591
1.1975	4593672188.037003
1.19751	4566253309.654813
1.1975200000000001	4520432618.076357
1.19753	4517727170.997377
1.19754	4515335240.64517
1.19755	4479917331.714015
1.19756	4430676074.061404
1.19757	4364856798.361598
1.1975799999999999	4208525858.8747087
1.19759	4033945254.341336
1.1976	3928891178.568789
1.19761	3714069275.3333735
1.1976200000000001	2515359129.163275
1.19763	1307073470.72171
1.19764	1691842770.8490496
1.19765	3487546445.1032267
1.19766	3858157920.224069
1.19767	4071458383.4897294
1.1976799999999999	4192084228.2437387
1.19769	4228730420.8102803
1.1977	3548052194.4742494
1.19771	1858018355.0467327
1.1977200000000001	2371646735.8654633
1.19773	4229412066.557
1.19774	4496763011.769076
1.19775	4537117222.598628
1.19776	4576779610.657558
1.19777	4607761588.04976
1.1977799999999998	4577411959.808004
1.19779	4387832090.084679
1.1978	4242286549.2294965
1.19781	4579625869.939167
1.19782	4588069627.147023
1.19783	4628603719.403109
1.19784	4625194494.306075
1.19785	4645473639.09487
1.1978600000000001	4563310286.170975
1.19787	4622745664.910884
1.1978799999999998	4622958555.1179695
1.19789	4610627114.752616
1.1979	4530540322.028414
1.19791	4565202012.014391
1.19792	4687594111.168901
1.19793	4720195646.529216
1.19794	4703920790.191767
1.19795	4711183279.975493
1.1979600000000001	4586062826.219346
1.19797	4621894202.115388
1.1979799999999998	4532418463.043254
1.1979899999999999	4610733279.587513
1.198	4673368210.004611
1.19801	4645259712.053722
1.19802	4665197132.377875
1.19803	4697210251.031703
1.19804	4711183279.975493
1.19805	4589126190.856653
1.1980600000000001	4680583528.968193
1.19807	4659400049.937793
1.19808	4627751177.613461
1.1980899999999999	4544331449.957096
1.1981	4415501127.509462
1.19811	4568251442.197925
1.19812	4664337850.4532585
1.19813	4701213774.9356165
1.19814	4710749383.941815
1.19815	4705329054.079055
1.1981600000000001	4732057356.491319
1.1981700000000002	4715198713.364485
1.19818	4713136306.748819
1.1981899999999999	4698832890.180824
1.1982	4675843855.925189
1.19821	4620617301.970836
1.19822	4607867686.902725
1.19823	4600552594.353442
1.19824	4681014646.496
1.19825	4654789007.046161
1.19826	4644724937.550107
1.1982700000000002	4566884204.442571
1.19828	4651039201.519696
1.1982899999999999	4616576111.6961355
1.1983	4649111906.509928
1.19831	4666916171.156733
1.19832	4584690257.672328
1.19833	4614344338.858103
1.19834	4559214235.596236
1.19835	4573513864.7465
1.19836	4641838218.888043
1.1983700000000002	4654253135.505066
1.19838	4583529174.381878
1.19839	4693102072.590568
1.1984	4648576688.531564
1.19841	4582895980.165382
1.19842	4651574703.021665
1.1984299999999999	4659292764.521997
1.19844	4707388044.343376
1.19845	4708038438.962295
1.19846	4610520952.3622265
1.1984700000000001	4577622762.272747
1.19848	4567830710.066775
1.19849	4626685721.195807
1.1985	4663478726.799663
1.19851	4616895024.490937
1.19852	4554492591.785095
1.1985299999999999	4644511044.987165
1.19854	4725959548.490492
1.19855	4724436324.6574545
1.19856	4658649103.901718
1.1985700000000001	4531374955.267318
1.19858	4408186903.875248
1.19859	4185140091.9717007
1.1986	4622107053.110242
1.19861	4711834198.961794
1.19862	4688781555.818607
1.1986299999999999	4483013018.062851
1.19864	4536177081.152623
1.19865	4686946540.843167
1.19866	4685004366.570315
1.1986700000000001	4531166282.5437565
1.19868	4594518451.666557
1.19869	4582895980.165382
1.1987	4566568746.153515
1.19871	4676597573.651227
1.19872	4643869426.395847
1.1987299999999999	4505883927.329711
1.19874	4003317177.104358
1.19875	3749730022.4548335
1.19876	4209882746.0141835
1.1987700000000001	4411740914.688256
1.19878	4611476501.882768
1.19879	4664230451.341714
1.1988	4708472085.297195
1.19881	4710857854.203699
1.19882	4644083289.4104805
1.1988299999999998	4703920790.191767
1.19884	4719652245.203926
1.19885	4668850846.94612
1.19886	4622958555.1179695
1.19887	4594306871.14448
1.19888	4603519636.582599
1.19889	4654467476.718205
1.1989	4700023181.798013
1.1989100000000001	4648790768.328621
1.19892	4611157963.373321
1.1989299999999998	4621149300.82056
1.19894	4645580606.309879
1.19895	4675090259.674325
1.19896	4685975353.086257
1.19897	4649111906.509928
1.19898	4652753023.36313
1.19899	4705654097.921676
1.199	4680044687.89396
1.1990100000000001	4612219843.98094
1.19902	4443958555.05538
1.1990299999999998	4585957229.436071
1.1990399999999999	4613175745.60379
1.19905	4593143352.424699
1.19906	4696236936.519219
1.19907	4708905771.574259
1.19908	4465396215.8024435
1.19909	4365459867.270976
1.1991	4547471647.374274
1.1991100000000001	4700672558.853261
1.19912	4711942694.202754
1.19913	4716610353.646177
1.1991399999999999	4719652245.203926
1.19915	4690401283.296738
1.19916	4674874968.768802
1.19917	4735109210.310952
1.19918	4661438942.2724495
1.19919	4617107645.259852
1.1992	4586274027.080364
1.19921	4638953294.335392
1.1992200000000002	4690833305.1147785
1.19923	4617320275.82054
1.1992399999999999	4560474167.102357
1.19925	4663693492.876744
1.19926	4683278665.081391
1.19927	4677028324.042055
1.19928	4478989042.7253065
1.19929	4592191601.737821
1.1993	4653503018.986731
1.19931	4526682142.557063
1.1993200000000002	4611901254.125031
1.19933	4719217569.185663
1.19934	4551033161.0542555
1.19935	4161980106.186034
1.19936	4111970591.9040995
1.19937	4478576531.586377
1.19938	4738599453.408138
1.19939	4710966326.963232
1.1994	4612326045.490205
1.19941	4692237650.859409
1.1994200000000002	4713244831.972265
1.19943	4697751068.478193
1.19944	4665841697.704214
1.19945	4662512401.836361
1.19946	4517623147.682598
1.19947	4512321133.443381
1.1994799999999999	4056859806.635842
1.19949	4027726755.8332834
1.1995	4463340298.279123
1.19951	4589231860.608782
1.1995200000000001	4464984956.551487
1.19953	4592297342.074456
1.19954	4607867686.902725
1.19955	4576252719.763148
1.19956	4724001208.029462
1.19957	4722804843.922325
1.1995799999999999	4669926013.360634
1.19959	4535028283.935069
1.1996	4707713230.420918
1.19961	4721173926.583358
1.1996200000000001	4705112370.657671
1.19963	4656718655.504879
1.19964	4667775928.069322
1.19965	4668958352.44743
1.19966	4694290912.49743
1.19967	4697102095.013877
1.1996799999999999	4702404669.670035
1.19969	4647720467.92388
1.1997	4643014072.818034
1.19971	4682631690.915366
1.1997200000000001	4668313356.569069
1.19973	4595788139.435872
1.19974	4700239630.848193
1.19975	4551347546.146026
1.19976	4465601859.63274
1.19977	4606912885.16902
1.1997799999999998	4608079891.937808
1.19979	4545377941.419681
1.1998	4592720327.769469
1.19981	4649004857.984662
1.19982	4591345766.690387
1.19983	4569619089.278085
1.19984	4684357154.006306
1.19985	4695263823.688393
1.19986	4670248611.563373
1.19987	4679613659.698547
1.1998799999999998	4708146846.801645
1.19989	4608716565.680644
1.1999	4725741915.021586
1.19991	4668313356.569069
1.19992	4606276460.596623
1.19993	4652110266.179072
1.19994	4640128417.466547
1.19995	4630949019.244381
1.1999600000000001	4673798662.946377
1.19997	4593354879.363506
1.1999799999999998	4606806808.300923
1.19999	4666378903.504642
1.2	4516063085.353987
1.20001	4521681832.344978
1.20002	4612857089.718818
1.20003	4635109517.174852
1.20004	4648469652.330006
1.20005	4627964298.338233
1.2000600000000001	4702729511.496361
1.20007	4711508728.227662
1.20008	4561839485.815169
1.2000899999999999	4541611699.595565
1.2001	4540252434.882506
1.20011	4598010937.386311
1.20012	4652538761.101687
1.20013	4656825881.648941
1.20014	4609034935.538489
1.20015	4580785964.458415
1.2001600000000001	4664230451.341714
1.2001700000000002	4675628530.316094
1.20018	4702188120.918428
1.2001899999999999	4675197908.845077
1.2002	4666808712.677843
1.20021	4675305560.494571
1.20022	4561839485.815169
1.20023	4667238561.439755
1.20024	4648148558.512514
1.20025	4567410016.684704
1.20026	4581102404.87204
1.2002700000000002	4602989667.306144
1.20028	4566884204.442571
1.2002899999999999	4565622502.022351
1.2003	4488487292.745986
1.20031	4687486176.56833
1.20032	4721717503.108776
1.20033	4698832890.180824
1.20034	4676382213.332928
1.20035	4637671681.240613
1.20036	4583318099.923087
1.2003700000000002	4502979812.880883
1.20038	4591768664.738032
1.20039	4635216245.744389
1.2004	4596634792.8739805
1.20041	4608504331.326327
1.20042	4426291381.354715
1.2004299999999999	4617851895.064268
1.20044	4627538066.703053
1.20045	4620191746.987867
1.20046	4606170398.382595
1.2004700000000001	4572882054.10059
1.20048	4609671741.23459
1.20049	4628603719.403109
1.2005	4575831250.721039
1.20051	4425578004.968976
1.20052	4605958281.280915
1.2005299999999999	4692669841.820943
1.20054	4681122432.08237
1.20055	4647613451.437303
1.20056	4721934951.242396
1.2005700000000001	4694831393.823322
1.20058	4685759560.915218
1.20059	4716067365.069225
1.2006	4694831393.823322
1.20061	4683817878.502441
1.20062	4713896035.792173
1.2006299999999999	4711291760.228318
1.20064	4642372661.026778
1.20065	4648790768.328621
1.20066	4584268011.540044
1.2006700000000001	4435269357.252159
1.20068	4655753731.303975
1.20069	4669710960.271985
1.2007	4619553487.999653
1.20071	4572987349.81334
1.20072	4386518850.265544
1.2007299999999999	4443856230.306218
1.20074	4668528345.294225
1.20075	4570355684.214732
1.20076	4525431546.842534
1.2007700000000001	4678320813.281642
1.20078	4647292416.76203
1.20079	4682739513.736007
1.2008	4681769197.7221775
1.20081	4660794985.167237
1.20082	4700347859.111283
1.2008299999999998	4707171266.10417
1.20084	4697426570.53867
1.20085	4695912543.168614
1.20086	4643120983.398786
1.20087	4596846480.603266
1.20088	4682523870.577427
1.20089	4666808712.677843
1.2009	4625940047.661607
1.2009100000000001	4613069524.529682
1.20092	4673368210.004611
1.2009299999999998	4661331609.909965
1.20094	4650075454.1651945
1.20095	4702621228.394329
1.20096	4703704171.621839
1.20097	4690401283.296738
1.20098	4663693492.876744
1.20099	4664337850.4532585
1.201	4681877000.682932
1.2010100000000001	4686191155.195141
1.20102	4667131095.537642
1.2010299999999998	4643548650.33973
1.2010399999999999	4507232902.769178
1.20105	4397137030.517163
1.20106	4535445994.711985
1.20107	4620085364.366218
1.20108	4699049284.414806
1.20109	4720847810.706
1.2011	4688025874.424928
1.2011100000000001	4622319913.907472
1.20112	4644938839.96341
1.20113	4546215308.100835
1.2011399999999999	4592720327.769469
1.20115	4675843855.925189
1.20116	4641624459.260348
1.20117	4521057182.064326
1.20118	4562364717.229173
1.20119	4656182561.817584
1.2012	4626792255.79804
1.20121	4575093773.298467
1.2012200000000002	4652860158.194086
1.20123	4686191155.195141
1.2012399999999999	4637992051.316066
1.20125	4705329054.079055
1.20126	4698508317.514286
1.20127	4655968141.623695
1.20128	4690401283.296738
1.20129	4661760954.188837
1.2013	4563205213.278265
1.20131	4524598008.319109
1.2013200000000002	4686406967.242288
1.20133	4637351333.294796
1.20134	4613069524.529682
1.20135	4544854665.567944
1.20136	4596528952.665
1.20137	4605109910.550946
1.20138	4510970635.140916
1.20139	4631482207.645488
1.2014	4722043679.064451
1.20141	4683817878.502441
1.2014200000000002	4680906863.391457
1.20143	4633828966.008255
1.20144	4656611431.8297615
1.20145	4686838621.153281
1.20146	4710857854.203699
1.20147	4716936176.800282
1.2014799999999999	4713244831.972265
1.20149	4699806742.715432
1.2015	4703487563.027333
1.20151	4635749925.456384
1.2015200000000001	4640983239.43804
1.20153	4696345072.615825
1.20154	4706195887.557928
1.20155	4680367985.094115
1.20156	4667668449.794025
1.20157	4687917929.882753
1.2015799999999999	4606806808.300923
1.20159	4644083289.4104805
1.2016	4717913781.315852
1.20161	4657791028.057434
1.2016200000000001	4637992051.316066
1.20163	4686622789.228175
1.20164	4691373388.345974
1.20165	4623277908.811553
1.20166	4653610171.087173
1.20167	4673906282.376673
1.2016799999999999	4636176913.466537
1.20169	4626366132.107016
1.2017	4686514876.99286
1.20171	4640662662.745768
1.2017200000000001	4632868784.807085
1.20173	4461079882.271606
1.20174	4552919797.400484
1.20175	4687809987.826066
1.20176	4689645340.854872
1.20177	4669818485.578364
1.2017799999999998	4688349722.964958
1.20179	4663693492.876744
1.2018	4596634792.8739805
1.20181	4627005332.361814
1.20182	4638526050.622886
1.20183	4604367714.346276
1.20184	4639060111.412186
1.20185	4693642417.038309
1.20186	4695155712.488196
1.20187	4623277908.811553
1.2018799999999998	4623490823.529941
1.20189	4595364871.197974
1.2019	4590500087.437197
1.20191	4550404456.017785
1.20192	4081219941.325818
1.20193	4371092529.978476
1.20194	4570881896.148751
1.20195	4516895051.541706
1.2019600000000001	4579098651.37591
1.20197	4631588852.692173
1.2019799999999998	4717587890.6335535
1.20199	4687054463.018024
1.202	4633828966.008255
1.20201	4649433066.875441
1.20202	4688997487.160858
1.20203	4673475819.523247
1.20204	4632228774.542331
1.20205	4699049284.414806
1.2020600000000001	4737726651.521598
1.20207	4718456982.481568
1.20208	4671754364.525734
1.2020899999999999	4674121528.671512
1.2021	4647292416.76203
1.20211	4618808963.952962
1.20212	4555436529.196367
1.20213	4682416052.7221155
1.20214	4670463689.412348
1.20215	4481774486.906493
1.2021600000000001	4317576089.850402
1.2021700000000002	4635109517.174852
1.20218	4664874883.106906
1.2021899999999999	4648790768.328621
1.2022	4584056903.057328
1.20221	4605215948.346059
1.20222	4605852226.393133
1.20223	4628603719.403109
1.20224	4615194410.789292
1.20225	4635216245.744389
1.20226	4681230220.150641
1.2022700000000002	4662834487.90725
1.20228	4459539345.922791
1.2022899999999999	4521681832.344978
1.2023	4584479129.744888
1.20231	4579836774.360568
1.20232	4568356631.285668
1.20233	4634149070.629156
1.20234	4517623147.682598
1.20235	4646757408.248107
1.20236	4589971617.00543
1.2023700000000002	4635963414.545589
1.20238	4656289775.617491
1.20239	4691373388.345974
1.2024	4617426594.77296
1.20241	4650503761.666067
1.20242	4613494423.501511
1.2024299999999999	4586379631.158238
1.20244	4670786324.757714
1.20245	4713136306.748819
1.20246	4678967191.836752
1.2024700000000001	4636176913.466537
1.20248	4658005532.200297
1.20249	4627218418.738334
1.2025	4666056572.602653
1.20251	4659721921.007623
1.20252	4663478726.799663
1.2025299999999999	4675520871.230013
1.20254	4463237527.253951
1.20255	4051072354.4627337
1.20256	4423540420.1878
1.2025700000000001	4657791028.057434
1.20258	4672830199.576855
1.20259	4608716565.680644
1.2026	4618702613.170701
1.20261	4686299059.976399
1.20262	4673583431.5197315
1.2026299999999999	4688565634.420114
1.20264	4647613451.437303
1.20265	4663263970.612678
1.20266	4698508317.514286
1.2026700000000001	4616576111.6961355
1.20268	4552290831.733593
1.20269	4709447935.594825
1.2027	4737072155.607853
1.20271	4693642417.038309
1.20272	4461901719.246117
1.2027299999999999	4553339156.122577
1.20274	4501113870.637366
1.20275	4599175689.145383
1.20276	4692021570.305542
1.2027700000000001	4668205865.919167
1.20278	4323146969.108832
1.20279	4325935103.65509
1.2028	4677351412.871981
1.20281	4704895697.214678
1.20282	4647613451.437303
1.2028299999999998	4648576688.531564
1.20284	4613813123.413462
1.20285	4620191746.987867
1.20286	4651146296.887992
1.20287	4686083252.898433
1.20288	4649861315.207513
1.20289	4611370319.934742
1.2029	4571723961.264711
1.2029100000000001	4594201084.53726
1.20292	4633295507.442139
1.2029299999999998	4458307299.885726
1.20294	4477133041.763622
1.20295	4687594111.168901
1.20296	4670678777.166271
1.20297	4628390569.232605
1.20298	4581629854.139223
1.20299	4639594233.691047
1.203	4662190338.013601
1.2030100000000001	4672077089.030859
1.20302	4662297690.14926
1.2030299999999998	4622745664.910884
1.2030399999999999	4533879777.653037
1.20305	4683386502.799315
1.20306	4669173370.876428
1.20307	4628283997.828251
1.20308	4493864775.896593
1.20309	4514087779.762391
1.2031	4306455858.266576
1.2031100000000001	4236527209.0163155
1.20312	4642693355.845608
1.20313	4611795062.396818
1.2031399999999999	4376027071.319161
1.20315	4216867936.195456
1.20316	4517727170.997377
1.20317	4675197908.845077
1.20318	4701646792.666803
1.20319	4684249293.938568
1.2032	4664767471.629869
1.2032100000000001	4684033581.253641
1.2032200000000002	4651681810.720481
1.20323	4551347546.146026
1.2032399999999999	4229314681.8664255
1.20325	4513672036.059182
1.20326	4662727123.411509
1.20327	4667131095.537642
1.20328	4635643184.59856
1.20329	4357927491.008625
1.2033	4311615256.590837
1.20331	4612326045.490205
1.2033200000000002	4599175689.145383
1.20333	4633188823.098728
1.2033399999999999	4609247194.328596
1.20335	4628710298.16939
1.20336	4678213092.204186
1.20337	4518455401.270888
1.20338	4345802645.895566
1.20339	4423031170.591639
1.2034	4551033161.0542555
1.20341	4547576357.98407
1.2034200000000002	4553653700.512363
1.20343	4581946352.848676
1.20344	4282624527.8278704
1.20345	4304770471.370891
1.20346	4475793074.949647
1.20347	3987860887.688981
1.2034799999999999	3594843596.8227296
1.20349	4023092332.3404737
1.2035	4428636142.073138
1.20351	4507855643.023109
1.2035200000000001	4535968187.288103
1.20353	4625194494.306075
1.20354	4655324940.285297
1.20355	4657898278.894072
1.20356	4603519636.582599
1.20357	4668850846.94612
1.2035799999999999	4623703748.05362
1.20359	4599387493.889959
1.2036	4561839485.815169
1.20361	4604791811.814858
1.2036200000000001	4648790768.328621
1.20363	4658541835.7768955
1.20364	4644297162.274096
1.20365	4538789066.301827
1.20366	4415704473.533119
1.20367	4451332132.310981
1.2036799999999999	4670786324.757714
1.20369	4685435891.291063
1.2037	4619021672.864095
1.20371	4517207078.374983
1.2037200000000001	4597905065.490777
1.20373	4680475755.790384
1.20374	4696993941.486406
1.20375	4665411977.592281
1.20376	4449282690.046343
1.20377	4245315780.223738
1.2037799999999999	4658541835.7768955
1.20379	4690617289.231914
1.2038	4688025874.424928
1.20381	4669926013.360634
1.2038200000000001	4642051988.359979
1.20383	4593354879.363506
1.20384	4665089713.480861
1.20385	4669388399.2076
1.20386	4694831393.823322
1.20387	4698400131.607719
1.2038799999999998	4658434570.1219845
1.20389	4635536446.198507
1.2039	4650182527.342133
1.20391	4691697468.132043
1.20392	4569619089.278085
1.20393	4544017549.503323
1.20394	4654038804.1624975
1.20395	4678859455.876052
1.2039600000000001	4716284552.998382
1.20397	4693102072.590568
1.2039799999999998	4699049284.414806
1.20399	4680044687.89396
1.204	4678751722.396034
1.20401	4663586108.601911
1.20402	4675305560.494571
1.20403	4718239694.510659
1.20404	4687054463.018024
1.20405	4597587464.430583
1.2040600000000001	4575409820.495874
1.20407	4587224551.325439
1.2040799999999998	4705329054.079055
1.2040899999999999	4674336784.879018
1.2041	4606170398.382595
1.20411	4669173370.876428
1.20412	4610733279.587513
1.20413	4623384364.945121
1.20414	4683386502.799315
1.20415	4594201084.53726
1.2041600000000001	4624981501.132574
1.20417	4655217748.70129
1.20418	4639380577.40031
1.2041899999999999	4699914961.010808
1.2042	4653824482.690005
1.20421	4614663097.482155
1.20422	4623277908.811553
1.20423	4577833574.445507
1.20424	4660794985.167237
1.20425	4665841697.704214
1.20426	4662082988.349789
1.2042700000000002	4673260602.963748
1.20428	4676059191.4506235
1.2042899999999999	4411537751.189026
1.2043	4242286549.2294965
1.20431	4507336686.836953
1.20432	4436597192.040372
1.20433	4560474167.102357
1.20434	4588809196.198672
1.20435	4623703748.05362
1.20436	4659400049.937793
1.2043700000000002	4623277908.811553
1.20438	4614131845.341202
1.20439	4634575911.188341
1.2044	4661975641.157764
1.20441	4714547329.58543
1.20442	4705545747.479329
1.20443	4695696293.383578
1.20444	4653717325.654912
1.20445	4572882054.10059
1.20446	4441912507.666816
1.2044700000000002	4285978617.0943336
1.20448	4459231302.497764
1.20449	4672722604.923997
1.2045	4712810746.071374
1.20451	4689861311.976829
1.20452	4662941854.875179
1.2045299999999999	4681122432.08237
1.20454	4686299059.976399
1.20455	4551766760.051758
1.20456	4541925433.8533745
1.2045700000000001	4667775928.069322
1.20458	4675413214.622863
1.20459	4685867455.758538
1.2046	4673045396.315108
1.20461	4635643184.59856
1.20462	4671431662.312859
1.2046299999999999	4695155712.488196
1.20464	4701646792.666803
1.20465	4576568847.020489
1.20466	4526682142.557063
1.2046700000000001	4540461526.048464
1.20468	4452459727.917414
1.20469	4663478726.799663
1.2047	4690185287.308755
1.20471	4673583431.5197315
1.20472	4585112542.696709
1.2047299999999999	4571723961.264711
1.20474	4620404519.579978
1.20475	4638632857.861917
1.20476	4544436088.260323
1.2047700000000001	4544959315.918794
1.20478	4585534866.616769
1.20479	4564781560.733226
1.2048	4667990892.044392
1.20481	4670463689.412348
1.20482	4658541835.7768955
1.2048299999999998	4711617215.974315
1.20484	4702404669.670035
1.20485	4664230451.341714
1.20486	4659400049.937793
1.20487	4610839446.866974
1.20488	4581524359.427728
1.20489	4553339156.122577
1.2049	4541193420.962414
1.20491	4641517583.137942
1.20492	4632335436.779572
1.2049299999999998	4634362485.994575
1.20494	4511905552.446817
1.20495	4585640453.674648
1.20496	4642051988.359979
1.20497	4521785949.115483
1.20498	4553548849.968214
1.20499	4612326045.490205
1.205	4681769197.7221775
1.2050100000000001	4658005532.200297
1.20502	4473938398.331311
1.2050299999999998	4214538252.6303425
1.20504	4468584759.636395
1.20505	4655860935.229581
1.20506	4690401283.296738
1.20507	4656182561.817584
1.20508	4669065860.424192
1.20509	4667453500.667608
1.2051	4635856668.772054
1.2051100000000001	4650825018.18083
1.20512	4681338010.700835
1.20513	4695155712.488196
1.2051399999999999	4693102072.590568
1.20515	4682523870.577427
1.20516	4711508728.227662
1.20517	4640876378.080095
1.20518	4590711492.64635
1.20519	4658756374.49651
1.2052	4706195887.557928
1.2052100000000001	4710640916.177523
1.2052200000000002	4685435891.291063
1.20523	4657040341.344146
1.2052399999999999	4590182997.87708
1.20525	4624662029.763048
1.20526	4598328567.69999
1.20527	4662834487.90725
1.20528	4684680749.111355
1.20529	4629030049.193049
1.2053	4644404102.399432
1.20531	4541402555.463379
1.2053200000000002	4634575911.188341
1.20533	4571408168.668646
1.2053399999999999	4623277908.811553
1.20535	4678751722.396034
1.20536	4685651668.556222
1.20537	4679398160.487551
1.20538	4663693492.876744
1.20539	4663156596.227845
1.2054	4642479556.838307
1.20541	4675736191.881128
1.2054200000000002	4569093022.72171
1.20543	4572776760.812334
1.20544	4516791047.386984
1.20545	4482909794.061799
1.20546	4465807512.933521
1.20547	4592720327.769469
1.2054799999999999	4687702048.254788
1.20549	4694182823.699084
1.2055	4657791028.057434
1.20551	4624555544.210518
1.2055200000000001	4612857089.718818
1.20553	4658541835.7768955
1.20554	4666593803.14289
1.20555	4614556842.160899
1.20556	4638205643.661342
1.20557	4608504331.326327
1.2055799999999999	4630842388.930234
1.20559	4646222461.325769
1.2056	4586485237.667765
1.20561	4642158876.787662
1.2056200000000001	4572250330.736516
1.20563	4335108783.875293
1.20564	4412960092.179802
1.20565	4515647159.726788
1.20566	4623490823.529941
1.20567	4684572881.592631
1.2056799999999999	4663156596.227845
1.20569	4685112244.024443
1.2057	4708580503.121757
1.20571	4619766231.198156
1.2057200000000001	4586802071.786833
1.20573	4657254810.915793
1.20574	4669495917.086651
1.20575	4699914961.010808
1.20576	4691049330.945752
1.20577	4531792329.544714
1.2057799999999999	4396732057.8799925
1.20579	4465396215.8024435
1.2058	4554912095.373575
1.20581	4674444416.700171
1.2058200000000001	4658541835.7768955
1.20583	4659507337.823974
1.20584	4599811132.642161
1.20585	4634255777.083338
1.20586	4641410709.476421
1.20587	4629136637.776051
1.2058799999999998	4629349822.30509
1.20589	4625620510.080319
1.2059	4664874883.106906
1.20591	4701430278.815918
1.20592	4681014646.496
1.20593	4661760954.188837
1.20594	4588280920.426766
1.20595	4611795062.396818
1.2059600000000001	4664337850.4532585
1.20597	4707279653.975897
1.2059799999999998	4669495917.086651
1.20599	4508582282.066084
1.206	4563625519.365796
1.20601	4642800259.041492
1.20602	4658112787.976131
1.20603	4643014072.818034
1.20604	4667990892.044392
1.20605	4713678957.855785
1.2060600000000001	4723566131.475347
1.20607	4705329054.079055
1.2060799999999998	4664767471.629869
1.2060899999999999	4656182561.817584
1.2061	4661653614.411839
1.20611	4666271457.396655
1.20612	4657147574.895384
1.20613	4676705257.529565
1.20614	4661653614.411839
1.20615	4680906863.391457
1.2061600000000001	4706520991.281352
1.20617	4675843855.925189
1.20618	4584162456.083448
1.2061899999999999	4558584400.380639
1.2062	4612432249.444897
1.20621	4667238561.439755
1.20622	4650717930.210164
1.20623	4607549397.672775
1.20624	4650396681.092521
1.20625	4654038804.1624975
1.20626	4654896188.757914
1.2062700000000002	4624023153.225104
1.20628	4627005332.361814
1.2062899999999999	4681014646.496
1.2063	4644617990.037372
1.20631	4387326951.325303
1.20632	4506091435.730979
1.20633	4614556842.160899
1.20634	4528871516.715183
1.20635	4661224280.018869
1.20636	4692345694.868
1.2063700000000002	4675197908.845077
1.20638	4689321402.819838
1.20639	4668205865.919167
1.2064	4580785964.458415
1.20641	4640342108.197404
1.20642	4669388399.2076
1.20643	4700131405.077123
1.20644	4692345694.868
1.20645	4625514002.458219
1.20646	4654896188.757914
1.2064700000000002	4666271457.396655
1.20648	4568987816.6781225
1.20649	4543808294.580204
1.2065	4659829216.305225
1.20651	4674229155.536151
1.20652	4601188228.089847
1.2065299999999999	4658112787.976131
1.20654	4583107035.184411
1.20655	4651681810.720481
1.20656	4695263823.688393
1.2065700000000001	4683386502.799315
1.20658	4628177428.877785
1.20659	4594518451.666557
1.2066	4555436529.196367
1.20661	4514191721.67136
1.20662	4288644029.7769265
1.2066299999999999	4199523346.6406636
1.20664	4395719789.45674
1.20665	4462107202.145193
1.20666	4682092614.051347
1.2066700000000001	4679398160.487551
1.20668	4637031007.477048
1.20669	4350408111.473741
1.2067	4479195312.5428295
1.20671	4594306871.14448
1.20672	4703812479.659846
1.2067299999999999	4687917929.882753
1.20674	4656933110.262024
1.20675	4650182527.342133
1.20676	4644404102.399432
1.2067700000000001	4663049224.315371
1.20678	4691049330.945752
1.20679	4578571493.507421
1.2068	4541820853.359435
1.20681	4612857089.718818
1.20682	4664874883.106906
1.2068299999999998	4629136637.776051
1.20684	4630522512.718905
1.20685	4571829230.311083
1.20686	4651896033.517011
1.20687	4689753325.17263
1.20688	4682416052.7221155
1.20689	4601400125.51742
1.2069	4616469812.326606
1.20691	4637885258.831981
1.20692	4640769519.182678
1.2069299999999998	4673368210.004611
1.20694	4532001031.09947
1.20695	4407577932.41536
1.20696	4490037829.088264
1.20697	4665949133.916505
1.20698	4699049284.414806
1.20699	4634469197.362884
1.207	4600128887.313238
1.2070100000000001	4529392952.332995
1.20702	4611051788.75983
1.2070299999999998	4692345694.868
1.20704	4657469290.364376
1.20705	4579520421.370583
1.20706	4557849702.597883
1.20707	4649326010.955251
1.20708	4624449061.10988
1.20709	4637031007.477048
1.2071	4567094522.07508
1.2071100000000001	4481464907.585389
1.20712	4513672036.059182
1.20713	4567620358.532319
1.2071399999999999	4458615279.48071
1.20715	4354918180.84406
1.20716	4465499036.533811
1.20717	4552710132.523139
1.20718	4630096045.474323
1.20719	4625727020.154877
1.2072	4520120368.438405
1.2072100000000001	4516791047.386984
1.2072200000000002	4607018964.479636
1.20723	4614131845.341202
1.2072399999999999	4585957229.436071
1.20725	4573197948.512571
1.20726	4568356631.285668
1.20727	4579309531.51744
1.20728	4621468529.530986
1.20729	4551661952.955518
1.2073	4557115123.224894
1.20731	4627005332.361814
1.2073200000000002	4524181296.632653
1.20733	4590605788.824827
1.2073399999999999	4649968383.45368
1.20735	4632228774.542331
1.20736	4633295507.442139
1.20737	4652324508.70714
1.20738	4684680749.111355
1.20739	4669603437.44144
1.2074	4616469812.326606
1.20741	4572566181.509068
1.2074200000000002	4661331609.909965
1.20743	4671754364.525734
1.20744	4642479556.838307
1.20745	4647827486.87463
1.20746	4589654563.949515
1.20747	4547157530.010859
1.2074799999999999	4525118951.902742
1.20749	4506091435.730979
1.2075	3925726141.9082713
1.20751	4474762604.150167
1.2075200000000001	4682739513.736007
1.20753	4644511044.987165
1.20754	4620617301.970836
1.20755	4614663097.482155
1.20756	4518247323.501094
1.20757	4259415431.7683277
1.2075799999999999	4418755787.887187
1.20759	4683062997.094546
1.2076	4595999788.174446
1.20761	4545063968.679336
1.2076200000000001	4635749925.456384
1.20763	4656396991.886114
1.20764	4670248611.563373
1.20765	4673475819.523247
1.20766	4605003875.197415
1.20767	4560264154.341423
1.2076799999999999	4590711492.64635
1.20769	4650503761.666067
1.2077	4664874883.106906
1.20771	4621042896.150672
1.2077200000000001	4566779049.258317
1.20773	4665197132.377875
1.20774	4669173370.876428
1.20775	4698941086.05216
1.20776	4692885952.229524
1.20777	4652217386.209827
1.2077799999999999	4536699357.903025
1.20779	4626259607.316512
1.2078	4624129626.518738
1.20781	4668098377.7443
1.2078200000000001	4651681810.720481
1.20783	4627644620.931492
1.20784	4554177989.448753
1.20785	4583107035.184411
1.20786	4626259607.316512
1.20787	4643548650.33973
1.2078799999999998	4661009627.650623
1.20789	4647827486.87463
1.2079	4684141436.354354
1.20791	4680799082.7686825
1.20792	4628177428.877785
1.20793	4659292764.521997
1.20794	4650182527.342133
1.20795	4627644620.931492
1.2079600000000001	4637671681.240613
1.20797	4592614577.69334
1.2079799999999998	4580258612.342029
1.20799	4635963414.545589
1.208	4602777696.6791525
1.20801	4619872606.471428
1.20802	4617320275.82054
1.20803	4552500477.300996
1.20804	4639166930.948564
1.20805	4668635843.369574
1.2080600000000001	4702079850.282232
1.20807	4697967412.891297
1.2080799999999998	4638098846.259168
1.2080899999999999	4662834487.90725
1.2081	4688673593.876408
1.20811	4682092614.051347
1.20812	4660794985.167237
1.20813	4535028283.935069
1.20814	4233406770.1624336
1.20815	4464984956.551487
1.2081600000000001	4565096895.563603
1.20817	4557429928.458257
1.20818	4661653614.411839
1.2081899999999999	4679290414.603545
1.2082	4669388399.2076
1.20821	4618702613.170701
1.20822	4590288691.963369
1.20823	4660473039.97534
1.20824	4683170829.846494
1.20825	4664123054.703096
1.2082600000000001	4585640453.674648
1.2082700000000002	4613600654.359391
1.20828	4647078405.965024
1.2082899999999999	4600128887.313238
1.2083	4586696457.982016
1.20831	4354817906.301678
1.20832	4333911114.523569
1.20833	4591557210.845426
1.20834	4534715026.099043
1.20835	4407577932.41536
1.20836	4614556842.160899
1.2083700000000002	4660687667.632241
1.20838	4563415361.483088
1.2083899999999999	4591240048.264333
1.2084	4666916171.156733
1.20841	4659292764.521997
1.20842	4552290831.733593
1.20843	4598752108.916994
1.20844	4649754249.426673
1.20845	4625514002.458219
1.20846	4649111906.509928
1.2084700000000002	4638098846.259168
1.20848	4597799196.033025
1.20849	4505676428.484356
1.2085	4462826466.8164015
1.20851	4569408655.387636
1.20852	4656396991.886114
1.2085299999999999	4656075350.486338
1.20854	4605958281.280915
1.20855	4610202479.857522
1.20856	4600128887.313238
1.2085700000000001	4576779610.657558
1.20858	4607443306.148624
1.20859	4566989362.04814
1.2086	4521577717.971825
1.20861	4486937291.847497
1.20862	4461182603.614577
1.2086299999999999	4371998456.96903
1.20864	4145911239.7394385
1.20865	3517466743.3897133
1.20866	3169421502.4285517
1.2086700000000001	3691220592.3618917
1.20868	3947935057.2670856
1.20869	3428625098.7183723
1.2087	3249825185.1161766
1.20871	3887585915.210086
1.20872	4264714865.6310134
1.2087299999999999	4393493619.209225
1.20874	4454305500.526757
1.20875	4496245332.5957775
1.20876	4452152173.518182
1.2087700000000001	4520432618.076357
1.20878	4512944576.710919
1.20879	4516583046.261736
1.2088	4585851635.084244
1.20881	4600022966.650685
1.20882	4561104263.41691
1.2088299999999998	4618170895.990088
1.20884	4601717989.956008
1.20885	4630202658.603079
1.20886	4621681360.922441
1.2088700000000001	4610520952.3622265
1.20888	4587330177.290195
1.20889	4508374658.9597435
1.2089	4462209947.143351
1.20891	4576568847.020489
1.20892	4533149061.464115
1.2089299999999998	4646757408.248107
1.20894	4647827486.87463
1.20895	4599493399.920061
1.20896	4549985367.579133
1.20897	4521577717.971825
1.20898	4621042896.150672
1.20899	4656396991.886114
1.209	4530018754.322407
1.2090100000000001	4605852226.393133
1.20902	4588280920.426766
1.2090299999999998	4641517583.137942
1.20904	4618702613.170701
1.20905	4608185998.120057
1.20906	4622639223.483778
1.20907	4650717930.210164
1.20908	4624768517.767526
1.20909	4632122114.76107
1.2091	4580575016.326201
1.2091100000000001	4482393709.707321
1.20912	4524806378.555481
1.20913	4573935120.339644
1.2091399999999999	4636817469.2245035
1.20915	4627005332.361814
1.20916	4649861315.207513
1.20917	4660794985.167237
1.20918	4617639240.022154
1.20919	4587858343.597451
1.2092	4543075978.2323885
1.2092100000000001	4547366939.175519
1.2092200000000002	4439969635.202914
1.20923	4477029953.152469
1.2092399999999999	4621894202.115388
1.20925	4660258422.202161
1.20926	4577411959.808004
1.20927	4529810144.052768
1.20928	4672937796.7072
1.20929	4671108982.390712
1.2093	4662727123.411509
1.20931	4611051788.75983
1.2093200000000002	4591662936.574502
1.20933	4420485801.868111
1.2093399999999999	4242188868.0964155
1.20935	4491795751.13512
1.20936	4551452346.002698
1.20937	4581418867.145329
1.20938	4589865930.219977
1.20939	4641945102.393464
1.2094	4491588901.059317
1.20941	4532940307.041843
1.2094200000000002	4649540125.260694
1.20943	4691373388.345974
1.20944	4685435891.291063
1.20945	4664337850.4532585
1.20946	4634682627.471003
1.20947	4554912095.373575
1.2094799999999999	4617745566.319061
1.20949	4568777411.858183
1.2095	4586907688.023526
1.20951	4627218418.738334
1.2095200000000002	4616150928.903406
1.20953	4647078405.965024
1.20954	4645366674.342843
1.20955	4621681360.922441
1.20956	4622745664.910884
1.20957	4661546277.106401
1.2095799999999999	4658220046.22165
1.20959	4448975355.101552
1.2096	4551661952.955518
1.20961	4583423635.93744
1.2096200000000001	4590817198.901822
1.20963	4604897842.285411
1.20964	4659292764.521997
1.20965	4683925728.636357
1.20966	4645366674.342843
1.20967	4649433066.875441
1.2096799999999999	4672292251.086272
1.20969	4683494343.000323
1.2097	4564991781.533184
1.20971	4445800803.493148
1.2097200000000001	4613281969.123756
1.20973	4590394388.483383
1.20974	4542030016.755396
1.20975	4535654864.528095
1.20976	4633295507.442139
1.20977	4501113870.637366
1.2097799999999999	4547366939.175519
1.20979	4650503761.666067
1.2098	4551452346.002698
1.20981	4592508830.052169
1.2098200000000001	4669065860.424192
1.20983	4633188823.098728
1.20984	4598116811.719644
1.20985	4646222461.325769
1.20986	4483322704.3273325
1.20987	4549880601.500479
1.2098799999999998	4673260602.963748
1.20989	4650075454.1651945
1.2099	4624342580.461079
1.20991	4645259712.053722
1.20992	4658863647.561325
1.20993	4658970923.096242
1.20994	4661546277.106401
1.20995	4692777895.781211
1.2099600000000001	4692885952.229524
1.20997	4665089713.480861
1.2099799999999998	4643548650.33973
1.20999	4620936493.930814
1.21	4649433066.875441
1.21001	4634789346.210927
1.21002	4670141076.35309
1.21003	4676489892.252355
1.21004	4609353327.389285
1.21005	4578466069.21649
1.2100600000000001	4641624459.260348
1.21007	4666271457.396655
1.2100799999999998	4674013904.285025
1.2100899999999999	4684465016.557641
1.2101	4687594111.168901
1.21011	4670141076.35309
1.21012	4632442101.472811
1.21013	4632228774.542331
1.21014	4616895024.490937
1.21015	4657898278.894072
1.2101600000000001	4657469290.364376
1.21017	4668635843.369574
1.21018	4674982612.98224
1.2101899999999999	4650825018.18083
1.2102	4605215948.346059
1.21021	4660902305.173339
1.21022	4681014646.496
1.21023	4613919361.609782
1.21024	4652645890.999016
1.21025	4627538066.703053
1.2102600000000001	4643441729.911697
1.2102700000000002	4612432249.444897
1.21028	4646864405.023353
1.2102899999999999	4648255587.320528
1.2103	4645152752.227491
1.21031	4661224280.018869
1.21032	4640021575.79138
1.21033	4653610171.087173
1.21034	4644831887.525428
1.21035	4629882826.581247
1.21036	4598752108.916994
1.2103700000000002	4585323699.794545
1.21038	4658756374.49651
1.2103899999999999	4674229155.536151
1.2104	4651896033.517011
1.21041	4643869426.395847
1.21042	4646008499.800899
1.21043	4614238090.876432
1.21044	4592191601.737821
1.21045	4641731337.843697
1.21046	4653717325.654912
1.2104700000000002	4665519403.909805
1.21048	4621468529.530986
1.21049	4586485237.667765
1.2105	4524285470.956112
1.21051	4655753731.303975
1.21052	4591134332.272507
1.2105299999999999	4513672036.059182
1.21054	4564256051.085831
1.21055	4596952328.123701
1.21056	4642693355.845608
1.2105700000000001	4641410709.476421
1.21058	4665841697.704214
1.21059	4661653614.411839
1.2106	4668420849.694062
1.21061	4605321988.58281
1.21062	4546319989.781999
1.2106299999999999	4632868784.807085
1.21064	4683170829.846494
1.21065	4665519403.909805
1.21066	4631268924.918735
1.2106700000000001	4517623147.682598
1.21068	4103174622.2935867
1.21069	4137995366.2058315
1.2107	4501113870.637366
1.21071	4620936493.930814
1.21072	4605534076.381473
1.2107299999999999	4593989518.630161
1.21074	4502461418.0131035
1.21075	4600128887.313238
1.21076	4663693492.876744
1.2107700000000001	4639166930.948564
1.21078	4636497180.283524
1.21079	4625514002.458219
1.2108	4581840850.849631
1.21081	4638419245.843153
1.21082	4649004857.984662
1.2108299999999999	4626792255.79804
1.21084	4674229155.536151
1.21085	4691049330.945752
1.21086	4649754249.426673
1.2108700000000001	4573408556.910434
1.21088	4574356414.73365
1.21089	4583212566.338762
1.2109	4603519636.582599
1.21091	4636070162.777064
1.21092	4662834487.90725
1.2109299999999998	4625407497.288519
1.21094	4570566161.718473
1.21095	4646222461.325769
1.21096	4507959441.430192
1.21097	4586168425.434085
1.21098	4611901254.125031
1.21099	4662619761.387898
1.211	4670356149.249772
1.2110100000000001	4653503018.986731
1.21102	4570355684.214732
1.2110299999999998	4650396681.092521
1.21104	4679829168.8338585
1.21105	4659936514.07344
1.21106	4641410709.476421
1.21107	4616682413.513326
1.21108	4619021672.864095
1.21109	4599387493.889959
1.2111	4577938984.17254
1.2111100000000001	4595259060.229684
1.21112	4656933110.262024
1.2111299999999998	4642158876.787662
1.2111399999999999	4651146296.887992
1.21115	4648362618.593
1.21116	4611688873.1137495
1.21117	4598328567.69999
1.21118	4659936514.07344
1.21119	4662190338.013601
1.2112	4652324508.70714
1.2112100000000001	4542134602.065574
1.21122	4631375565.054367
1.21123	4663478726.799663
1.2112399999999999	4574988429.084081
1.21125	4577201167.050869
1.21126	4406461703.226259
1.21127	4491071817.543238
1.21128	4617851895.064268
1.21129	4594412660.187554
1.2113	4520016290.018853
1.21131	4454818350.920489
1.2113200000000002	4592826080.280611
1.21133	4698291948.192177
1.2113399999999999	4645259712.053722
1.21135	4574356414.73365
1.21136	4461901719.246117
1.21137	4617426594.77296
1.21138	4657147574.895384
1.21139	4668313356.569069
1.2114	4607125046.232845
1.21141	4485697676.524011
1.2114200000000002	4530123063.059843
1.21143	4590500087.437197
1.21144	4620617301.970836
1.21145	4591768664.738032
1.21146	4455741630.4334345
1.21147	4489934443.336823
1.21148	4635002791.062804
1.21149	4600658527.211264
1.2115	4673368210.004611
1.21151	4674552050.999667
1.2115200000000002	4674013904.285025
1.21153	4672615012.748569
1.21154	4678967191.836752
1.21155	4677782232.697184
1.21156	4648255587.320528
1.21157	4504120491.693879
1.2115799999999999	4570881896.148751
1.21159	4588914858.651645
1.2116	4576779610.657558
1.21161	4616150928.903406
1.2116200000000001	4592614577.69334
1.21163	4578044396.32675
1.21164	4669173370.876428
1.21165	4676382213.332928
1.21166	4622426347.982138
1.21167	4647827486.87463
1.2116799999999999	4601717989.956008
1.21169	4609671741.23459
1.2117	4610096327.244599
1.21171	4593354879.363506
1.2117200000000001	4619659858.374257
1.21173	4548728333.835064
1.21174	4441094352.502036
1.21175	4439458494.232351
1.21176	4568672213.0817
1.21177	4676274536.892872
1.2117799999999999	4674982612.98224
1.21179	4671969511.718793
1.2118	4600022966.650685
1.21181	4442628517.075532
1.2118200000000001	4571197652.389943
1.21183	4551976381.484213
1.21184	4462107202.145193
1.21185	4521994189.848761
1.21186	4518663488.623257
1.21187	4552186012.570295
1.2118799999999998	4614450589.286234
1.21189	4635322976.771468
1.2119	4528975799.036213
1.21191	4511178377.799111
1.21192	4554597464.059953
1.21193	4602353784.708887
1.21194	4576041980.389743
1.21195	4597058178.081374
1.21196	4635749925.456384
1.21197	4616257220.930288
1.2119799999999998	4650182527.342133
1.21199	4642693355.845608
1.212	4656396991.886114
1.21201	4660258422.202161
1.21202	4611476501.882768
1.21203	4648469652.330006
1.21204	4668313356.569069
1.21205	4659185481.576512
1.2120600000000001	4643441729.911697
1.21207	4616682413.513326
1.2120799999999998	4518351361.188199
1.21209	4577306562.216016
1.2121	4487453899.331313
1.21211	4542343779.910528
1.21212	4523347988.392599
1.21213	4628283997.828251
1.21214	4600128887.313238
1.21215	4607125046.232845
1.2121600000000001	4575725889.525804
1.21217	4601082283.035353
1.21218	4649861315.207513
1.2121899999999999	4617107645.259852
1.2122	4587224551.325439
1.21221	4610520952.3622265
1.21222	4630735761.071296
1.21223	4586696457.982016
1.21224	4600552594.353442
1.21225	4515751137.542238
1.2122600000000001	4477957836.111768
1.2122700000000002	4563835686.926875
1.21228	4535132708.022516
1.2122899999999999	4577306562.216016
1.2123	4549671076.580055
1.21231	4467761691.713747
1.21232	4472084490.252812
1.21233	4635963414.545589
1.21234	4639273752.944579
1.21235	4639380577.40031
1.21236	4650610844.705262
1.2123700000000002	4671001427.369868
1.21238	4602247812.816769
1.2123899999999999	4585112542.696709
1.2124	4622852108.788941
1.21241	4651896033.517011
1.21242	4617851895.064268
1.21243	4583423635.93744
1.21244	4621149300.82056
1.21245	4609565600.842236
1.21246	4667238561.439755
1.2124700000000002	4685328006.3847685
1.21248	4631162287.238574
1.21249	4579731320.935804
1.2125	4643441729.911697
1.21251	4586696457.982016
1.21252	4591134332.272507
1.2125299999999999	4568987816.6781225
1.21254	4551137953.67186
1.21255	4664982297.05723
1.21256	4660473039.97534
1.2125700000000001	4641838218.888043
1.21258	4643762498.581738
1.21259	4610202479.857522
1.2126	4528558684.158899
1.21261	4553968266.630857
1.21262	4538057558.892833
1.2126299999999999	4628177428.877785
1.21264	4643548650.33973
1.21265	4673368210.004611
1.21266	4662405044.756821
1.2126700000000001	4585746043.163789
1.21268	4581207889.867541
1.21269	4593249114.6764555
1.2127	4610945616.591073
1.21271	4633508883.498615
1.21272	4631802150.152465
1.2127299999999999	4653503018.986731
1.21274	4641517583.137942
1.21275	4502668768.798364
1.21276	4601612032.703436
1.2127700000000001	4628390569.232605
1.21278	4650932108.617334
1.21279	4651253394.722278
1.2128	4645366674.342843
1.21281	4658434570.1219845
1.21282	4617320275.82054
1.2128299999999999	4506402716.251119
1.21284	4642586455.111232
1.21285	4673152998.400599
1.21286	4666486352.086714
1.2128700000000001	4647185410.131582
1.21288	4534192977.790133
1.21289	4495210153.032059
1.2129	4526577913.048837
1.21291	4640235261.601864
1.21292	4618915317.184087
1.2129299999999998	4660687667.632241
1.21294	4609247194.328596
1.21295	4423133015.820559
1.21296	4596846480.603266
1.21297	4645687575.987927
1.21298	4501943082.824305
1.21299	4292299324.722436
1.213	4503913074.055849
1.2130100000000001	4620191746.987867
1.21302	4648576688.531564
1.2130299999999998	4626579189.0465975
1.21304	4616682413.513326
1.21305	4573829802.803922
1.21306	4590922907.591298
1.21307	4645152752.227491
1.21308	4544436088.260323
1.21309	4414586186.2789
1.2131	4466527374.07243
1.2131100000000001	4312409558.627841
1.21312	4443958555.05538
1.2131299999999998	4542552967.3887005
1.2131399999999999	4408186903.875248
1.21315	4564045864.166731
1.21316	4490141217.220278
1.21317	4303581183.646684
1.21318	4552814963.754883
1.21319	4634469197.362884
1.2132	4656611431.8297615
1.2132100000000001	4628497143.090866
1.21322	4633295507.442139
1.21323	4648041532.1689005
1.2132399999999999	4654896188.757914
1.21325	4572250330.736516
1.21326	4611901254.125031
1.21327	4663263970.612678
1.21328	4405954419.776869
1.21329	4193146152.094202
1.2133	4483013018.062851
1.21331	4546424673.873575
1.2133200000000002	4532940307.041843
1.21333	4615832067.507132
1.2133399999999999	4667238561.439755
1.21335	4608292106.74552
1.21336	4451434629.20113
1.21337	4596423114.893033
1.21338	4650932108.617334
1.21339	4620936493.930814
1.2134	4504224204.094916
1.21341	4593460646.485927
1.2134200000000002	4572987349.81334
1.21343	4602459759.041145
1.21344	4611688873.1137495
1.21345	4582368385.138445
1.21346	4563730601.936504
1.21347	4634255777.083338
1.21348	4674121528.671512
1.21349	4634682627.471003
1.2135	4639166930.948564
1.21351	4614875615.4646845
1.2135200000000002	4598540333.432302
1.21353	4595364871.197974
1.21354	4575409820.495874
1.21355	4544645372.095093
1.21356	4613813123.413462
1.21357	4594095300.36584
1.2135799999999999	4588809196.198672
1.21359	4610733279.587513
1.2136	4516791047.386984
1.21361	4511074505.274151
1.2136200000000001	4652431633.671087
1.21363	4644297162.274096
1.21364	4416212879.563552
1.21365	4344001834.638129
1.21366	4590817198.901822
1.21367	4678320813.281642
1.2136799999999999	4667346029.816393
1.21369	4644938839.96341
1.2137	4633295507.442139
1.21371	4633082141.211786
1.2137200000000001	4584056903.057328
1.21373	4635749925.456384
1.21374	4599175689.145383
1.21375	4643869426.395847
1.21376	4646971404.2623005
1.21377	4621149300.82056
1.2137799999999999	4577306562.216016
1.21379	4482290499.9662075
1.2138	4574567076.482082
1.21381	4637351333.294796
1.2138200000000001	4675413214.622863
1.21383	4671861936.883777
1.21384	4651896033.517011
1.21385	4628283997.828251
1.21386	4631482207.645488
1.21387	4637031007.477048
1.2138799999999998	4656182561.817584
1.21389	4663586108.601911
1.2139	4613919361.609782
1.21391	4605003875.197415
1.21392	4537430646.378242
1.21393	4547262233.3877325
1.21394	4509932065.341333
1.21395	4574988429.084081
1.21396	4654038804.1624975
1.21397	4642693355.845608
1.2139799999999998	4629030049.193049
1.21399	4659829216.305225
1.214	4680260216.879329
1.21401	4657469290.364376
1.21402	4635109517.174852
1.21403	4600870400.24463
1.21404	4645580606.309879
1.21405	4664982297.05723
1.2140600000000001	4663478726.799663
1.21407	4648683727.19775
1.2140799999999998	4668850846.94612
1.21409	4629563016.651848
1.2141	4615938352.191894
1.21411	4659185481.576512
1.21412	4638953294.335392
1.21413	4610627114.752616
1.21414	4636924237.12156
1.21415	4640342108.197404
1.2141600000000001	4602141843.364716
1.21417	4656933110.262024
1.21418	4658970923.096242
1.2141899999999999	4556275748.908509
1.2142	4261279296.081517
1.21421	4386619854.757541
1.21422	4513464178.566424
1.21423	4599705219.296097
1.21424	4672399835.829754
1.21425	4643762498.581738
1.2142600000000001	4612538455.845035
1.2142700000000002	4655217748.70129
1.21428	4656075350.486338
1.2142899999999999	4594201084.53726
1.2143	4500284811.182871
1.21431	4525118951.902742
1.21432	4652860158.194086
1.21433	4660902305.173339
1.21434	4575199119.938539
1.21435	4498937915.246527
1.21436	4588492223.437169
1.2143700000000002	4654467476.718205
1.21438	4652753023.36313
1.2143899999999999	4433635644.59477
1.2144	4193532372.912943
1.21441	4549042559.70953
1.21442	4652753023.36313
1.21443	4611901254.125031
1.21444	4651039201.519696
1.21445	4625940047.661607
1.21446	4573197948.512571
1.2144700000000002	4602247812.816769
1.21448	4564886669.923077
1.21449	4592191601.737821
1.2145	4622107053.110242
1.21451	4640342108.197404
1.21452	4655110559.585431
1.2145299999999999	4661224280.018869
1.21454	4612644664.690693
1.21455	4546215308.100835
1.21456	4634042366.631952
1.2145700000000001	4621681360.922441
1.21458	4658327306.936909
1.21459	4650717930.210164
1.2146	4608928809.808959
1.21461	4621894202.115388
1.21462	4607443306.148624
1.2146299999999999	4607125046.232845
1.21464	4671969511.718793
1.21465	4651574703.021665
1.21466	4586485237.667765
1.2146700000000001	4656611431.8297615
1.21468	4611051788.75983
1.21469	4587118927.792783
1.2147	4654038804.1624975
1.21471	4641945102.393464
1.21472	4521577717.971825
1.2147299999999999	4443140023.029472
1.21474	4625833532.681966
1.21475	4651360495.022612
1.21476	4629989434.800399
1.2147700000000001	4603201647.69495
1.21478	4605003875.197415
1.21479	4605321988.58281
1.2148	4656718655.504879
1.21481	4603307641.550181
1.21482	4620936493.930814
1.2148299999999999	4616257220.930288
1.21484	4642051988.359979
1.21485	4642372661.026778
1.21486	4670033543.61887
1.2148700000000001	4687378244.453015
1.21488	4643120983.398786
1.21489	4566568746.153515
1.2149	4568882613.056965
1.21491	4616469812.326606
1.21492	4633188823.098728
1.2149299999999998	4560684189.53494
1.21494	4520744889.2845125
1.21495	4613600654.359391
1.21496	4606594661.8921585
1.21497	4657254810.915793
1.21498	4674659687.777582
1.21499	4604155680.259353
1.215	4559844157.832813
1.2150100000000001	4614875615.4646845
1.21502	4631695500.194481
1.2150299999999998	4665626832.700922
1.21504	4635749925.456384
1.21505	4637992051.316066
1.21506	4486007548.244515
1.21507	4471775580.269845
1.21508	4581629854.139223
1.21509	4645794548.129073
1.2151	4637351333.294796
1.2151100000000001	4556065929.487446
1.21512	4600128887.313238
1.2151299999999998	4639807899.821246
1.2151399999999999	4598540333.432302
1.21515	4570671404.105217
1.21516	4584690257.672328
1.21517	4659614628.180558
1.21518	4650396681.092521
1.21519	4620723696.840943
1.2152	4529288660.406767
1.2152100000000001	4632335436.779572
1.21522	4660580352.568295
1.21523	4639166930.948564
1.2152399999999999	4628923463.064314
1.21525	4643334811.94555
1.21526	4650075454.1651945
1.21527	4598010937.386311
1.21528	4639807899.821246
1.21529	4647613451.437303
1.2153	4535028283.935069
1.2153100000000001	4452767303.562484
1.2153200000000002	4592826080.280611
1.21533	4623171455.129219
1.2153399999999999	4643655573.229725
1.21535	4665197132.377875
1.21536	4666808712.677843
1.21537	4639914736.576304
1.21538	4601294175.583844
1.21539	4618064559.899716
1.2154	4639807899.821246
1.21541	4625514002.458219
1.2154200000000002	4653931642.192528
1.21543	4634469197.362884
1.2154399999999999	4622213482.283531
1.21545	4576884996.115899
1.21546	4570881896.148751
1.21547	4572460895.493963
1.21548	4618489918.952491
1.21549	4650075454.1651945
1.2155	4675951522.448336
1.21551	4674229155.536151
1.2155200000000002	4609671741.23459
1.21553	4613175745.60379
1.21554	4646329445.783247
1.21555	4644724937.550107
1.21556	4637031007.477048
1.21557	4649111906.509928
1.2155799999999999	4594624245.581509
1.21559	4607231130.428706
1.2156	4604579758.197974
1.21561	4638312443.522645
1.2156200000000001	4643441729.911697
1.21563	4580680489.177994
1.21564	4430472038.58592
1.21565	4525223147.816761
1.21566	4604049666.877534
1.21567	4601294175.583844
1.2156799999999999	4629776220.816793
1.21569	4644190224.611136
1.2157	4638419245.843153
1.21571	4660258422.202161
1.2157200000000001	4665949133.916505
1.21573	4597799196.033025
1.21574	4571723961.264711
1.21575	4660258422.202161
1.21576	4640128417.466547
1.21577	4516791047.386984
1.2157799999999999	4568672213.0817
1.21579	4644511044.987165
1.2158	4657469290.364376
1.21581	4568251442.197925
1.2158200000000001	4232237198.233614
1.21583	4444981932.143772
1.21584	4580785964.458415
1.21585	4607443306.148624
1.21586	4621042896.150672
1.21587	4647399425.856444
1.2158799999999998	4661868296.437454
1.21589	4620936493.930814
1.2159	4596105616.198825
1.21591	4559004280.855974
1.2159200000000001	4563625519.365796
1.21593	4459950103.591374
1.21594	4574040440.300421
1.21595	4665197132.377875
1.21596	4661438942.2724495
1.21597	4657040341.344146
1.2159799999999998	4659721921.007623
1.21599	4649861315.207513
1.216	4647613451.437303
1.21601	4580680489.177994
1.21602	4526056801.505762
1.21603	4542866766.669231
1.21604	4498834324.565388
1.21605	4567410016.684704
1.2160600000000001	4593460646.485927
1.21607	4621894202.115388
1.2160799999999998	4355921053.2680235
1.21609	4105631814.013284
1.2161	4439151837.895508
1.21611	4583740258.561249
1.21612	4579204090.232751
1.21613	4545273281.429733
1.21614	4612963305.901377
1.21615	4606912885.16902
1.2161600000000001	4613069524.529682
1.21617	4566148168.997263
1.2161799999999998	4619978984.19409
1.2161899999999999	4569619089.278085
1.2162	4583529174.381878
1.21621	4632975461.781258
1.21622	4518351361.188199
1.21623	4434758757.389944
1.21624	4561524375.990896
1.21625	4617851895.064268
1.2162600000000001	4626472659.350352
1.21627	4596528952.665
1.21628	4650610844.705262
1.2162899999999999	4671216539.88811
1.2163	4644404102.399432
1.21631	4657683779.6903105
1.21632	4651467597.789067
1.21633	4466938775.391831
1.21634	4259415431.7683277
1.21635	4568461822.795508
1.21636	4660902305.173339
1.2163700000000002	4649326010.955251
1.21638	4637137780.291042
1.2163899999999999	4562259666.108742
1.2164	4425679908.8416
1.21641	4487660558.978883
1.21642	4598328567.69999
1.21643	4606912885.16902
1.21644	4640662662.745768
1.21645	4636390422.21972
1.21646	4648255587.320528
1.2164700000000002	4612538455.845035
1.21648	4555016977.307971
1.21649	4381976054.399496
1.2165	4426087547.797161
1.21651	4609459462.893826
1.21652	4606064338.610711
1.21653	4553758553.470814
1.21654	4603519636.582599
1.21655	4600764462.508307
1.21656	4567094522.07508
1.2165700000000002	4499248701.601929
1.21658	4627324965.60654
1.21659	4634042366.631952
1.2166	4579414975.230032
1.21661	4607549397.672775
1.21662	4569408655.387636
1.2166299999999999	4564466247.684636
1.21664	4500388435.2630825
1.21665	4559004280.855974
1.21666	4641838218.888043
1.2166700000000001	4592403084.8458805
1.21668	4555226748.42189
1.21669	4600234810.414732
1.2167	4566148168.997263
1.21671	4278484864.74847
1.21672	4347904535.91337
1.2167299999999999	4643869426.395847
1.21674	4646757408.248107
1.21675	4644297162.274096
1.21676	4640769519.182678
1.2167700000000001	4581313377.291952
1.21678	4483632411.9849205
1.21679	4588703536.178638
1.2168	4620723696.840943
1.21681	4612644664.690693
1.21682	4656075350.486338
1.2168299999999999	4607337217.067274
1.21684	4625300994.571143
1.21685	4645366674.342843
1.21686	4615938352.191894
1.2168700000000001	4589865930.219977
1.21688	4559949153.333452
1.21689	4558164558.575944
1.2169	4526786374.46529
1.21691	4516999058.091241
1.21692	4582790456.300613
1.2169299999999998	4495520681.873876
1.21694	4566148168.997263
1.21695	4418043625.997713
1.21696	4542657564.7404
1.21697	4653074435.256772
1.21698	4614769355.250058
1.21699	4576252719.763148
1.217	4558164558.575944
1.2170100000000001	4650932108.617334
1.21702	4622639223.483778
1.2170299999999998	4503394571.748591
1.21704	4474041415.755964
1.21705	4115380543.4030504
1.21706	3737661783.175708
1.21707	4489934443.336823
1.21708	4630629135.667544
1.21709	4629563016.651848
1.2171	4599281590.298425
1.2171100000000001	4566148168.997263
1.21712	4588914858.651645
1.2171299999999998	4610202479.857522
1.2171399999999999	4634789346.210927
1.21715	4577095774.3124895
1.21716	4559109257.0175085
1.21717	4623490823.529941
1.21718	4593249114.6764555
1.21719	4587224551.325439
1.2172	4615725785.269655
1.2172100000000001	4643976356.67207
1.21722	4638632857.861917
1.21723	4597587464.430583
1.2172399999999999	4626898792.853369
1.21725	4613706887.663357
1.21726	4575725889.525804
1.21727	4619766231.198156
1.21728	4536281531.692428
1.21729	4572145051.994042
1.2173	4645045794.864073
1.2173100000000001	4636710703.785859
1.2173200000000002	4635536446.198507
1.21733	4646650413.936543
1.2173399999999999	4629776220.816793
1.21735	4584584692.493267
1.21736	4551976381.484213
1.21737	4642372661.026778
1.21738	4652003148.614819
1.21739	4584373569.427172
1.2174	4508478469.317748
1.21741	4549356807.290682
1.2174200000000002	4561524375.990896
1.21743	4498005684.980124
1.2174399999999999	4419264545.233389
1.21745	4599069790.430777
1.21746	4645580606.309879
1.21747	4631375565.054367
1.21748	4595364871.197974
1.21749	4541820853.359435
1.2175	4553653700.512363
1.21751	4623171455.129219
1.2175200000000002	4648469652.330006
1.21753	4672399835.829754
1.21754	4640235261.601864
1.21755	4613813123.413462
1.21756	4603201647.69495
1.21757	4603413637.846058
1.2175799999999999	4637564896.133237
1.21759	4625407497.288519
1.2176	4610733279.587513
1.21761	4599599308.388749
1.2176200000000001	4573197948.512571
1.21763	4611051788.75983
1.21764	4634255777.083338
1.21765	4627964298.338233
1.21766	4655110559.585431
1.21767	4643120983.398786
1.2176799999999999	4618489918.952491
1.21769	4620085364.366218
1.2177	4591240048.264333
1.21771	4627324965.60654
1.2177200000000001	4624875008.224029
1.21773	4624449061.10988
1.21774	4643120983.398786
1.21775	4606806808.300923
1.21776	4600552594.353442
1.21777	4624342580.461079
1.2177799999999999	4408592931.5913105
1.21779	4159489190.410384
1.2178	4528767236.795335
1.21781	4613600654.359391
1.2178200000000001	4668205865.919167
1.21783	4661760954.188837
1.21784	4671646794.6446085
1.21785	4664123054.703096
1.21786	4651896033.517011
1.21787	4629349822.30509
1.2178799999999999	4546634049.288205
1.21789	4582262873.42186
1.2179	4584690257.672328
1.21791	4558269515.401936
1.2179200000000001	4590711492.64635
1.21793	4617639240.022154
1.21794	4635643184.59856
1.21795	4650825018.18083
1.21796	4645152752.227491
1.21797	4604049666.877534
1.2179799999999998	4585957229.436071
1.21799	4648683727.19775
1.218	4620510909.550533
1.21801	4604791811.814858
1.21802	4639701065.526185
1.21803	4628710298.16939
1.21804	4635109517.174852
1.21805	4623065003.898044
1.2180600000000001	4606806808.300923
1.21807	4613281969.123756
1.2180799999999998	4607655491.639802
1.21809	4600552594.353442
1.2181	4563835686.926875
1.21811	4499870338.721505
1.21812	4607018964.479636
1.21813	4640342108.197404
1.21814	4506506481.202942
1.21815	4259709671.925236
1.2181600000000001	4504431636.061326
1.21817	4624129626.518738
1.2181799999999998	4659292764.521997
1.2181899999999999	4546424673.873575
1.2182	4404940028.070775
1.21821	4583212566.338762
1.21822	4567620358.532319
1.21823	4541716275.273524
1.21824	4635109517.174852
1.21825	4645259712.053722
1.2182600000000001	4652003148.614819
1.21827	4641303838.275711
1.21828	4602777696.6791525
1.2182899999999999	4651467597.789067
1.2183	4667023632.109992
1.21831	4663908268.844398
1.21832	4621787780.293693
1.21833	4652753023.36313
1.21834	4682955166.82553
1.21835	4623810213.992593
1.21836	4532314101.452869
1.2183700000000002	4612219843.98094
1.21838	4607973788.198716
1.2183899999999999	4642907164.698962
1.2184	4631695500.194481
1.21841	4525014758.387897
1.21842	4585429281.990074
1.21843	4610520952.3622265
1.21844	4612750875.981929
1.21845	4602353784.708887
1.21846	4633295507.442139
1.2184700000000002	4638098846.259168
1.21848	4648041532.1689005
1.21849	4589865930.219977
1.2185	4623171455.129219
1.21851	4587752705.471355
1.21852	4598858000.316628
1.21853	4594412660.187554
1.21854	4590394388.483383
1.21855	4555331637.601524
1.21856	4563730601.936504
1.2185700000000002	4642372661.026778
1.21858	4636070162.777064
1.21859	4552919797.400484
1.2186	4555331637.601524
1.21861	4576463468.841666
1.21862	4582051857.2770405
1.2186299999999999	4618383575.516428
1.21864	4608822686.523017
1.21865	4630309274.186719
1.21866	4641624459.260348
1.2186700000000001	4646757408.248107
1.21868	4574883087.295307
1.21869	4600658527.211264
1.2187	4642265767.676569
1.21871	4514295665.973725
1.21872	4531374955.267318
1.2187299999999999	4615725785.269655
1.21874	4631695500.194481
1.21875	4648041532.1689005
1.21876	4605109910.550946
1.2187700000000001	4565096895.563603
1.21878	4617213959.316196
1.21879	4627964298.338233
1.2188	4611795062.396818
1.21881	4630842388.930234
1.21882	4585640453.674648
1.2188299999999999	4613813123.413462
1.21884	4624555544.210518
1.21885	4613175745.60379
1.21886	4569619089.278085
1.2188700000000001	4534819442.973397
1.21888	4537848578.431106
1.21889	4504950257.771898
1.2189	4558689366.873957
1.21891	4591768664.738032
1.21892	4631695500.194481
1.2189299999999998	4624023153.225104
1.21894	4564150956.4163475
1.21895	4559424200.005512
1.21896	4605958281.280915
1.21897	4605958281.280915
1.21898	4570671404.105217
1.21899	4623703748.05362
1.219	4665411977.592281
1.21901	4611901254.125031
1.21902	4587541436.51625
1.2190299999999998	4550509234.158773
1.21904	4566779049.258317
1.21905	4609777884.070945
1.21906	4497384305.454188
1.21907	4610202479.857522
1.21908	4624449061.10988
1.21909	4622958555.1179695
1.2191	4620298132.059096
1.2191100000000001	4631375565.054367
1.21912	4639914736.576304
1.2191299999999998	4604049666.877534
1.21914	4471981517.887497
1.21915	4504742801.922626
1.21916	4531166282.5437565
1.21917	4571618694.642203
1.21918	4557534868.36857
1.21919	4587752705.471355
1.2192	4632228774.542331
1.2192100000000001	4600022966.650685
1.21922	4549671076.580055
1.21923	4616469812.326606
1.2192399999999999	4651467597.789067
1.21925	4666701256.673248
1.21926	4661438942.2724495
1.21927	4644511044.987165
1.21928	4626579189.0465975
1.21929	4620936493.930814
1.2193	4641090103.256586
1.2193100000000001	4650503761.666067
1.2193200000000002	4629563016.651848
1.21933	4562574826.726811
1.2193399999999999	4410217416.472579
1.21935	4518975637.62004
1.21936	4544540728.972964
1.21937	4539520691.625371
1.21938	4616257220.930288
1.21939	4587118927.792783
1.2194	4637671681.240613
1.21941	4636176913.466537
1.2194200000000002	4589548884.464395
1.21943	4528245873.211557
1.2194399999999999	4519600000.304815
1.21945	4572460895.493963
1.21946	4558164558.575944
1.21947	4626046565.093873
1.21948	4622958555.1179695
1.21949	4612538455.845035
1.2195	4509205208.756533
1.21951	4561104263.41691
1.2195200000000002	4617639240.022154
1.21953	4651467597.789067
1.21954	4651146296.887992
1.21955	4488280595.026796
1.21956	4447951058.599397
1.21957	4568672213.0817
1.2195799999999999	4623810213.992593
1.21959	4569303442.076421
1.2196	4514919382.051859
1.21961	4443242331.287163
1.2196200000000001	4584373569.427172
1.21963	4567620358.532319
1.21964	4607018964.479636
1.21965	4564886669.923077
1.21966	4562784945.900591
1.21967	4614238090.876432
1.2196799999999999	4578466069.21649
1.21969	4642693355.845608
1.2197	4663371347.469924
1.21971	4635109517.174852
1.2197200000000001	4608079891.937808
1.21973	4564781560.733226
1.21974	4590288691.963369
1.21975	4563940774.3369255
1.21976	4600022966.650685
1.21977	4626259607.316512
1.2197799999999999	4652324508.70714
1.21979	4610202479.857522
1.2198	4540670626.843665
1.21981	4573513864.7465
1.2198200000000001	4592297342.074456
1.21983	4585006967.79427
1.21984	4606806808.300923
1.21985	4616576111.6961355
1.21986	4623916682.383081
1.21987	4661009627.650623
1.2198799999999999	4616150928.903406
1.21989	4618808963.952962
1.2199	4622532784.507547
1.21991	4609247194.328596
1.2199200000000001	4608822686.523017
1.21993	4609884029.351377
1.21994	4627324965.60654
1.21995	4641196969.53579
1.21996	4543389813.642476
1.21997	4513152410.274577
1.2199799999999998	4619553487.999653
1.21999	4579942230.213514
1.22	4524285470.956112
1.22001	4603201647.69495
1.22002	4658756374.49651
1.22003	4660794985.167237
1.22004	4654038804.1624975
1.22005	4647399425.856444
1.2200600000000001	4594624245.581509
1.22007	4508582282.066084
1.2200799999999998	4529497246.660644
1.22009	4647720467.92388
1.2201	4645901522.73339
1.22011	4617213959.316196
1.22012	4527516065.027582
1.22013	4589654563.949515
1.22014	4658541835.7768955
1.22015	4666701256.673248
1.2201600000000001	4657147574.895384
1.22017	4627751177.613461
1.2201799999999998	4637671681.240613
1.2201899999999999	4626792255.79804
1.2202	4618808963.952962
1.22021	4596740635.520051
1.22022	4580891442.167523
1.22023	4487557227.965479
1.22024	4583001506.459957
1.22025	4569829532.859613
1.2202600000000001	4649861315.207513
1.22027	4641624459.260348
1.22028	4629563016.651848
1.2202899999999999	4642907164.698962
1.2203	4605746173.947345
1.22031	4600976340.420305
1.22032	4567935889.466693
1.22033	4658434570.1219845
1.22034	4655324940.285297
1.22035	4604791811.814858
1.2203600000000001	4482806572.43754
1.2203700000000002	4532835933.435713
1.22038	4585851635.084244
1.2203899999999999	4631268924.918735
1.2204	4574145762.686326
1.22041	4526265238.92359
1.22042	4584268011.540044
1.22043	4625514002.458219
1.22044	4572460895.493963
1.22045	4537430646.378242
1.22046	4630096045.474323
1.2204700000000002	4614025602.252337
1.22048	4570776648.915304
1.2204899999999999	4514815423.388083
1.2205	4594835840.719538
1.22051	4611688873.1137495
1.22052	4595893962.586802
1.22053	4481052168.42138
1.22054	4587224551.325439
1.22055	4568567016.7275
1.22056	4641838218.888043
1.2205700000000002	4640876378.080095
1.22058	4582473899.2845545
1.22059	4495210153.032059
1.2206	4511905552.446817
1.22061	4451742134.032426
1.22062	4529392952.332995
1.2206299999999999	4615513228.13628
1.22064	4639166930.948564
1.22065	4649647186.111085
1.22066	4635643184.59856
1.2206700000000001	4596634792.8739805
1.22068	4593143352.424699
1.22069	4600128887.313238
1.2207	4499870338.721505
1.22071	4607655491.639802
1.22072	4645580606.309879
1.2207299999999999	4602883680.772438
1.22074	4577728167.145595
1.22075	4586907688.023526
1.22076	4546319989.781999
1.2207700000000001	4431186203.860272
1.22078	4551347546.146026
1.22079	4492933596.841417
1.2208	4599069790.430777
1.22081	4569724309.857448
1.22082	4582051857.2770405
1.2208299999999999	4564045864.166731
1.22084	4527307570.008391
1.22085	4568461822.795508
1.22086	4600022966.650685
1.2208700000000001	4610202479.857522
1.22088	4536281531.692428
1.22089	4599811132.642161
1.2209	4613281969.123756
1.22091	4600446663.934787
1.22092	4626685721.195807
1.2209299999999998	4644831887.525428
1.22094	4630842388.930234
1.22095	4616363515.404682
1.22096	4544854665.567944
1.22097	4575199119.938539
1.22098	4634149070.629156
1.22099	4646971404.2623005
1.221	4651360495.022612
1.22101	4630096045.474323
1.22102	4627005332.361814
1.2210299999999998	4641410709.476421
1.22104	4629030049.193049
1.22105	4636710703.785859
1.22106	4648790768.328621
1.22107	4532522827.036663
1.22108	4328426028.952967
1.22109	4514191721.67136
1.2211	4645687575.987927
1.2211100000000001	4643441729.911697
1.22112	4615088143.234236
1.2211299999999998	4594941641.942745
1.22114	4560369159.512968
1.22115	4500284811.182871
1.22116	4513152410.274577
1.22117	4603413637.846058
1.22118	4612750875.981929
1.22119	4638312443.522645
1.2212	4604897842.285411
1.2212100000000001	4585746043.163789
1.22122	4536908285.43999
1.22123	4602989667.306144
1.2212399999999999	4469099254.085223
1.22125	4592403084.8458805
1.22126	4617851895.064268
1.22127	4583529174.381878
1.22128	4628390569.232605
1.22129	4614663097.482155
1.2213	4598858000.316628
1.2213100000000001	4573935120.339644
1.2213200000000002	4549671076.580055
1.22133	4596846480.603266
1.2213399999999999	4614663097.482155
1.22135	4591451487.550727
1.22136	4532001031.09947
1.22137	4545273281.429733
1.22138	4552290831.733593
1.22139	4521057182.064326
1.2214	4534297382.643743
1.22141	4628816879.389767
1.2214200000000002	4633828966.008255
1.22143	4593460646.485927
1.2214399999999999	4578149810.90821
1.22145	4591557210.845426
1.22146	4635002791.062804
1.22147	4618170895.990088
1.22148	4566673896.495305
1.22149	4606382525.252872
1.2215	4501632110.354089
1.22151	4460360899.093862
1.2215200000000002	4622213482.283531
1.22153	4612219843.98094
1.22154	4522098313.811664
1.22155	4552081195.82052
1.22156	4609034935.538489
1.22157	4612432249.444897
1.2215799999999999	4566358452.733325
1.22159	4526265238.92359
1.2216	4601717989.956008
1.22161	4618808963.952962
1.2216200000000002	4557744755.438327
1.22163	4592297342.074456
1.22164	4622745664.910884
1.22165	4627751177.613461
1.22166	4569513871.121506
1.22167	4479917331.714015
1.2216799999999999	4468687653.787561
1.22169	4500077570.180388
1.2217	4538684558.02457
1.22171	4634682627.471003
1.2217200000000001	4620404519.579978
1.22173	4629563016.651848
1.22174	4621042896.150672
1.22175	4536490439.987324
1.22176	4520224449.25446
1.22177	4581207889.867541
1.2217799999999999	4616469812.326606
1.22179	4624662029.763048
1.2218	4610308634.914726
1.22181	4543808294.580204
1.2218200000000001	4585957229.436071
1.22183	4624875008.224029
1.22184	4593354879.363506
1.22185	4611795062.396818
1.22186	4615194410.789292
1.22187	4607125046.232845
1.2218799999999999	4600976340.420305
1.22189	4515439211.278317
1.2219	4570250449.097623
1.22191	4582895980.165382
1.2219200000000001	4521681832.344978
1.22193	4495624196.254693
1.22194	4474762604.150167
1.22195	4581629854.139223
1.22196	4556275748.908509
1.22197	4605003875.197415
1.2219799999999998	4626898792.853369
1.22199	4551871569.561298
1.222	4525535749.954417
1.22201	4558794335.784245
1.22202	4542343779.910528
1.22203	4613813123.413462
1.22204	4656289775.617491
1.22205	4642479556.838307
1.2220600000000001	4610202479.857522
1.22207	4607337217.067274
1.2220799999999998	4616363515.404682
1.22209	4528871516.715183
1.2221	4475071720.476561
1.22211	4595259060.229684
1.22212	4609141063.711682
1.22213	4649968383.45368
1.22214	4638632857.861917
1.22215	4625194494.306075
1.2221600000000001	4575620530.756571
1.22217	4506506481.202942
1.2221799999999998	4497073647.882261
1.2221899999999999	4564676453.963557
1.2222	4587752705.471355
1.22221	4506817790.394398
1.22222	4564361148.175254
1.22223	4501010229.85356
1.22224	4433125232.809849
1.22225	4603307641.550181
1.2222600000000001	4609565600.842236
1.22227	4562154617.407192
1.22228	4595364871.197974
1.2222899999999999	4556590496.157947
1.2223	4561314314.8671875
1.22231	4607443306.148624
1.22232	4603307641.550181
1.22233	4642372661.026778
1.22234	4642265767.676569
1.22235	4615406953.240267
1.2223600000000001	4572776760.812334
1.2223700000000002	4516583046.261736
1.22238	4536594897.742546
1.2223899999999999	4601506077.890592
1.2224	4575304469.004317
1.22241	4461798981.345069
1.22242	4536594897.742546
1.22243	4481568098.3163185
1.22244	4579520421.370583
1.22245	4623597284.566089
1.22246	4575725889.525804
1.2224700000000002	4556800339.736754
1.22248	4631588852.692173
1.2224899999999999	4595788139.435872
1.2225	4541611699.595565
1.22251	4513360253.409562
1.22252	4604579758.197974
1.22253	4595470684.602699
1.22254	4495624196.254693
1.22255	4286570787.827466
1.22256	4445391348.96325
1.2225700000000002	4585218120.030109
1.22258	4635856668.772054
1.22259	4627218418.738334
1.2226	4587752705.471355
1.22261	4565307130.88562
1.22262	4602035876.352671
1.2226299999999999	4581207889.867541
1.22264	4586590846.609017
1.22265	4446926997.9230585
1.22266	4392178684.943872
1.2226700000000001	4565937894.944921
1.22268	4608185998.120057
1.22269	4446722214.082124
1.2227	4422420148.462155
1.22271	4524910567.272149
1.22272	4563520439.214676
1.2227299999999999	4559214235.596236
1.22274	4587541436.51625
1.22275	4613600654.359391
1.22276	4600022966.650685
1.2227700000000001	4580364077.908266
1.22278	4536281531.692428
1.22279	4566463598.232874
1.2228	4439151837.895508
1.22281	4435371484.278986
1.22282	4622745664.910884
1.2228299999999999	4650289602.984549
1.22284	4629669617.507019
1.22285	4608185998.120057
1.22286	4605534076.381473
1.2228700000000001	4504742801.922626
1.22288	4469613807.770842
1.22289	4596423114.893033
1.2229	4631055652.013808
1.22291	4594730041.932484
1.22292	4502461418.0131035
1.2229299999999999	4572776760.812334
1.22294	4559634174.08421
1.22295	4534401789.901372
1.22296	4566148168.997263
1.2229700000000001	4583423635.93744
1.22298	4548204672.277348
1.22299	4616682413.513326
1.223	4644511044.987165
1.22301	4613706887.663357
1.22302	4593354879.363506
1.2230299999999998	4594412660.187554
1.22304	4560684189.53494
1.22305	4405548635.065534
1.22306	4574461744.3952
1.22307	4645045794.864073
1.22308	4633188823.098728
1.22309	4461182603.614577
1.2231	4290619478.168236
1.2231100000000001	4561944527.260463
1.22312	4600764462.508307
1.2231299999999998	4616044639.323959
1.22314	4624129626.518738
1.22315	4635429710.256168
1.22316	4624236102.264037
1.22317	4638098846.259168
1.22318	4619659858.374257
1.22319	4630522512.718905
1.2232	4642051988.359979
1.2232100000000001	4602035876.352671
1.22322	4618170895.990088
1.2232299999999998	4603201647.69495
1.2232399999999999	4580258612.342029
1.22325	4472805363.202469
1.22326	4574883087.295307
1.22327	4614981878.126052
1.22328	4600658527.211264
1.22329	4618489918.952491
1.2233	4606912885.16902
1.2233100000000001	4591874395.336071
1.22332	4603519636.582599
1.22333	4600764462.508307
1.2233399999999999	4531896679.120718
1.22335	4547785786.436915
1.22336	4621149300.82056
1.22337	4612750875.981929
1.22338	4590394388.483383
1.22339	4566989362.04814
1.2234	4558689366.873957
1.22341	4576674227.62578
1.2234200000000002	4620723696.840943
1.22343	4612113644.9170265
1.2234399999999999	4612538455.845035
1.22345	4591345766.690387
1.22346	4619234391.571041
1.22347	4634042366.631952
1.22348	4605958281.280915
1.22349	4462107202.145193
1.2235	4471260777.715315
1.22351	4611370319.934742
1.2235200000000002	4567620358.532319
1.22353	4568251442.197925
1.22354	4554387721.924964
1.22355	4604897842.285411
1.22356	4581102404.87204
1.22357	4573619175.007396
1.22358	4550090136.070123
1.22359	4537430646.378242
1.2236	4463443071.670695
1.22361	4514295665.973725
1.2236200000000002	4577095774.3124895
1.22363	4440787583.168027
1.22364	4529392952.332995
1.22365	4567410016.684704
1.22366	4528871516.715183
1.22367	4631908802.566203
1.2236799999999999	4568567016.7275
1.22369	4545377941.419681
1.2237	4569934758.284656
1.22371	4555331637.601524
1.2237200000000001	4606912885.16902
1.22373	4544750017.626728
1.22374	4432104585.513079
1.22375	4572776760.812334
1.22376	4584268011.540044
1.22377	4551871569.561298
1.2237799999999999	4615088143.234236
1.22379	4583740258.561249
1.2238	4531374955.267318
1.22381	4585957229.436071
1.2238200000000001	4596634792.8739805
1.22383	4577622762.272747
1.22384	4463751406.04446
1.22385	4503601965.508159
1.22386	4558794335.784245
1.22387	4478473409.738025
1.2238799999999999	4568251442.197925
1.22389	4530540322.028414
1.2239	4255690148.5228553
1.22391	4449590046.221832
1.2239200000000001	4638846479.7181225
1.22393	4632015457.435713
1.22394	4607549397.672775
1.22395	4535550428.417688
1.22396	4512736752.718114
1.22397	4607443306.148624
1.2239799999999998	4548833073.38145
1.22399	4615513228.13628
1.224	4570355684.214732
1.22401	4605746173.947345
1.22402	4614769355.250058
1.22403	4493554361.436758
1.22404	4338404081.452292
1.22405	4427004872.732429
1.22406	4615194410.789292
1.22407	4625727020.154877
1.2240799999999998	4601929911.780579
1.22409	4506506481.202942
1.2241	4547262233.3877325
1.22411	4566673896.495305
1.22412	4537535125.782765
1.22413	4581102404.87204
1.22414	4618064559.899716
1.22415	4629243228.813372
1.2241600000000001	4626046565.093873
1.22417	4619021672.864095
1.2241799999999998	4534819442.973397
1.22419	4515751137.542238
1.2242	4613494423.501511
1.22421	4599387493.889959
1.22422	4616044639.323959
1.22423	4580891442.167523
1.22424	4513775968.3952055
1.22425	4469716725.616971
1.2242600000000001	4543285199.430334
1.22427	4582157364.134744
1.22428	4623065003.898044
1.2242899999999999	4629563016.651848
1.2243	4615513228.13628
1.22431	4614450589.286234
1.22432	4356121655.464687
1.22433	4170518000.4358463
1.22434	4618915317.184087
1.22435	4628390569.232605
1.2243600000000001	4560579177.109662
1.2243700000000002	4482496921.824956
