2.5775200000000003	231004265.91195175
2.57754	198093397.20738834
2.57756	338602375.0154584
2.5775799999999998	431131743.10469997
2.5776	380504677.6128028
2.57762	473870856.4948973
2.57764	511387372.5599801
2.57766	503604961.36981267
2.57768	446426534.4000858
2.5777	323496808.174531
2.5777200000000002	210072885.10207358
2.5777400000000004	280704904.0275801
2.57776	481094065.8008879
2.5777799999999997	501972586.15477806
2.5778	474274745.8675156
2.57782	378407730.4720495
2.57784	406668000.1225863
2.57786	425980775.6494397
2.57788	343747857.5072641
2.5779	324078335.7987247
2.57792	266636745.62443364
2.5779400000000003	329617301.80893415
2.57796	362952673.706415
2.5779799999999997	431588635.0909041
2.578	466251240.18363607
2.57802	316920257.41090035
2.57804	295685481.03227276
2.57806	418090211.7037091
2.57808	301474094.9178866
2.5781	344865698.39796776
2.57812	516178605.49667215
2.5781400000000003	511199005.1901329
2.57816	355729596.710715
2.57818	301369987.4341151
2.5782	433930323.36268044
2.57822	515371027.18731475
2.57824	487910315.3288125
2.5782599999999998	341130067.3533069
2.57828	253221163.52808258
2.5783	344231017.0475888
2.57832	264082729.42944002
2.5783400000000003	239612792.19947085
2.57836	265491120.23290098
2.57838	368112021.0671414
2.5784	339609632.6287368
2.57842	271950586.6441306
2.57844	408789752.1111192
2.5784599999999998	493628243.0594494
2.57848	512247679.84392184
2.5785	477485293.61159813
2.57852	411111854.5596161
2.5785400000000003	455774475.5438327
2.57856	500633607.02757883
2.57858	492992145.4758406
2.5786	369674930.58702546
2.57862	357174133.65573573
2.57864	437995854.443585
2.5786599999999997	401994397.0667348
2.57868	323593656.929628
2.5787	374343244.38067156
2.57872	500806549.6140749
2.5787400000000003	470771323.0420918
2.57876	349309180.6120762
2.57878	370390637.2204971
2.5788	493844248.3026475
2.57882	484473470.15235907
2.57884	414295293.85253567
2.5788599999999997	369640883.83558476
2.57888	230001146.03619036
2.5789	267196029.32213965
2.57892	346258146.54379225
2.5789400000000002	455952918.5836153
2.57896	523721013.92319214
2.57898	464076951.9182678
2.579	322195892.84526426
2.57902	239237910.14979994
2.57904	354005492.26728433
2.5790599999999997	520714894.03399104
2.57908	560931720.6153005
2.5791	550452692.0121573
2.57912	572545492.5895598
2.57914	556173125.8096411
2.57916	430734838.9039805
2.57918	409411464.7066867
2.5792	446663022.08499783
2.5792200000000003	483637536.12083274
2.57924	495142266.1523839
2.5792599999999997	446107988.2271606
2.57928	481947797.625127
2.5793	337870286.4441986
2.57932	223038584.39486027
2.57934	293062331.24375516
2.57936	445522867.3749339
2.57938	368196791.7515785
2.5794	442965599.0639338
2.5794200000000003	519601026.05237603
2.57944	536265675.28520924
2.5794599999999996	509448162.32744396
2.5794799999999998	475028864.76707083
2.5795	449945590.44327056
2.57952	292752087.13694406
2.57954	243058044.77590314
2.57956	385114614.7351287
2.57958	457772816.71455944
2.5796	330453229.07264304
2.5796200000000002	389861186.3345577
2.57964	517404259.8587117
2.57966	465318157.7488596
2.5796799999999998	504266363.47902095
2.5797	553095340.7403121
2.57972	527351274.56243896
2.57974	343115233.4005291
2.57976	350970003.48068726
2.57978	481415423.48922294
2.5798	395913216.7281659
2.5798200000000002	445953934.592279
2.5798400000000004	533457714.5251349
2.57986	468629905.99764
2.5798799999999997	454276216.4500553
2.5799	546223021.1598772
2.57992	561332257.3857458
2.57994	532733490.82368237
2.57996	456131431.4867188
2.57998	398474009.71777546
2.58	463916693.0948563
2.58002	504243141.6894984
2.5800400000000003	501302649.5398061
2.58006	479998632.40390986
2.5800799999999997	454213460.20655733
2.5801	531789796.2219115
2.58012	498333404.5434887
2.58014	431697963.58723944
2.58016	462860371.94031084
2.58018	479810778.7647146
2.5802	506675611.1357463
2.58022	417820745.85765
2.5802400000000003	476529729.09630036
2.58026	516856521.01496863
2.58028	507200881.891022
2.5803	526283797.7868161
2.58032	528457419.816862
2.58034	547053750.7231559
2.5803599999999998	538356548.3470073
2.58038	480352438.7975953
2.5804	560234693.8154905
2.58042	561577889.0173965
2.5804400000000003	533838633.31131417
2.58046	505708204.97860026
2.58048	501510465.1644374
2.5805	335235498.21355855
2.58052	342909881.3503193
2.58054	432314696.9108832
2.5805599999999997	407361517.68098694
2.58058	467498261.29822403
2.5806	500968016.59546524
2.58062	560905889.3497291
2.5806400000000003	546348808.1396797
2.58066	460182394.96483636
2.58068	324593635.42218626
2.5807	309649226.86746657
2.58072	454171627.5273524
2.58074	541452047.0803537
2.5807599999999997	539622438.3211924
2.58078	445840995.7386893
2.5808	423974757.06133986
2.58082	515181192.45518064
2.5808400000000002	571755037.9122573
2.58086	556378065.3103515
2.58088	428903904.66803354
2.5809	277875335.45899874
2.58092	358401649.6797253
2.58094	521951319.71001774
2.5809599999999997	549730711.333128
2.58098	542000890.4016237
2.581	510540265.62951094
2.58102	409675507.1407144
2.5810400000000002	223712370.65252444
2.58106	202259998.64726028
2.58108	355017695.03708196
2.5811	467390628.23766726
2.58112	349076007.37890047
2.58114	407211467.79360235
2.5811599999999997	461965985.83742565
2.58118	453607263.3017874
2.5812	390759909.1863924
2.58122	410137991.2250452
2.58124	507224239.8926508
2.58126	507703316.0545325
2.58128	456572763.05758137
2.5813	385691439.7499127
2.5813200000000003	281436227.06555915
2.58134	284603344.91604406
2.5813599999999997	489812653.25926423
2.58138	513144879.9916027
2.5814	398244695.6473213
2.58142	370109301.65413195
2.58144	303012120.04594105
2.58146	198326158.56936404
2.58148	205953890.3776143
2.5815	346792742.33397716
2.5815200000000003	434080223.47211766
2.58154	475214846.21000344
2.5815599999999996	464986131.5207513
2.5815799999999998	470457070.57587314
2.5816	477298423.5998693
2.58162	501995703.3789463
2.58164	500691247.91962117
2.58166	479490492.21970844
2.58168	445410037.69010264
2.5817	313675067.4125325
2.5817200000000002	326557753.7065657
2.58174	419304960.2447536
2.58176	322804811.95758384
2.5817799999999997	331558373.1298343
2.5818	445092216.8350333
2.58182	511740748.47988695
2.58184	503118167.6171409
2.58186	476595568.6592681
2.58188	363755861.3344413
2.5819	309364160.68790936
2.58192	346744834.45548135
2.5819400000000003	288748674.98060316
2.58196	375802789.97833693
2.5819799999999997	492708438.04995084
2.582	444795105.8599397
2.58202	523528103.508859
2.58204	505091430.2295568
2.58206	383477599.4087709
2.58208	422425376.66910654
2.5821	496878265.2628507
2.58212	315863904.84234667
2.5821400000000003	310985399.6797875
2.58216	506197504.7310288
2.58218	449003782.9088265
2.5822	381021954.0949212
2.58222	452397295.5181686
2.58224	541202756.6035757
2.5822599999999998	575890613.5299387
2.58228	545845833.9549278
2.5823	522167695.26604825
2.58232	531814286.61096597
2.5823400000000003	484094334.50766796
2.58236	526623214.8938982
2.58238	418706786.40611273
2.5824	290730101.55937195
2.58242	374826251.73763496
2.58244	485657388.2566201
2.5824599999999998	376695125.1582494
2.58248	297474675.878825
2.5825	420358661.02254903
2.58252	368637914.0973968
2.5825400000000003	418330953.06024194
2.58256	454297137.12464917
2.58258	468198480.61259687
2.5826	404017335.37300104
2.58262	338088189.7041433
2.58264	368858673.41511416
2.5826599999999997	466304922.4315371
2.58268	512885002.674752
2.5827	464290716.4698962
2.58272	323556403.9775899
2.5827400000000003	385833559.9053508
2.58276	483370341.976643
2.58278	456331028.61709756
2.5828	424756467.18626165
2.58282	238709663.18524894
2.58284	214990861.50602448
2.5828599999999997	338462065.1536431
2.58288	379577097.0025315
2.5829	404482745.3799991
2.58292	321847396.22726184
2.5829400000000002	296237476.828744
2.58296	382481117.8757406
2.58298	230605679.94347173
2.583	215312875.0108913
2.58302	246127420.40622196
2.58304	339703483.20337975
2.5830599999999997	451169777.6301745
2.58308	461859626.483723
2.5831	411339106.15245503
2.58312	396141188.30510396
2.58314	399089222.7610483
2.58316	314818322.16436493
2.58318	282279929.3075046
2.5832	310070179.0191459
2.5832200000000003	400709833.2808605
2.58324	501984144.6337888
2.5832599999999997	509999793.204996
2.58328	489857768.749428
2.5833	381733258.94590306
2.58332	394829869.22692806
2.58334	399714589.3082504
2.58336	361326654.5234518
2.58338	503419460.6181236
2.5834	535303397.74414295
2.5834200000000003	478608051.0998478
2.58344	365106865.8898869
2.5834599999999996	276726021.9679064
2.5834799999999998	296019281.38538533
2.5835	431876924.5044383
2.58352	481570638.50245607
2.58354	434080223.47211766
2.58356	442343856.5578137
2.58358	507399459.1962475
2.5836	512601650.24835306
2.5836200000000002	440838991.3058722
2.58364	455847943.63042367
2.58366	409392611.0461017
2.5836799999999998	526853658.30390626
2.5837	508979159.2468068
2.58372	453837104.76308197
2.58374	351868184.3191197
2.58376	401383947.674012
2.58378	408037426.68966913
2.5838	321284667.1761022
2.5838200000000002	397758986.1615016
2.5838400000000004	450775184.7006064
2.58386	422892516.5526987
2.5838799999999997	256306724.1777332
2.5839	155270874.85812005
2.58392	197487676.39049983
2.58394	342121210.50859684
2.58396	444723419.13674796
2.58398	436545986.7270976
2.584	309699140.44848746
2.58402	270595144.84488887
2.5840400000000003	463457591.1188341
2.58406	520295416.4627402
2.5840799999999997	451086676.7399352
2.5841	356410097.83517736
2.58412	399116791.8200926
2.58414	521266721.78962797
2.58416	452105718.20643264
2.58418	495826803.2255344
2.5842	541227680.485459
2.58422	493253300.5868828
2.5842400000000003	322099462.4287489
2.58426	353451639.0972675
2.58428	506232472.82362586
2.5843	526465601.1654599
2.58432	494310686.98683625
2.58434	534712085.3961566
2.5843599999999998	558174510.256774
2.58438	507235919.2968497
2.5844	423399167.73247474
2.58442	513866137.85233426
2.5844400000000003	544628043.6471705
2.58446	527399847.64662135
2.58448	476672392.98003423
2.5845	385096879.96007115
2.58452	199494074.25968316
2.58454	208113378.69801685
2.5845599999999997	406106555.4392072
2.58458	439754204.04554087
2.5846	338158259.87862265
2.58462	312607936.7123949
2.5846400000000003	410005799.6654988
2.58466	519577098.091805
2.58468	546046968.0397758
2.5847	434430191.80185634
2.58472	357207032.1241735
2.58474	483916020.41263735
2.5847599999999997	507352728.13108987
2.58478	531275758.49315035
2.5848	492436232.52492946
2.58482	400525342.0670459
2.5848400000000002	281306650.73168904
2.58486	288137643.4839699
2.58488	299778167.1582387
2.5849	367510710.1541508
2.58492	293954423.5360606
2.58494	336573562.8069824
2.5849599999999997	437612783.4226239
2.58498	461253845.5845034
2.585	452230656.8930199
2.58502	260849494.83615667
2.5850400000000002	241618397.72052044
2.58506	302740134.8223583
2.58508	268305762.33200404
2.5851	236739104.22896016
2.58512	346768787.5673888
2.58514	479512574.08134973
2.5851599999999997	529419581.01742846
2.58518	473140364.3765525
2.5852	425089130.2759612
2.58522	498620350.8925232
2.58524	547116736.2393979
2.58526	539696995.0662123
2.58528	534749023.2742359
2.5853	511316726.66369057
2.5853200000000003	503512202.4513418
2.58534	541053237.4134105
2.5853599999999997	494937089.3784774
2.58538	441560279.9350737
2.5854	460171798.99560076
2.58542	370211580.763155
2.58544	308467916.4302018
2.58546	268831403.8777277
2.58548	432254974.5538576
2.5855	522853476.4665949
2.5855200000000003	543400457.8460075
2.58554	507457879.08064866
2.5855599999999996	433740524.1995817
2.5855799999999998	361534710.74320155
2.5856	336163069.02283853
2.58562	468543589.1291064
2.58564	423662475.97833776
2.58566	489925449.77632
2.58568	502111305.46995264
2.5857	411121320.86887884
2.5857200000000002	497095692.67312956
2.58574	577976259.4374398
2.58576	593225758.0916853
2.5857799999999997	578988582.9788175
2.5858	578229174.2660339
2.58582	538108683.071887
2.58584	517821406.4939004
2.58586	454108885.7323482
2.58588	328110402.8076494
2.5859	400553010.3331239
2.58592	531239060.53141356
2.5859400000000003	525496708.3465222
2.58596	531581673.44454676
2.5859799999999997	465339586.93535274
2.586	500783487.1512003
2.58602	531581673.44454676
2.58604	436958306.8793252
2.58606	386189089.4489899
2.58608	409977478.4464192
2.5861	446755594.8421779
2.58612	372709102.96834785
2.5861400000000003	432982157.35711527
2.58616	549629456.5200404
2.58618	504521873.7568328
2.5862	451741510.8238616
2.58622	336666574.36862314
2.58624	377407042.55483955
2.58626	519349837.4163608
2.58628	458289598.01653826
2.5863	499735267.83014965
2.58632	527630630.9009332
2.5863400000000003	563404095.9709784
2.58636	522805322.0993898
2.58638	430913400.55666745
2.5864	533101617.2137489
2.58642	560286295.7139919
2.58644	557211408.8747572
2.5864599999999998	544878911.8901898
2.58648	500046048.8301976
2.5865	495552874.9043027
2.58652	521374756.4718747
2.5865400000000003	495039667.13559866
2.58656	302419645.5178298
2.58658	282007072.3727402
2.5866	486620051.1034403
2.58662	546764110.7291687
2.58664	582545698.7831639
2.5866599999999997	534170622.8966102
2.58668	527351274.56243896
2.5867	558457335.6334246
2.58672	490128548.9689186
2.5867400000000003	473129470.04248
2.58676	443037002.4371701
2.58678	481559550.056383
2.5868	415977652.7668683
2.58682	234180106.94615775
2.58684	257489782.26348048
2.5868599999999997	458764706.9777641
2.58688	509201881.8495381
2.5869	529456153.28962976
2.58692	504301198.1684987
2.5869400000000002	537353398.5940741
2.58696	485758042.75733507
2.58698	426962762.7539194
2.587	445184464.03633404
2.58702	377937512.22676265
2.58704	457130290.93174654
2.5870599999999997	420058715.49420947
2.58708	344278577.6053851
2.5871	416629483.2187765
2.58712	422814624.04672086
2.58714	443281901.3944096
2.58716	416840588.1480592
2.58718	260129735.8878331
2.5872	222075168.34507573
2.58722	274302647.92594945
2.58724	197056152.96106896
2.5872599999999997	174441575.32862017
2.58728	205413981.2561204
2.5873	188816524.75339347
2.58732	315210009.4519276
2.58734	443292108.45490336
2.58736	377007508.7412487
2.58738	324720719.05259156
2.5874	389547121.9099708
2.5874200000000003	442771847.9120614
2.58744	469191353.376013
2.5874599999999996	514766172.7239586
2.58748	440818690.38752484
2.5875	415824429.16266656
2.58752	384202335.0264843
2.58754	354731699.8366906
2.58756	307850596.9043617
2.58758	362001191.51374704
2.5876	450858228.2066083
2.5876200000000003	505137953.0118913
2.58764	531508237.79520017
2.58766	522684955.58350873
2.5876799999999998	396825890.950911
2.5877	338594578.49740815
2.58772	371483903.15392286
2.58774	230786286.9593009
2.58776	284813125.68685967
2.58778	419700996.1500064
2.5878	298304634.03937334
2.5878200000000002	332966085.20688
2.5878400000000004	446436813.8692658
2.58786	535500647.13641185
2.5878799999999997	541240142.8568263
2.5879	486586437.7421506
2.58792	515750906.52910984
2.58794	577763364.3335203
2.58796	589291260.0565228
2.58798	578002876.8407042
2.588	576660228.8682534
2.58802	550959911.2245919
2.5880400000000003	510575533.71976256
2.58806	501210314.6837884
2.5880799999999997	516404478.48263204
2.5881	450391307.4055849
2.58812	264831719.30173478
2.58814	248977441.6129231
2.58816	399815843.5847998
2.58818	396734528.9316542
2.5882	251982279.29051718
2.58822	284446110.7447919
2.5882400000000003	395220988.4504088
2.58826	477551265.1998002
2.58828	418350218.3561667
2.5883	257982353.27243805
2.58832	224672542.49261215
2.58834	325964271.3125886
2.5883599999999998	310384481.91595334
2.58838	264082729.42944002
2.5884	408865060.90225315
2.58842	434960681.04892933
2.5884400000000003	291796447.3417678
2.58846	260309489.22091666
2.58848	392699185.04945266
2.5885	504475407.71488154
2.58852	515917191.7785556
2.58854	514422552.5173174
2.5885599999999998	519972050.3843
2.58858	474930433.47206444
2.5886	438914572.30626726
2.58862	423584441.6536529
2.5886400000000003	504579962.3278955
2.58866	560725103.7949688
2.58868	532365618.63851005
2.5887	525351528.29836303
2.58872	343684542.643563
2.58874	269308462.19367933
2.5887599999999997	375361736.86733735
2.58878	341562355.5794696
2.5888	424013808.37790865
2.58882	478222493.9645367
2.5888400000000003	439541615.4378251
2.58886	472389243.51341563
2.58888	546499790.7522825
2.5889	532929793.2528286
2.58892	534416674.21035147
2.58894	543112752.103866
2.5889599999999997	531226828.44082576
2.58898	440899899.67056304
2.589	333971955.8865622
2.58902	425196812.3408806
2.5890400000000002	269482147.7594043
2.58906	220846235.11244836
2.58908	332032044.80468565
2.5891	447064309.287964
2.58912	496352255.819926
2.58914	487034806.86326367
2.5891599999999997	482291935.43600595
2.58918	509389513.316406
2.5892	426442027.9739514
2.58922	272433180.1470292
2.58924	233507051.48630747
2.58926	367993374.8963556
2.58928	345302720.50564045
2.5893	255170227.01700878
2.5893200000000003	373964175.28100735
2.58934	498723692.0208145
2.5893599999999997	503152922.98931897
2.58938	476222598.0441286
2.5894	472454511.0076423
2.58942	423077568.7699674
2.58944	223501272.4372704
2.58946	178315871.30134937
2.58948	301023222.0663379
2.5895	431320400.6994165
2.5895200000000003	460298966.7306144
2.58954	396615789.7524144
2.5895599999999996	394702611.6275705
2.5895799999999998	452157771.79718244
2.5896	413999674.8197312
2.58962	501660607.8026087
2.58964	438581188.39377874
2.58966	317833741.21462214
2.58968	232621579.36104792
2.5897	359161684.68851924
2.5897200000000002	386829868.3966414
2.58974	430834030.68532723
2.58976	477210510.07844657
2.5897799999999997	389421566.99268967
2.5898	343131034.80480003
2.58982	423311434.688284
2.58984	357651458.14280266
2.58986	430130263.3821357
2.58988	473053216.7274028
2.5899	400110547.3447864
2.58992	334010408.0423588
2.5899400000000004	471606736.50692254
2.58996	444549370.90602326
2.5899799999999997	376331004.7709335
2.59	291534529.3631759
2.59002	414925379.6145742
2.59004	454475001.76267284
2.59006	424091921.80215037
2.59008	528944371.30274475
2.5901	485344374.2817457
2.59012	562211856.2213315
2.5901400000000003	604310304.8369285
2.59016	588572545.2612013
2.59018	542150671.4741671
2.5902	510434475.974974
2.59022	503037081.08462393
2.59024	400848257.4578019
2.59026	344976887.88490295
2.59028	439116746.4852787
2.5903	416428073.7019237
2.59032	393223984.9143163
2.5903400000000003	475346171.0668686
2.59036	430288758.4214107
2.59038	414342994.10671633
2.5904	312442425.0770404
2.59042	234266397.98031002
2.59044	293859679.0975687
2.5904599999999998	382296216.5659192
2.59048	487057236.1614355
2.5905	491631838.03731996
2.59052	365367572.7095536
2.5905400000000003	283237009.2851322
2.59056	403849918.8966854
2.59058	407183339.5934651
2.5906	384405860.385635
2.59062	425716026.5692937
2.59064	349606903.6390857
2.5906599999999997	427612113.9817121
2.59068	512672473.67565924
2.5907	521338742.42350596
2.59072	478641113.31467736
2.5907400000000003	452939295.23329955
2.59076	525472508.8859973
2.59078	433630678.42009926
2.5908	377380973.1003511
2.59082	444221935.47105575
2.59084	373035359.56322825
2.5908599999999997	369743033.49809706
2.59088	430635669.9597562
2.5909	410100217.8596128
2.59092	424942335.04387426
2.5909400000000002	372709102.96834785
2.59096	390076691.12868774
2.59098	465897092.30962425
2.591	501949469.99517083
2.59102	458036407.7908266
2.59104	420000686.246632
2.5910599999999997	314883569.562633
2.59108	431300538.1182727
2.5911	309235966.54091096
2.59112	225195651.45442778
2.59114	334626244.98417515
2.59116	479258694.0578784
2.59118	509976307.3873546
2.5912	476266461.78630596
2.59122	491292348.0640512
2.59124	521146709.5087763
2.5912599999999997	514008143.9313521
2.59128	358814512.4449618
2.5913	303787570.01984024
2.59132	451928780.8180076
2.59134	528566944.8009907
2.59136	494652262.6750652
2.59138	389807328.74163514
2.5914	298723920.2304332
2.5914200000000003	351083161.0802919
2.59144	358649310.29758084
2.5914599999999997	304887767.32689
2.59148	392337662.24660164
2.5915	403812724.6574471
2.59152	510646077.20938885
2.59154	508334984.9275028
2.59156	534010750.29488146
2.59158	493605511.1621945
2.5916	512283065.8822449
2.5916200000000003	500276381.577773
2.59164	536562108.5491538
2.59166	557545095.6870558
2.5916799999999998	543863608.6538528
2.5917	482947586.44477034
2.59172	410497011.767829
2.59174	383830958.03300893
2.59176	443261487.9784873
2.59178	512436433.6309654
2.5918	527545593.7445311
2.5918200000000002	540791678.2210603
2.5918400000000004	548491624.1734278
2.59186	437260251.26031655
2.5918799999999997	284675439.62202513
2.5919	349140315.4785855
2.59192	332269134.3434361
2.59194	387008051.1592883
2.59196	372975238.2125013
2.59198	420049043.39619964
2.592	505568491.94065505
2.59202	539995325.0715842
2.5920400000000003	530713334.8870028
2.59206	419643016.31976885
2.5920799999999997	302454464.8705342
2.5921	385984619.95143497
2.59212	465436030.4877779
2.59214	425343695.48149246
2.59216	445830729.98857266
2.59218	457867692.02258825
2.5922	462956301.66518474
2.59222	467950590.88525265
2.5922400000000003	558431618.314869
2.59226	566774105.247661
2.59228	563975191.005005
2.5923	547419167.678434
2.59232	527229861.42282206
2.59234	470955637.58894277
2.5923599999999998	458828092.0426766
2.59238	411490676.99816036
2.5924	259006104.4620834
2.59242	220120251.3247671
2.5924400000000003	230340338.11531672
2.59246	391615614.79904187
2.59248	458637963.1158238
2.5925	490862663.9484279
2.59252	433730537.06990933
2.59254	410308014.429412
2.5925599999999998	330727265.4400318
2.59258	196186897.81368977
2.5926	232632292.2273374
2.59262	375586522.75549096
2.5926400000000003	320412905.38618
2.59266	424404519.4291339
2.59268	511505137.4117193
2.5927	515086301.3125326
2.59272	449562419.6254693
2.59274	477672236.78594303
2.5927599999999997	546990772.4579717
2.59278	473849034.43796813
2.5928	369887793.84422463
2.59282	446251819.6332967
2.5928400000000003	528907834.38196963
2.59286	512283065.8822449
2.59288	496192276.5442066
2.5929	417186263.3314317
2.59292	334973152.1108946
2.59294	405891540.55242497
2.5929599999999997	419517420.8303475
2.59298	430397757.6376164
2.593	272527291.4854623
2.59302	302942356.9589602
2.5930400000000002	379227654.5253629
2.59306	448229049.9966207
2.59308	470825525.7137207
2.5931	347464148.0626104
2.59312	268769510.28545463
2.59314	231728793.24582422
2.5931599999999997	302350018.83744556
2.59318	337512607.3634685
2.5932	249224079.142699
2.59322	341153632.59744716
2.59324	454925205.5685016
2.59326	412125986.76868814
2.59328	281727992.0850384
2.5933	303403090.3263688
2.5933200000000003	460680680.8300924
2.59334	498861513.50933117
2.5933599999999997	442201284.72710013
2.59338	311544436.41852754
2.5934	247964780.21406978
2.59342	360495626.27883804
2.59344	353435362.42254966
2.59346	388230811.7580472
2.59348	497404832.14443266
2.5935	425235976.2180819
2.5935200000000003	467089387.4825561
2.59354	420329624.6778424
2.5935599999999996	486138481.3941392
2.5935799999999998	490467234.7405235
2.5936	372511770.50842047
2.59362	470619588.7557928
2.59364	548100249.7942218
2.59366	504277974.7748144
2.59368	440412868.2861185
2.5937	419420834.4947418
2.5937200000000002	526332272.54822403
2.59374	551937624.4069595
2.59376	534859852.21918154
2.5937799999999998	526999253.4632693
2.5938	552497096.442476
2.59382	527472715.6616854
2.59384	443026801.2506419
2.59386	478101383.0245073
2.59388	462295855.51179695
2.5939	277472533.7762196
2.5939200000000002	241924582.3654847
2.5939400000000004	334010408.0423588
2.59396	476003339.9230115
2.5939799999999997	527983073.7429766
2.594	498081028.35672456
2.59402	418754994.5813807
2.59404	429645235.40311724
2.59406	468921342.84473443
2.59408	503918148.89849
2.5941	468824177.0965982
2.59412	538294571.3266108
2.5941400000000003	544026431.0128675
2.59416	544439968.2663289
2.5941799999999997	528798238.7617061
2.5942	421036745.4578443
2.59422	275987873.3566321
2.59424	308503432.155914
2.59426	430536523.8473964
2.59428	428163853.0609687
2.5943	334741840.75622356
2.59432	446693877.53918314
2.5943400000000003	465457465.10263634
2.59436	370825849.24875176
2.59438	353736602.27478534
2.5944	240469499.79503107
2.59442	160331922.45688537
2.59444	228086720.06219575
2.5944599999999998	404156902.11799735
2.59448	414543395.1544009
2.5945	470392079.0191767
2.59452	487887846.74579763
2.5945400000000003	416380133.40790135
2.59456	384520944.14562774
2.59458	458754143.651625
2.5946	470327096.44077736
2.59462	396095583.49063295
2.59464	242242310.42878783
2.5946599999999997	187283708.3017552
2.59468	307213290.51015884
2.5947	399613360.67457974
2.59472	229334820.6094095
2.5947400000000003	167428736.55864814
2.59476	258737870.8351937
2.59478	405405839.48460436
2.5948	423730767.8049771
2.59482	483370341.976643
2.59484	418013203.73350286
2.5948599999999997	485981794.1196464
2.59488	501302649.5398061
2.5949	375569226.7551813
2.59492	217796050.48891452
2.5949400000000002	279724173.9418361
2.59496	467487496.87688017
2.59498	466444525.20377874
2.595	445615203.83033866
2.59502	297975117.7046884
2.59504	290208414.15677303
2.5950599999999997	426599163.96675515
2.59508	499022353.38408977
2.5951	434150194.57659125
2.59512	396442311.79774326
2.5951400000000002	479435292.01436794
2.59516	514019979.5425126
2.59518	506022700.4961132
2.5952	476661417.31893396
2.59522	509225332.0027443
2.59524	440179689.77239186
2.5952599999999997	378059364.5254206
2.59528	259161210.6210516
2.5953	323727803.07468426
2.59532	292698165.1761496
2.59534	410790129.70238006
2.59536	430596008.7752825
2.59538	381452091.0849976
2.5954	361035576.9506681
2.5954200000000003	447579307.4949647
2.59544	506722279.8332539
2.5954599999999997	463542971.0256168
2.59548	433161650.6384073
2.5955	514967711.96225744
2.59552	579255278.479048
2.59554	589386250.2405814
2.59556	571557594.8173616
2.59558	503686139.44119203
2.5956	450474280.1922626
2.5956200000000003	374282912.24080515
2.59564	372537503.59869236
2.5956599999999996	457477774.793209
2.5956799999999998	409864213.1316822
2.5957	386491547.12916464
2.59572	414810747.33308274
2.59574	454244837.2445435
2.59576	378433870.85487425
2.59578	375551931.551362
2.5958	439652958.55482465
2.5958200000000002	507902090.0708184
2.59584	466831335.6569068
2.59586	442914603.7002637
2.5958799999999997	421696503.42858213
2.5959	354258272.0823339
2.59592	425304521.6834354
2.59594	433720550.17019826
2.59596	449697010.01269704
2.59598	399843462.8387645
2.596	253273644.66067046
2.59602	155843968.93112433
2.5960400000000003	201455904.17056173
2.59606	383530582.4568593
2.5960799999999997	405125891.7534748
2.5961	434360175.57079905
2.59612	504731023.9147907
2.59614	531679603.42691374
2.59616	479943373.7001361
2.59618	421939321.33112735
2.5962	455617083.799016
2.59622	477980302.75610036
2.5962400000000003	458152435.9427728
2.59626	466466006.26260453
2.59628	414333453.6165399
2.5963	474613404.6882454
2.59632	387337905.66888434
2.59634	396022626.7075327
2.59636	441387469.6395642
2.59638	443057405.514913
2.5964	536117520.0725744
2.59642	516570974.45274526
2.5964400000000003	430001529.1512709
2.59646	345764180.1367207
2.59648	292462373.3506335
2.5965	380163134.67452174
2.59652	355361193.656602
2.59654	467810537.3607072
2.5965599999999998	366961075.52664816
2.59658	446879055.0307962
2.5966	388302333.10358685
2.59662	359012855.4715203
2.5966400000000003	500748895.4481985
2.59666	510693111.6171776
2.59668	374394965.38379955
2.5967	242086181.37504837
2.59672	322158800.8075002
2.59674	423223719.8233614
2.5967599999999997	480883637.42991537
2.59678	548150734.0176543
2.5968	497909026.9693726
2.59682	428193430.5936919
2.5968400000000003	483570723.7413101
2.59686	545129895.6889099
2.59688	538418532.5031805
2.5969	503860136.51712817
2.59692	531924507.3196102
2.59694	502620271.0155231
2.5969599999999997	486832989.6537796
2.59698	444907779.7724275
2.597	354282744.2220535
2.59702	355614941.5186282
2.5970400000000002	491937579.58513004
2.59706	497187269.51794755
2.59708	489237794.8487148
2.5971	513192144.5582298
2.59712	552547985.6491003
2.59714	541277531.6927171
2.5971599999999997	547974059.5764989
2.59718	504010982.6019456
2.5972	400977496.49865943
2.59722	312766334.2311279
2.59724	293683806.1496409
2.59726	223367508.50010875
2.59728	187525356.6026316
2.5973	269954144.86603975
2.59732	408573316.5941578
2.59734	467573619.18811285
2.5973599999999997	485500856.04323715
2.59738	414419325.9370518
2.5974	373301727.7729246
2.59742	391570530.98048395
2.59744	260021943.47410646
2.59746	269674573.15663165
2.59748	349663258.1557314
2.5975	512365642.811544
2.5975200000000003	509917597.5748696
2.59754	501348823.3464704
2.5975599999999996	503512202.4513418
2.59758	492595000.79993373
2.5976	483559589.2421028
2.59762	318155913.65275496
2.59764	302155149.4017321
2.59766	314448842.20281833
2.59768	307453895.49281025
2.5977	299916251.89876527
2.5977200000000003	389045144.9942804
2.59774	457351386.47464997
2.59776	333933508.15747887
2.5977799999999998	233641507.64615422
2.5978	320885431.37759155
2.59782	409458602.6568898
2.59784	454516862.3849642
2.59786	400368591.3223207
2.59788	294951086.29487455
2.5979	325244529.0411185
2.5979200000000002	403506002.8611039
2.5979400000000004	410544274.70345074
2.59796	407277107.8173026
2.5979799999999997	354699029.34428453
2.598	311142975.0637957
2.59802	276140432.0414011
2.59804	424844499.7194093
2.59806	346529330.890027
2.59808	420039371.5208955
2.5981	445861527.948071
2.59812	363722359.72431904
2.5981400000000003	338173833.0005691
2.59816	314260646.7858067
2.5981799999999997	323452118.525966
2.5982	431896813.62976545
2.59822	255058616.71247825
2.59824	234730757.34773174
2.59826	342066071.52844167
2.59828	263869989.63033
2.5983	374558795.7089217
2.59832	420223175.23932904
2.5983400000000003	300739172.2181204
2.59836	310534602.41091925
2.59838	269351873.08762306
2.5984	266839427.37144393
2.59842	325971777.0037201
2.59844	401393189.98736215
2.5984599999999998	328897066.5462799
2.59848	368188313.80474544
2.5985	529212385.854273
2.59852	531667361.19256765
2.5985400000000003	459187439.53360707
2.59856	463244210.14728105
2.59858	433730537.06990933
2.5986	482358571.1321905
2.59862	475992379.66724974
2.59864	481703719.77227783
2.5986599999999997	463254876.86221224
2.59868	510893056.1865268
2.5987	453304468.3051292
2.59872	440625878.2838085
2.5987400000000003	424043099.2257978
2.59876	381258908.3216036
2.59878	374550171.27322036
2.5988	458500696.77942693
2.59882	447847340.9738025
2.59884	423906425.9114479
2.5988599999999997	394166762.24610573
2.59888	350501596.11627233
2.5989	258321170.5710778
2.59892	355909843.84727675
2.5989400000000002	508054146.2391975
2.59896	511328500.3019647
2.59898	538071513.1247462
2.599	556570264.6759851
2.59902	549161395.5526357
2.59904	522287942.66462636
2.5990599999999997	481859027.7362334
2.59908	452074488.9284513
2.5991	278592871.6844788
2.59912	215789346.60041794
2.5991400000000002	323914209.4249837
2.59916	435602135.32115966
2.59918	407342758.4217757
2.5992	324698288.91469854
2.59922	216451201.05983335
2.59924	280866537.2767912
2.5992599999999997	378094186.6832968
2.59928	280162497.3313197
2.5993	301383866.3544969
2.59932	483314695.112804
2.59934	531569433.46509594
2.59936	549300507.162026
2.59938	541950972.5736345
2.5994	470847208.52971953
2.5994200000000003	307100129.7975172
2.59944	354021795.19805634
2.5994599999999997	509307416.0438488
2.59948	502689715.36906666
2.5995	460882268.6523017
2.59952	470662936.41797763
2.59954	524843713.9169547
2.59956	393948997.81956613
2.59958	396844165.8793248
2.5996	477947286.1868685
2.5996200000000003	330247850.8174993
2.59964	272922914.2525879
2.5996599999999996	396697990.0138714
2.5996799999999998	481969992.6524719
2.5997	530823327.41885257
2.59972	464611547.9331672
2.59974	463308214.1211787
2.59976	382674919.92910624
2.59978	383327520.51742494
2.5998	287150779.79400855
2.5998200000000002	321825164.5646215
2.59984	376617069.71416736
2.59986	494071724.3578046
2.5998799999999997	543663278.8001748
2.5999	562703996.9400617
2.59992	560015438.7615572
2.59994	505754784.57060254
2.59996	423213974.8492727
2.59998	409194700.0212803
2.6	496375114.2123576
2.60002	476738252.2541074
2.6000400000000004	487966491.3134396
2.60006	466519713.23778754
2.6000799999999997	383098101.69664
2.6001	425951350.9562262
2.60012	484986891.04882824
2.60014	519995996.53351504
2.60016	524650389.9608402
2.60018	536710386.6230955
2.6002	469775106.8478193
2.60022	465875637.44965094
2.6002400000000003	511870380.82420003
2.60026	533298055.29065275
2.60028	485031562.04939765
2.6003	491360227.29909146
2.60032	550237265.2704594
2.60034	566108922.6332159
2.60036	493696445.03260267
2.60038	442914603.7002637
2.6004	389251235.75855273
2.60042	388311274.1981637
2.6004400000000003	252377131.56657168
2.60046	266741138.20006037
2.60048	356139381.389737
2.6005	473521824.1485024
2.60052	482025484.6928067
2.60054	497404832.14443266
2.6005599999999998	484328471.4743678
2.60058	424697788.96513367
2.6006	259292526.84144554
2.60062	262742301.61524537
2.6006400000000003	401855577.0955519
2.60066	545858402.664435
2.60068	559706048.2889048
2.6007	549869967.1595626
2.60072	554229961.6199975
2.60074	516701830.3727034
2.6007599999999997	404501372.9277096
2.60078	452449382.6799294
2.6008	475817049.89292353
2.60082	487203051.77936625
2.6008400000000003	504951887.5892325
2.60086	353598162.9052388
2.60088	380128121.9682687
2.6009	466433785.0453259
2.60092	442629138.1354715
2.60094	359707919.86702585
2.6009599999999997	272941767.7507744
2.60098	338197194.0282228
2.601	481116221.51152205
2.60102	481382169.6384528
2.6010400000000002	403626804.8383222
2.60106	496375114.2123576
2.60108	545581957.8968927
2.6011	494902901.51638
2.60112	431866980.2852424
2.60114	427454604.87306625
2.6011599999999997	402577964.8073073
2.60118	411433831.38708115
2.6012	376435003.2375842
2.60122	367045581.1655674
2.60124	398272206.3664844
2.60126	380934230.6476838
2.60128	448890071.6741772
2.6013	393559137.3854774
2.60132	340227959.1004651
2.60134	409138171.5892324
2.6013599999999997	480795063.5485203
2.60138	352054581.1523986
2.6014	363395880.68012553
2.60142	518394040.25340235
2.60144	528920013.0751312
2.60146	489260325.6005666
2.60148	394984451.4728447
2.6015	280181850.93946147
2.6015200000000003	365838998.9427346
2.60154	402374083.0472105
2.6015599999999997	381118473.2196748
2.60158	310906641.91626525
2.6016	319675976.1533606
2.60162	261727887.59912565
2.60164	204023409.0664196
2.60166	273892411.62657046
2.60168	285752474.5678602
2.6017	267429923.43955702
2.6017200000000003	417580298.115473
2.60174	431101962.6075494
2.60176	355042219.6376927
2.6017799999999998	263997612.9354808
2.6018	277587560.3534345
2.60182	468004468.789396
2.60184	436184270.325394
2.60186	439410064.4714916
2.60188	440717199.81798714
2.6019	430863792.67375696
2.6019200000000002	329693207.7361452
2.6019400000000004	386215767.36761576
2.60196	533973863.4131293
2.6019799999999997	570256179.3101529
2.602	574261895.3453466
2.60202	525835617.83466935
2.60204	496763867.985167
2.60206	539150484.7255498
2.60208	572664155.0089664
2.6021	520151673.38610566
2.60212	326294685.26936877
2.6021400000000003	324690812.546375
2.60216	461955348.7999653
2.6021799999999997	524384685.78850216
2.6022	508065844.7529183
2.60222	505824662.0031147
2.60224	428726175.70912325
2.60226	428015996.04062915
2.60228	463628366.6614064
2.6023	460171798.99560076
2.60232	450505398.92792434
2.6023400000000003	535796657.51334053
2.60236	528080340.77772343
2.60238	424600009.9430019
2.6024	312442425.0770404
2.60242	397026961.45845044
2.60244	519900218.55286264
2.6024599999999998	516071647.51503766
2.60248	524892056.03563035
2.6025	501591305.6157088
2.60252	438702389.59834915
2.6025400000000003	428607730.6535256
2.60256	285542001.9141412
2.60258	339211056.8624286
2.6026	487562168.54159594
2.60262	459483584.0719538
2.60264	449396825.2148328
2.6026599999999998	458595722.94360715
2.60268	336163069.02283853
2.6027	317855697.14998215
2.60272	484975723.94153905
2.6027400000000003	527752136.3317578
2.60276	454527328.14297336
2.60278	352078901.06128377
2.6028	486821780.0389885
2.60282	571136610.7334417
2.60284	541913537.2197046
2.6028599999999997	538158246.9956374
2.60288	556865099.3312773
2.6029	545808129.5627978
2.60292	534970704.1338839
2.6029400000000003	535697969.21143234
2.60296	533801758.3185713
2.60298	502157553.7600126
2.603	480208673.5082935
2.60302	393522890.9185961
2.60304	414782094.2114406
2.6030599999999997	316818110.8554109
2.60308	198508907.85811138
2.6031	194688365.93556094
2.60312	317037036.65877384
2.6031400000000002	440899899.67056304
2.60316	479932322.72278655
2.60318	429605665.43683666
2.6032	361276738.8494798
2.60322	426834976.5283245
2.60324	356369066.9682359
2.6032599999999997	391814045.2750356
2.60328	505813015.0939396
2.6033	500956481.51339793
2.60332	504917007.95327425
2.60334	533052519.0013656
2.60336	514126512.30748105
2.60338	505533569.7126484
2.6034	409157013.53217924
2.6034200000000003	265662343.87376618
2.60344	193749236.6005891
2.6034599999999997	220176011.40307692
2.60348	363119858.0822728
2.6035	400894409.47558326
2.60352	476771185.30334735
2.60354	437703480.4804408
2.60356	444518663.58399355
2.60358	505196112.51578265
2.6036	469439900.378466
2.6036200000000003	400645251.69144964
2.60364	518871718.7544661
2.6036599999999996	538716155.8087806
2.6036799999999998	435080881.73212826
2.6037	482614093.2685211
2.60372	539808849.4987574
2.60374	549098174.649841
2.60376	490230130.1361684
2.60378	369028578.23070604
2.6038	455847943.63042367
2.6038200000000002	472291359.17746294
2.60384	337481522.7350537
2.60386	265943879.61752295
2.6038799999999998	316118563.67549676
2.6039	361368256.18661034
2.60392	426245689.3747254
2.60394	398345577.57564217
2.60396	444140114.302767
2.60398	458616842.54340845
2.604	488022673.7659383
2.6040200000000002	459822268.84908515
2.6040400000000004	401790810.8489391
2.60406	308809036.2457521
2.6040799999999997	253472004.89690384
2.6041	359906756.74521494
2.60412	499608708.73094875
2.60414	510928348.6475306
2.60416	507142491.59281266
2.60418	422483740.92318636
2.6042	236238132.06284347
2.60422	257922957.47880402
2.6042400000000003	304915849.8212403
2.60426	338446478.7584197
2.6042799999999997	409034556.4118024
2.6043	488022673.7659383
2.60432	437068995.60179883
2.60434	417445707.8262904
2.60436	495678406.59411776
2.60438	526368631.5493477
2.6044	535093899.87362576
2.60442	479854973.0057693
2.6044400000000003	420455463.3255563
2.60446	432354516.3996741
2.60448	319756955.33340913
2.6045	314412642.02587986
2.60452	230218383.41880193
2.60454	309535168.8879987
2.6045599999999998	504254752.45058435
2.60458	552077439.2807584
2.6046	525726658.81204385
2.60462	503338325.52682596
2.6046400000000003	486889041.59956676
2.60466	441560279.9350737
2.60468	478630092.3226379
2.6047	378721534.27460694
2.60472	384105034.9066785
2.60474	300863844.0086717
2.6047599999999997	379883123.29781663
2.60478	431538949.47321993
2.6048	450173576.5457368
2.60482	545406111.3978659
2.6048400000000003	540331143.449734
2.60486	475269560.4905927
2.60488	403069558.8204957
2.6049	438248057.7078634
2.60492	307213290.51015884
2.60494	305203844.56506443
2.6049599999999997	422785418.0559581
2.60498	403450260.2973257
2.605	422522654.90576947
2.60502	345636819.3673827
2.6050400000000002	342097578.4288508
2.60506	389322945.09045494
2.60508	431419727.3268735
2.6051	473260218.60900414
2.60512	427838635.0127968
2.60514	394103235.19015676
2.6051599999999997	492062195.46120733
2.60518	513333964.3802891
2.6052	448869399.99841595
2.60522	321395654.1345544
2.6052400000000002	348650265.29141086
2.60526	484417696.293506
2.60528	545180106.3200221
2.6053	560621823.9264686
2.60532	548441108.5542953
2.60534	495541464.50904524
2.6053599999999997	396597525.3408693
2.60538	366817460.5893832
2.6054	429694702.98636127
2.60542	528773887.26358765
2.60544	535056938.1731377
2.60546	526720231.41031283
2.60548	475105436.544655
2.6055	473260218.60900414
2.6055200000000003	490670558.53073967
2.60554	477210510.07844657
2.6055599999999997	432643317.40099204
2.60558	394720788.77310485
2.6056	264356504.07280946
2.60562	158836387.0922126
2.60564	198148139.9984473
2.60566	373766178.31757075
2.60568	370988117.7754768
2.6057	412325315.5390558
2.6057200000000003	460129417.5583844
2.60574	491756376.464039
2.60576	499332691.02887
2.6057799999999998	452116128.44515795
2.6058	507037405.99506754
2.60582	508674538.8053607
2.60584	425853283.3240079
2.60586	350816490.78672016
2.60588	426255504.15742624
2.6059	397878067.5918742
2.6059200000000002	314173825.35551125
2.6059400000000004	362885821.51064324
2.60596	407962270.3403521
2.6059799999999997	424961904.8122017
2.606	410478108.11710376
2.60602	348963496.70492506
2.60604	433890358.7433882
2.60606	543000213.0657377
2.60608	516547186.02799416
2.6061	541364782.354395
2.60612	585288512.1380172
2.6061400000000003	572545492.5895598
2.60616	538356548.3470073
2.6061799999999997	424570680.6264103
2.6062	403394525.4341335
2.60622	440879595.9473482
2.60624	329200131.48444027
2.60626	271056608.45675623
2.60628	369938899.2615913
2.6063	399622562.21818817
2.60632	371637902.2589451
2.6063400000000003	324294811.270436
2.60636	407793219.1641023
2.60638	481260258.50333446
2.6064	360379434.94795173
2.60642	316235047.5140688
2.60644	396259785.3977507
2.6064599999999998	397933040.2756008
2.60648	361484766.327186
2.6065	344762483.1066608
2.60652	464964718.61110854
2.6065400000000003	445471577.6118165
2.60656	407802609.0580814
2.60658	486989951.36552495
2.6066	505242644.9401561
2.60662	394838960.6253074
2.60664	379201459.3117985
2.6066599999999998	328813772.61216825
2.60668	447054015.3703344
2.6067	536710386.6230955
2.60672	569062542.617973
2.6067400000000003	572334597.8855786
2.60676	484998058.41325265
2.60678	452136949.6417324
2.6068	534379759.289337
2.60682	561965947.2952898
2.60684	560634732.8696331
2.6068599999999997	557006162.4154792
2.60688	570926234.9851148
2.6069	572888362.2388083
2.60692	576978991.1566275
2.6069400000000003	567191873.7342247
2.60696	539411250.1385901
2.60698	487483589.1378354
2.607	445543384.9336239
2.60702	409732109.8135421
2.60704	221671571.42827815
2.6070599999999997	202520970.54626617
2.60708	360645070.18028307
2.6071	455386340.88436204
2.60712	487326468.32171947
2.6071400000000002	522167695.26604825
2.60716	531544954.35168576
2.60718	502909685.793669
2.6072	376651759.02566296
2.60722	320471933.06102556
2.60724	483392602.5160847
2.6072599999999997	516939835.15755135
2.60728	556019470.7250186
2.6073	557416730.9635581
2.60732	547608272.2160177
2.60734	522492426.796871
2.60736	526926450.8549092
2.60738	497989286.8906049
2.6074	375301240.57910687
2.6074200000000003	282780852.88175946
2.60744	374507052.0733611
2.6074599999999997	290168323.1521277
2.60748	231958344.23154444
2.6075	346832670.6223328
2.60752	463649718.02835244
2.60754	407295864.05312043
2.60756	251483791.8611973
2.60758	189910947.25738117
2.6076	249247034.5857981
2.6076200000000003	429299121.73916745
2.60764	462945641.82512236
2.6076599999999996	471943490.2190402
2.6076799999999998	475948541.16780597
2.6077	447630839.9334218
2.60772	344564078.9788808
2.60774	331169246.55641174
2.60776	365073239.85337675
2.60778	360952455.00704885
2.6078	403552460.88074714
2.6078200000000002	398740179.4665362
2.60784	275188321.9601718
2.60786	226673108.29305345
2.6078799999999998	375820096.73487824
2.6079	491416800.49237704
2.60792	534527434.27457786
2.60794	526089943.3819136
2.60796	455344400.1838309
2.60798	432503872.150666
2.608	484685469.3870375
2.6080200000000002	434900593.1609345
2.6080400000000004	468975332.51726305
2.60806	428923656.8775851
2.6080799999999997	289181163.004535
2.6081	350533879.99298877
2.60812	315500462.337463
2.60814	363621873.4056384
2.60816	479490492.21970844
2.60818	413875768.3331291
2.6082	431002709.1396999
2.60822	314253410.75030917
2.6082400000000003	300144230.79098153
2.60826	450121751.3807597
2.6082799999999997	482836396.45515794
2.6083	463596341.4545589
2.60832	379454755.5235796
2.60834	295624211.6927204
2.60836	422386471.6457675
2.60838	490049555.9468385
2.6084	474482282.27424324
2.60842	289114584.24648124
2.6084400000000003	277581168.73723656
2.60846	366277296.5081145
2.60848	394693523.3687051
2.6085	413399550.4315324
2.60852	231563443.93399575
2.60854	212794304.61592475
2.6085599999999998	367713860.2052662
2.60858	331466772.82137704
2.6086	212143632.04511595
2.60862	266164420.03985196
2.6086400000000003	441499280.34177965
2.60866	472966085.12996304
2.60868	470738804.4343376
2.6087	423194485.57424134
2.60872	297022945.11698925
2.60874	231686111.1559157
2.6087599999999997	346210312.5173312
2.60878	293487764.34366465
2.6088	257258658.1223452
2.60882	397383655.0529222
2.6088400000000003	389924029.59791046
2.60886	282175952.69271624
2.60888	381935476.34945273
2.6089	500092106.8943315
2.60892	532341102.8602619
2.60894	501522013.0025986
2.6089599999999997	401448648.3367439
2.60898	273892411.62657046
2.609	343716198.61753416
2.60902	396259785.3977507
2.6090400000000002	446015549.661316
2.60906	393133452.1690968
2.60908	380837758.1827843
2.6091	300773798.0880488
2.60912	372117418.9688435
2.60914	454098429.60922074
2.6091599999999997	366741451.90790135
2.60918	381153577.14484817
2.6092	455680033.9736755
2.60922	357091900.73993766
2.6092400000000002	267873652.87053764
2.60926	403106684.6084786
2.60928	503152922.98931897
2.6093	481049757.44042474
2.60932	506523967.55088085
2.60934	533494565.75135356
2.6093599999999997	542213092.470054
2.60938	536796901.088636
2.6094	479722402.49298805
2.60942	371065006.5960092
2.60944	436154140.8240819
2.60946	512058995.5835374
2.60948	478299580.53581613
2.6095	324720719.05259156
2.6095200000000003	330864368.8311944
2.60954	451855944.3749216
2.6095599999999997	477221498.3830205
2.60958	488944989.4747983
2.6096	396542737.1526048
2.60962	406827217.18720496
2.60964	423672231.27966547
2.60966	383654238.0389756
2.60968	248702413.58915895
2.6097	180921425.10765603
2.6097200000000003	222797339.25775054
2.60974	402207347.5008699
2.6097599999999996	451097063.51409155
2.6097799999999998	471965224.52039266
2.6098	367197740.35879904
2.60982	205896991.07596648
2.60984	233921424.50649157
2.60986	422007335.39566815
2.60988	384069659.154716
2.6099	423877144.50429076
2.6099200000000002	528201949.76999635
2.60994	485724488.93941385
2.60996	476540701.7251343
2.6099799999999997	510316957.62375855
2.61	433630678.42009926
2.61002	374481182.9361995
2.61004	425118495.40702283
2.61006	429427645.68269354
2.61008	392292495.30404437
2.6101	347960543.0817136
2.61012	420329624.6778424
2.6101400000000003	303647702.88187695
2.61016	274043811.9963684
2.6101799999999997	382674919.92910624
2.6102	475926623.43216664
2.61022	495153667.3556537
2.61024	401864830.26869583
2.61026	336534815.57407457
2.61028	459007730.6224458
2.6103	529870815.65129185
2.61032	520714894.03399104
2.6103400000000003	571176064.8154985
2.61036	553018933.0732911
2.61038	479932322.72278655
2.6104	454789050.4280096
2.61042	441387469.6395642
2.61044	419672005.23361063
2.61046	513913468.85232466
2.61048	510446229.29844147
2.6105	466616401.37626773
2.61052	449086500.0805022
2.6105400000000003	475608929.6648695
2.61056	421599415.39842767
2.61058	353264502.58556724
2.6106	449676301.17690766
2.61062	523793373.6534845
2.61064	421492644.3825111
2.6106599999999998	344984831.3627511
2.61068	310770652.7556547
2.6107	296763168.95317286
2.61072	461370688.76633567
2.6107400000000003	430665418.24543923
2.61076	369547271.4365856
2.61078	495781137.99229544
2.6108	496878265.2628507
2.61082	554421418.9287572
2.61084	527885824.6238317
2.6108599999999997	470858050.31217563
2.61088	508007354.87791157
2.6109	521050719.5784802
2.61092	516666139.1074853
2.6109400000000003	551988462.0819342
2.61096	571123459.9783849
2.61098	560118606.9194936
2.611	531239060.53141356
2.61102	519912189.835617
2.61104	406696092.7231062
2.6110599999999997	343312803.26565444
2.61108	454464537.20950925
2.6111	374463937.83749753
2.61112	435431656.82218844
2.6111400000000002	437753875.8568413
2.61116	455365370.05123633
2.61118	451949593.3867063
2.6112	500161201.94496554
2.61122	542975207.5575942
2.61124	454684343.43451333
2.6112599999999997	434070228.5206723
2.61128	529870815.65129185
2.6113	488135058.07752913
2.61132	417167051.6363825
2.61134	452991444.7986739
2.61136	473772665.1521598
2.61138	310892324.46596
2.6114	324421777.90637964
2.61142	344786299.2778586
2.61144	443016600.29900193
2.6114599999999997	459261457.7693341
2.61148	377363594.4644519
2.6115	476826078.7744112
2.61152	493094320.1353005
2.61154	539759133.5559012
2.61156	535636298.25365365
2.61158	444037859.03515226
2.6116	346736850.45253086
2.6116200000000003	481271340.0578855
2.61164	547318338.6282079
2.6116599999999996	555661107.2596465
2.61168	555072868.6307545
2.6117	507551364.88656133
2.61172	501614405.28085506
2.61174	424824935.35766
2.61176	348096775.23240125
2.61178	514766172.7239586
2.6118	514067324.7125008
2.6118200000000003	470576245.08589125
2.61184	368612450.3719224
2.61186	322418534.7721747
2.6118799999999998	398483185.0265566
2.6119	523841619.0277917
2.61192	541975930.91293
2.61194	490207554.7241936
2.61196	518979257.0624364
2.61198	486228039.6601387
2.612	370032610.8663551
2.6120200000000002	403961522.17090356
2.6120400000000004	457172396.1264711
2.61206	523998447.1861789
2.6120799999999997	513996308.5927135
2.6121	558341617.0259267
2.61212	540356027.191424
2.61214	471291926.37984216
2.61216	480584765.95978224
2.61218	442262381.3125858
2.6122	428252591.78892004
2.61222	416150096.8100461
2.6122400000000003	523998447.1861789
2.61226	545581957.8968927
2.6122799999999997	538406135.1010424
2.6123	473947241.6085557
2.61232	395312001.92396426
2.61234	326933933.7194791
2.61236	401042131.6439204
2.61238	433620693.81969213
2.6124	478409725.76468
2.61242	503477422.261877
2.6124400000000003	422853568.50616765
2.61246	330826278.8556981
2.61248	430249129.1871991
2.6125	457130290.93174654
2.61252	532574048.3430305
2.61254	510622561.6299566
2.6125599999999998	412182928.0111729
2.61258	456656874.61535156
2.6126	510516754.9227677
2.61262	432952249.042293
2.6126400000000003	253192012.04239073
2.61266	248519230.3741979
2.61268	359062458.35683906
2.6127	421259783.2871912
2.61272	478663156.06007576
2.61274	457730656.22160167
2.6127599999999997	431648265.3833715
2.61278	322775081.9048058
2.6128	326971575.546384
2.61282	326505123.05711013
2.6128400000000003	283942237.29994774
2.61286	405985011.29429513
2.61288	485512035.2422792
2.6129	525520908.9214969
2.61292	545230321.5759174
2.61294	568512476.3718573
2.6129599999999997	556724071.971626
2.61298	487270366.0182208
2.613	468511224.4024442
2.61302	420474826.4610473
2.6130400000000003	364560826.35773855
2.61306	332958418.4677045
2.61308	429140991.228369
2.6131	429447422.0119672
2.61312	386420359.31200665
2.61314	385895753.939703
2.6131599999999997	433660633.60078317
2.61318	243769855.56167156
2.6132	241279264.324065
2.61322	326144455.6080371
2.6132400000000002	368926625.95220864
2.61326	488674863.13376325
2.61328	508334984.9275028
2.6133	535475986.98809034
2.61332	518620882.68454725
2.61334	413285339.6939836
2.6133599999999997	275987873.3566321
2.61338	334018099.0047697
2.6134	331222629.0343428
2.61342	432723020.58596027
2.61344	505556850.9299478
2.61346	457677961.06575584
2.61348	410421402.38792235
2.6135	470229639.4047677
2.6135200000000003	507294320.35194236
2.61354	525085469.0412216
2.6135599999999997	495039667.13559866
2.61358	522865515.7514086
2.6136	537192573.4153792
2.61362	551797844.9415994
2.61364	480540504.5054078
2.61366	436284717.029169
2.61368	534269029.8250174
2.6137	499873368.8660109
2.6137200000000003	410100217.8596128
2.61374	275492639.47466516
2.6137599999999996	358352138.0821916
2.6137799999999998	434170188.39228636
2.6138	310541752.8167045
2.61382	412553237.9005369
2.61384	382049820.52372926
2.61386	259692854.44285926
2.61388	297776211.33332014
2.6139	359525749.2311895
2.6139200000000002	380715010.3801777
2.61394	373207188.25682795
2.61396	453054032.2028414
2.6139799999999997	476661417.31893396
2.614	465940004.9937793
2.61402	482269725.58298934
2.61404	523262967.70776117
2.61406	469299401.1165957
2.61408	504312810.2663998
2.6141	494788959.030644
2.61412	384822095.3586535
2.6141400000000004	425089130.2759612
2.61416	541963451.5996094
2.6141799999999997	562898381.5824356
2.6142	479126288.280301
2.61422	348064715.8109918
2.61424	432593510.365509
2.61426	460097634.0420305
2.61428	440676610.13305855
2.6143	329275941.34357446
2.61432	414753443.0690176
2.6143400000000003	465607535.0486338
2.61436	306683209.79305816
2.61438	334325882.7608923
2.6144	356024594.11996675
2.61442	399622562.21818817
2.61444	435551987.65878326
2.61446	469461519.3825907
2.61448	500046048.8301976
2.6145	505545210.18728167
2.61452	405489861.5201936
2.6145400000000003	282507511.74512017
2.61456	376565041.7371849
2.61458	525012930.813685
2.6146	525884051.3152793
2.61462	464772046.79238796
2.61464	398988152.5028856
2.6146599999999998	419488442.59444755
2.61468	344810117.09427744
2.6147	370492994.0761505
2.61472	439096524.8774101
2.6147400000000003	429101467.7025545
2.61476	347032381.0323788
2.61478	259083645.93435088
2.6148	232348567.89333433
2.61482	360080829.17348266
2.61484	342278799.4318662
2.6148599999999997	339789535.6802033
2.61488	319072959.08416545
2.6149	271281388.73367065
2.61492	326610392.83976203
2.6149400000000003	450536519.8132646
2.61496	526283797.7868161
2.61498	540156989.3405017
2.615	466627145.7396654
2.61502	416859784.808563
2.61504	415824429.16266656
2.6150599999999997	299923157.80517954
2.61508	383760260.2693373
2.6151	500564446.7162788
2.61512	484072041.6530199
2.6151400000000002	497038465.7108526
2.61516	482092083.57491785
2.61518	472378366.4743391
2.6152	535611631.85850894
2.61522	557442401.5437455
2.61524	459240308.4845881
2.6152599999999997	365881120.138649
2.61528	394493634.60857123
2.6153	409091070.5278957
2.61532	511622929.3829399
2.61534	531177902.89491796
2.61536	446601317.5705187
2.61538	437612783.4226239
2.6154	487393799.6123754
2.61542	435491818.084406
2.61544	268188406.60366827
2.6154599999999997	292664468.99430096
2.61548	369207062.5172871
2.6155	382754230.8876812
2.61552	475543226.4017008
2.61554	429635342.5698704
2.61556	300489983.59989107
2.61558	441641625.83653754
2.6156	464280025.90414923
2.6156200000000003	509049482.1739137
2.61564	516095414.03992885
2.6156599999999997	492039535.681451
2.61568	547003367.5309635
2.6157	549351101.9383408
2.61572	551112168.1080984
2.61574	517487662.2934805
2.61576	489620958.7767658
2.61578	387828749.57914656
2.6158	371560894.7280223
2.6158200000000003	411329634.82855856
2.61584	525170109.64041305
2.61586	548933834.3622569
2.6158799999999998	488764888.6615806
2.6159	483838028.65115815
2.61592	378268345.5893895
2.61594	293075827.5736215
2.61596	422007335.39566815
2.61598	467250742.30504936
2.616	446837897.844164
2.6160200000000002	412819306.5637076
2.6160400000000004	373430683.8906087
2.61606	264972009.88789603
2.6160799999999997	285943349.4116608
2.6161	414657953.55354863
2.61612	491496013.90600175
2.61614	539783990.9549533
2.61616	523624549.83217376
2.61618	436646516.72874177
2.6162	373301727.7729246
2.61622	472215240.9390086
2.6162400000000003	470641262.0878259
2.61626	443026801.2506419
2.6162799999999997	435562016.72938645
2.6163	482391892.43271595
2.61632	384955031.15756494
2.61634	436887883.1970992
2.61636	538927071.8507699
2.61638	533003425.31088656
2.6164	532181777.8178981
2.61642	531508237.79520017
2.6164400000000003	541314923.1114241
2.61646	453346221.11234003
2.61648	361168611.87710625
2.6165	376799224.24898374
2.61652	257021823.2250934
2.61654	284845917.8973695
2.6165599999999998	417397650.3795539
2.61658	295059770.30989575
2.6166	180231210.66737852
2.61662	226401864.96880403
2.6166400000000003	393939926.91310173
2.61666	455260530.3705195
2.61668	510669593.87178063
2.6167	533162996.3387898
2.61672	523491940.71768403
2.61674	496946916.27418447
2.6167599999999998	451564715.9726787
2.61678	430903478.523175
2.6168	352711808.71814215
2.61682	439308898.2127184
2.6168400000000003	518215024.2117499
2.61686	560854230.3871728
2.61688	536623886.10091776
2.6169	490817455.9082582
2.61692	343550037.2768552
2.61694	380636121.97090507
2.6169599999999997	449769498.4486321
2.61698	426766184.402676
2.617	306902198.83911574
2.61702	248954510.99911097
2.6170400000000003	389313980.7015632
2.61706	444344695.48698825
2.61708	307298188.4078691
2.6171	260171667.22665542
2.61712	411272811.46473885
2.61714	518752257.8799577
2.6171599999999997	537452391.8654339
2.61718	501868571.8192764
2.6172	352768663.72669214
2.61722	407145838.348973
2.6172400000000002	520403249.8379439
2.61726	483626400.0832312
2.61728	362818981.62836695
2.6173	201534777.39811373
2.61732	231169215.93925005
2.61734	434120205.579403
2.6173599999999997	453878906.6301828
2.61738	514612107.70467675
2.6174	460510991.0550946
2.61742	438480212.9688042
2.61744	521566873.4176886
2.61746	547671321.5775812
2.61748	506185849.23693347
2.6175	379035598.3065905
2.6175200000000003	349301137.56355476
2.61754	389493307.70365477
2.6175599999999997	448807390.6826186
2.61758	435963368.9732719
2.6176	323132023.3257412
2.61762	349929051.82892656
2.61764	431062258.47791356
2.61766	469937389.44513243
2.61768	401827818.8544574
2.6177	367544560.70031106
2.6177200000000003	449158890.1059317
2.61774	476255495.4720092
2.6177599999999996	402401879.02420205
2.6177799999999998	403877816.82432526
2.6178	413589971.8027625
2.61782	478123400.9138331
2.61784	477727234.00036424
2.61786	339351677.2196702
2.61788	258612790.2260292
2.6179	219953055.80373663
2.6179200000000002	262663665.13928908
2.61794	230568513.6947286
2.61796	357882118.9075402
2.6179799999999998	364258755.93601537
2.618	264198288.56730717
2.61802	292900423.7553104
2.61804	352858025.82852626
2.61806	262113868.3991784
2.61808	349421802.7393405
2.6181	474602476.4365568
2.6181200000000002	469515571.2488196
2.6181400000000004	411187591.1372263
2.61816	318874653.7209992
2.6181799999999997	317511895.016158
2.6182	417205475.9112343
2.61822	525787188.81474245
2.61824	500529870.1435316
2.61826	424043099.2257978
2.61828	507457879.08064866
2.6183	562639216.9774116
2.61832	562444921.8318647
2.6183400000000003	550845746.1673063
2.61836	504824007.36915
2.6183799999999997	480606898.21575195
2.6184	513877970.1936463
2.61842	453847554.8689131
2.61844	299254024.7058181
2.61846	351204441.85149884
2.61848	311809971.8175571
2.6185	399374194.8931819
2.61852	408676814.93196106
2.6185400000000003	436385186.86431533
2.61856	342373387.62645197
2.61858	288131008.94592726
2.6186	426314397.59972775
2.61862	400682154.1822112
2.61864	322396263.65804523
2.6186599999999998	372331688.6401368
2.61868	287249975.28922665
2.6187	268052585.1500473
2.61872	190221674.32444984
2.6187400000000003	234368909.88269886
2.61876	382983443.7809646
2.61878	433361174.88896227
2.6188	464686440.5023353
2.61882	493014849.1259094
2.61884	463425577.7083338
2.6188599999999997	380855296.81351924
2.61888	342468001.9603343
2.6189	296387579.48377734
2.61892	271075333.0306527
2.6189400000000003	271963110.71984214
2.61896	262397685.5054822
2.61898	352378984.7750484
2.619	475138256.7990858
2.61902	459801093.73863107
2.61904	460447373.50515115
2.6190599999999997	447579307.4949647
2.61908	460235378.4708887
2.6191	447033428.24614376
2.61912	426471486.56310135
2.6191400000000002	421220985.614028
2.61916	368256142.8456621
2.61918	316956746.30434865
2.6192	433171624.6688329
2.61922	481626084.5627984
2.61924	449935230.1824562
2.6192599999999997	371971786.03024447
2.61928	373817819.59057
2.6193	412629240.01522845
2.61932	419304960.2447536
2.6193400000000002	491167927.15358543
2.61936	515181192.45518064
2.61938	416878982.3531278
2.6194	394203068.01845896
2.61942	463073576.1071296
2.61944	418205750.25989395
2.6194599999999997	366395389.3914136
2.61948	269898207.3472018
2.6195	337567012.352763
2.61952	408385204.9461534
2.61954	383848634.50886655
2.61956	428765664.667676
2.61958	364611195.7765114
2.6196	338236132.6605407
2.6196200000000003	346952483.07258934
2.61964	326933933.7194791
2.6196599999999997	337396054.76778567
2.61968	361293376.6412419
2.6197	396551867.9916797
2.61972	391922322.45497614
2.61974	313133837.23204607
2.61976	358938463.99153036
2.61978	462732496.56065404
2.6198	450142480.73076147
2.6198200000000003	457498842.90840805
2.61984	534761336.46729285
2.6198599999999996	545569395.5526905
2.6198799999999998	536092831.51685846
2.6199	504777513.5009461
2.61992	439855472.85157704
2.61994	432573589.1568502
2.61996	437028741.9134244
2.61998	283373999.6390445
2.62	221039556.2309456
2.6200200000000002	312773536.0250289
2.62004	433061922.96445924
2.62006	291541242.2710759
2.6200799999999997	256271316.54112315
2.6201	391201039.38735056
2.62012	484172367.5840998
2.62014	510152477.38556135
2.62016	500207270.61558163
2.62018	526065716.6025369
2.6202	535081579.0231037
2.62022	519612990.44589126
2.6202400000000003	512814149.88750774
2.62026	499148763.9498419
2.6202799999999997	499585701.4294153
2.6203	530053858.15599215
2.62032	535944724.0561242
2.62034	516606659.14399487
2.62036	459028869.1963369
2.62038	442904405.33203804
2.6204	413323406.43348664
2.62042	445851261.72518814
2.6204400000000003	363697235.54158235
2.62046	355664074.93235826
2.62048	193771544.08988547
2.6205	168213171.8461153
2.62052	290716713.25169206
2.62054	401420918.2043212
2.62056	317497273.389709
2.62058	351997841.2310858
2.6206	430556351.2435708
2.62062	364233594.70162076
2.6206400000000003	383742587.8631717
2.62066	413228246.158215
2.62068	298064325.7539487
2.6207	314992345.27844757
2.62072	408507467.66312504
2.62074	328987956.7205496
2.6207599999999998	332575306.5015227
2.62078	373404889.103759
2.6208	352703687.32211363
2.62082	383274565.5214424
2.6208400000000003	318720501.4285441
2.62086	452741181.63177836
2.62088	472552429.1574861
2.6209	518823931.1038131
2.62092	559087780.0339453
2.62094	563689571.1632731
2.6209599999999997	579228603.4018848
2.62098	584790084.1444799
2.621	590704120.0628217
2.62102	581286182.962295
2.6210400000000003	543575657.6944963
2.62106	518847824.37896395
2.62108	547772215.6556585
2.6211	557031814.087851
2.62112	533654283.81730574
2.62114	500841145.2998229
2.6211599999999997	517618750.4255364
2.62118	491597878.48601097
2.6212	346521351.84917384
2.62122	348794798.68401635
2.6212400000000002	354690862.19133687
2.62126	458500696.77942693
2.62128	486832989.6537796
2.6213	409477459.3565725
2.62132	354911441.34185195
2.62134	379996853.03685445
2.6213599999999997	492799206.65816426
2.62138	518525357.9858958
2.6214	500656662.5880617
2.62142	446179898.1345069
2.62144	364779144.1059016
2.62146	271025403.707781
2.62148	268274874.2676626
2.6215	316045783.0657621
2.6215200000000003	426284949.8615224
2.62154	461593835.21918935
2.6215599999999997	475904706.7058512
2.62158	466455265.60953766
2.6216	482347464.54350716
2.62162	358996322.6992195
2.62164	221625638.59880164
2.62166	270290013.5221012
2.62168	418051705.94543195
2.6217	408046822.20679903
2.6217200000000003	323921667.91115236
2.62174	361692913.5896081
2.6217599999999996	420620078.4038331
2.6217799999999998	505906197.8768
2.6218	481914507.00052464
2.62182	477870256.3941534
2.62184	431231026.2871388
2.62186	408460439.2100816
2.62188	485903469.4216193
2.6219	530005040.63966507
2.6219200000000003	522227815.504339
2.62194	454004335.3345314
2.62196	413561403.0063957
2.6219799999999998	282657165.8142105
2.622	314318541.06835216
2.62202	376331004.7709335
2.62204	415011374.6141952
2.62206	416821392.3715722
2.62208	322403687.1918186
2.6221	321877040.8330965
2.6221200000000002	435662320.137481
2.6221400000000004	412686250.7895216
2.62216	416581519.7379614
2.6221799999999997	515679657.8299631
2.6222	519062913.37722075
2.62222	462168136.0922441
2.62224	344889521.699273
2.62226	425255559.5093983
2.62228	415011374.6141952
2.6223	259752657.81725255
2.62232	255534768.88534626
2.6223400000000003	430338300.09724516
2.62236	496009506.2235332
2.6223799999999997	445194714.9054559
2.6224	354323534.8783848
2.62242	328163292.2184838
2.62244	426913609.6788132
2.62246	408479249.94157875
2.62248	520882779.7418946
2.6225	517475746.8368911
2.62252	521951319.71001774
2.6225400000000003	466283448.790725
2.62256	474351196.0856961
2.62258	495028268.5572507
2.6226	430943168.0279631
2.62262	401624316.9986058
2.62264	476804120.6276022
2.6226599999999998	476354201.3915909
2.62268	366682344.93347764
2.6227	439450537.49788153
2.62272	419237381.7165252
2.6227400000000003	273136663.51109004
2.62276	234207069.47938257
2.62278	359749335.1557415
2.6228	424590233.2790252
2.62282	261444794.9660702
2.62284	293453977.26108515
2.6228599999999997	473096788.54532987
2.62288	477342386.4338055
2.6229	380741310.1497556
2.62292	241874452.8855682
2.6229400000000003	317877654.6020555
2.62296	497084246.7535871
2.62298	500506820.4219242
2.623	438147158.98023355
2.62302	456814625.55322015
2.62304	441042051.9166748
2.6230599999999997	351673788.493
2.62308	307482214.3471824
2.6231	322923759.5548687
2.62312	446591034.3135464
2.6231400000000002	368561528.19758236
2.62316	393876436.4157407
2.62318	452678637.44652903
2.6232	494037596.2709385
2.62322	471335335.96946245
2.62324	348040673.18262315
2.6232599999999997	241168176.69744357
2.62328	333380351.3838573
2.6233	493548685.99878573
2.62332	468899748.71608585
2.6233400000000002	453367098.95807964
2.62336	510258208.5947232
2.62338	523166587.98420304
2.6234	494344833.93879026
2.62342	534047639.7247751
2.62344	468284733.903937
2.6234599999999997	457404044.0300421
2.62348	385620399.3044068
2.6235	305942633.0088626
2.62352	323132023.3257412
2.62354	484127775.71462095
2.62356	535167830.93471855
2.62358	542163155.0984321
2.6236	474427658.6271909
2.6236200000000003	465650421.0623532
2.62364	497954888.1974547
2.6236599999999997	520019943.7855186
2.62368	511446251.5963048
2.6237	503257203.5119083
2.62372	347544163.8511827
2.62374	285357965.514873
2.62376	323541503.99762696
2.62378	395175489.571763
2.6238	442211466.9051909
2.6238200000000003	406696092.7231062
2.62384	434880565.709633
2.6238599999999996	398593305.2125191
2.6238799999999998	414533850.04987127
2.6239	450837465.8959744
2.62392	397649096.47456616
2.62394	479468411.3749491
2.62396	461721395.93161964
2.62398	401892591.0665366
2.624	464451104.4987166
2.6240200000000002	478927748.1983018
2.62404	475433741.1327235
2.62406	493969347.1692555
2.6240799999999997	400940566.8071179
2.6241	309349914.26985294
2.62412	353329582.30565035
2.62414	443475875.7389944
2.62416	444273081.35552275
2.62418	432324651.439254
2.6242	311687940.9741566
2.62422	297735074.871075
2.6242400000000004	261938900.37214926
2.62426	305970812.664407
2.6242799999999997	283289188.2760768
2.6243	381970655.5268622
2.62432	480916856.8421091
2.62434	491303660.6186605
2.62436	470034785.9111283
2.62438	411452779.05150133
2.6244	410638816.9003001
2.62442	346329909.9755893
2.6244400000000003	449645239.7113115
2.62446	544828728.9988322
2.62448	523950187.3681319
2.6245	509788459.7773814
2.62452	536796901.088636
2.62454	567714517.4049152
2.62456	534835221.579877
2.62458	434710369.60620934
2.6246	439177416.8966177
2.62462	445738348.87373674
2.6246400000000003	512955865.2513468
2.62466	496798184.402716
2.62468	424160282.8528571
2.6247	361318334.7655532
2.62472	311336472.1635075
2.62474	434370177.1985988
2.6247599999999998	501753025.6133244
2.62478	550617487.0166645
2.6248	534096829.59538496
2.62482	464151758.31379426
2.6248400000000003	352581888.8192802
2.62486	367062484.62845474
2.62488	340517942.02527446
2.6249	462317145.5129219
2.62492	358335635.73635185
2.62494	285318544.5781842
2.6249599999999997	439946634.7160461
2.62498	517606831.9505681
2.625	494994074.3969343
2.62502	374843513.52189434
2.6250400000000003	332070273.60710824
2.62506	330963423.2929929
2.62508	431290607.1707111
2.6251	452178594.91154826
2.62512	529602467.64429
2.62514	530933342.74710906
2.6251599999999997	416130932.8311299
2.62518	365881120.138649
2.6252	381715679.8844487
2.62522	434960681.04892933
2.6252400000000002	491428115.9126423
2.62526	521891231.3026494
2.62528	542175639.0101463
2.6253	502805477.2806385
2.62532	533531419.5232504
2.62534	538678943.9003567
2.6253599999999997	456982953.28596133
2.62538	332108506.8110392
2.6254	410960423.25154775
2.62542	458447912.97448885
2.62544	342042443.2574285
2.62546	271150244.26205546
2.62548	327642325.6853781
2.6255	370237154.95645875
2.62552	287713340.87519735
2.62554	315413298.38079333
2.6255599999999997	347544163.8511827
2.62558	269655945.3404573
2.6256	263554235.486859
2.62562	237383210.9480662
2.62564	381416959.6669388
2.62566	496706679.223422
2.62568	455952918.5836153
2.6257	436415332.3262737
2.6257200000000003	488933731.229972
2.62574	538951890.9310843
2.6257599999999996	545644773.9569693
2.62578	483804607.45853394
2.6258	477210510.07844657
2.62582	385283135.83817464
2.62584	337465981.4944392
2.62586	368570014.7380949
2.62588	390669943.7502605
2.6259	329382104.4764932
2.6259200000000003	277836948.21444875
2.62594	327325620.6298507
2.62596	386580550.34314364
2.6259799999999998	432683167.1582425
2.626	459652895.2665
2.62602	438480212.9688042
2.62604	333510875.15492576
2.62606	392003549.97593987
2.62608	425118495.40702283
2.6261	440788240.76287484
2.6261200000000002	370330942.1142948
2.6261400000000004	455480721.5854128
2.62616	514458088.7957094
2.6261799999999997	492243511.27093935
2.6262	489136419.3044379
2.62622	498735175.6904119
2.62624	440270918.83215755
2.62626	403338798.27046716
2.62628	399779020.8805185
2.6263	330605443.4544495
2.62632	319396387.65653026
2.6263400000000003	374731326.13236004
2.62636	256153326.40879473
2.6263799999999997	289114584.24648124
2.6264	437451590.60980326
2.62642	329860262.3112713
2.62644	345915482.0058306
2.62646	475576076.89862996
2.62648	512991300.2110744
2.6265	504568344.07866174
2.62652	503570174.7730079
2.6265400000000003	449427869.5199689
2.62656	292819503.55742675
2.62658	295413270.01698583
2.6266	442853417.0131511
2.62662	471856563.0219511
2.62664	478013321.6061127
2.6266599999999998	475838962.58239865
2.62668	470413741.87375987
2.6267	350541951.4267805
2.62672	257780463.36132258
2.6267400000000003	176339660.36742255
2.62676	251941667.81870404
2.62678	353598162.9052388
2.6268	367341504.1817132
2.62682	442028223.5661216
2.62684	394875328.3122706
2.6268599999999998	348521841.4448462
2.62688	363613500.79897887
2.6269	442160558.3591964
2.62692	328042414.6615635
2.6269400000000003	266011247.57419318
2.62696	367764665.2618537
2.62698	471150872.8227662
2.627	473587248.1253355
2.62702	476485841.10742617
2.62704	481470851.67874783
2.6270599999999997	394829869.22692806
2.62708	388257630.71872354
2.6271	477122612.74979955
2.62712	446621884.79482096
2.6271400000000003	474449507.3313604
2.62716	499263710.4333426
2.62718	468166139.72436506
2.6272	330833896.49997956
2.62722	353809915.6474376
2.62724	443639288.3893624
2.6272599999999997	428094846.7629885
2.62728	499033843.93070036
2.6273	520463166.9252535
2.62732	500287900.99978024
2.6273400000000002	363328946.8501312
2.62736	267214487.2074651
2.62738	265454443.81273073
2.6274	355672264.49461395
2.62742	361393219.48359597
2.62744	415135621.079591
2.6274599999999997	494071724.3578046
2.62748	476716298.1517641
2.6275	495918146.3107508
2.62752	494880110.9202855
2.62754	422055923.58255607
2.62756	462200062.6387546
2.62758	506944014.8551621
2.6276	506407349.5238502
2.6276200000000003	481215934.83666265
2.62764	337504835.9379568
2.6276599999999997	232905637.0734641
2.62768	236728202.2413435
2.6277	358352138.0821916
2.62772	456951387.11215055
2.62774	462157494.4001558
2.62776	489158945.3876679
2.62778	489880328.05279046
2.6278	435241200.982617
2.6278200000000003	504568344.07866174
2.62784	505010025.6703172
2.6278599999999996	414056874.9396687
2.6278799999999998	365216171.9001636
2.6279	456762035.85323185
2.62792	456499178.1533184
2.62794	400977496.49865943
2.62796	324817934.2231891
2.62798	356237799.93380976
2.628	463938057.740031
2.6280200000000002	413675690.033596
2.62804	485769227.87838817
2.62806	508358395.1577112
2.6280799999999997	539796420.083758
2.6281	475357116.44295806
2.62812	346784757.2279211
2.62814	425833672.50712645
2.62816	488191259.938111
2.62818	472889858.1472982
2.6282	378948332.18202263
2.6282200000000002	450111387.0637366
2.6282400000000004	441387469.6395642
2.62826	415699976.5430279
2.6282799999999997	499930922.2273618
2.6283	550363976.6705505
2.62832	545481467.2420467
2.62834	471346188.9915957
2.62836	449014121.72202784
2.62838	418302056.77980137
2.6284	297193974.4899025
2.62842	415173858.24415743
2.6284400000000003	495461599.098369
2.62846	480717574.7853158
2.6284799999999997	428390666.3674615
2.6285	299709148.63070387
2.62852	264015849.87439942
2.62854	412933388.5137536
2.62856	477650239.67301273
2.62858	396360164.5156729
2.6286	368697336.29773235
2.62862	439946634.7160461
2.6286400000000003	543037723.4871706
2.62866	532488214.4660843
2.62868	474405810.9291663
2.6287	373336111.7160819
2.62872	412591237.2078693
2.62874	407230221.00651747
2.6287599999999998	365931671.9753477
2.62878	349470080.4802208
2.6288	444580080.34931475
2.62882	456341536.1483087
2.6288400000000003	355827902.0114522
2.62886	271925540.222905
2.62888	397951366.19129926
2.6289	514647657.07753146
2.62892	525436211.78469837
2.62894	478365664.6296855
2.6289599999999997	512766920.133871
2.62898	534576668.33793414
2.629	474678979.4829212
2.62902	347728270.10020816
2.6290400000000003	285706420.4223103
2.62906	374705441.50343037
2.62908	440930357.00860524
2.6291	477705234.35477704
2.62912	497187269.51794755
2.62914	423233465.02184075
2.6291599999999997	329662843.26788616
2.62918	427021753.91435695
2.6292	441153775.11890256
2.62922	421745055.82755727
2.6292400000000002	454318058.7626997
2.62926	509049482.1739137
2.62928	432125604.41549563
2.6293	494583928.65994596
2.62932	527606333.17190796
2.62934	480374560.3542594
2.6293599999999997	477265454.13155603
2.62938	455124274.87024313
2.6294	463916693.0948563
2.62942	483448258.34986126
2.62944	500748895.4481985
2.62946	482869750.7638274
2.62948	480518375.3069111
2.6295	429783758.989286
2.62952	238918621.32782072
2.62954	242158657.3460623
2.6295599999999997	398474009.71777546
2.62958	474394887.45744556
2.6296	432414252.5098639
2.62962	450744047.3294492
2.62964	470337926.2470702
2.62966	505626701.0150258
2.62968	516678035.92195106
2.6297	492402217.4099369
2.6297200000000003	458363471.52564746
2.62974	282520521.9963947
2.6297599999999997	223393226.11527178
2.62978	322611615.5515352
2.6298	383998917.42472243
2.62982	492481589.6668018
2.62984	475083557.63452256
2.62986	508475462.4813262
2.62988	456320521.3278265
2.6299	407295864.05312043
2.6299200000000003	483225673.45527947
2.62994	451647904.9291117
2.62996	382718979.54363734
2.6299799999999998	453471502.6099043
2.63	510493245.29870963
2.63002	435732546.26636034
2.63004	384538652.3972502
2.63006	429150872.6786245
2.63008	441956982.7757257
2.6301	358797988.806486
2.6301200000000002	423925947.97330004
2.6301400000000004	417436095.8943129
2.63016	426893950.0332229
2.6301799999999997	413256791.9401289
2.6302	435381528.7857448
2.63022	422512926.0741112
2.63024	431002709.1396999
2.63026	408648585.5127238
2.63028	241451551.27763984
2.6303	263329794.36755168
2.63032	355598565.22244614
2.6303400000000003	265747997.10008168
2.63036	276375791.91703624
2.6303799999999997	293616190.7390423
2.6304	381882713.658195
2.63042	476507784.5965841
2.63044	494356216.7802934
2.63046	473129470.04248
2.63048	382472311.0239287
2.6305	238182582.61132398
2.63052	245725371.3140803
2.6305400000000003	290803748.27353114
2.63056	335869060.92035645
2.63058	271750279.8515543
2.6306	175331520.8687366
2.63062	193807241.41513857
2.63064	266698148.07295227
2.6306599999999998	303857527.74672836
2.63068	444170795.4746373
2.6307	442506852.08007
2.63072	465253876.1101687
2.6307400000000003	516618554.58886814
2.63076	533138443.84078497
2.63078	536339768.24423885
2.6308	513546767.60116005
2.63082	417609144.5368693
2.63084	413894828.4554909
2.6308599999999998	270352257.2634938
2.63088	223310940.16786194
2.6309	346321935.52651805
2.63092	464911190.6509928
2.6309400000000003	356993246.23169196
2.63096	406013056.71398693
2.63098	523540158.32771325
2.631	524759125.9222986
2.63102	478475825.07672644
2.63104	379262584.2916785
2.6310599999999997	356000001.661676
2.63108	476409046.8528442
2.6311	525351528.29836303
2.63112	547961442.1527541
2.6311400000000003	501337279.4961046
2.63116	454600595.1969505
2.63118	415135621.079591
2.6312	291152149.0051098
2.63122	343312803.26565444
2.63124	385229910.6826135
2.6312599999999997	407981058.1297967
2.63128	264167873.36613807
2.6313	292806019.03144574
2.63132	393015790.7606785
2.6313400000000002	374394965.38379955
2.63136	422863305.18149984
2.63138	469148141.2453936
2.6314	372794932.29188627
2.63142	403942919.4836684
2.63144	468770204.8254788
2.6314599999999997	489609684.9673523
2.63148	491733730.76744175
2.6315	512070786.3133819
2.63152	522889595.15269846
2.63154	459663479.28739804
2.63156	325656686.7310566
2.63158	356344450.7154243
2.6316	339031460.0890948
2.6316200000000003	367688460.3089687
2.63164	418138348.8891047
2.6316599999999997	488776143.0186164
2.63168	436013564.0003988
2.6317	426432208.8964304
2.63172	406808482.5328743
2.63174	517011257.96865463
2.63176	513073991.30345815
2.63178	539610013.1984197
2.6318	563546815.4905266
2.6318200000000003	512955865.2513468
2.63184	466476747.16298693
2.6318599999999996	520978738.7336801
2.6318799999999998	498379304.859988
2.6319	384813234.6044651
2.63192	279106531.6722486
2.63194	329010683.188433
2.63196	392437047.8262522
2.63198	315667593.9216712
2.632	367163921.7545018
2.6320200000000002	408281780.45924747
2.63204	505871252.32170135
2.63206	481193774.53416586
2.6320799999999998	347744283.94756013
2.6321	406845952.7043165
2.63212	462508799.6493237
2.63214	373387693.5690785
2.63216	417243903.7252555
2.63218	446930506.8450679
2.6322	516047882.0846123
2.6322200000000002	517177949.57289463
2.6322400000000004	415527719.0204333
2.63226	377563497.10452443
2.6322799999999997	496809623.73535156
2.6323	466143894.227245
2.63232	320272758.22887355
2.63234	263305541.91407335
2.63236	277402263.2226131
2.63238	325769183.99237186
2.6324	267867484.9227502
2.63242	301550463.26218855
2.6324400000000003	301127209.7609088
2.63246	317161161.759191
2.6324799999999997	442618946.3402578
2.6325	448229049.9966207
2.63252	341357932.915697
2.63254	432563628.8965408
2.63256	524855799.0292069
2.63258	521891231.3026494
2.6326	439197642.2297854
2.63262	416783003.4704944
2.6326400000000003	502793899.8899625
2.63266	468953735.9023535
2.63268	376105773.3155364
2.6327	470999016.20379245
2.63272	443761887.39171296
2.63274	480175503.0139798
2.6327599999999998	509143261.1909558
2.63278	486440806.6714134
2.6328	453910260.5572284
2.63282	431777492.6155598
2.6328400000000003	494447288.9485241
2.63286	542587769.3991655
2.63288	487618304.44203556
2.6329	429012553.0780173
2.63292	419623691.4896668
2.63294	399236279.7514998
2.6329599999999997	502886526.48002416
2.63298	554395887.4667548
2.633	516797019.1342128
2.63302	460298966.7306144
2.6330400000000003	368867166.79772544
2.63306	334041172.9545723
2.63308	379839390.1545063
2.6331	219598818.9224071
2.63312	229414043.73085704
2.63314	414409783.68929017
2.6331599999999997	452678637.44652903
2.63318	379262584.2916785
2.6332	400959031.22771907
2.63322	475696548.1371032
2.6332400000000002	408780339.487593
2.63326	355737787.7816842
2.63328	329898241.0636004
2.6333	432036063.156
2.63332	446488214.7657113
2.63334	401245338.508173
2.6333599999999997	466219033.80136013
2.63338	462125570.79405344
2.6334	499896389.4154265
2.63342	518059926.98134154
2.6334400000000002	448239370.9707322
2.63346	293521555.3163497
2.63348	306979942.2113758
2.6335	351155924.51629114
2.63352	420097406.1134104
2.63354	433860387.6944018
2.6335599999999997	434460202.2128756
2.63358	490388187.1331481
2.6336	510023280.10422206
2.63362	493276016.2638657
2.63364	472857193.2013797
2.63366	478971861.1054902
2.63368	451200944.4107567
2.6337	414276215.2884855
2.6337200000000003	382278611.5799054
2.63374	451616707.27465713
2.6337599999999997	497141478.9869028
2.63378	467648989.2252354
2.6338	416092607.52079564
2.63382	385638158.1889779
2.63384	343637064.14906067
2.63386	294259166.1735073
2.63388	300054400.2443093
2.6339	467089387.4825561
2.6339200000000003	469526382.36883926
2.63394	316847292.2256121
2.6339599999999996	278022535.7029653
2.6339799999999998	409364332.1831283
2.634	368918131.20051396
2.63402	399080033.49789333
2.63404	288934898.15590864
2.63406	213137565.07243237
2.63408	330689191.2482382
2.6341	379070510.3830616
2.6341200000000002	400543787.3654025
2.63414	440412868.2861185
2.63416	440656316.6924702
2.6341799999999997	370330942.1142948
2.6342	345955309.2900444
2.63422	379909365.6006858
2.63424	410894189.5953867
2.63426	368536069.74847674
2.63428	287025181.3401699
2.6343	348080745.1525981
2.63432	418080584.9316505
2.6343400000000003	401217622.41941077
2.63436	251773490.00799087
2.6343799999999997	195501457.7292666
2.6344	292045151.14457357
2.63442	381364268.60645986
2.63444	349027784.07746905
2.63446	254179195.0411167
2.63448	297947674.44595194
2.6345	457235561.19031316
2.63452	394629911.4157366
2.6345400000000003	268769510.28545463
2.63456	325296956.49044925
2.63458	276216743.0047522
2.6346	383937029.0996577
2.63462	357700872.93113816
2.63464	332759145.19968516
2.63466	331963244.0505047
2.63468	457319794.8512571
2.6347	489192736.457628
2.63472	460055259.4353443
2.6347400000000003	344104221.01237243
2.63476	320007384.33198047
2.63478	312140412.523027
2.6348	362176276.9359074
2.63482	443649503.67909056
2.63484	419401519.89625525
2.6348599999999998	274214237.4504684
2.63488	278272314.350844
2.6349	414467040.4717759
2.63492	452116128.44515795
2.6349400000000003	364787543.55279756
2.63496	401097541.48944753
2.63498	492810553.90987426
2.635	400691380.33598304
