2.5775200000000003	468867359.3876407
2.57754	445666510.1299874
2.57756	561965947.2952898
2.5775799999999998	657279368.014958
2.5776	614157839.7413213
2.57762	701245358.9760008
2.57764	756031690.2242856
2.57766	749221100.4675108
2.57768	691703542.6814293
2.5777	550249935.0975714
2.5777200000000002	458437356.9427172
2.5777400000000004	520007970.02166647
2.57776	729575094.3897123
2.5777799999999997	755057455.1839623
2.5778	716605273.8035594
2.57782	644629238.5702709
2.57784	659356056.8879088
2.57786	660708661.2115878
2.57788	592270361.3062081
2.5779	564884944.5901526
2.57792	513783319.0912992
2.5779400000000003	572255532.4005575
2.57796	598080991.9493653
2.5779799999999997	659507896.7111998
2.578	703218034.5276033
2.57802	570426903.0998689
2.57804	551835963.1029007
2.57806	644837075.9824376
2.57808	560454034.711307
2.5781	604783591.8817992
2.57812	755231333.6057527
2.5781400000000003	748221184.014385
2.57816	606261514.384684
2.57818	562250693.7818958
2.5782	670501880.1628407
2.57822	754536060.0759856
2.57824	726306615.6462567
2.5782599999999998	560157299.8785245
2.57828	485042730.4424217
2.5783	550756967.4779578
2.57832	494640873.01693195
2.5783400000000003	479501533.0234157
2.57836	514849149.91504794
2.57838	611857094.4175156
2.5784	582639601.6235747
2.57842	531900011.8548213
2.57844	648410441.8358393
2.5784599999999998	743087575.6399578
2.57848	764891791.0070708
2.5785	743070465.613198
2.57852	696674637.0276604
2.5785400000000003	707815387.9616778
2.57856	731543237.5341121
2.57858	725437497.0183976
2.5786	630565201.4866335
2.57862	616665994.0710299
2.57864	668959768.6316091
2.5786599999999997	640412794.6547616
2.57868	568106816.1799674
2.5787	610393640.2296884
2.57872	730449170.1130688
2.5787400000000003	699342626.0672419
2.57876	590296217.0133967
2.57878	608989773.8140415
2.5788	727880357.9783835
2.57882	727360981.3631629
2.57884	684006139.6944214
2.5788599999999997	584561219.0226763
2.57888	467121653.988811
2.5789	495552874.9043027
2.57892	576434545.469887
2.5789400000000002	690239803.8402425
2.57896	770034174.8448613
2.57898	719448978.0036981
2.579	574923419.5160499
2.57902	502678140.64387643
2.57904	599073349.6288104
2.5790599999999997	761710601.2319983
2.57908	800921588.4198625
2.5791	792939403.9334308
2.57912	804322096.6988218
2.57914	782852603.0882021
2.57916	670409253.3033804
2.57918	637220882.9131621
2.5792	680973168.0149827
2.5792200000000003	728047977.9217781
2.57924	738312123.7711836
2.5792599999999997	707685015.5569177
2.57928	719879821.0055784
2.5793	551327937.3883351
2.57932	456352043.92146754
2.57934	512471832.70838636
2.57936	668759554.8158727
2.57938	611110857.7495254
2.5794	676425544.639858
2.5794200000000003	765103167.6207728
2.57944	781609807.150221
2.5794599999999996	739877805.9101626
2.5794799999999998	706398876.7577395
2.5795	675849504.9261097
2.57952	520355321.134559
2.57954	479567783.1846292
2.57956	605257249.598205
2.57958	698457523.8937585
2.5796	615318538.7288102
2.5796200000000002	660450084.3780771
2.57964	746741005.1080263
2.57966	713559183.7013358
2.5796799999999998	747773378.9063897
2.5797	788496917.7453786
2.57972	753893501.9415342
2.57974	594826077.5349445
2.57976	600647951.1429361
2.57978	704352402.0286133
2.5798	619398287.0810783
2.5798200000000002	658749047.0981333
2.5798400000000004	745658546.5553057
2.57986	695937117.471376
2.5798799999999997	705976102.0060288
2.5799	767909428.587608
2.57992	767962475.7238592
2.57994	701051624.4894303
2.57996	644436306.6696674
2.57998	620097527.930589
2.58	681428039.4811836
2.58002	725370684.8325977
2.5800400000000003	729155238.0615293
2.58006	723935710.2423041
2.5800799999999997	710117147.7150956
2.5801	758123571.6941172
2.58012	720974658.5099502
2.58014	668620980.3545909
2.58016	697461115.4135171
2.58018	713345621.6702245
2.5802	734006659.1560422
2.58022	688731584.9339988
2.5802400000000003	725771650.2674268
2.58026	765032702.2599374
2.58028	758979419.9929583
2.5803	756223205.4801449
2.58032	726908923.050305
2.58034	698714892.561127
2.5803599999999998	730028810.7712488
2.58038	717959588.5446744
2.5804	777195003.6683424
2.58042	784928322.5436865
2.5804400000000003	779112191.1130933
2.58046	769183571.7702757
2.58048	723902372.5384464
2.5805	571715543.837535
2.58052	578309065.0971891
2.58054	665349753.013536
2.5805599999999997	654847237.8543152
2.58058	700180481.4387512
2.5806	732689554.3036324
2.58062	786538526.0623465
2.5806400000000003	783429642.7662119
2.58066	695344461.8256632
2.58068	562729911.0134522
2.5807	547520015.3037683
2.58072	678437741.9247215
2.58074	772805136.5288756
2.5807599999999997	775389650.5504136
2.58078	684147902.7935561
2.5808	663376373.7573906
2.58082	742061671.0482458
2.5808400000000002	799263535.9272352
2.58086	792902888.5652099
2.58088	666085531.267725
2.5809	540007759.0665928
2.58092	609972140.8381269
2.58094	761763220.1536357
2.5809599999999997	793048960.1281981
2.58098	791553001.4220724
2.581	775246831.6528767
2.58102	675538336.3817848
2.5810400000000002	485523214.6987366
2.58106	464782748.687463
2.58108	594292158.6155714
2.5811	715780726.2318611
2.58112	650369251.0984622
2.58114	679375686.0630412
2.5811599999999997	692006223.0771698
2.58118	681255466.2721324
2.5812	639396125.08416
2.58122	651118447.5591207
2.58124	687369092.1498532
2.58126	693904973.0731634
2.58128	668990576.0767914
2.5813	607001829.4464899
2.5813200000000003	566748004.9365294
2.58134	588531889.5143504
2.5813599999999997	746981764.7707506
2.58138	760361292.0654495
2.5814	655933784.1483688
2.58142	624050880.0823315
2.58144	550630165.5988065
2.58146	445174213.4032426
2.58148	449624533.2595777
2.5815	569468885.2522473
2.5815200000000003	679250551.9624891
2.58154	719912973.4598268
2.5815599999999996	677157978.7605025
2.5815799999999998	660480499.9287964
2.5816	693457740.190356
2.58162	726039083.6847116
2.58164	732183605.0587711
2.58166	711344536.0913303
2.58168	664354681.9760056
2.5817	544628043.6471705
2.5817200000000002	554830082.2656335
2.58174	638131230.8558501
2.58176	565366407.0450494
2.5817799999999997	556045076.9575148
2.5818	661408847.401427
2.58182	742488959.0552796
2.58184	741993327.7899435
2.58186	702894265.2112806
2.58188	594333212.2814586
2.5819	541614147.4639701
2.58192	566891571.5231905
2.5819400000000003	543800997.646206
2.58196	613154613.0326021
2.5819799999999997	715896105.7522087
2.582	690875831.0497987
2.58202	751847915.5323234
2.58204	736224049.4847835
2.58206	624870468.0530638
2.58208	647798592.4033542
2.5821	729860734.776739
2.58212	613182850.4962211
2.5821400000000003	607561156.3320624
2.58216	744217708.9248537
2.58218	701164629.7677314
2.5822	628738420.9064722
2.58222	683376436.7915279
2.58224	771933697.9311827
2.5822599999999998	805842187.7614816
2.58228	780872268.8780526
2.5823	758542642.0452282
2.58232	745315237.160528
2.5823400000000003	704287531.7623999
2.58236	746689423.8483986
2.58238	644184098.2314268
2.5824	538641734.5623516
2.58242	605326936.4256418
2.58244	712672498.466735
2.5824599999999998	602934312.6201998
2.58248	536080487.665348
2.5825	636942165.3777092
2.58252	627566857.5744628
2.5825400000000003	658430590.6934657
2.58256	686657234.3927469
2.58258	702311856.044499
2.5826	667759384.2122842
2.58262	589182718.5922028
2.58264	610112608.285282
2.5826599999999997	706187457.7439522
2.58268	752021054.8452084
2.5827	690239803.8402425
2.58272	565275288.0902997
2.5827400000000003	608583256.8301955
2.58276	709251070.5558532
2.58278	701649144.4611847
2.5828	654847237.8543152
2.58282	484785922.4535483
2.58284	463361557.52117735
2.5828599999999997	562626261.8798263
2.58288	607743048.518165
2.5829	623821013.5873036
2.58292	560273394.7937971
2.5829400000000002	545192659.7004054
2.58296	621355289.8310542
2.58298	492833249.1971518
2.583	475707501.5810138
2.58302	522937757.2820959
2.58304	597282788.2898886
2.5830599999999997	690017332.676676
2.58308	707408053.9228594
2.5831	642939339.8980603
2.58312	627119059.3247355
2.58314	623864107.1046822
2.58316	553706982.2452
2.58318	530249173.19010484
2.5832	541626618.734173
2.5832200000000003	625647912.6980482
2.58324	744629092.4884663
2.5832599999999997	747635646.6455717
2.58328	721107479.1829004
2.5833	646264053.103815
2.58332	655661978.6756233
2.58334	648022372.7539488
2.58336	626989113.2399586
2.58338	737394679.95765
2.5834	771453937.4627687
2.5834200000000003	723835701.7363254
2.58344	588640311.0804836
2.5834599999999996	503593365.5705471
2.5834799999999998	524843713.9169547
2.5835	652183789.6494304
2.58352	700051515.3062173
2.58354	657885023.5567156
2.58356	671506158.4793196
2.58358	736902449.2600454
2.5836	746517512.047591
2.5836200000000002	684667952.2407053
2.58364	687384919.5903218
2.58366	670687172.2768053
2.5836799999999998	760326276.9401822
2.5837	754953147.3470163
2.58372	685614509.681153
2.58374	602018725.5182989
2.58376	632717723.5627544
2.58378	642332653.0761683
2.5838	587164783.6056423
2.5838200000000002	646487303.3517718
2.5838400000000004	709169419.7090315
2.58386	681035890.8500481
2.5838799999999997	483381472.1182229
2.5839	412420267.88293105
2.58392	437330734.9660222
2.58394	576301831.7905521
2.58396	707261471.0601954
2.58398	695200378.6742394
2.584	593745047.3021953
2.58402	567609950.1574214
2.5840400000000003	719564948.824027
2.58406	767502855.591838
2.5840799999999997	704985200.3381574
2.5841	614921956.0631726
2.58412	650444131.9359928
2.58414	751051987.9764953
2.58416	709218409.0890733
2.58418	734767604.0757445
2.5842	775836129.207629
2.58422	716753793.2079555
2.5842400000000003	557956061.4821775
2.58426	582451811.0768807
2.58428	728517519.1455861
2.5843	762535382.0801196
2.58432	752419426.5918709
2.58434	778986623.184751
2.5843599999999998	790187217.4681287
2.58438	734040462.190209
2.5844	665472326.2564363
2.58442	740389071.9568256
2.5844400000000003	780440862.1281179
2.58446	770885718.5604323
2.58448	730331445.1049163
2.5845	627942676.8431847
2.58452	459145148.75507265
2.58454	466304922.4315371
2.5845599999999997	650728757.7548779
2.58458	688176756.4552987
2.5846	583713852.5505083
2.58462	547204928.1455033
2.5846400000000003	635243163.7027234
2.58466	770796972.1709824
2.58468	802342874.3956467
2.5847	683911647.2814305
2.58472	615261868.4068259
2.58474	717893465.067981
2.5847599999999997	749790614.7750161
2.58478	770654999.1981524
2.5848	736868514.4295379
2.58482	622271627.8418231
2.5848400000000002	513913468.85232466
2.58486	508019052.3142071
2.58488	528274928.60721916
2.5849	618899312.1293752
2.58492	565392443.7297795
2.58494	603990350.1106735
2.5849599999999997	673333155.4598382
2.58498	702975193.5626527
2.585	690955375.6481501
2.58502	514221226.6341779
2.5850400000000002	488933731.229972
2.58506	534699773.3371344
2.58508	502585552.43636906
2.5851	481792461.04975224
2.58512	599169916.6264932
2.58514	728265941.5570625
2.5851599999999997	778179883.8699794
2.58518	713559183.7013358
2.5852	672016598.4076573
2.58522	742078757.8463818
2.58524	801382768.673015
2.58526	787372060.4869043
2.58528	776014792.6467998
2.5853	751605587.4607416
2.5853200000000003	739060514.4741637
2.58534	769236706.924263
2.5853599999999997	724352561.1037872
2.58538	673410680.266758
2.5854	686230473.6524204
2.58542	601326024.6739297
2.58544	547482195.2672796
2.58546	551099478.4275663
2.58548	692978881.9646125
2.5855	782077875.2494295
2.5855200000000003	796984729.0503575
2.58554	771720434.2329338
2.5855599999999996	717381214.5670723
2.5855799999999998	634380755.787698
2.5856	627566857.5744628
2.58562	724803029.6374692
2.58564	710476961.9776183
2.58566	757460517.0837202
2.58568	750066898.7360678
2.5857	693393873.3133718
2.5857200000000002	767891747.0231457
2.58574	832108579.7881979
2.58576	837799313.1900052
2.5857799999999997	826703925.8319898
2.5858	830366844.4616007
2.58582	798031437.127591
2.58584	768971067.8549942
2.58586	693553551.5359272
2.58588	572730089.2017014
2.5859	627220147.1210592
2.58592	765949258.3728876
2.5859400000000003	771755974.0906181
2.58596	770176033.4470887
2.5859799999999997	715846655.1091548
2.586	746517512.047591
2.58602	782636322.8017399
2.58604	685283065.8138672
2.58606	631451501.0991006
2.58608	647992530.9079779
2.5861	690987196.0517958
2.58612	679000352.9024332
2.5861400000000003	716374304.7864236
2.58616	789387054.6186932
2.58618	747411885.8267386
2.5862	694592356.6664292
2.58622	599073349.6288104
2.58624	643813382.766717
2.58626	758699853.1425004
2.58628	708434984.9515077
2.5863	746483134.4372741
2.58632	789696112.3504213
2.5863400000000003	808369650.574845
2.58636	763941318.6809558
2.58638	698714892.561127
2.5864	773392578.0489984
2.58642	798987527.7494235
2.58644	794877126.7887233
2.5864599999999998	780800351.1962006
2.58648	736105393.7510599
2.5865	729978383.9092357
2.58652	756571539.3368055
2.5865400000000003	745366723.4914234
2.58656	601450651.9775476
2.58658	582988516.1437876
2.5866	738771273.6350124
2.58662	796324357.7328529
2.58664	832626060.8491197
2.5866599999999997	787789158.8925786
2.58668	768705520.518364
2.5867	795957721.2414447
2.58672	729423918.2682774
2.5867400000000003	706610359.0663348
2.58676	693330012.3184735
2.58678	724969940.9182427
2.5868	659872454.965493
2.58682	492980794.04287845
2.58684	514849149.91504794
2.5868599999999997	709871924.2923245
2.58688	775853993.7003574
2.5869	790460185.6014869
2.58692	773161108.4055696
2.5869400000000002	784530803.1016409
2.58696	745898957.2183713
2.58698	710984282.454192
2.587	681161353.8524661
2.58702	624913634.0666925
2.58704	693841065.0064055
2.5870599999999997	663208372.1739581
2.58708	595620998.0669757
2.5871	658142596.1276473
2.58712	671614401.2073457
2.58714	681145669.7132446
2.58716	650174601.262245
2.58718	494014845.52270776
2.5872	459462424.55815095
2.58722	504115440.9609356
2.58724	444682460.48237604
2.5872599999999997	428558388.20539254
2.58728	438510503.15503734
2.5873	428953286.89750934
2.58732	531802041.2754607
2.58734	697573541.9234921
2.58736	625835219.7129638
2.58738	569770552.756135
2.5874	611462742.7082454
2.5874200000000003	673922567.9017957
2.58744	733601144.1443335
2.5874599999999996	766584440.4013934
2.58748	703866020.635799
2.5875	666975682.33018
2.58752	636678229.6412736
2.58754	586273143.3534505
2.58756	535106221.00785124
2.58758	574526413.624195
2.5876	674776578.7889347
2.5876200000000003	749134848.1658232
2.58764	783068943.1433762
2.58766	771631591.7488222
2.5876799999999998	647157516.9295386
2.5877	592161271.121696
2.58772	611406427.5018446
2.58774	511163694.03348535
2.58776	560234693.8154905
2.58778	638248789.7998608
2.5878	528798238.7617061
2.5878200000000002	555251831.8264606
2.5878400000000004	674139849.8898485
2.58786	780404922.3257649
2.5878799999999997	786592860.095509
2.5879	738737252.7439405
2.58792	758595042.1244425
2.58794	821920854.7091978
2.58796	835641500.0583863
2.58798	829793445.4340787
2.588	827618137.896434
2.58802	808406878.2301763
2.5880400000000003	777732056.427376
2.58806	759748760.1180764
2.5880799999999997	769679642.6427654
2.5881	681584962.1514459
2.58812	496958359.0315373
2.58814	482803044.45044494
2.58816	620897626.9640892
2.58818	636854174.6439284
2.5882	516428260.3353086
2.58822	524227742.0322727
2.5882400000000003	617802981.6940703
2.58826	713592045.0727798
2.58828	639602275.2679179
2.5883	485925846.618575
2.58832	460468578.3785737
2.58834	538430930.1907805
2.5883599999999998	533764885.8729748
2.58838	500034534.97697824
2.5884	628506827.7756646
2.58842	667697884.1323589
2.5884400000000003	530053858.15599215
2.58846	507761770.9237611
2.58848	640589771.6984391
2.5885	752783341.6176631
2.58852	769077312.4730098
2.58854	764979857.4982743
2.5885599999999998	758141028.335441
2.58858	710755125.1385533
2.5886	665579596.367229
2.58862	651328377.1823175
2.5886400000000003	732503998.9987452
2.58866	804044341.657703
2.58868	784964470.661111
2.5887	773784453.7852858
2.58872	600247002.5491345
2.58874	529395200.9061006
2.5887599999999997	596485649.919379
2.58878	569534451.5547799
2.5888	651493369.3677185
2.58882	717976120.3654622
2.5888400000000003	686799546.9422137
2.58886	720576343.2583917
2.58888	788315380.5215559
2.5889	780009693.7164987
2.58892	779524913.9782578
2.58894	787100158.7700032
2.5889599999999997	775907589.6466826
2.58898	713181386.6797386
2.589	636648910.2003729
2.58902	645728567.0039616
2.5890400000000002	489271591.3655929
2.58906	449862715.0358744
2.58908	540654721.4920564
2.5891	682103063.4001738
2.58912	735647900.7442712
2.58914	735512401.8733679
2.5891599999999997	751259539.982935
2.58918	752228874.6517153
2.5892	647381075.8222638
2.58922	503836933.43461585
2.58924	473958154.7727312
2.58926	584615061.5801345
2.58928	572716901.7558715
2.5893	499286702.9063012
2.5893200000000003	603712266.3114544
2.58934	714331826.1560501
2.5893599999999997	715599453.1263443
2.58938	713674205.1224747
2.5894	726657900.9552541
2.58942	674310620.5962962
2.58944	471129176.0228318
2.58946	435291312.86229515
2.58948	537464767.3065674
2.5895	667313636.939546
2.5895200000000003	695072329.826049
2.58954	670301204.8065926
2.5895599999999996	643205871.1853873
2.5895799999999998	692835288.9878026
2.5896	697621730.2610043
2.58962	744457655.0418723
2.58964	677173571.0786895
2.58966	562237747.6302824
2.58968	494811745.4289422
2.5897	601021488.859705
2.5897200000000002	617021077.7438464
2.58974	657748702.4199659
2.58976	717017903.7118537
2.5897799999999997	641120996.3274593
2.5898	589508402.9766064
2.58982	636795520.9079161
2.58984	601478350.4414331
2.58986	664247609.282173
2.58988	703768784.6683794
2.5899	637015500.2758789
2.58992	586394650.885208
2.5899400000000004	701213066.1773746
2.58996	705326173.335793
2.5899799999999997	619284200.2081953
2.59	543350411.119029
2.59002	639204759.4087143
2.59004	699246014.9867128
2.59006	701455298.4199712
2.59008	768157013.2438207
2.5901	737258859.3477587
2.59012	799097919.5810975
2.5901400000000003	847793338.8997175
2.59016	838957575.6308085
2.59018	798031437.127591
2.5902	771365125.6584687
2.59022	737768315.6652414
2.59024	624870468.0530638
2.59026	575029334.0784739
2.59028	660176407.4433838
2.5903	648410441.8358393
2.59032	629361250.388545
2.5903400000000003	709267401.8532953
2.59036	672868194.0044113
2.59038	651208409.1111681
2.5904	555482012.1503918
2.59042	489406800.78132707
2.59044	543725873.9514407
2.5904599999999998	642022132.7828963
2.59048	739162626.51106
2.5905	737275835.5557953
2.59052	586489174.1533993
2.5905400000000003	517714108.10552096
2.59056	618471939.2566792
2.59058	639248915.6343087
2.5906	628912171.7557795
2.59062	652108708.5379328
2.59064	580229759.981874
2.5906599999999997	650459109.1380433
2.59068	750637055.9702268
2.5907	762026369.2905358
2.59072	724269171.733694
2.5907400000000003	701277653.2618023
2.59076	758280695.9373271
2.59078	673658819.6359292
2.5908	621598560.4235308
2.59082	683628248.3574874
2.59084	633840521.1500988
2.5908599999999997	619969036.785668
2.59088	660510916.880233
2.5909	666208240.0584726
2.59092	659902843.9147822
2.5909400000000002	605340874.7539135
2.59096	627610209.8545119
2.59098	700115995.4029293
2.591	740730112.246247
2.59102	699020641.031592
2.59104	688620583.4642612
2.5910599999999997	632630316.416865
2.59108	684778316.5702126
2.5911	541464514.6180123
2.59112	467638221.3332928
2.59114	563183600.5307425
2.59116	728769183.6409408
2.59118	754570808.5457754
2.5912	712639679.4410019
2.59122	727612246.3355247
2.59124	765385093.9740748
2.5912599999999997	759626312.9545525
2.59128	614553929.6041166
2.5913	553911013.0176613
2.59132	686040887.3588609
2.59134	769803710.3421807
2.59136	736495334.4176768
2.59138	621856244.8647046
2.5914	537885701.8982906
2.5914200000000003	587597582.0358115
2.59144	589983682.1070546
2.5914599999999997	548794815.6135914
2.59148	628521299.846804
2.5915	664676003.6254473
2.59152	746362825.2676797
2.59154	756554118.8338853
2.59156	762570498.9407809
2.59158	737275835.5557953
2.5916	744543368.8308028
2.5916200000000003	727930639.9088938
2.59164	763448946.2502809
2.59166	797976312.9728066
2.5916799999999998	793724891.2232879
2.5917	737887239.4519116
2.59172	659842067.415637
2.59174	629187375.4713699
2.59176	687226661.584248
2.59178	754327602.8586555
2.5918	766655048.6891754
2.5918200000000002	782906682.498035
2.5918400000000004	797333479.1120571
2.59186	711229890.1382141
2.5918799999999997	568185308.4590687
2.5919	604379882.6370445
2.59192	595127474.1525395
2.59194	637279575.8282673
2.59196	631277048.7040929
2.59198	660495708.2294208
2.592	740048188.6861039
2.59202	779758288.8233172
2.5920400000000003	774497463.9075696
2.59206	644332444.1799027
2.5920799999999997	535291072.0698098
2.5921	606945925.0864638
2.59212	710624211.2640629
2.59214	690589546.3113005
2.59216	679594726.2120631
2.59218	699390936.6129813
2.5922	716093942.4872518
2.59222	735359995.4754007
2.5922400000000003	803507620.5259179
2.59226	811801781.4213362
2.59228	812138314.8397002
2.5923	794877126.7887233
2.59232	765244117.814237
2.59234	716605273.8035594
2.5923599999999998	707391765.4379926
2.59238	664507672.9077791
2.5924	527144888.8576222
2.59242	469223765.085941
2.5924400000000003	479170419.4745489
2.59246	623634309.4066911
2.59248	701342246.2951913
2.5925	734327850.8405725
2.59252	681773317.0572556
2.59254	655314835.5817132
2.5925599999999998	565887368.6242703
2.59258	452272310.79399
2.5926	485758042.75733507
2.59262	577484058.5120343
2.5926400000000003	546801881.1604214
2.59266	643146632.463444
2.59268	749738822.8630912
2.5927	761500161.8895367
2.59272	713608476.3260049
2.59274	735021427.6467954
2.5927599999999997	791954078.9912778
2.59278	741224899.7181218
2.5928	661683035.2456106
2.59282	690541843.723069
2.5928400000000003	760694016.1915916
2.59286	755805416.5429475
2.59288	743823679.6133771
2.5929	673100634.5841259
2.59292	587556993.6347083
2.59294	639042879.3418803
2.5929599999999997	658840062.929291
2.59298	650938561.7366741
2.593	525738764.2550876
2.59302	532414653.5821182
2.5930400000000002	606135890.2165555
2.59306	677547894.4433632
2.59308	703833607.1540195
2.5931	570886798.1600953
2.59312	497027021.10899657
2.59314	488022673.7659383
2.5931599999999997	555315761.2360035
2.59318	565379425.2375352
2.5932	492629029.23239315
2.59322	574129681.8795991
2.59324	688081687.890109
2.59326	631088112.9972944
2.59328	520595008.80154824
2.5933	543725873.9514407
2.5933200000000003	690541843.723069
2.59334	738125144.537723
2.5933599999999997	658097134.8179152
2.59338	536994700.8092388
2.5934	501221855.61064774
2.59342	595662143.5290108
2.59344	598425374.1551402
2.59346	630637802.1674395
2.59348	720476798.8340551
2.5935	659477525.9494853
2.5935200000000003	701923851.3895352
2.59354	702198665.8700705
2.5935599999999996	739945954.3127228
2.5935799999999998	735122981.6246731
2.5936	646636179.6938869
2.59362	717199536.1342223
2.59364	795737820.3772392
2.59366	758088659.6173083
2.59368	695072329.826049
2.5937	686056684.2159345
2.5937200000000002	767555874.6420515
2.59374	794913733.0760677
2.59376	792245899.4083458
2.5937799999999998	774354809.3417467
2.5938	792191174.8905454
2.59382	771507229.4534788
2.59384	709512416.4453511
2.59386	732099314.1583214
2.59388	699374832.7269344
2.5939	509588947.5060457
2.5939200000000002	474547838.9524366
2.5939400000000004	556429311.9838823
2.59396	714627953.2856083
2.5939799999999997	785814430.8176452
2.594	744234845.3681679
2.59402	672961160.6025517
2.59404	687084260.5318491
2.59406	723869036.3698084
2.59408	746070726.575267
2.5941	720244581.9858415
2.59412	778699686.7658495
2.5941400000000003	806844791.8620273
2.59416	802675486.6125693
2.5941799999999997	771596057.6190245
2.5942	634936070.6528102
2.59422	502770745.9083329
2.59424	526780875.80886906
2.59426	599832509.7862883
2.59428	626296522.0733899
2.5943	586435158.9917431
2.59432	683533808.1485051
2.5943400000000003	715846655.1091548
2.59436	619712134.3647171
2.59438	595717008.5664868
2.5944	475849919.3055608
2.59442	416428073.7019237
2.59444	464900485.79846627
2.5944599999999998	646799983.2685269
2.59448	680111314.5991777
2.5945	727160031.8602903
2.59452	730264182.1905974
2.5945400000000003	644955870.302549
2.59456	591316503.1980479
2.59458	632965442.730841
2.5946	708271880.5467438
2.59462	652754688.6716237
2.59464	495518644.50671536
2.5946599999999997	447991733.1714015
2.59468	553630490.0826216
2.5947	642672919.0558183
2.59472	466938839.92076
2.5947400000000003	422960684.26653934
2.59476	495415967.5001244
2.59478	651058480.0955216
2.5948	679672971.950456
2.59482	750481515.5747287
2.59484	729843929.3057419
2.5948599999999997	758944468.5037863
2.59488	762166752.664595
2.5949	635623579.9378442
2.59492	493776025.9111282
2.5949400000000002	556583080.3274761
2.59496	734581522.5000012
2.59498	736257954.6359001
2.595	682464397.1514297
2.59502	535500647.13641185
2.59504	518871718.7544661
2.5950599999999997	645535306.0839599
2.59508	729776711.2912197
2.5951	656961622.0913436
2.59512	629346758.9770522
2.5951400000000002	716110431.349457
2.59516	748169500.5111552
2.59518	738108148.7738465
2.5952	717265595.6947554
2.59522	738737252.7439405
2.59524	678031701.7152469
2.5952599999999997	603670564.7858437
2.59528	505137953.0118913
2.5953	557519420.3777348
2.59532	583136196.7189198
2.59534	676425544.639858
2.59536	670887963.1843294
2.59538	616836408.7246352
2.5954	612519613.7686268
2.5954200000000003	682055947.0171636
2.59544	742027498.6322623
2.5954599999999997	707962085.6259085
2.59548	678640853.2045114
2.5955	755109614.5066785
2.59552	821845156.4869758
2.59554	833930772.8159859
2.59556	814610493.1230013
2.59558	740730112.246247
2.5956	687400747.3952377
2.5956200000000003	613182850.4962211
2.59564	614044718.1056055
2.5956599999999996	682213014.2851285
2.5956799999999998	645475852.8230138
2.5957	621326676.0213587
2.59572	641490161.4837748
2.59574	672233265.8846956
2.59576	603642765.3690839
2.59578	617404797.7651004
2.5958	674994136.1219487
2.5958200000000002	749134848.1658232
2.59584	724903171.7939681
2.59586	692101833.8743906
2.5958799999999997	658824892.7508698
2.5959	597351556.9706869
2.59592	655812967.8080362
2.59594	694784306.1447498
2.59596	710362455.8496617
2.59598	647977610.5003362
2.596	479170419.4745489
2.59602	410279672.3347971
2.5960400000000003	440392586.9910114
2.59606	614242694.6439466
2.5960799999999997	640044249.5021776
2.5961	680785034.1679819
2.59612	766407948.1310982
2.59614	793633515.5282736
2.59616	748307331.1205443
2.59618	689842584.209481
2.5962	704920271.7917528
2.59622	709970003.4978908
2.5962400000000003	696049298.3221046
2.59626	706935840.101228
2.59628	693617433.1204964
2.5963	717364696.444339
2.59632	623404596.3537047
2.59634	618870811.4190309
2.59636	665502973.0952641
2.59638	678406499.4314917
2.5964	767290816.0114422
2.59642	753320871.2267317
2.5964400000000003	669129227.1383139
2.59646	573469071.007283
2.59648	540244059.3775375
2.5965	614412439.6226634
2.59652	617703411.6431587
2.59654	703866020.635799
2.5965599999999998	649381631.5762112
2.59658	696450091.8532667
2.5966	618215657.2021607
2.59662	592365831.7033528
2.5966400000000003	730516450.0661898
2.59666	757722179.8629549
2.59668	609382530.6272662
2.5967	489249060.0949432
2.59672	559615841.6026715
2.59674	677126795.2011845
2.5967599999999997	734260219.8606329
2.59678	790205412.4106836
2.5968	746775394.5939999
2.59682	701519907.8158405
2.5968400000000003	723469122.0678096
2.59686	782095883.4653263
2.59688	791443651.8873622
2.5969	773161108.4055696
2.59692	775175432.0690808
2.59694	739077532.1673232
2.5969599999999997	715566499.3124716
2.59698	661393618.0752385
2.597	594401641.3602209
2.59702	605982384.9164573
2.5970400000000002	728534294.0745119
2.59706	751536365.2157326
2.59708	738584178.1207958
2.5971	759538862.7774636
2.59712	804692586.0145558
2.59714	810382399.2807816
2.5971599999999997	807978863.6830895
2.59718	752974034.0134163
2.5972	636854174.6439284
2.59722	563572768.3780395
2.59724	548163355.8000578
2.59726	456310014.28049386
2.59728	428913780.65910643
2.5973	493139737.8920731
2.59732	646412878.0347445
2.59734	720377268.161336
2.5973599999999997	723819034.9952408
2.59738	635945648.5294749
2.5974	591970411.6460869
2.59742	599349296.6359725
2.59744	492526950.98641366
2.59746	504638057.58703715
2.59748	613691347.2700812
2.5975	763747848.7952813
2.5975200000000003	764627652.3594666
2.59754	747222602.0577313
2.5975599999999996	751397939.8510623
2.59758	743583937.8329533
2.5976	722403763.7475702
2.59762	609663226.2810582
2.59764	585800853.3592858
2.59766	557956061.4821775
2.59768	542263034.4412875
2.5977	548390597.5876089
2.5977200000000003	637675894.4326102
2.59774	696722763.2688775
2.59776	553337368.0052998
2.5977799999999998	465982921.63052255
2.5978	530786660.70886785
2.59782	628767376.0474902
2.59784	679641672.574091
2.59786	651928549.1340643
2.59788	538641734.5623516
2.5979	559834940.2078904
2.5979200000000002	628434472.4182297
2.5979400000000004	631218908.6167077
2.59796	624784144.9707016
2.5979799999999997	586111172.4755467
2.598	574050368.4116898
2.59802	575360442.8632698
2.59804	658415429.9433825
2.59806	584036513.8926297
2.59808	642125622.8644483
2.5981	679923418.8581792
2.59812	618386500.1026748
2.5981400000000003	561875376.3857267
2.59816	545418669.9822683
2.5981799999999997	578735335.9882833
2.5982	664186432.6337798
2.59822	510716630.44563377
2.59824	491450747.53483146
2.59826	563144698.5294887
2.59828	502018821.66772866
2.5983	593430686.3976166
2.59832	650204543.5985832
2.5983400000000003	571162913.1519905
2.59836	552306303.6563891
2.59838	504649677.44150233
2.5984	508007354.87791157
2.59842	548693733.1829911
2.59844	619312719.9562352
2.5984599999999998	582344529.3695903
2.59848	622988457.0897617
2.5985	771507229.4534788
2.59852	771773744.6332213
2.5985400000000003	697862721.8858844
2.59856	689207508.2173145
2.59858	687289960.4138814
2.5986	725738228.0173534
2.59862	736546211.4702315
2.59864	720310922.0183752
2.5986599999999997	697750248.7693655
2.59868	741224899.7181218
2.5987	695024317.5887975
2.59872	681020209.599683
2.5987400000000003	671537083.1927909
2.59876	638072459.5040303
2.59878	638601596.5907643
2.5988	691576137.9149122
2.59882	683423644.3938906
2.59884	658582217.3957547
2.5988599999999997	629535173.3557758
2.59888	555725083.7914776
2.5989	481648264.77436614
2.59892	568224558.6653452
2.5989400000000002	739758561.3079419
2.59896	744354811.5202805
2.59898	772360402.1492084
2.599	800884705.4669288
2.59902	797003080.5131996
2.59904	767467511.5929857
2.5990599999999997	728702064.609594
2.59908	685361966.4842588
2.5991	496169426.571565
2.59912	445410037.69010264
2.5991400000000002	533015698.3096
2.59916	669452858.0432938
2.59918	669961737.1720556
2.5992	546059541.3806176
2.59922	452876723.6795334
2.59924	504382488.4690356
2.5992599999999997	588260922.9603851
2.59928	509049482.1739137
2.5993	534822906.6855743
2.59932	716308327.3130366
2.59934	784440485.8542088
2.59936	800405381.6123147
2.59938	785959196.5181915
2.5994	696578394.5179752
2.5994200000000003	550718923.8484595
2.59944	592816113.7579049
2.5994599999999997	748135046.8257067
2.59948	760921753.426137
2.5995	715467646.9758455
2.59952	721755330.4467171
2.59954	758909518.6241529
2.59956	652424107.302369
2.59958	652935076.3778218
2.5996	721439637.9258089
2.5996200000000003	575294205.8573099
2.59964	514019979.5425126
2.5996599999999996	626065828.405661
2.5996799999999998	740065229.1215614
2.5997	777732056.427376
2.59972	723369178.0189167
2.59974	701422995.9534991
2.59976	676534580.3431526
2.59978	643042977.8278474
2.5998	528603458.17313445
2.5998200000000002	560170198.1255044
2.59984	644391792.124171
2.59986	732824533.1389042
2.5998799999999997	783826604.2535659
2.5999	800903146.7310803
2.59992	800442242.4910641
2.59994	761517696.2806181
2.59996	676737121.8527769
2.59998	654319705.93229
2.6	730129674.9459661
2.60002	726908923.050305
2.6000400000000004	729843929.3057419
2.60006	705147547.8697009
2.6000799999999997	640117941.56154
2.6001	665702211.9527395
2.60012	722686596.4432793
2.60014	744783419.9450943
2.60016	745366723.4914234
2.60018	758699853.1425004
2.6002	701729929.4544808
2.60022	698537941.4170046
2.6002400000000003	751328736.7302239
2.60026	776711973.2733638
2.60028	750291454.4149692
2.6003	747790597.2229736
2.60032	791516549.8985798
2.60034	805934969.1127452
2.60036	738125144.537723
2.60038	693984866.4344542
2.6004	661865890.2859923
2.60042	614497329.7019922
2.6004400000000003	504858880.5806335
2.60046	520331358.43821335
2.60048	621126416.2452631
2.6005	717397733.0701538
2.60052	731576927.120909
2.60054	748893394.5428759
2.6005599999999998	742249647.4685856
2.60058	664783145.3738546
2.6006	514837295.21175385
2.60062	504963514.6699836
2.6006400000000003	637308924.3130623
2.60066	799447594.3472502
2.60068	810251791.5965472
2.6007	797737485.6322411
2.60072	793140268.5199109
2.60074	745126484.3725892
2.6007599999999997	652514249.2504398
2.60078	685267286.7698132
2.6008	715896105.7522087
2.60082	729793515.2144499
2.6008400000000003	752731342.982632
2.60086	678578350.9504069
2.60088	684510319.7674632
2.6009	712639679.4410019
2.60092	679453906.5820532
2.60094	577843190.806212
2.6009599999999997	504034193.69990283
2.60098	576899284.0692849
2.601	713279923.1360154
2.60102	709806545.6827341
2.6010400000000002	645044980.4042702
2.60106	727461476.9381653
2.60108	782510186.896256
2.6011	734987579.4385368
2.60112	681255466.2721324
2.60114	678203458.2917391
2.6011599999999997	669237086.7193958
2.60118	663697222.2384824
2.6012	641933440.2741578
2.60122	642702515.9189667
2.60124	668190043.410552
2.60126	641696986.8139273
2.60128	680565610.3708502
2.6013	615389383.9716477
2.60132	563871312.5034515
2.60134	636516989.4238825
2.6013599999999997	715550022.9746202
2.60138	615928074.4499353
2.6014	631204374.431546
2.60142	752384777.1946032
2.60144	768670121.1360235
2.60146	745984836.9528995
2.60148	653235833.3390676
2.6015	544352221.9831855
2.6015200000000003	615984806.1345896
2.60154	684872928.7262648
2.6015599999999997	644302772.2575097
2.60158	561914190.7022847
2.6016	555814663.311103
2.60162	508873693.07097673
2.60164	466068766.7632242
2.60166	521002731.24367446
2.60168	518358232.0985041
2.6017	509049482.1739137
2.6017200000000003	654651247.7957748
2.60174	665579596.367229
2.60176	581594110.5003946
2.6017799999999998	539498199.9669784
2.6018	561435668.1329817
2.60182	704514603.8361821
2.60184	674683361.3988277
2.60186	676300953.9253898
2.60188	692165581.7446644
2.6019	674139849.8898485
2.6019200000000002	584090308.120734
2.6019400000000004	639602275.2679179
2.60196	780494774.9350297
2.6019799999999997	814404191.1530497
2.602	811839167.1357768
2.60202	758525176.1565133
2.60204	730264182.1905974
2.60206	776676205.1887378
2.60208	812100915.3493195
2.6021	765067934.129091
2.60212	600952297.6867049
2.6021400000000003	587191824.1658256
2.60216	687495721.8785226
2.6021799999999997	752644686.5726029
2.6022	746895770.2672724
2.60222	729440714.0680516
2.60224	653792598.979501
2.60226	655979096.0139694
2.60228	707163766.0263697
2.6023	701390694.9745735
2.60232	688890189.5013776
2.6023400000000003	766231496.4949684
2.60236	770211502.1808509
2.60238	656039516.703912
2.6024	552217289.5719609
2.60242	628362125.3905313
2.60244	760448836.9336604
2.6024599999999998	765843445.8816656
2.60248	763642340.4190239
2.6025	748720975.3174834
2.60252	708027294.3466262
2.6025400000000003	667697884.1323589
2.60256	539610013.1984197
2.60258	588884332.6392044
2.6026	727729533.0252922
2.60262	701632988.5785791
2.60264	685298845.2212512
2.6026599999999998	679234911.8206005
2.60268	564364905.8525351
2.6027	551835963.1029007
2.60272	707277756.5448889
2.6027400000000003	764944629.6851059
2.60276	705261213.386058
2.60278	637367625.3374534
2.6028	738737252.7439405
2.60282	812699513.9218391
2.60284	788043153.0497166
2.6028599999999997	774907742.1909962
2.60288	796911327.4244205
2.6029	797590550.4904824
2.60292	786122089.809678
2.6029400000000003	790733248.0309783
2.60296	781807801.7635872
2.60298	754796712.6091002
2.603	727746289.8099582
2.60302	650294378.8814104
2.60304	662689363.4990978
2.6030599999999997	548554775.2404983
2.60308	437643013.68687725
2.6031	435110937.092768
2.60312	541913537.2197046
2.6031400000000002	682983166.8954986
2.60316	722320598.7281492
2.60318	658976610.2550164
2.6032	600053536.9617524
2.60322	652168772.7356007
2.60324	596980300.1340594
2.6032599999999997	634176288.5516751
2.60328	751190349.6086085
2.6033	758944468.5037863
2.60332	751501756.4840076
2.60334	779740334.4319062
2.60336	776586792.1832556
2.60338	762219403.0971484
2.6034	657355044.4548966
2.6034200000000003	512070786.3133819
2.60344	447476260.4150167
2.6034599999999997	471813105.42775583
2.60348	586705284.5567012
2.6035	629549669.1057199
2.60352	713444180.8179684
2.60354	671166080.6075164
2.60356	660085207.0021588
2.60358	708810267.6387829
2.6036	669560769.7917157
2.6036200000000003	635857795.4600748
2.60364	741617552.3653687
2.6036599999999996	766531488.4531591
2.6036799999999998	677438695.4262946
2.6037	715302923.4272282
2.60372	780063576.7383264
2.60374	787063912.3027712
2.60376	732655813.4796402
2.60378	636546302.7894671
2.6038	697702051.5544131
2.6038200000000002	697573541.9234921
2.60384	551213696.0719113
2.60386	490614071.2467894
2.6038799999999998	531471523.77491677
2.6039	587814100.8668963
2.60392	661911611.9411211
2.60394	639072309.0316753
2.60396	668667168.6509277
2.60398	685551365.1591287
2.604	701503754.9089872
2.6040200000000002	691273645.6364788
2.6040400000000004	609775540.741812
2.60406	521963338.2216653
2.6040799999999997	525641928.51495147
2.6041	637999002.9259369
2.60412	751190349.6086085
2.60414	759311539.4300135
2.60416	754900998.8322953
2.60418	675756139.316015
2.6042	508686251.60431075
2.60422	511976468.07595086
2.6042400000000003	554408653.0507863
2.60426	593622016.6860701
2.6042799999999997	683895899.815089
2.6043	733533580.093472
2.60432	680753683.5804384
2.60434	668236201.9377911
2.60436	727595492.6372913
2.60438	756641225.3598471
2.6044	768386984.7568954
2.60442	729407122.8552364
2.6044400000000003	684163656.0625448
2.60446	649890217.8289063
2.60448	544226894.6814108
2.6045	539373990.2164094
2.60452	492799206.65816426
2.60454	565809193.7953627
2.6045599999999998	755440040.5676183
2.60458	802139679.228184
2.6046	769396134.4106748
2.60462	745315237.160528
2.6046400000000003	732487132.665041
2.60466	695696790.8118567
2.60468	704871579.3062626
2.6047	610379585.5585314
2.60472	596252207.5874625
2.60474	537378145.2023883
2.6047599999999997	604352050.5557426
2.60478	670285770.7286652
2.6048	700148237.6784186
2.60482	783086974.1797174
2.6048400000000003	777123424.6595358
2.60486	702150161.3799639
2.60488	630086246.5664399
2.6049	645921885.7825851
2.60492	532047001.5658552
2.60494	528031705.02069384
2.6049599999999997	636986165.3034492
2.60498	652905008.2986975
2.605	645817783.8650515
2.60502	582451811.0768807
2.6050400000000002	592761515.8904133
2.60506	619227164.6521107
2.60508	656931368.5872089
2.6051	701584523.1627289
2.60512	669853760.8005332
2.60514	634950690.7644421
2.6051599999999997	720310922.0183752
2.60518	755318287.8316703
2.6052	672697788.5957959
2.60522	553375592.51676
2.6052400000000002	576500913.7698543
2.60526	711098888.8168334
2.60528	783375527.2328113
2.6053	797976312.9728066
2.60532	781627804.5883307
2.60534	723119378.2973756
2.6053599999999997	623921569.758618
2.60538	599832509.7862883
2.6054	660556544.9338821
2.60542	762254505.4061047
2.60544	777517190.8047909
2.60546	762236954.0495615
2.60548	708647076.8319374
2.6055	714430521.5623939
2.6055200000000003	739281775.0521955
2.60554	725704807.3063958
2.6055599999999997	688319383.9319924
2.60558	643487329.6363274
2.6056	487315247.3442929
2.60562	410241885.92065316
2.60564	437209912.71127665
2.60566	596307126.9743495
2.60568	609972140.8381269
2.6057	641756092.012423
2.6057200000000003	693649376.1192392
2.60574	736529252.062217
2.60576	740474317.3058532
2.6057799999999998	710019048.1822087
2.6058	748203955.783288
2.60582	747153783.4820061
2.60584	657370180.7884204
2.60586	589169152.3149402
2.60588	644584710.6979686
2.6059	620326022.3900809
2.6059200000000002	553171758.9641695
2.6059400000000004	585908771.8036301
2.60596	633446586.2485111
2.6059799999999997	648022372.7539488
2.606	632178905.1528777
2.60602	583821386.519686
2.60604	669699539.0282421
2.60606	777606710.9325393
2.60608	754779332.9726052
2.6061	772307051.225455
2.60612	820238216.4041951
2.6061400000000003	812961539.5231248
2.60616	773891363.4430842
2.6061799999999997	661652564.3173685
2.6062	638881040.2715458
2.60622	664324088.0167205
2.60624	549224623.734427
2.60626	499010863.10205775
2.60628	587651704.2655151
2.6063	634526844.1732551
2.60632	591507151.8444989
2.6063400000000003	549224623.734427
2.60636	627335695.9840372
2.60638	705943591.3536514
2.6064	598287597.4832948
2.60642	564144034.3869928
2.60644	632280808.5657183
2.6064599999999998	637969622.6625792
2.60648	582773774.7963676
2.6065	569744314.4566758
2.60652	680205281.9405359
2.6065400000000003	676908550.490908
2.60656	652364019.5886012
2.60658	716539275.0581194
2.6066	688050001.286978
2.60662	552306303.6563891
2.60664	551632696.666275
2.6066599999999998	568617209.886137
2.60668	673519229.9921678
2.6067	775121886.6966625
2.60672	812549822.9264479
2.6067400000000003	807216443.1893591
2.60676	724886480.4737631
2.60678	689223377.9893647
2.6068	759923718.8771214
2.60682	795921066.8777754
2.60684	801106028.6645305
2.6068599999999997	795334826.5683993
2.60688	806046320.8352196
2.6069	808890993.791955
2.60692	808704761.1991817
2.6069400000000003	791917608.997906
2.60696	748617542.8371137
2.60698	629390234.2125837
2.607	571057710.7450274
2.60702	609452692.4225737
2.60704	461476935.5250058
2.6070599999999997	445348506.2698576
2.60708	583807943.6902378
2.6071	712492012.5270036
2.60712	741976242.9588846
2.6071400000000002	773606303.841496
2.60716	776247116.6286926
2.60718	741532175.4041173
2.6072	621097812.9753456
2.60722	582867714.4012535
2.60724	728601397.6529068
2.6072599999999997	786774000.6486763
2.60728	808257977.8946766
2.6073	801955001.0040777
2.60732	789968910.8327817
2.60734	774622308.2106067
2.60736	777230795.6450714
2.60738	744474797.0102136
2.6074	615701199.955915
2.6074200000000003	538083902.8218377
2.60744	605968431.8170382
2.6074599999999997	512814149.88750774
2.60748	464226576.7676569
2.6075	566304483.4983764
2.60752	708908200.1609296
2.60754	629346758.9770522
2.60756	475072618.5572869
2.60758	439754204.04554087
2.6076	494948485.85732293
2.6076200000000003	667190724.545921
2.60764	722869664.8387067
2.6076599999999996	714595044.2099293
2.6076799999999998	713362047.2492758
2.6077	675662786.6039679
2.60772	574341238.0388006
2.60774	559551417.1565782
2.60776	592665981.7216499
2.60778	582988516.1437876
2.6078	634599900.9812871
2.6078200000000002	659720531.2092253
2.60784	526538340.1006843
2.60786	483069925.0077969
2.6078799999999998	616580804.4003392
2.6079	750256903.0121824
2.60792	786158292.9033827
2.60794	770246972.5480492
2.60796	703201842.5203878
2.60798	685456659.2800939
2.608	715171171.894488
2.6080200000000002	669160042.3875313
2.6080400000000004	706073642.9466747
2.60806	649082649.1318414
2.6080799999999997	525678239.82715166
2.6081	571518114.3810564
2.60812	565626827.8567426
2.60814	608317065.2630169
2.60816	704887809.7610312
2.60818	646829770.1943849
2.6082	642613729.4183197
2.60822	525775082.2566948
2.6082400000000003	518155365.93653655
2.60826	661012998.8653666
2.6082799999999997	710051746.5206333
2.6083	695648735.4398556
2.60832	616524017.824744
2.60834	556173125.8096411
2.60836	659067657.5273579
2.60838	732335353.1366978
2.6084	713263499.4479171
2.60842	538517721.9975272
2.6084400000000003	521650946.8405662
2.60846	608064991.1794779
2.60848	660039611.5062588
2.6085	641061949.620744
2.60852	472410998.34293854
2.60854	458131337.72919524
2.6085599999999998	590799337.9913611
2.60858	551531091.5268087
2.6086	448642074.3836892
2.60862	493014849.1259094
2.6086400000000003	679610374.6390796
2.60866	721954786.3690646
2.60868	661561159.9516243
2.6087	565978586.242697
2.60872	519373754.91095
2.60874	479446331.5470288
2.6087599999999997	562470823.9741307
2.60878	513676857.4398044
2.6088	488742380.72491765
2.60882	612477303.8740197
2.6088400000000003	616041543.0446657
2.60886	526526216.24693817
2.60888	611350117.4820273
2.6089	738244125.8430445
2.60892	772431542.4472266
2.60894	733432245.684363
2.6089599999999997	609326407.0066556
2.60898	497244513.6128802
2.609	536117520.0725744
2.60902	610225005.5328823
2.6090400000000002	663162560.9448997
2.60906	639941094.8713374
2.60908	605577875.4452463
2.6091	542000890.4016237
2.60912	595991409.5655153
2.60914	680440257.0983274
2.6091599999999997	627032425.609467
2.60918	642954144.2938985
2.6092	709414400.4534057
2.60922	591875004.9779892
2.6092400000000002	512814149.88750774
2.60926	631538745.3743849
2.60928	743019137.896702
2.6093	731745398.3288054
2.60932	758071204.1818018
2.60934	779453120.3866636
2.6093599999999997	789150797.9681305
2.60938	783285342.9837725
2.6094	714924203.1750289
2.60942	613620697.5096903
2.60944	663468028.9215167
2.60946	744183437.2219428
2.60948	709447070.9461323
2.6095	569757433.4553655
2.6095200000000003	574552872.1525327
2.60954	689540850.1796068
2.6095599999999997	725955500.1577075
2.60958	735834252.4511573
2.6096	657476144.8824099
2.60962	669036789.9047779
2.60964	685204174.2267281
2.60966	619227164.6521107
2.60968	469548005.3557004
2.6097	415948919.0410384
2.6097200000000003	450152845.76375103
2.60974	628434472.4182297
2.6097599999999996	699117220.9734077
2.6097799999999998	726507329.3089339
2.6098	615956439.6391159
2.60982	465082501.8180829
2.60984	488731127.1452765
2.60986	659280150.0861614
2.60988	641372005.5120245
2.6099	681428039.4811836
2.6099200000000002	771240806.3089235
2.60994	731307453.862484
2.60996	714414071.3810927
2.6099799999999997	741259035.1722083
2.61	685267286.7698132
2.61002	630565201.4866335
2.61004	646755305.4516721
2.61006	650758725.6116533
2.61008	626686010.4124918
2.6101	607169573.4237791
2.61012	664339384.82025
2.6101400000000003	548617933.5785226
2.61016	522239840.38261074
2.6101799999999997	619954761.6353958
2.6102	713411326.255768
2.61022	731509549.4987395
2.61024	638160618.5617142
2.61026	582934823.3898015
2.61028	684983326.096741
2.6103	762816362.2519859
2.61032	768652422.0561696
2.6103400000000003	810195823.3187371
2.61036	797866076.0861083
2.61038	716803306.5160507
2.6104	688636439.7217139
2.61042	689159901.0935922
2.61044	679845144.2876803
2.61046	746998964.8595355
2.61048	744920626.7579406
2.6105	699777541.1406778
2.61052	681914617.3946688
2.6105400000000003	706854455.7898195
2.61056	655933784.1483688
2.61058	606331316.8390329
2.6106	691639837.364569
2.61062	761657985.9450186
2.61064	685961908.5293143
2.6106599999999998	600302289.8871791
2.61068	541801246.6723162
2.6107	538207815.4846042
2.61072	685504010.5840987
2.6107400000000003	680659640.4798244
2.61076	637323599.0623006
2.61078	732335353.1366978
2.6108	771684896.0118796
2.61082	794035647.2878318
2.61084	765385093.9740748
2.6108599999999997	721074271.7208943
2.61088	740286790.4919363
2.6109	746637846.1517582
2.61092	760676500.7662266
2.6109400000000003	796251016.9265611
2.61096	798582888.157361
2.61098	785705874.0409997
2.611	757896671.9309235
2.61102	750533358.7918204
2.61104	678172226.587421
2.6110599999999997	641874318.7420355
2.61108	675258407.1857052
2.6111	594073253.6193889
2.61112	645015275.6691296
2.6111400000000002	686293680.725529
2.61116	689159901.0935922
2.61118	679735575.0275233
2.6112	726925660.9395075
2.61122	766708009.1729399
2.61124	706463941.494969
2.6112599999999997	690748578.7393566
2.61128	758839623.6932018
2.6113	730381896.3563752
2.61132	681380969.7255634
2.61134	710836958.5569686
2.61136	692659826.8667289
2.61138	542175639.0101463
2.6114	550059918.3194993
2.61142	596897829.9546355
2.61144	687052619.8608907
2.6114599999999997	695152357.5919894
2.61148	627234589.5649407
2.6115	698328875.1125064
2.61152	726356788.8627431
2.61154	770105100.8795601
2.61156	771240806.3089235
2.61158	706350082.1373645
2.6116	634862975.1440424
2.6116200000000003	723835701.7363254
2.61164	780458832.6499606
2.6116599999999996	786647197.8820667
2.61168	779255722.10174
2.6117	735647900.7442712
2.61172	729356738.9364198
2.61174	695344461.8256632
2.61176	663513861.2522815
2.61178	769679642.6427654
2.6118	760273757.2756339
2.6118200000000003	702376544.335874
2.61184	612618348.2226993
2.61186	580510393.7887706
2.6118799999999998	644807380.821429
2.6119	758979419.9929583
2.61192	777535094.0058385
2.61194	740133394.7872353
2.61196	754240762.6829921
2.61198	721190504.5287323
2.612	620440301.1913812
2.6120200000000002	635769954.5271865
2.6120400000000004	685977703.5678096
2.61206	743960709.619237
2.6120799999999997	737870249.1659392
2.6121	783592011.7972299
2.61212	775353943.3595973
2.61214	708712348.6455821
2.61216	709055124.3150048
2.61218	681914617.3946688
2.6122	643265115.3636671
2.61222	638513376.6139251
2.6122400000000003	746139445.3931706
2.61226	793231587.4244958
2.6122799999999997	791698824.303756
2.6123	718571519.5039393
2.61232	651508370.7296317
2.61234	619355502.0409662
2.61236	636018868.6928008
2.61238	661698271.2359526
2.6124	714052263.2071664
2.61242	738074158.420103
2.6124400000000003	644317608.0479022
2.61246	568211474.9619954
2.61248	654832159.6130277
2.6125	701455298.4199712
2.61252	764152432.6331592
2.61254	744371951.1205381
2.6125599999999998	655692173.7208489
2.61258	690955375.6481501
2.6126	749083101.5510865
2.61262	655043286.5885266
2.6126400000000003	499240719.01919997
2.61266	498873000.35242426
2.61268	586246145.0991055
2.6127	645921885.7825851
2.61272	709724830.8881564
2.61274	695504589.2395349
2.6127599999999997	659629393.7452817
2.61278	560634732.8696331
2.6128	552255436.7084717
2.61282	544364756.3006079
2.6128400000000003	513783319.0912992
2.61286	619113109.2982384
2.61288	712032799.9992009
2.6129	750602488.6522697
2.61292	769289845.7488202
2.61294	799337154.2095588
2.6129599999999997	788297229.0980957
2.61298	732487132.665041
2.613	694704320.7498561
2.61302	641948221.5080345
2.6130400000000003	572914745.3303525
2.61306	545707597.2494283
2.61308	633636228.0370802
2.6131	650863623.9790857
2.61312	622529591.3039159
2.61314	627870386.4322876
2.6131599999999997	669637860.2616835
2.61318	521470806.09747046
2.6132	514861004.8913119
2.61322	575930396.0182195
2.6132400000000002	613889209.8767612
2.61326	722187554.6109041
2.61328	749669772.5455377
2.6133	776998177.256644
2.61332	772413756.7584435
2.61334	644065446.0638915
2.6133599999999997	520343339.64844686
2.61338	565041049.6341875
2.6134	588599650.6526974
2.61342	671954706.2418708
2.61344	739094550.2523311
2.61346	691225895.7939693
2.61348	674326147.3508837
2.6135	715171171.894488
2.6135200000000003	742865176.0190516
2.61354	775961189.2954094
2.6135599999999997	768510844.0876842
2.61358	764416407.1173394
2.6136	773107702.1728946
2.61362	785651601.2765436
2.61364	710836958.5569686
2.61366	671846408.6675767
2.61368	764962243.3889025
2.6137	742300922.0287333
2.6137200000000003	646889348.1614695
2.61374	533150719.9484529
2.6137599999999996	594867168.0839156
2.6137799999999998	678750246.0021371
2.6138	600606461.2854074
2.61382	666730004.6662943
2.61384	593430686.3976166
2.61386	483994024.74591446
2.61388	514612107.70467675
2.6139	593417022.3084091
2.6139200000000002	662567302.8496692
2.61394	672759749.2051485
2.61396	708304498.4232727
2.6139799999999997	718389539.6236454
2.614	709398065.7712348
2.61402	724385919.5400747
2.61404	757739627.2617837
2.61406	726959137.87415
2.61408	747721726.3353695
2.6141	725287178.2534258
2.61412	632164348.8632307
2.6141400000000004	661347932.2006223
2.61416	774212181.0514458
2.6141799999999997	802435252.8503785
2.6142	708337117.8019421
2.61422	589725625.9098337
2.61424	653476538.6506299
2.61426	692420631.9478273
2.61428	661149996.5410444
2.6143	569613141.0826198
2.61432	640884842.1275082
2.6143400000000003	694000846.2105091
2.61436	564118055.1923115
2.61438	582331120.5456407
2.6144	615772089.2567906
2.61442	647097914.2643324
2.61444	680847739.6744816
2.61446	705602319.8801075
2.61448	738193131.5067711
2.6145	743823679.6133771
2.61452	632339046.4622073
2.6145400000000003	524191530.91345215
2.61456	606135890.2165555
2.61458	764627652.3594666
2.6146	768404677.7247623
2.61462	700954777.3183497
2.61464	658749047.0981333
2.6146599999999998	667682509.9974152
2.61468	601506050.1809069
2.6147	605773122.1560178
2.61472	667943918.4419127
2.6147400000000003	661637329.3794551
2.61476	594210059.7909698
2.61478	493003497.1701823
2.6148	472236987.7552341
2.61482	585558109.5309757
2.61484	565587757.0891532
2.6148599999999997	564377900.9843383
2.61488	558791768.57066
2.6149	515560931.87003124
2.61492	580590599.803824
2.6149400000000003	698666628.7132435
2.61496	765261738.414082
2.61498	772556053.7362329
2.615	696337846.4074563
2.61502	649351727.1355022
2.61504	644436306.6696674
2.6150599999999997	564195996.365647
2.61508	627899301.5979229
2.6151	737309789.1445657
2.61512	740269744.9548953
2.6151400000000002	743395623.500525
2.61516	720377268.161336
2.61518	713148544.2193799
2.6152	772556053.7362329
2.61522	788660336.9900768
2.61524	680879094.5935681
2.6152599999999997	596568063.1500928
2.61528	626253260.5365411
2.6153	652995216.6902832
2.61532	737615441.8166991
2.61534	759398963.4340285
2.61536	683596766.8381038
2.61538	670702615.5974511
2.6154	724102421.7924126
2.61542	668420867.9352267
2.61544	510528510.14079976
2.6154599999999997	518800038.92896086
2.61548	585504180.1195935
2.6155	611575388.6827078
2.61552	707766495.4955577
2.61554	708451297.457668
2.61556	622472256.8500298
2.61558	697123944.5892303
2.6156	698200250.0270501
2.6156200000000003	736122343.3992637
2.61564	754379711.7632179
2.6156599999999997	753841426.6219965
2.61568	786665311.3117167
2.6157	790496588.4764856
2.61572	788932777.6665142
2.61574	755788013.6804504
2.61576	725454201.0263735
2.61578	648694177.7386168
2.6158	603184259.7746882
2.6158200000000003	638469271.1958088
2.61584	751761360.8247834
2.61586	780746417.2815542
2.6158799999999998	737394679.95765
2.6159	727629000.4195307
2.61592	624913634.0666925
2.61594	551619995.0002679
2.61596	649785476.3433648
2.61598	696177527.1511189
2.616	678187842.2597959
2.6160200000000002	658476075.0383092
2.6160400000000004	613564183.5574601
2.61606	503407869.0901195
2.6160799999999997	519218310.8825664
2.6161	643368805.8064898
2.61612	731576927.120909
2.61614	774033932.6311513
2.61616	753303525.5723491
2.61618	663620815.6703732
2.6162	610759175.2937773
2.61622	704011899.7773308
2.6162400000000003	736257954.6359001
2.61626	680001702.4408898
2.6162799999999997	671428852.9259521
2.6163	709006146.2138861
2.61632	648276083.9384159
2.61634	676409969.5454154
2.61636	767591222.7102661
2.61638	770938971.2986124
2.6164	769945526.4873644
2.61642	782005846.5322405
2.6164400000000003	788206478.2498064
2.61646	697814516.9018354
2.61648	616879019.7459381
2.6165	588830096.8854578
2.61652	484573879.28115433
2.61654	514019979.5425126
2.6165599999999998	646829770.1943849
2.61658	530774439.0350509
2.6166	431330332.3330074
2.61662	469202157.03055423
2.6166400000000003	641889098.6145756
2.61666	709986351.3495665
2.61668	760799117.2136688
2.6167	784928322.5436865
2.61672	768369292.1964223
2.61674	733178970.9025385
2.6167599999999998	698473606.6577458
2.61678	650114720.7260991
2.6168	580670816.9005109
2.61682	666991040.1896306
2.6168400000000003	768404677.7247623
2.61686	802730935.3859776
2.61688	787154531.6007221
2.6169	729407122.8552364
2.61692	598246270.6675894
2.61694	623189317.2136655
2.6169599999999997	685630296.7204021
2.61698	658764215.530124
2.617	542950203.2009683
2.61702	494686433.22304887
2.6170400000000003	614667145.0486943
2.61706	667636389.716542
2.61708	534404368.95334494
2.6171	493048906.5614654
2.61712	631335194.1466246
2.61714	762500266.8366092
2.6171599999999997	788152032.7557002
2.61718	747790597.2229736
2.6172	620226045.7058308
2.61722	664982168.7286825
2.6172400000000002	776193497.2294843
2.61726	743190244.0743454
2.61728	604435550.6449426
2.6173	461615092.89034057
2.61732	491247100.45033437
2.61734	685141067.4962553
2.6173599999999997	726139396.6201848
2.61738	764064461.3972802
2.6174	697509295.9846158
2.61742	668713360.137949
2.61744	752679347.9394153
2.61746	783519843.6293331
2.61748	742608643.7810897
2.6175	628608139.2718595
2.6175200000000003	580563863.2342548
2.61754	607547166.8805066
2.6175599999999997	674823192.3136339
2.61758	658946263.9593815
2.6176	549578836.1075041
2.61762	574037150.5656575
2.61764	656674270.0457556
2.61766	693489675.8347982
2.61768	639882156.8325604
2.6177	610267159.838858
2.6177200000000003	680800710.0031674
2.61774	699407040.8698354
2.6177599999999996	630724934.0182961
2.6177799999999998	628058358.8133179
2.6178	643131823.6354504
2.61782	709871924.2923245
2.61784	723369178.0189167
2.61786	614171981.4109975
2.61788	518250822.4738539
2.6179	467972141.30256325
2.6179200000000002	487517264.47428846
2.61794	469883289.01808244
2.61796	574473500.222765
2.6179799999999998	575665231.3304373
2.618	486508015.59493786
2.61802	511893953.869153
2.61804	582304303.8239772
2.61806	525436211.78469837
2.61808	608233028.9597961
2.6181	718670800.6860251
2.6181200000000002	708320807.9248352
2.6181400000000004	639131172.4772809
2.61816	545280541.4570215
2.6181799999999997	552866149.4039358
2.6182	658946263.9593815
2.61822	762342268.2511039
2.61824	728299480.2153296
2.61826	666714652.8173423
2.61828	714068705.0574278
2.6183	764786124.6002729
2.61832	765667124.212022
2.6183400000000003	756031690.2242856
2.61836	719730653.8532513
2.6183799999999997	698087722.5118039
2.6184	717777763.637295
2.61842	673782923.606443
2.61844	559718936.1453131
2.61846	580430198.8538247
2.61848	555929858.1970009
2.6185	624252082.7461517
2.61852	664247609.282173
2.6185400000000003	662750402.2559808
2.61856	571755037.9122573
2.61858	531410339.3766418
2.6186	643324364.9987913
2.61862	669344963.6867864
2.61864	614299271.0922356
2.6186599999999998	606080065.6088072
2.61868	537563781.0946918
2.6187	498115435.76362926
2.61872	430536523.8473964
2.6187400000000003	465618256.1817584
2.61876	609859790.1656324
2.61878	669653279.4207519
2.6188	699696980.9114543
2.61882	713822117.0507739
2.61884	694272558.7070496
2.6188599999999997	642155194.5230954
2.61888	599956827.5527736
2.6189	535019979.0257832
2.61892	512401036.9987395
2.6189400000000003	515359160.46748865
2.61896	504649677.44150233
2.61898	587949465.649355
2.619	687527382.9555529
2.61902	673488213.9995649
2.61904	673023145.4704797
2.6190599999999997	662704622.661271
2.61908	673131632.7276233
2.6191	680252270.479716
2.61912	673085136.0476878
2.6191400000000002	631844195.2746524
2.61916	587922390.1992954
2.61918	567819103.916182
2.6192	654379973.779722
2.61922	693345977.0157814
2.61924	664920924.4279767
2.6192599999999997	589087761.2109263
2.61928	585248083.2363051
2.6193	622787661.7050763
2.61932	636341137.5760766
2.6193400000000002	696995541.4397372
2.61936	717067435.2646893
2.61938	640811061.7805376
2.6194	622615602.886661
2.61942	673534738.5241033
2.61944	638498674.4693643
2.6194599999999997	575784540.3285904
2.61948	496683805.562209
2.6195	554459718.3263887
2.61952	634176288.5516751
2.61954	627249032.3413755
2.61956	636106744.0168273
2.61958	581754833.095499
2.6196	551213696.0719113
2.6196200000000003	562846539.1130139
2.61964	549920614.3874968
2.6196599999999997	553630490.0826216
2.61968	582746937.6901919
2.6197	611786655.8211327
2.61972	602809377.8854988
2.61974	555136777.4352119
2.61976	586718794.1006565
2.61978	657718412.670277
2.6198	650114720.7260991
2.6198200000000003	660510916.880233
2.61984	731324293.0327673
2.6198599999999996	750135985.6319796
2.6198799999999998	746534701.4464389
2.6199	720443620.4152837
2.61992	666392345.6319113
2.61994	657672980.6610881
2.61996	659735722.0107217
2.61998	501117996.8349133
2.62	448363241.1984921
2.6200200000000002	525484608.4769575
2.62004	644080276.389581
2.62006	518895614.2303724
2.6200799999999997	487932784.94656557
2.6201	603184259.7746882
2.62012	698747070.3119574
2.62014	719349589.3198688
2.62016	698216326.8670167
2.62018	707847984.8154621
2.6202	731762247.5832489
2.62022	720891658.012879
2.6202400000000003	715533547.0161461
2.62026	712721729.8392396
2.6202799999999997	705082604.3712217
2.6203	711197137.5455229
2.62032	728517519.1455861
2.62034	725437497.0183976
2.62036	688731584.9339988
2.62038	648978037.800503
2.6204	626628293.1558876
2.62042	660997778.6538223
2.6204400000000003	584534299.603545
2.62046	567806029.5486654
2.62048	434340173.0060724
2.6205	415393790.29793674
2.62052	507633179.0943016
2.62054	625950513.4393897
2.62056	590976212.0097463
2.62058	609130015.036786
2.6206	650713774.3440102
2.62062	620154643.653786
2.6206400000000003	637455687.0119692
2.62066	627234589.5649407
2.62068	531202365.1045968
2.6207	549136106.3180863
2.62072	618671343.192557
2.62074	559074906.7102761
2.6207599999999998	571873536.5066655
2.62078	631669634.3892232
2.6208	646606401.6829956
2.62082	612787644.3158978
2.6208400000000003	566108922.6332159
2.62086	670008018.0877883
2.62088	694880300.7748408
2.6209	726406965.5451895
2.62092	754866235.1570309
2.62094	756467022.3358556
2.6209599999999997	772182580.0676775
2.62098	779955814.416653
2.621	780944193.184073
2.62102	772520477.0343645
2.6210400000000003	752904685.7356259
2.62106	739452020.5711585
2.62108	751622894.0182045
2.6211	753320871.2267317
2.62112	735817309.4364164
2.62114	724052404.296708
2.6211599999999997	735647900.7442712
2.62118	700261097.3362342
2.6212	586354145.5767748
2.62122	570571401.6119113
2.6212400000000002	588992819.1337403
2.62126	678094153.6187748
2.62128	702133993.961153
2.6213	617376365.8780987
2.62132	567779881.7167577
2.62134	609901919.2425504
2.6213599999999997	703752579.9798193
2.62138	731745398.3288054
2.6214	716704283.3199975
2.62142	663529139.3994356
2.62144	584413177.557385
2.62146	491235789.1980562
2.62148	478707244.5963054
2.6215	528725187.63150764
2.6215200000000003	637602483.5081298
2.62154	687875751.0509585
2.6215599999999997	692261214.5596168
2.62158	683077531.0253224
2.6216	701988503.942715
2.62162	574526413.624195
2.62164	455753486.836857
2.62166	496123729.7830029
2.62168	635565039.5385734
2.6217	623045839.0896364
2.6217200000000003	558367330.1996721
2.62174	591575255.5422993
2.6217599999999996	649875253.7259116
2.6217799999999998	717827347.6812046
2.6218	706333818.0129178
2.62182	695856999.3618162
2.62184	658536725.7191129
2.62186	646680849.2815388
2.62188	697959141.8442101
2.6219	721323364.9656478
2.6219200000000003	654877395.3784728
2.62194	538406135.1010424
2.62196	555725083.7914776
2.6219799999999998	537563781.0946918
2.622	530346857.6942454
2.62202	578935258.6153252
2.62204	629057000.8083489
2.62206	618842312.0211601
2.62208	527739984.52964246
2.6221	535599299.08690476
2.6221200000000002	648455233.989414
2.6221400000000004	647813508.688907
2.62216	659948429.9627854
2.6221799999999997	724869789.5378854
2.6222	722270704.3121732
2.62222	679547783.0928631
2.62224	600067353.8641163
2.62226	634468404.7824296
2.62228	565691951.8006071
2.6223	477980302.75610036
2.62232	499666231.62042147
2.6223400000000003	644970721.1312503
2.62236	709741173.0944619
2.6223799999999997	666883542.599303
2.6224	575174998.4619447
2.62242	570269310.0951045
2.62244	655254481.6342922
2.62246	668390086.7254697
2.62248	731694852.8932232
2.6225	729306358.497881
2.62252	727478227.5505377
2.6225400000000003	680424589.5627812
2.62256	681490804.2133888
2.62258	694672329.1702363
2.6226	646963828.3373053
2.62262	635623579.9378442
2.62264	700277221.62951
2.6226599999999998	698184173.5572623
2.62268	625100721.2526318
2.6227	663132021.8835528
2.62272	631218908.6167077
2.6227400000000003	496020927.39597356
2.62276	463446919.7362883
2.62278	569219802.1344923
2.6228	642791314.6867721
2.62282	509588947.5060457
2.62284	538939481.2480581
2.6228599999999997	694128697.6659434
2.62288	698521857.1716746
2.6229	610632619.159995
2.62292	501729919.56462085
2.6229400000000003	561642546.7831154
2.62296	704595718.7466713
2.62298	709104105.7995249
2.623	671892819.7763008
2.62302	675865067.1152261
2.62304	653341131.0012711
2.6230599999999997	570085506.6165782
2.62308	534749023.2742359
2.6231	573587924.8421333
2.62312	666223580.2467057
2.6231400000000002	621727389.2939599
2.62316	643235492.5924534
2.62318	702117826.9146066
2.6232	719349589.3198688
2.62322	682244432.078882
2.62324	563585745.2699933
2.6232599999999997	478024328.396318
2.62328	559667386.5001527
2.6233	713690638.2675266
2.62332	699519781.051212
2.6233400000000002	696418019.8797649
2.62336	740320882.7434986
2.62338	734869122.9841805
2.6234	715401753.0048832
2.62342	738873345.7090464
2.62344	694464419.8097167
2.6234599999999997	678890919.795584
2.62348	605633653.7974386
2.6235	528104660.33611053
2.62352	552128289.8337497
2.62354	690859923.2290487
2.62356	740917751.3608553
2.62358	742916493.0998706
2.6236	690064999.0317167
2.6236200000000003	681239779.9659145
2.62364	708826588.7862488
2.6236599999999997	724102421.7924126
2.62368	719912973.4598268
2.6237	716885836.297165
2.62372	617575416.5859158
2.62374	550148584.6487405
2.62376	576567289.7111944
2.62378	642258706.0533972
2.6238	668313139.9024701
2.6238200000000003	640545522.8529856
2.62384	657249099.878417
2.6238599999999996	623591231.7626268
2.6238799999999998	635711400.6469386
2.6239	648246230.4088849
2.62392	608779472.5176319
2.62394	676659214.0971615
2.62396	678234691.4343638
2.62398	636531645.9379336
2.624	684620658.6875701
2.6240200000000002	692994838.576755
2.62404	688366932.9928406
2.62406	709741173.0944619
2.6240799999999997	645743435.6248667
2.6241	579762338.4172624
2.62412	628448942.8233064
2.62414	677002075.3234886
2.62416	666960324.8243558
2.62418	641504932.5106627
2.6242	541801246.6723162
2.62422	507960567.82606876
2.6242400000000004	482691887.73902327
2.62426	519601026.05237603
2.6242799999999997	514647657.07753146
2.6243	605828918.4919249
2.62432	694848301.0912253
2.62434	704060532.8762088
2.62436	687337438.3622161
2.62438	666223580.2467057
2.6244	641696986.8139273
2.62442	608233028.9597961
2.6244400000000003	684336965.9638791
2.62446	749290109.4589357
2.62448	735580148.1888442
2.6245	716918850.8701502
2.62452	735478531.0554312
2.62454	758490245.5855583
2.62456	729944767.9363765
2.62458	655269569.6000156
2.6246	576063024.1614598
2.62462	536068144.0980641
2.6246400000000003	641135758.8539075
2.62466	695584666.7740442
2.62468	647917932.3051991
2.6247	587097187.6529598
2.62472	553630490.0826216
2.62474	662719882.1748034
2.6247599999999998	725337281.0472398
2.62478	750637055.9702268
2.6248	736461418.3350691
2.62482	678812764.0890901
2.6248400000000003	593266738.0906898
2.62486	526162630.4145142
2.62488	514932140.48156023
2.6249	636062804.8372597
2.62492	593649354.6196733
2.62494	543437995.9163253
2.6249599999999997	662353750.8087901
2.62498	726607706.9393995
2.625	704806661.2242569
2.62502	605717330.9589039
2.6250400000000003	554523556.535245
2.62506	562393121.125706
2.62508	648410441.8358393
2.6251	681647741.3374285
2.62512	735817309.4364164
2.62514	734192595.1094499
2.6251599999999997	645282667.5381591
2.62518	592515887.7066764
2.6252	603128707.0096312
2.62522	650563959.2091162
2.6252400000000002	698795339.7167416
2.62526	729911153.5115572
2.62528	743549695.315608
2.6253	718207605.8301692
2.62532	739622305.2951142
2.62534	743857934.7484531
2.6253599999999997	684888698.6897846
2.62538	604602585.435221
2.6254	653461491.9704973
2.62542	687891590.1578137
2.62544	569665606.8078161
2.62546	505254278.7159198
2.62548	561577889.0173965
2.6255	591411819.8390417
2.62552	528688665.8508812
2.62554	531936755.475035
2.6255599999999997	557480909.6306733
2.62558	495838220.19103426
2.6256	485937035.6034993
2.62562	488000200.0087474
2.62564	611871183.109963
2.62566	717381214.5670723
2.62568	672914675.6980039
2.6257	657869875.3686353
2.6257200000000003	706968396.4494009
2.62574	750239627.9074627
2.6257599999999996	759329023.4256204
2.62578	716753793.2079555
2.6258	698361035.0861671
2.62582	641032428.3067235
2.62584	602587335.6077206
2.62586	628752898.310302
2.62588	609242231.2673492
2.6259	550097916.4249362
2.6259200000000003	518811984.87885153
2.62594	566069818.5648494
2.62596	616013173.936421
2.6259799999999998	651298383.0927218
2.626	678937817.5387076
2.62602	660328436.1811197
2.62604	586705284.5567012
2.62606	621684443.3707234
2.62608	655873373.1963036
2.6261	662704622.661271
2.6261200000000002	634307724.2082366
2.6261400000000004	690494144.4298987
2.62616	725821786.528538
2.6261799999999997	706512743.9807386
2.6262	704417278.2698742
2.62622	710378812.7379905
2.62624	667990059.9668511
2.62626	632339046.4622073
2.62628	615687023.075086
2.6263	547910975.3629415
2.62632	532770292.02057207
2.6263400000000003	569980502.6569552
2.62636	482158691.65864015
2.6263799999999997	511140154.6174641
2.6264	645758304.5881385
2.62642	571689215.9699887
2.62644	586718794.1006565
2.62646	696241650.4239037
2.62648	728702064.609594
2.6265	720958057.6460649
2.62652	718885956.9738532
2.6265400000000003	675273955.7641367
2.62656	529151461.5338914
2.62658	531287991.7104072
2.6266	670424690.2246318
2.62662	707945784.3841373
2.62664	701762246.0560884
2.6266599999999998	691432835.6023594
2.62668	696097381.3649651
2.6267	598590748.0428294
2.62672	492765166.4706728
2.6267400000000003	427602267.96227694
2.62676	492345530.77286655
2.62678	592270361.3062081
2.6268	612223505.8731438
2.62682	654937714.5933666
2.62684	616708593.3200965
2.6268599999999998	573191841.158763
2.62688	589467682.5852275
2.6269	654741697.4559284
2.62692	549578836.1075041
2.6269400000000003	493764656.42885774
2.62696	582612770.6961597
2.62698	694784306.1447498
2.627	709381731.4651792
2.62702	706252503.007874
2.62704	694064768.9943377
2.6270599999999997	625460661.7424889
2.62708	619412549.4179056
2.6271	684463037.1028175
2.62712	678281543.8452725
2.6271400000000003	701972340.2461615
2.62716	710755125.1385533
2.62718	678875287.9344367
2.6272	573799281.3738981
2.62722	586151660.9994129
2.62724	645683963.1953641
2.6272599999999997	643605875.3010697
2.62728	705699809.177274
2.6273	731038079.863388
2.62732	713477036.893209
2.6273400000000002	612561926.5859987
2.62736	537749481.114435
2.62738	541838674.2692219
2.6274	610562321.5284185
2.62742	600247002.5491345
2.62744	641756092.012423
2.6274599999999997	701794564.145965
2.62748	690208017.8544875
2.6275	706740533.4938198
2.62752	701342246.2951913
2.62754	643516964.0053327
2.62756	668851953.74532
2.62758	718935617.5716934
2.6276	727059577.9285877
2.6276200000000003	697910930.1999335
2.62764	541888581.7536788
2.6276599999999997	452616101.9014814
2.62768	463212211.476107
2.6277	584440091.3985116
2.62772	676269809.8326179
2.62774	672279703.7174953
2.62776	695120345.3799857
2.62778	689826700.179845
2.6278	648111906.5379062
2.6278200000000003	709234739.6344486
2.62784	727059577.9285877
2.6278599999999996	641150521.7202792
2.6278799999999998	598012139.2940956
2.6279	670038873.8077563
2.62792	672372589.0070814
2.62794	618429218.2041951
2.62796	565509623.6502497
2.62798	600786271.3688731
2.628	677485492.8498452
2.6280200000000002	654892474.6613616
2.62804	692245274.8395998
2.62806	712114780.5238416
2.6280799999999997	742523152.7227901
2.6281	704498381.9746985
2.62812	620840442.8127518
2.62814	667559529.6611226
2.62816	705472355.1000059
2.62818	692707675.7651091
2.6282	635521137.7773329
2.6282200000000002	683124717.9792932
2.6282400000000004	663574975.9517113
2.62826	638439869.2762955
2.6282799999999997	706447674.748844
2.6283	751813292.4535066
2.62832	747429095.8195438
2.62834	697412938.1704996
2.62836	668420867.9352267
2.62838	653551777.2484543
2.6284	577417577.0298611
2.62842	648963094.7009877
2.6284400000000003	706236241.130244
2.62846	705407381.6870527
2.6284799999999997	654681396.2940489
2.6285	532770292.02057207
2.62852	503060247.3317262
2.62854	626916932.6058091
2.62856	685298845.2212512
2.62858	621512689.340689
2.6286	627133499.4409577
2.62862	685488226.452662
2.6286400000000003	750706195.3819791
2.62866	741207832.5805694
2.62868	675289504.7005913
2.6287	588355747.0603405
2.62872	619498130.3356513
2.62874	624899245.0641686
2.6287599999999998	602975963.2855558
2.62878	599487317.8012294
2.6288	670038873.8077563
2.62882	675678344.4936867
2.6288400000000003	592911672.1270437
2.62886	535907703.58481157
2.62888	636150686.2317084
2.6289	733381583.729515
2.62892	739094550.2523311
2.62894	712721729.8392396
2.6289599999999997	733280270.318029
2.62898	741498027.371751
2.629	688557162.0853595
2.62902	579375331.5293087
2.6290400000000003	533261217.6384291
2.62906	606722359.1290677
2.62908	669622441.4576528
2.6291	702683895.0971181
2.62912	713854990.5310221
2.62914	643028171.3865651
2.6291599999999997	567466201.6397309
2.62918	636165334.3112222
2.6292	658749047.0981333
2.62922	645951632.2696258
2.6292400000000002	670254903.6389384
2.62926	708500237.2298658
2.62928	661652564.3173685
2.6293	703963270.0377891
2.62932	728081506.5422179
2.62934	694048787.7464234
2.6293599999999997	693553551.5359272
2.62938	679860798.4808552
2.6294	693569521.380475
2.62942	714957127.4093875
2.62944	724369240.1299027
2.62946	716192881.3557779
2.62948	707554667.1654274
2.6295	660541335.232457
2.62952	506722279.8332539
2.62954	501568207.01431495
2.6295599999999997	633373662.2131014
2.62958	693777162.8255266
2.6296	655571401.8827028
2.62962	668759554.8158727
2.62964	685630296.7204021
2.62966	723769037.0745295
2.62968	736970323.6095134
2.6297	712377181.6374454
2.6297200000000003	675289504.7005913
2.62974	510293457.2004943
2.6297599999999997	457878234.93718934
2.62978	525012930.813685
2.6298	588030699.4811618
2.62982	696722763.2688775
2.62984	689350349.3215705
2.62986	713411326.255768
2.62988	678953450.8396686
2.6299	644896470.407153
2.6299200000000003	694272558.7070496
2.62994	659234610.1996995
2.62996	606890025.875185
2.6299799999999998	679344400.376882
2.63	719929550.2594851
2.63002	655812967.8080362
2.63004	607799026.299351
2.63006	642687717.3170193
2.63008	643087399.1973375
2.6301	575002853.608759
2.6301200000000002	625359857.5188476
2.6301400000000004	635945648.5294749
2.63016	639057594.0173682
2.6301799999999997	631596914.9211807
2.6302	650039877.8112525
2.63022	642746913.769369
2.63024	652243860.7626429
2.63026	632324486.4852154
2.63028	498321930.12490535
2.6303	516630450.3076473
2.63032	579321971.546599
2.6303400000000003	507539678.2190429
2.63036	529517112.6909654
2.6303799999999997	552408051.60836
2.6304	626282101.229062
2.63042	699713092.21532
2.63044	719730653.8532513
2.63046	697428996.8817346
2.63048	601478350.4414331
2.6305	481094065.8008879
2.63052	477573257.7546825
2.6305400000000003	518919510.8067292
2.63056	547999295.2955881
2.63058	478586010.8920681
2.6306	417042197.18156457
2.63062	432583549.64650387
2.63064	492175510.0141359
2.6306599999999998	534195222.9293117
2.63068	675600558.6273026
2.6307	675958447.7752893
2.63072	690716769.3241913
2.6307400000000003	734733767.5562271
2.63076	749548949.791959
2.63078	752991372.0808882
2.6308	729642293.8337765
2.63082	647127714.9107357
2.63084	625604695.964003
2.6308599999999998	488843674.6030705
2.63088	450339457.17485917
2.6309	563455989.7956496
2.63092	693345977.0157814
2.6309400000000003	641874318.7420355
2.63096	670270337.0061166
2.63098	732925783.5836226
2.631	731256938.6779859
2.63102	680205281.9405359
2.63104	587990081.1624011
2.6310599999999997	572532309.394175
2.63108	679453906.5820532
2.6311	729776711.2912197
2.63112	748376255.9468263
2.6311400000000003	706512743.9807386
2.63116	669113820.0458591
2.63118	646040879.95045
2.6312	566565336.409728
2.63122	597379066.6599222
2.63124	634161686.2711052
2.6312599999999997	615942256.8812437
2.63128	493321450.75624084
2.6313	511128385.31595963
2.63132	606959900.693759
2.6313400000000002	629071485.5478364
2.63136	656659149.7359843
2.63138	680111314.5991777
2.6314	606722359.1290677
2.63142	629926675.7838322
2.63144	690478245.3977067
2.6314599999999997	701487602.3740612
2.63148	703493355.7016584
2.6315	723585740.9110239
2.63152	733330925.2741499
2.63154	694000846.2105091
2.63156	596485649.919379
2.63158	599142324.4674681
2.6316	603851292.2032738
2.6316200000000003	608457151.5710611
2.63164	653356174.9099581
2.6316599999999997	700486871.231682
2.63168	662491026.3608489
2.6317	638483972.6633264
2.63172	631407883.4812148
2.63174	720758877.0919961
2.63176	728802745.474893
2.63178	743823679.6133771
2.6318	761447561.1386929
2.6318200000000003	723269247.7768478
2.63184	689524973.0975734
2.6318599999999996	729155238.0615293
2.6318799999999998	719664367.2629267
2.6319	627783648.9245131
2.63192	533089342.2367023
2.63194	572598228.4067489
2.63196	616609199.6495373
2.63198	557160090.1707579
2.632	605243313.1954489
2.6320200000000002	660708661.2115878
2.63204	719714081.6333021
2.63206	699890341.0444553
2.6320799999999998	601907839.7841187
2.6321	637617165.0168935
2.63212	664752531.6835552
2.63214	595895354.8413529
2.63216	657097780.1024426
2.63218	706529012.2251583
2.6322	727461476.9381653
2.6322200000000002	728383333.6185458
2.6322400000000004	678672106.4903798
2.63226	665870845.2667854
2.6322799999999997	718157995.5198646
2.6323	672759749.2051485
2.63232	535278746.67928034
2.63234	496592321.45033574
2.63236	508217949.9463162
2.63238	538865029.1502107
2.6324	505603416.58108723
2.63242	530676675.77477276
2.6324400000000003	526744488.3319065
2.63246	540331143.449734
2.6324799999999997	652484200.5506746
2.6325	665074045.7569051
2.63252	593868103.4169241
2.63254	662445264.6825724
2.63256	738601184.8457792
2.63258	733128326.4426913
2.6326	653506633.0503056
2.63262	634877593.5725687
2.6326400000000003	704806661.2242569
2.63266	684557605.6983896
2.63268	632222576.0328907
2.6327	684936010.759104
2.63272	669684118.8040217
2.63274	693729240.0521492
2.6327599999999998	708304498.4232727
2.63278	688382783.4097083
2.6328	673302148.0360895
2.63282	668066969.59176
2.6328400000000003	716555774.174604
2.63286	746534701.4464389
2.63288	705017666.8539841
2.6329	654108812.1740434
2.63292	649187277.3258907
2.63294	647246931.2209967
2.6329599999999997	720742281.1966045
2.63298	760991840.137155
2.633	727779804.5368241
2.63302	679125440.91037
2.6330400000000003	611378271.8436441
2.63306	595950241.3593737
2.63308	603601068.6442624
2.6331	472193495.1242397
2.63312	484005169.2484861
2.63314	649755553.3053427
2.6331599999999997	683282031.3691987
2.63318	625921688.0166992
2.6332	640766797.6494348
2.63322	680847739.6744816
2.6332400000000002	625719947.2224712
2.63326	584965159.1072347
2.63328	576580565.8165041
2.6333	658915919.0612155
2.63332	671614401.2073457
2.63334	633038319.7655404
2.6333599999999997	682291561.4824287
2.63338	683187638.9885598
2.6334	709708489.0581428
2.63342	730852942.7981789
2.6334400000000002	667544158.7118689
2.63346	532721224.32296157
2.63348	536599174.22671914
2.6335	595895354.8413529
2.63352	663666658.5556371
2.63354	672326144.758215
2.6335599999999997	662719882.1748034
2.63358	701826883.7241815
2.6336	715665365.3069992
2.63362	700051515.3062173
2.63364	696097381.3649651
2.63366	694208616.7859626
2.63368	661134773.1750485
2.6337	626945803.8622619
2.6337200000000003	613860939.8848372
2.63374	673705355.9458919
2.6337599999999997	702651536.0529808
2.63378	673969122.4314752
2.6338	640044249.5021776
2.63382	594771294.5514703
2.63384	558084550.4054148
2.63386	531924507.3196102
2.63388	548946474.1764176
2.6339	680832062.7564104
2.6339200000000003	692867195.9666476
2.63394	577138438.3709395
2.6339599999999996	543525594.8317585
2.6339799999999998	635901720.4776074
2.634	609101964.2088374
2.63402	617220013.9018385
2.63404	535981747.0848089
2.63406	480275021.3713242
2.63408	573706803.3099322
2.6341	629071485.5478364
2.6341200000000002	626743732.9852966
2.63414	647097914.2643324
2.63416	658961436.9325129
2.6341799999999997	610000231.7401105
2.6342	584049961.9851644
2.63422	604393799.1583459
2.63424	637044836.5992653
2.63426	591616121.5246887
2.63428	536883429.4997824
2.6343	592611397.6811906
2.63432	657839580.0388545
2.6343400000000003	630594240.7559432
2.63436	481947797.625127
2.6343799999999997	434490214.6970122
2.6344	513026737.6186468
2.63442	610323370.1099968
2.63444	569862396.3203384
2.63446	475357116.44295806
2.63448	516785119.58008885
2.6345	679406973.1899925
2.63452	645416405.0376632
2.6345400000000003	545494027.5616015
2.63456	548706367.4685543
2.63458	505324086.99621385
2.6346	597695519.1590532
2.63462	611307888.3705741
2.63464	577603744.4696372
2.63466	596156110.831013
2.63468	678265926.0153636
2.6347	701940013.9695787
2.63472	664171139.3520613
2.6347400000000003	558405902.1806146
2.63476	539958024.80433
2.63478	548655832.0717441
2.6348	576514188.3467839
2.63482	655254481.6342922
2.63484	627509059.1925728
2.6348599999999998	502516122.47247237
2.63488	513381246.36303616
2.6349	628260853.5438935
2.63492	660647810.4973446
2.6349400000000003	595004157.0821079
2.63496	623031493.0941886
2.63498	694576363.2704996
2.635	619911938.1567082
