2.5775200000000003	504998397.518623
2.57754	456804107.1288483
2.57756	616055728.0887127
2.5775799999999998	691703542.6814293
2.5776	690462346.7315995
2.57762	727629000.4195307
2.57764	742813862.4829655
2.57766	739281775.0521955
2.57768	713805680.878343
2.5777	617618078.6578364
2.5777200000000002	490252706.5878014
2.5777400000000004	586705284.5567012
2.57776	721273539.4337605
2.5777799999999997	743994971.0649264
2.5778	737802291.9340842
2.57782	715368808.2952309
2.57784	722021283.924497
2.57786	714430521.5623939
2.57788	674326147.3508837
2.5779	645371822.7917084
2.57792	593594680.0113963
2.5779400000000003	649950077.6866189
2.57796	684447276.940405
2.5779799999999997	717166508.6355035
2.578	724352561.1037872
2.57802	658764215.530124
2.57804	642598932.8607335
2.57806	695680771.985681
2.57808	649740592.3030775
2.5781	682731592.9425625
2.57812	744646238.4043462
2.5781400000000003	743772299.868495
2.57816	686356893.6204922
2.57818	652709599.5324988
2.5782	713493465.4982425
2.57822	740849513.4565979
2.57824	723235940.7640142
2.5782599999999998	633986485.127711
2.57828	545984105.6780597
2.5783	611828918.0058146
2.57832	552917072.6031617
2.5783400000000003	527825053.0206645
2.57836	582116621.3471036
2.57838	666008849.751205
2.5784	654184123.5692378
2.57842	620526024.1080904
2.57844	704530826.071192
2.5784599999999998	745967660.2150007
2.57848	756362519.7734625
2.5785	751934480.2054158
2.57852	735444661.7972705
2.5785400000000003	736783684.1900119
2.57856	745675716.1755146
2.57858	742454766.9624122
2.5786	706171197.3640274
2.57862	697445055.9627368
2.57864	715105305.2286323
2.5786599999999997	703590553.6145283
2.57868	663957070.3787032
2.5787	692133707.0756016
2.57872	739179646.5554601
2.5787400000000003	728953792.8556995
2.57876	677064432.3905538
2.57878	690192125.4105277
2.5788	738448138.4174254
2.57882	735715659.5402294
2.57884	715962045.2568355
2.5788599999999997	646397993.999533
2.57888	509459892.939939
2.5789	554766208.7687275
2.57892	649920147.0686018
2.5789400000000002	716687780.7840027
2.57896	745847434.1233422
2.57898	730180112.2591518
2.579	651838488.0978682
2.57902	580256481.1650631
2.57904	674000160.5712371
2.5790599999999997	747825035.0455633
2.57908	764117242.9234368
2.5791	763079875.1941006
2.57912	767131824.7705553
2.57914	761535231.0754517
2.57916	729423918.2682774
2.57918	715171171.894488
2.5792	726557516.3907049
2.5792200000000003	742694144.6824774
2.57924	744234845.3681679
2.5792599999999997	727863598.1067224
2.57928	718571519.5039393
2.5793	617220013.9018385
2.57932	487012378.5979773
2.57934	576301831.7905521
2.57936	693745213.9421241
2.57938	687986632.4582196
2.5794	721007861.3844897
2.5794200000000003	749169347.8948821
2.57944	756623803.2523654
2.5794599999999996	748841664.6065886
2.5794799999999998	733297154.9146131
2.5795	704076744.6557281
2.57952	595895354.8413529
2.57954	538567323.5968899
2.57956	665181251.667292
2.57958	719415846.9167384
2.5796	692388745.5335419
2.5796200000000002	717050924.3669052
2.57964	749946011.9784682
2.57966	743002029.4457643
2.5796799999999998	750861782.3432958
2.5797	762114105.868882
2.57972	750896361.6024437
2.57974	686720480.7737797
2.57976	688573016.8824642
2.57978	731846499.675244
2.5798	705716058.7029598
2.5798200000000002	722653316.2619134
2.5798400000000004	751882540.2056317
2.57986	742010413.0143996
2.5798799999999997	744611946.967381
2.5799	761693062.3991642
2.57992	764064461.3972802
2.57994	748634780.5915141
2.57996	724919863.4985124
2.57998	709904615.8552877
2.58	733263386.1102198
2.58002	746672230.8869767
2.5800400000000003	752939359.0761211
2.58006	764768514.9517146
2.5800799999999997	762588057.9775674
2.5801	760974317.8542194
2.58012	747446306.2086254
2.58014	731593772.4961147
2.58016	739997069.7338883
2.58018	746328454.7807883
2.5802	751155756.8111243
2.58022	740951872.6699085
2.5802400000000003	750429675.938719
2.58026	761798301.4541105
2.58028	762447597.0033491
2.5803	759503885.5255923
2.58032	755701005.378459
2.58034	755805416.5429475
2.5803599999999998	761114507.415392
2.58038	755509622.3709725
2.5804	768068580.9900995
2.58042	765737648.0079695
2.5804400000000003	763624757.1067663
2.58046	760011213.3649571
2.58048	744577657.1095555
2.5805	673488213.9995649
2.58052	674667826.4191777
2.58054	718919063.6579204
2.5805599999999997	718075319.2844378
2.58058	738669215.6617792
2.5806	750464235.2981734
2.58062	762816362.2519859
2.5806400000000003	760046213.9806765
2.58066	727059577.9285877
2.58068	655601592.7566143
2.5807	643635515.1294328
2.58072	720227997.9323931
2.58074	755457435.4176432
2.5807599999999997	759871227.0193387
2.58078	736732790.7339894
2.5808	726590976.3712741
2.58082	749134848.1658232
2.5808400000000002	765896350.299958
2.58086	761465094.3185833
2.58088	715978531.0819627
2.5809	635799233.4897506
2.58092	688398634.1915494
2.58094	749997818.2030011
2.5809599999999997	760046213.9806765
2.58098	758210858.9204187
2.581	748841664.6065886
2.58102	700922497.9011953
2.5810400000000002	541015864.0706846
2.58106	503593365.5705471
2.58108	654907554.2914677
2.5811	724419279.5126075
2.58112	709937308.9237847
2.58114	722287335.4012128
2.5811599999999997	727427976.8704866
2.58118	727913878.8794619
2.5812	711442818.7597865
2.58122	719167412.391615
2.58124	738210129.2274698
2.58126	737394679.95765
2.58128	724702901.3151647
2.5813	690891739.2368469
2.5813200000000003	650608900.1275364
2.58134	667436571.9765561
2.5813599999999997	738771273.6350124
2.58138	743635304.5657945
2.5814	706187457.7439522
2.58142	678359638.3892548
2.58144	605480275.6898619
2.58146	455533163.76015246
2.58148	465361017.1087173
2.5815	625316660.6822593
2.5815200000000003	704757976.5864356
2.58154	731273776.6851008
2.5815599999999996	728970577.8303115
2.5815799999999998	730062430.6145098
2.5816	741976242.9588846
2.58162	744509082.1310444
2.58164	747601217.5444393
2.58166	733871462.5851654
2.58168	710100796.8517542
2.5817	635126158.3645126
2.5817200000000002	642865323.031908
2.58174	694752310.8817484
2.58176	653025288.9237533
2.5817799999999997	648978037.800503
2.5818	710689665.1869048
2.58182	741651705.9021944
2.58184	742916493.0998706
2.58186	729474306.827835
2.58188	675662786.6039679
2.5819	632746861.9616542
2.58192	656825492.2937078
2.5819400000000003	636458366.7423464
2.58196	688335233.2539897
2.5819799999999997	739026480.2633686
2.582	740048188.6861039
2.58202	757966480.0088081
2.58204	747670077.3322623
2.58206	708793946.8671236
2.58208	715286453.1583661
2.5821	739775595.0744058
2.58212	692133707.0756016
2.5821400000000003	688255990.2933153
2.58216	745744398.6099403
2.58218	735749541.2785877
2.5822	707864283.8052893
2.58222	731054912.8310373
2.58224	759731266.4577864
2.5822599999999998	769165860.8679202
2.58228	765173639.4720068
2.5823	759591331.6755446
2.58232	753320871.2267317
2.5823400000000003	739826698.7271655
2.58236	748290100.9058597
2.58238	706171197.3640274
2.5824	633184099.00819
2.58242	682165890.3072426
2.58244	727561986.3981036
2.5824599999999998	679579078.1453608
2.58248	631975147.5952446
2.5825	696321812.8206028
2.58252	696193557.4156339
2.5825400000000003	712721729.8392396
2.58256	727243754.0721147
2.58258	732790786.0990471
2.5826	717265595.6947554
2.58262	678468985.8567574
2.58264	692739576.8670125
2.5826599999999997	730449170.1130688
2.58268	746397197.3374301
2.5827	724302526.3296707
2.58272	661180444.3246521
2.5827400000000003	685472442.684664
2.58276	726055801.5448918
2.58278	722553484.9129697
2.5828	684967553.9543695
2.58282	539187729.2079849
2.58284	500979551.9431427
2.5828599999999997	627407924.8328778
2.58288	673736381.9384812
2.5829	682810199.8468739
2.58292	639396125.08416
2.5829400000000002	625835219.7129638
2.58296	666469071.302568
2.58298	552179145.070468
2.583	523708954.9400318
2.58302	593294059.6627322
2.58304	666346314.4693574
2.5830599999999997	717695131.1751617
2.58308	723735707.0460751
2.5831	707114918.5711406
2.58312	697798449.3137788
2.58314	688446188.7270007
2.58316	640324324.4689469
2.58318	613818537.3379072
2.5832	629390234.2125837
2.5832200000000003	694144680.7538729
2.58324	739792629.2330911
2.5832599999999997	745469706.8234749
2.58328	740593677.2836051
2.5833	711737748.2478057
2.58332	715220575.8752027
2.58334	706919562.489361
2.58336	700083754.6122203
2.58338	742899387.0123897
2.5834	751259539.982935
2.5834200000000003	729827124.2217007
2.58344	662811446.6349975
2.5834599999999996	581473597.6943092
2.5834799999999998	608681356.767357
2.5835	698570111.018749
2.58352	724969940.9182427
2.58354	718505339.6689173
2.58356	725053410.9720141
2.58358	747050567.5022372
2.5836	747876694.7531428
2.5836200000000002	729272773.472226
2.58364	731543237.5341121
2.58366	725337281.0472398
2.5836799999999998	751986423.793215
2.5837	747635646.6455717
2.58372	722603398.8634152
2.58374	686388502.2513356
2.58376	695985192.7647873
2.58378	697685986.5559368
2.5838	668836553.0372472
2.5838200000000002	692484409.181841
2.5838400000000004	704433498.2638544
2.58386	671861878.6809343
2.5838799999999997	509811936.94411933
2.5839	376833930.33830625
2.58392	431717844.47092205
2.58394	611504982.5170293
2.58396	696626514.1107684
2.58398	706805629.7002468
2.584	663834776.2305468
2.58402	651178420.5461818
2.5840400000000003	727830079.5211089
2.58406	746809785.6637073
2.5840799999999997	732082457.1427227
2.5841	695328451.1120718
2.58412	711360915.5931528
2.58414	749721559.6874708
2.58416	737411659.2931107
2.58418	744474797.0102136
2.5842	754223395.8475698
2.58422	734936810.048753
2.5842400000000003	656901116.4762673
2.58426	672326144.758215
2.58428	737038204.210728
2.5843	754101839.1957786
2.58432	753598456.0219352
2.58434	758961944.0471754
2.5843599999999998	762710982.5564611
2.58438	746551891.2410948
2.5844	724185791.9636041
2.58442	750066898.7360678
2.5844400000000003	757286125.432555
2.58446	751692124.2331779
2.58448	729659094.6618919
2.5845	669052195.223528
2.58452	491711086.1136952
2.58454	505103060.52343297
2.5845599999999997	678453363.7108836
2.58458	709398065.7712348
2.5846	664599484.377453
2.58462	640811061.7805376
2.5846400000000003	698666628.7132435
2.58466	745195116.2185669
2.58468	754970530.9857814
2.5847	724035732.565923
2.58472	696690678.738685
2.58474	736410547.1396142
2.5847599999999997	747790597.2229736
2.58478	749790614.7750161
2.5848	737343744.2969959
2.58482	685219951.8175454
2.5848400000000002	597888224.488773
2.58486	581687859.9505342
2.58488	606401127.3301489
2.5849	672124923.4155102
2.58492	645728567.0039616
2.58494	674947510.7892774
2.5849599999999997	711901650.7899824
2.58498	720476798.8340551
2.585	705147547.8697009
2.58502	587232387.3410444
2.5850400000000002	550275275.6270127
2.58506	601395258.8763164
2.58508	565301320.5787525
2.5851	541564265.2546836
2.58512	662903023.7461658
2.58514	732588336.4929409
2.5851599999999997	750412396.8557986
2.58518	733854564.7648109
2.5852	725370684.8325977
2.58522	748186727.948881
2.58524	762552940.3083013
2.58526	758734793.3664593
2.58528	756536698.7320822
2.5853	748531360.0185664
2.5853200000000003	747136579.8284317
2.58534	756414769.2499638
2.5853599999999997	742574446.1766609
2.58538	725337281.0472398
2.5854	722886309.719481
2.58542	681428039.4811836
2.58544	636751534.1509695
2.58546	639808491.9173557
2.58548	720261166.4211534
2.5855	751605587.4607416
2.5855200000000003	759906221.1883035
2.58554	756083916.8471018
2.5855599999999996	739145606.8585532
2.5855799999999998	709300065.5763304
2.5856	706756806.9833472
2.58562	742232556.735616
2.58564	740423168.9187319
2.58566	753754642.4162219
2.58568	748686496.2362664
2.5857	733060805.937944
2.5857200000000002	756223205.4801449
2.58574	770513052.3752987
2.58576	772556053.7362329
2.5857799999999997	769413850.6153357
2.5858	771187532.7214366
2.58582	760939274.498718
2.58584	750412396.8557986
2.58586	729306358.497881
2.58588	670362944.6722554
2.5859	704628167.3257949
2.58592	751294137.5599209
2.5859400000000003	751899853.1402403
2.58596	754206029.412029
2.5859799999999997	742779655.428087
2.586	751173053.0107343
2.58602	758071204.1818018
2.58604	730886600.5949961
2.58606	708206649.299845
2.58608	720576343.2583917
2.5861	739315821.0200238
2.58612	727293992.0260663
2.5861400000000003	739997069.7338883
2.58616	760413817.7768956
2.58618	747635646.6455717
2.5862	727478227.5505377
2.58622	688050001.286978
2.58624	711623038.9214855
2.58626	751536365.2157326
2.58628	736427503.8143154
2.5863	749738822.8630912
2.58632	764328405.492021
2.5863400000000003	768121639.1205889
2.58636	762342268.2511039
2.58638	756989751.7661091
2.5864	766955206.4748609
2.58642	765437966.7294487
2.58644	763238026.6516931
2.5864599999999998	761570301.8763965
2.58648	749393634.8642339
2.5865	746397197.3374301
2.58652	751173053.0107343
2.5865400000000003	742523152.7227901
2.58656	680267934.047423
2.58658	669499103.8056875
2.5866	741822497.1807324
2.58662	760991840.137155
2.58664	772004798.9264803
2.5866599999999997	759836234.4618809
2.58668	751155756.8111243
2.5867	761377432.4561522
2.58672	748203955.783288
2.5867400000000003	735122981.6246731
2.58676	730432351.0930034
2.58678	732858281.7329029
2.5868	695328451.1120718
2.58682	565444520.6964809
2.58684	593922803.2095896
2.5868599999999997	718306836.732253
2.58688	749393634.8642339
2.5869	755144389.3902342
2.58692	751346036.9128896
2.5869400000000002	753251491.0055244
2.58696	742694144.6824774
2.58698	733280270.318029
2.587	723252594.0787005
2.58702	700987058.2220632
2.58704	723086078.1861277
2.5870599999999997	708728667.5383512
2.58708	676005142.9434257
2.5871	705212497.3499702
2.58712	705196259.4190798
2.58714	700696583.5989333
2.58716	673612286.5404671
2.58718	548971754.677883
2.5872	489936730.8565707
2.58722	543638242.7574289
2.58724	449448566.9147962
2.5872599999999997	415030487.03436476
2.58728	436314855.5506755
2.5873	419855648.19737804
2.58732	571689215.9699887
2.58734	680502930.8482231
2.58736	672465487.1301311
2.58738	648978037.800503
2.5874	681067254.4340158
2.5874200000000003	711344536.0913303
2.58744	730819286.5513246
2.5874599999999996	741412664.1705307
2.58748	726775033.8103231
2.5875	710313387.444399
2.58752	693601462.1727526
2.58754	663712504.6077278
2.58756	624554008.3806618
2.58758	661545927.1183499
2.5876	713181386.6797386
2.5876200000000003	737157010.3078482
2.58764	748720975.3174834
2.58766	744234845.3681679
2.5876799999999998	706122418.4706445
2.5877	674574624.0527252
2.58772	671707194.5756437
2.58774	588653865.1805841
2.58776	635579674.1329159
2.58778	687163368.5843837
2.5878	616481431.3252606
2.5878200000000002	640722536.5758868
2.5878400000000004	713592045.0727798
2.58786	748996865.1361969
2.5878799999999997	753477000.0904225
2.5879	745984836.9528995
2.58792	751017401.5506532
2.58794	765244117.814237
2.58796	768351600.043331
2.58798	766407948.1310982
2.588	766178568.9263966
2.58802	761570301.8763965
2.5880400000000003	757216380.014757
2.58806	750809916.4402925
2.5880799999999997	741702939.156572
2.5881	700906358.7500554
2.58812	566748004.9365294
2.58814	544364756.3006079
2.58816	666131544.4153942
2.58818	677594699.410378
2.5882	592488601.9699492
2.58822	602837138.9224656
2.5882400000000003	676581315.3104916
2.58826	709855579.0753992
2.58828	673410680.266758
2.5883	540617375.6768842
2.58832	496158001.9798441
2.58834	599887758.9463805
2.5883599999999998	602739980.8860162
2.58838	573218238.22635
2.5884	671877349.0505064
2.58842	694080750.6102381
2.5884400000000003	612040272.7252893
2.58846	588057779.9191655
2.58848	689397969.6014419
2.5885	735986757.1408427
2.58852	748427953.7327119
2.58854	749393634.8642339
2.5885599999999998	747532364.098545
2.58858	737496561.8351043
2.5886	721788569.2733558
2.58862	714150919.9877905
2.5886400000000003	742488959.0552796
2.58866	759976214.3610384
2.58868	750550640.6600213
2.5887	744577657.1095555
2.58872	675974012.4729365
2.58874	619155877.5938773
2.5887599999999997	669822913.6051407
2.58878	661028219.4273758
2.5888	705228735.6547601
2.58882	735529337.867272
2.5888400000000003	732790786.0990471
2.58886	744783419.9450943
2.58888	759888723.90238
2.5889	753563752.3296028
2.58892	752783341.6176631
2.58894	754292865.5886437
2.5889599999999997	748565831.9553322
2.58898	727494978.5486118
2.589	691846901.0991429
2.58902	677454294.2082961
2.5890400000000002	544414896.4565327
2.58906	476058144.98752004
2.58908	603003731.994238
2.5891	699777541.1406778
2.58912	728299480.2153296
2.58914	732554600.3300909
2.5891599999999997	735427727.7530826
2.58918	732824533.1389042
2.5892	687163368.5843837
2.58922	571952549.2133579
2.58924	527606333.17190796
2.58926	644198931.2892148
2.58928	641948221.5080345
2.5893	577204887.7142369
2.5893200000000003	668451650.5625461
2.58934	726992616.350495
2.5893599999999997	730920259.941851
2.58938	724803029.6374692
2.5894	721157293.2433559
2.58942	683455117.9405048
2.58944	509823675.93293303
2.58946	437884930.99199045
2.58948	592829764.0105247
2.5895	693154424.9075876
2.5895200000000003	713937180.8551743
2.58954	711754136.803777
2.5895599999999996	706594088.9488593
2.5895799999999998	722087787.6048656
2.5896	725437497.0183976
2.58962	736122343.3992637
2.58964	714348274.4435631
2.58966	645119248.2271969
2.58968	572189652.8400483
2.5897	666238920.7881638
2.5897200000000002	687590709.4839237
2.58974	709496079.5063015
2.58976	725988932.4137633
2.5897799999999997	699117220.9734077
2.5898	675818381.622851
2.58982	697637793.7799076
2.58984	686752106.1488186
2.58986	712623270.4948926
2.58988	722387129.9776996
2.5899	701487602.3740612
2.58992	675974012.4729365
2.5899400000000004	722719878.1572895
2.58996	726273168.7606843
2.5899799999999997	689144032.7831348
2.59	640058987.2353284
2.59002	697364764.2553358
2.59004	723185983.1206313
2.59006	732369079.2026061
2.59008	751761360.8247834
2.5901	743875062.9075656
2.59012	761447561.1386929
2.5901400000000003	771347364.5245569
2.59016	769555594.9390922
2.59018	761289780.6855849
2.5902	754657686.7215574
2.59022	743686674.8470494
2.59024	703963270.0377891
2.59026	670810728.7992259
2.59028	709970003.4978908
2.5903	707994689.2355256
2.59032	700648182.8654106
2.5903400000000003	726975876.9196049
2.59036	715648886.6926974
2.59038	698216326.8670167
2.5904	634059479.7210276
2.59042	558303049.485492
2.59044	622257299.6730428
2.5904599999999998	691305480.6973337
2.59048	731273776.6851008
2.5905	727813320.8071358
2.59052	665012792.994402
2.5905400000000003	608036989.396561
2.59056	679798183.8708127
2.59058	696674637.0276604
2.5906	694096732.5941331
2.59062	706236241.130244
2.59064	675009678.615244
2.5906599999999997	708516551.2385355
2.59068	741873742.2333611
2.5907	749014111.6249166
2.59072	743960709.619237
2.5907400000000003	735529337.867272
2.59076	748617542.8371137
2.59078	724002390.255973
2.5908	701616833.0679752
2.59082	721356583.8990859
2.59084	700583653.7546791
2.5908599999999997	695088334.6421648
2.59088	715714803.4265617
2.5909	729037721.5937787
2.59092	715533547.0161461
2.5909400000000002	688652296.3442746
2.59096	699487567.7165562
2.59098	727360981.3631629
2.591	739724494.9516424
2.59102	729440714.0680516
2.59104	718952171.866639
2.5910599999999997	691815041.1055311
2.59108	702683895.0971181
2.5911	615346875.8471873
2.59112	520235518.68730456
2.59114	634409970.7738229
2.59116	721655623.150532
2.59118	738771273.6350124
2.5912	735512401.8733679
2.59122	740542520.6516764
2.59124	744183437.2219428
2.5912599999999997	741395592.7095917
2.59128	688858465.6662288
2.5913	650713774.3440102
2.59132	717546416.7150078
2.59134	745864608.0928979
2.59136	736868514.4295379
2.59138	690462346.7315995
2.5914	631538745.3743849
2.5914200000000003	664324088.0167205
2.59144	666653248.9563034
2.5914599999999997	641652661.4874047
2.59148	691432835.6023594
2.5915	714101589.8937348
2.59152	740968933.9136983
2.59154	746362825.2676797
2.59156	749669772.5455377
2.59158	743583937.8329533
2.5916	745126484.3725892
2.5916200000000003	744834869.5380862
2.59164	755318287.8316703
2.59166	758018840.2867839
2.5916799999999998	757321000.550448
2.5917	743875062.9075656
2.59172	716473282.3911084
2.59174	702959007.1469927
2.59176	727645754.8893183
2.59178	749152097.8317562
2.5918	750135985.6319796
2.5918200000000002	751813292.4535066
2.5918400000000004	754223395.8475698
2.59186	727427976.8704866
2.5918799999999997	657854727.529351
2.5919	677906815.16296
2.59192	677017664.0518248
2.59194	698377115.628389
2.59196	697605667.1119729
2.59198	714216698.7474686
2.592	740423168.9187319
2.59202	749203849.2127486
2.5920400000000003	744972085.8291738
2.59206	701665300.7157946
2.5920799999999997	633679999.5888687
2.5921	682370117.7233298
2.59212	726072519.7900196
2.59214	725938784.6070253
2.59216	727394478.3455105
2.59218	732740168.45313
2.5922	734699932.5949032
2.59222	741156633.525761
2.5922400000000003	759031850.2447662
2.59226	761044409.4068233
2.59228	761973732.1918247
2.5923	756083916.8471018
2.59232	746345639.8263816
2.59234	732352215.9755092
2.5923599999999998	724419279.5126075
2.59238	697461115.4135171
2.5924	598039679.404974
2.59242	515905312.4829697
2.5924400000000003	535734975.1943052
2.59246	668513220.0701225
2.59248	711213513.6533295
2.5925	729743104.6055167
2.59252	714282483.5658736
2.59254	694640339.0638494
2.5925599999999998	626440748.7810177
2.59258	481781367.49608505
2.5926	539821279.19996
2.59262	658157750.5954274
2.5926400000000003	649935112.205316
2.59266	703120888.0765921
2.59268	738975431.8858328
2.5927	744320533.5037102
2.59272	734699932.5949032
2.59274	740048188.6861039
2.5927599999999997	753216803.2911566
2.59278	740457267.4509006
2.5928	716126920.5913397
2.59282	730600558.7221855
2.5928400000000003	747153783.4820061
2.59286	741856660.1558295
2.59288	736512293.0446998
2.5929	715484121.4168975
2.59292	677719528.4635202
2.59294	697878790.9538916
2.5929599999999997	707978387.2430371
2.59298	698714892.561127
2.593	619712134.3647171
2.59302	631059050.9848486
2.5930400000000002	679266192.4645092
2.59306	707847984.8154621
2.59308	711246267.0001855
2.5931	643442880.6415756
2.59312	567048231.0953443
2.59314	550224595.7350754
2.5931599999999997	621340982.761491
2.59318	631247977.9910392
2.5932	565067071.3353124
2.59322	644213764.6885506
2.59324	702311856.044499
2.59326	682763034.6182956
2.59328	606554738.7045869
2.5933	628463413.5615803
2.5933200000000003	706691715.2734516
2.59334	726039083.6847116
2.5933599999999997	699519781.051212
2.59338	621369597.2300513
2.5934	578349014.651956
2.59342	660222012.3891388
2.59344	673472706.5388838
2.59346	694864300.7488296
2.59348	730129674.9459661
2.5935	716869329.5808067
2.5935200000000003	728115036.7067403
2.59354	729944767.9363765
2.5935599999999996	738023175.8243575
2.5935799999999998	739332844.5918984
2.5936	710395170.0029552
2.59362	734124976.58645
2.59364	755944653.8696102
2.59366	747738943.4625953
2.59368	728534294.0745119
2.5937	726657900.9552541
2.5937200000000002	749721559.6874708
2.59374	756641225.3598471
2.59376	755822819.8061619
2.5937799999999998	749428146.511135
2.5938	755248723.6500669
2.59382	750671624.8801075
2.59384	728265941.5570625
2.59386	727779804.5368241
2.59388	707587252.0122991
2.5939	584440091.3985116
2.5939200000000002	532635366.72596395
2.5939400000000004	630971872.9772156
2.59396	718637705.43463
2.5939799999999997	745504037.7626537
2.594	739724494.9516424
2.59402	715896105.7522087
2.59404	724469322.3520296
2.59406	737615441.8166991
2.59408	744234845.3681679
2.5941	738108148.7738465
2.59412	751207646.6047564
2.5941400000000003	754814092.6457838
2.59416	751865227.6696603
2.5941799999999997	739145606.8585532
2.5942	685267286.7698132
2.59422	583485408.625783
2.59424	610843560.6211233
2.59426	688525453.5863396
2.59428	697541418.2143939
2.5943	669946310.9105694
2.59432	708125118.6895427
2.5943400000000003	713279923.1360154
2.59436	673364164.3115671
2.59438	641357237.5458587
2.5944	507878700.8537521
2.59442	392961497.3731527
2.59444	492175510.0141359
2.5944599999999998	663147291.2384292
2.59448	700535260.8218069
2.5945	723385834.4015393
2.59452	727076319.2867869
2.5945400000000003	701778404.9149888
2.59456	697766315.247551
2.59458	716836317.2883114
2.5946	717166508.6355035
2.59462	679954731.2097416
2.59464	552687955.1374358
2.5946599999999997	472269609.85739845
2.59468	605299060.7319027
2.5947	651373370.9066845
2.59472	498402256.60362905
2.5947400000000003	409600049.0736172
2.59476	539063590.9377203
2.59478	673023145.4704797
2.5948	702570644.9619117
2.59482	729222398.8336157
2.59484	728903440.2507286
2.5948599999999997	736376634.961515
2.59488	733770081.4990895
2.5949	681271152.939542
2.59492	567413938.4779081
2.5949400000000002	633257001.2180728
2.59496	724486004.0667033
2.59498	727947401.3242673
2.595	706561549.8377838
2.59502	623131921.9995759
2.59504	607141612.8754244
2.5950599999999997	692277154.6466635
2.59508	728802745.474893
2.5951	712869444.3631002
2.59512	702457413.0789963
2.5951400000000002	730886600.5949961
2.59516	738482145.993981
2.59518	737768315.6652414
2.5952	731391653.5913998
2.59522	735156836.0685734
2.59524	714990053.1600008
2.5952599999999997	673240137.4722589
2.59528	588748752.6204469
2.5953	634278513.9306291
2.59532	657915320.9792986
2.59534	707864283.8052893
2.59536	714035821.7354856
2.59538	691034929.404939
2.5954	690017332.676676
2.5954200000000003	720045598.5451497
2.59544	740048188.6861039
2.5954599999999997	740883631.6231072
2.59548	731155918.776786
2.5955	749687034.5287015
2.59552	763466525.5142972
2.59554	765120784.9750824
2.59556	759818738.787443
2.59558	739332844.5918984
2.5956	720493388.616419
2.5956200000000003	692915059.1900725
2.59564	691607986.9063721
2.5956599999999996	716753793.2079555
2.5956799999999998	705439867.6454939
2.5957	694928303.0634197
2.59572	704044321.4699751
2.59574	713789245.0843676
2.59576	685930319.5433856
2.59578	686641423.7076536
2.5958	717579461.709543
2.5958200000000002	738584178.1207958
2.59584	727863598.1067224
2.59586	719879821.0055784
2.5958799999999997	708483923.5968385
2.5959	677220350.187469
2.59592	705456111.1857384
2.59594	716572273.6709993
2.59596	705943591.3536514
2.59598	659599017.3885483
2.596	508768248.7489181
2.59602	378878533.74843705
2.5960400000000003	444191250.76668155
2.59606	632324486.4852154
2.5960799999999997	677157978.7605025
2.5961	705894828.1821917
2.59612	735258408.7551112
2.59614	745778742.1994318
2.59616	737360722.4596032
2.59618	722437032.4363564
2.5962	727327485.9233699
2.59622	733466022.2652029
2.5962400000000003	727545233.8571347
2.59626	726206279.6102171
2.59628	721423026.3555002
2.5963	728869873.7797173
2.59632	698618368.1991932
2.59634	695200378.6742394
2.59636	714529230.6049509
2.59638	721755330.4467171
2.5964	744097764.8692846
2.59642	737275835.5557953
2.5964400000000003	712787376.9595784
2.59646	661469768.2129875
2.59648	631989699.5283188
2.5965	682260141.5183331
2.59652	690176233.3325006
2.59654	721124083.4873832
2.5965599999999998	705228735.6547601
2.59658	720509978.7807813
2.5966	691432835.6023594
2.59662	679547783.0928631
2.5966400000000003	730331445.1049163
2.59666	733280270.318029
2.59668	672341625.818034
2.5967	566826309.4759516
2.59672	639234196.553531
2.59674	708483923.5968385
2.5967599999999997	736037599.0609072
2.59678	752800675.2942297
2.5968	741327310.7965466
2.59682	729944767.9363765
2.5968400000000003	733060805.937944
2.59686	753078068.4068592
2.59688	756902605.1168717
2.5969	752038370.9692712
2.59692	751173053.0107343
2.59694	739792629.2330911
2.5969599999999997	732048744.2759411
2.59698	714808980.2942444
2.597	680894772.5946026
2.59702	685740816.1740143
2.5970400000000002	733280270.318029
2.59706	739758561.3079419
2.59708	739128587.5979371
2.5971	745624208.5008976
2.59712	753719931.5314059
2.59714	752558040.1386873
2.5971599999999997	750637055.9702268
2.59718	733246502.2911825
2.5972	686009294.7359064
2.59722	631102644.505407
2.59724	604198997.0171171
2.59726	482814161.52936417
2.59728	427061085.88263136
2.5973	542550290.0583863
2.59732	669560769.7917157
2.59734	707962085.6259085
2.5973599999999997	715978531.0819627
2.59738	690176233.3325006
2.5974	668128503.6672752
2.59742	658551889.2621667
2.59744	564183005.422304
2.59746	579255278.479048
2.59748	671227900.1348526
2.5975	733111445.733482
2.5975200000000003	737683381.8382328
2.59754	734243313.0889144
2.5975599999999996	739128587.5979371
2.59758	734902965.737189
2.5976	725788361.9696573
2.59762	677672714.8739203
2.59764	658885575.560449
2.59766	641608339.2226641
2.59768	622988457.0897617
2.5977	630492609.1638087
2.5977200000000003	683659731.3266792
2.59774	701116196.7038413
2.59776	621641500.4139812
2.5977799999999998	518167297.0421121
2.5978	602545711.7868862
2.59782	679078530.2071306
2.59784	704433498.2638544
2.59786	692340918.6653208
2.59788	627090180.0897601
2.5979	641180048.472825
2.5979200000000002	683046074.866828
2.5979400000000004	690033221.0958383
2.59796	688509599.8844076
2.5979799999999997	666177560.7416462
2.598	652844876.2943507
2.59802	652033636.0699699
2.59804	696113409.7840339
2.59806	669391201.9958472
2.59808	697396879.8290284
2.5981	710346099.3379596
2.59812	680173958.0509545
2.5981400000000003	645743435.6248667
2.59816	631553287.2588109
2.5981799999999997	654319705.93229
2.5982	685156843.6339697
2.59822	584090308.120734
2.59824	558547355.5755061
2.59826	626974676.4483134
2.59828	579215266.3239584
2.5983	656220812.1670427
2.59832	689064696.7113334
2.5983400000000003	645059833.284831
2.59836	624956803.0622243
2.59838	578508840.4700528
2.5984	581567327.7185141
2.59842	629593158.3582706
2.59844	676051841.3372613
2.5984599999999998	662201255.7788132
2.59848	689048830.5930126
2.5985	740713056.501466
2.59852	745383886.3920804
2.5985400000000003	722220813.3426592
2.59856	719051505.6414251
2.59858	724319204.2036798
2.5986	733939057.7575878
2.59862	737309789.1445657
2.59864	737004263.1286179
2.5986599999999997	732436535.9940325
2.59868	743292926.693881
2.5987	733280270.318029
2.59872	721539315.3804712
2.5987400000000003	714957127.4093875
2.59876	701196920.33573
2.59878	701778404.9149888
2.5988	720344094.3260188
2.59882	715484121.4168975
2.59884	704271315.1293839
2.5988599999999997	684431517.1408795
2.59888	630783028.6068441
2.5989	552013882.6753454
2.59892	643442880.6415756
2.5989400000000002	723302556.3235644
2.59896	729239189.9931799
2.59898	741549250.0100251
2.599	749911476.483527
2.59902	747497939.7536371
2.59904	736919417.2613419
2.5990599999999997	717348178.7019422
2.59908	689620241.073758
2.5991	555776270.3204181
2.59912	471878293.3200679
2.5991400000000002	593171122.4962913
2.59916	681569268.2583951
2.59918	682291561.4824287
2.5992	607295411.8270241
2.59922	488933731.229972
2.59924	565900398.812478
2.5992599999999997	641667436.2560365
2.59928	585854810.0965439
2.5993	616438847.7674444
2.59932	714792521.3987122
2.59934	739758561.3079419
2.59936	747308634.1912761
2.59938	744012102.3794528
2.5994	716258848.1957096
2.5994200000000003	645683963.1953641
2.59944	674994136.1219487
2.5994599999999997	734936810.048753
2.59948	744817719.2788638
2.5995	737123063.7546412
2.59952	741856660.1558295
2.59954	744766270.870526
2.59956	709120433.7129424
2.59958	708271880.5467438
2.5996	724769651.9929969
2.5996200000000003	656356816.6422236
2.59964	604950722.8527124
2.5996599999999996	686467530.1971266
2.5996799999999998	730566914.0977769
2.5997	743601059.682981
2.59972	733871462.5851654
2.59974	723052779.6083713
2.59976	707652426.2079722
2.59978	693170385.5617996
2.5998	620854738.3568217
2.5998200000000002	646085508.4148349
2.59984	699471461.6055244
2.59986	732757040.6132659
2.5998799999999997	747153783.4820061
2.5999	753407605.4898776
2.59992	753771998.4580734
2.59994	743875062.9075656
2.59996	722437032.4363564
2.59998	714973590.0951598
2.6	738176134.1774577
2.60002	735732600.2143712
2.6000400000000004	731981323.199807
2.60006	730987583.2859467
2.6000799999999997	711655811.1281145
2.6001	723352522.019814
2.60012	744440513.4682316
2.60014	742369293.6188165
2.60016	740508418.1935433
2.60018	746345639.8263816
2.6002	733803873.638202
2.60022	734226406.7064843
2.6002400000000003	743583937.8329533
2.60026	748048919.5533681
2.60028	742711246.0440247
2.6003	743412741.014408
2.60032	754275497.5535213
2.60034	757704732.8658624
2.60036	745418213.3789915
2.60038	725922069.4412256
2.6004	706480208.6156541
2.60042	676316526.5096233
2.6004400000000003	585760389.0675184
2.60046	601713838.8923539
2.60048	681396659.2828302
2.6005	724819719.0361257
2.60052	729692697.4787048
2.60054	735800366.8117951
2.6005599999999998	730886600.5949961
2.60058	699149417.2525729
2.6006	596994046.2717155
2.60062	587732896.957227
2.6006400000000003	689318604.2957667
2.60066	745023548.4551963
2.60068	751346036.9128896
2.6007	750153258.3502201
2.60072	750481515.5747287
2.60074	738159137.239518
2.6007599999999997	713575614.1978939
2.60078	722769803.6021701
2.6008	732436535.9940325
2.60082	738057163.8302147
2.6008400000000003	741327310.7965466
2.60086	713608476.3260049
2.60088	714479874.3790262
2.6009	725504315.3581103
2.60092	712327974.0646625
2.60094	656689390.7036916
2.6009599999999997	590581719.5608423
2.60098	653988331.9750111
2.601	717298627.7567099
2.60102	723185983.1206313
2.6010400000000002	709104105.7995249
2.60106	734818361.776793
2.60108	748841664.6065886
2.6011	739469047.2791798
2.60112	715945559.811307
2.60114	714052263.2071664
2.6011599999999997	714973590.0951598
2.60118	713624907.957578
2.6012	705277452.812586
2.60122	704352402.0286133
2.60124	710346099.3379596
2.60126	699117220.9734077
2.60128	713559183.7013358
2.6013	686104076.9696224
2.60132	656991876.9887385
2.60134	696770892.8346553
2.6013599999999997	723535759.1051403
2.60138	687891590.1578137
2.6014	697059740.057892
2.60142	735444661.7972705
2.60144	740099311.1696106
2.60146	733381583.729515
2.60148	699439250.4960073
2.6015	634497623.8050326
2.6015200000000003	677766345.2870023
2.60154	707489501.9732772
2.6015599999999997	687036800.0718181
2.60158	641859539.2098134
2.6016	630928288.4897224
2.60162	575784540.3285904
2.60164	513712342.20562804
2.60166	586597219.4027985
2.60168	590962604.4362471
2.6017	588504787.243298
2.6017200000000003	684888698.6897846
2.60174	697300537.5447079
2.60176	660495708.2294208
2.6017799999999998	621713073.6565909
2.6018	642909732.1290131
2.60182	715286453.1583661
2.60184	714233144.3840417
2.60186	715072374.1705902
2.60188	714825439.568764
2.6019	712935105.0890759
2.6019200000000002	672496456.0233366
2.6019400000000004	701503754.9089872
2.60196	744286257.0656646
2.6019799999999997	755005299.4641569
2.602	757059476.3097129
2.60202	742300922.0287333
2.60204	736885481.6494471
2.60206	749497174.5730835
2.60208	755231333.6057527
2.6021	741446808.2716858
2.60212	681302527.3579788
2.6021400000000003	670795282.9892101
2.60216	718406081.3445367
2.6021799999999997	740951872.6699085
2.6022	740337929.4580411
2.60222	733550470.5227962
2.60224	711754136.803777
2.60226	711131636.884902
2.60228	728165334.8488427
2.6023	726139396.6201848
2.60232	722836376.2269237
2.6023400000000003	744509082.1310444
2.60236	743618181.9272584
2.60238	705553580.2820319
2.6024	649920147.0686018
2.60242	694816302.8812184
2.60244	738584178.1207958
2.6024599999999998	741105438.007533
2.60248	741583400.4013386
2.6025	735851195.8560302
2.60252	724636156.7850139
2.6025400000000003	706008614.1556145
2.60256	634833739.2967731
2.60258	669005980.3314191
2.6026	723569079.9254367
2.60262	723819034.9952408
2.60264	718670800.6860251
2.6026599999999998	708614443.179456
2.60268	653611974.3637835
2.6027	647559978.5392115
2.60272	719763799.4379402
2.6027400000000003	738142140.6929427
2.60276	722919600.6308422
2.60278	702150161.3799639
2.6028	736207097.4947374
2.60282	755631405.9488931
2.60284	748893394.5428759
2.6028599999999997	745813087.3705405
2.60288	752731342.982632
2.6029	751882540.2056317
2.60292	748135046.8257067
2.6029400000000003	749462659.7473959
2.60296	745830260.549227
2.60298	735156836.0685734
2.603	728534294.0745119
2.60302	700938637.4239572
2.60304	688715726.485769
2.6030599999999997	600924623.4478861
2.60308	450152845.76375103
2.6031	444733659.3897965
2.60312	593594680.0113963
2.6031400000000002	689477344.0449144
2.60316	714249590.399294
2.60318	701132340.6867372
2.6032	679250551.9624891
2.60322	698007356.8189412
2.60324	675662786.6039679
2.6032599999999997	694736313.8027793
2.60328	733482911.1389327
2.6033	738652207.3703494
2.60332	740440217.9885308
2.60334	743190244.0743454
2.60336	737411659.2931107
2.60338	729373533.1893151
2.6034	686815361.2682682
2.6034200000000003	579522096.8253818
2.60344	474678979.4829212
2.6034599999999997	518585058.86047024
2.60348	646889348.1614695
2.6035	687369092.1498532
2.60352	721855051.5189259
2.60354	715550022.9746202
2.60356	709839234.2348318
2.60358	727411227.4151655
2.6036	716506277.9648438
2.6036200000000003	706333818.0129178
2.60364	739690430.1641175
2.6036599999999996	743583937.8329533
2.6036799999999998	722986187.0530475
2.6037	732352215.9755092
2.60372	744731973.9059887
2.60374	745813087.3705405
2.60376	732436535.9940325
2.60378	700567522.405624
2.6038	718141459.5112947
2.6038200000000002	709986351.3495665
2.60384	631146241.0374005
2.60386	565939491.1773384
2.6038799999999998	611293812.648318
2.6039	660799947.7921425
2.60392	695921093.111541
2.60394	697412938.1704996
2.60396	711148011.4844828
2.60398	719912973.4598268
2.604	724352561.1037872
2.6040200000000002	712245968.9966241
2.6040400000000004	675989577.5289811
2.60406	610801366.5001674
2.6040799999999997	607379318.5847025
2.6041	683769933.137081
2.60412	728886656.8219988
2.60414	733347811.0371207
2.60416	730163299.434301
2.60418	696963444.3479321
2.6042	587868243.0396417
2.60422	590377775.0832831
2.6042400000000003	635389450.6879052
2.60426	668082352.5793151
2.6042799999999997	711213513.6533295
2.6043	731678005.190579
2.60432	723602402.2802519
2.60434	719333025.8741539
2.60436	733330925.2741499
2.60438	737343744.2969959
2.6044	741156633.525761
2.60442	728853091.123875
2.6044400000000003	712344376.2112448
2.60446	696145467.7293994
2.60448	634147084.3267639
2.6045	616779598.6080958
2.60452	568486296.0076226
2.60454	644406629.9643427
2.6045599999999998	729558295.4957526
2.60458	746259718.5552784
2.6046	740951872.6699085
2.60462	736580131.4577975
2.6046400000000003	732892031.8811203
2.60466	719714081.6333021
2.60468	721124083.4873832
2.6047	685535579.9373224
2.60472	669237086.7193958
2.60474	632499228.3379632
2.6047599999999997	676332099.4524331
2.60478	711393675.7282753
2.6048	730196925.4711396
2.60482	749290109.4589357
2.6048400000000003	742506055.6921988
2.60486	719034949.0592614
2.60488	696883208.0849255
2.6049	690764483.9962755
2.60492	620840442.8127518
2.60494	617674966.004799
2.6049599999999997	685346185.6234705
2.60498	693298084.0266385
2.605	694144680.7538729
2.60502	667052475.1638219
2.6050400000000002	671135172.9789548
2.60506	689397969.6014419
2.60508	706073642.9466747
2.6051	717529894.7883983
2.60512	713247076.1379868
2.60514	704303748.768822
2.6051599999999997	731745398.3288054
2.60518	738703233.4195554
2.6052	710476961.9776183
2.60522	648082060.568847
2.6052400000000002	663193101.4126573
2.60526	720294336.4374115
2.60528	743566816.3771664
2.6053	748703735.5783958
2.60532	745075014.6362509
2.60534	729121659.9950671
2.6053599999999997	695216386.4388199
2.60538	682370117.7233298
2.6054	710346099.3379596
2.60542	738550165.8455955
2.60544	742095845.0379604
2.60546	739247730.652209
2.60548	721605774.6678522
2.6055	723952379.6699635
2.6055200000000003	726189558.2851912
2.60554	717232565.1539516
2.6055599999999997	696289746.7544357
2.60558	659006957.9481795
2.6056	523913995.4214439
2.60562	384618349.622081
2.60564	443292108.45490336
2.60566	623677390.0265538
2.60568	662536791.2003396
2.6057	686546567.24187
2.6057200000000003	711131636.884902
2.60574	726189558.2851912
2.60576	729138448.8350073
2.6057799999999998	726172837.3451806
2.6058	733651821.2663984
2.60582	729894346.8796393
2.60584	704676842.9963975
2.60586	675009678.615244
2.60588	693361942.0806971
2.6059	676487848.6040423
2.6059200000000002	641948221.5080345
2.6059400000000004	666039521.2984217
2.60596	693298084.0266385
2.6059799999999997	699342626.0672419
2.606	692356860.5876436
2.60602	672310664.0548588
2.60604	709741173.0944619
2.60606	740968933.9136983
2.60608	739997069.7338883
2.6061	744611946.967381
2.60612	753685222.2450514
2.6061400000000003	750827204.6765449
2.60616	740798339.15274
2.6061799999999997	707342902.2336661
2.6062	695120345.3799857
2.60622	697107892.9020028
2.60624	630710411.2071888
2.60626	580938287.2764996
2.60628	655903577.9768281
2.6063	683943143.3019257
2.60632	664079387.0563519
2.6063400000000003	640235866.5048958
2.60636	685519795.0789827
2.60638	712278769.8909038
2.6064	672697788.5957959
2.60642	651388369.5055019
2.60644	684699483.0911328
2.6064599999999998	691560213.9691836
2.60648	665288474.8586255
2.6065	657991070.6402427
2.60652	712639679.4410019
2.6065400000000003	714019380.642382
2.60656	705017666.8539841
2.60658	727578739.3248186
2.6066	724586102.4214755
2.60662	680361923.0280523
2.60664	664553577.0570894
2.6066599999999998	659113185.8807393
2.60668	709447070.9461323
2.6067	741412664.1705307
2.60672	752575368.6274358
2.6067400000000003	752714010.9024825
2.60676	732503998.9987452
2.60678	724419279.5126075
2.6068	742300922.0287333
2.60682	750274178.5146835
2.60684	752073004.4135785
2.6068599999999997	753858784.662151
2.60688	755648805.2053194
2.6069	754675063.5570117
2.60692	753320871.2267317
2.6069400000000003	748427953.7327119
2.60696	738618191.9623586
2.60698	717595984.7774892
2.607	691990289.228481
2.60702	660769517.5306469
2.60704	504917007.95327425
2.6070599999999997	474034553.9583455
2.60708	634453795.7757149
2.6071	707424342.7827868
2.60712	724836408.819074
2.6071400000000002	737683381.8382328
2.60716	738907372.8675722
2.60718	730129674.9459661
2.6072	688937777.9934368
2.60722	670548198.3916209
2.60724	727528481.7019027
2.6072599999999997	743481215.0115201
2.60728	749410890.4890195
2.6073	747566790.0287861
2.60732	745898957.2183713
2.60734	742642842.9604095
2.60736	739656366.9453008
2.60738	729440714.0680516
2.6074	682652995.0876815
2.6074200000000003	625806399.599626
2.60744	656659149.7359843
2.6074599999999997	583136196.7189198
2.60748	518262755.7774228
2.6075	627971595.3379931
2.60752	692500354.4081931
2.60754	658112288.2389005
2.60756	527084202.5529274
2.60758	459060578.8824827
2.6076	552166430.8221661
2.6076200000000003	682197305.9308068
2.60764	711213513.6533295
2.6076599999999996	716770297.26396
2.6076799999999998	718058785.1795337
2.6077	701100053.092673
2.60772	654937714.5933666
2.60774	645520442.2553593
2.60776	664844376.9840561
2.60778	663269458.7355081
2.6078	687179191.2878404
2.6078200000000002	689858468.6048676
2.60784	603795678.0050887
2.60786	553362850.7195548
2.6078799999999998	667790136.376451
2.6079	725587846.9375545
2.60792	740627783.6681548
2.60794	738227127.3395569
2.60796	720858460.4895765
2.60798	716951866.9635447
2.608	725103497.6171986
2.6080200000000002	712639679.4410019
2.6080400000000004	717777763.637295
2.60806	691178149.2497879
2.6080799999999997	615573619.7793329
2.6081	646799983.2685269
2.60812	647440704.5688143
2.60814	676519002.7381017
2.60816	713904303.590009
2.60818	694048787.7464234
2.6082	686420112.3378437
2.60822	611490902.256565
2.6082400000000003	604254648.3640643
2.60826	692835288.9878026
2.6082799999999997	714611498.5583289
2.6083	716984884.5774245
2.60832	683234833.5487791
2.60834	648126830.037864
2.60836	699407040.8698354
2.60838	722121041.7420777
2.6084	710722394.409092
2.60842	623663029.4892756
2.6084400000000003	606177762.0466957
2.60846	666576502.0826313
2.60848	687036800.0718181
2.6085	668128503.6672752
2.60852	526647467.3476111
2.60854	501383456.49245477
2.6085599999999998	628477884.633059
2.60858	605689437.2872462
2.6086	484094334.50766796
2.60862	555277402.7070627
2.6086400000000003	684037640.066553
2.60866	710804224.0590259
2.60868	705374897.2246108
2.6087	676005142.9434257
2.60872	603601068.6442624
2.60874	543738393.8465029
2.6087599999999997	622457924.0616491
2.60878	587124225.1001629
2.6088	561022139.4132632
2.60882	658900747.1361623
2.6088400000000003	667236814.0402743
2.60886	615531098.9287506
2.60888	673782923.606443
2.6089	722819732.4958975
2.60892	733381583.729515
2.60894	723502439.8192862
2.6089599999999997	674279568.1596483
2.60898	597846925.2598263
2.609	639499191.8691666
2.60902	677126795.2011845
2.6090400000000002	697428996.8817346
2.60906	691385074.7637764
2.60908	673813953.1712376
2.6091	632819713.8298637
2.60912	666284944.5319716
2.60914	703023755.0459319
2.6091599999999997	688557162.0853595
2.60918	695680771.985681
2.6092	711655811.1281145
2.60922	662857233.6091008
2.6092400000000002	604616507.0845029
2.60926	686151472.9972016
2.60928	727059577.9285877
2.6093	728735623.3525295
2.60932	735173763.8751808
2.60934	741737096.6256951
2.6093599999999997	744183437.2219428
2.60938	742095845.0379604
2.6094	726206279.6102171
2.60942	687622374.9353986
2.60944	705342414.2580965
2.60946	730028810.7712488
2.60948	719333025.8741539
2.6095	658794553.4419233
2.6095200000000003	661591626.6704401
2.60954	716473282.3911084
2.6095599999999997	730718327.109821
2.60958	732369079.2026061
2.6096	705001433.40918
2.60962	697445055.9627368
2.60964	690080888.5484526
2.60966	643946815.7508802
2.60968	505836309.18047076
2.6097	403682571.7943151
2.6097200000000003	473412804.2710124
2.60974	640988148.8846935
2.6097599999999996	688366932.9928406
2.6097799999999998	703622955.9030211
2.6098	655631785.0209016
2.60982	517368520.0730617
2.60984	554166157.2105571
2.60986	680973168.0149827
2.60988	687479891.8867664
2.6099	709855579.0753992
2.6099200000000002	737190958.4243909
2.60994	730297812.8733655
2.60996	725487610.1962225
2.6099799999999997	732352215.9755092
2.61	713247076.1379868
2.61002	693617433.1204964
2.61004	698666628.7132435
2.61006	699664759.4166285
2.61008	690096778.4310598
2.6101	678765874.9840571
2.61012	693952907.9861643
2.6101400000000003	632732292.5944715
2.61016	610773238.7054142
2.6101799999999997	680988848.18216
2.6102	719482110.616439
2.61022	723252594.0787005
2.61024	695312440.7671363
2.61026	670795282.9892101
2.61028	716522776.3215365
2.6103	736834581.161748
2.61032	737309789.1445657
2.6103400000000003	750395118.1707423
2.61036	748858907.521643
2.61038	729356738.9364198
2.6104	721771949.6686984
2.61042	718753545.4827285
2.61044	715385280.460412
2.61046	735461596.2313838
2.61048	737445619.1369395
2.6105	724602786.8251407
2.61052	715006516.6039224
2.6105400000000003	721273539.4337605
2.61056	707147483.1663748
2.61058	685725026.5899901
2.6106	714331826.1560501
2.61062	733753186.013094
2.61064	707489501.9732772
2.6106599999999998	669160042.3875313
2.61068	630884707.0128375
2.6107	629317777.1550786
2.61072	705147547.8697009
2.6107400000000003	711688584.843991
2.61076	700857943.5262789
2.61078	729255981.5393825
2.6108	741037182.8174927
2.61082	748600305.4796226
2.61084	743892191.461076
2.6108599999999997	730566914.0977769
2.61088	735664839.858191
2.6109	739298797.8401239
2.61092	744337672.3146752
2.6109400000000003	749842410.2647197
2.61096	749911476.483527
2.61098	747102173.7096434
2.611	737887239.4519116
2.61102	735122981.6246731
2.61104	711115262.6623561
2.6110599999999997	697557479.8840225
2.61108	710673301.1410161
2.6111	681380969.7255634
2.61112	702926635.4337661
2.6111400000000002	717810819.285995
2.61116	719946127.4408401
2.61118	714726689.6062502
2.6112	726825239.3851075
2.61122	741224899.7181218
2.61124	725287178.2534258
2.6112599999999997	717562939.0220532
2.61128	737751328.1175618
2.6113	730213739.0702672
2.61132	715401753.0048832
2.61134	721439637.9258089
2.61136	709381731.4651792
2.61138	634351542.1469395
2.6114	638145924.5396116
2.61142	670903411.1284101
2.61144	710607848.7252892
2.6114599999999997	717216050.453958
2.61148	695712810.0068809
2.6115	718207605.8301692
2.61152	728634951.7598537
2.61154	742232556.735616
2.61156	739196666.9917657
2.61158	724619471.6129858
2.6116	700196603.8757558
2.6116200000000003	727243754.0721147
2.61164	743943579.4880588
2.6116599999999996	746809785.6637073
2.61168	746362825.2676797
2.6117	731038079.863388
2.61172	728265941.5570625
2.61174	719001837.0386001
2.61176	709741173.0944619
2.61178	741634628.9371765
2.6118	741890824.7042295
2.6118200000000003	725353982.7476311
2.61184	689461468.4251442
2.61186	668559400.9223826
2.6118799999999998	699906456.8006537
2.6119	737207933.0689329
2.61192	746087905.6863807
2.61194	742745449.9484622
2.61196	742728347.7993499
2.61198	729121659.9950671
2.612	694112714.9460338
2.6120200000000002	694880300.7748408
2.6120400000000004	715896105.7522087
2.61206	736783684.1900119
2.6120799999999997	731357972.536565
2.6121	747497939.7536371
2.61212	744663384.71503
2.61214	723635726.1696506
2.61216	723752371.8684407
2.61218	717298627.7567099
2.6122	704904040.5895239
2.61222	703331389.0180919
2.6122400000000003	733668714.4183608
2.61226	745761570.2069885
2.6122799999999997	746019191.6152408
2.6123	727026096.3686163
2.61232	702133993.961153
2.61234	686673045.4418961
2.61236	703266612.7863215
2.61238	713345621.6702245
2.6124	729860734.776739
2.61242	729289565.7917225
2.6124400000000003	698071648.6330281
2.61246	662292748.5831732
2.61248	700115995.4029293
2.6125	714924203.1750289
2.61252	737343744.2969959
2.61254	731240101.058576
2.6125599999999998	707228901.2157487
2.61258	715566499.3124716
2.6126	723952379.6699635
2.61262	688303534.9749349
2.6126400000000003	578056115.3247066
2.61266	574936657.7694136
2.61268	655495930.7803838
2.6127	692197457.8816409
2.61272	713690638.2675266
2.61274	712787376.9595784
2.6127599999999997	695616700.3693336
2.61278	645074686.5073959
2.6128	634263909.2962625
2.61282	623074532.0715373
2.6128400000000003	601409106.6733272
2.61286	678672106.4903798
2.61288	717249080.2342143
2.6129	729054508.5009435
2.61292	736274907.7969887
2.61294	744972085.8291738
2.6129599999999997	742488959.0552796
2.61298	730331445.1049163
2.613	715797207.8819125
2.61302	692452519.8305702
2.6130400000000003	656553317.315445
2.61306	636839510.7034625
2.61308	687242485.7450937
2.6131	697910930.1999335
2.61312	686831175.9584652
2.61314	686514951.3320326
2.6131599999999997	693873018.3040141
2.61318	602434728.9871882
2.6132	593963831.3604257
2.61322	649411537.3941023
2.6132400000000002	679547783.0928631
2.61326	721722093.1507479
2.61328	727746289.8099582
2.6133	736766719.3140489
2.61332	732908907.5380812
2.61334	688826743.2919858
2.6133599999999997	611814830.2865435
2.61338	644673769.5185558
2.6134	666192900.2234564
2.61342	706122418.4706445
2.61344	725721517.4694895
2.61346	715484121.4168975
2.61348	714479874.3790262
2.6135	726390239.5992522
2.6135200000000003	733601144.1443335
2.61354	740730112.246247
2.6135599999999997	738975431.8858328
2.61358	737140036.8358327
2.6136	739366892.9116172
2.61362	742454766.9624122
2.61364	728031214.1905696
2.61366	716308327.3130366
2.61368	735597085.7426828
2.6137	729071295.7946455
2.6137200000000003	693425806.0165678
2.61374	624424593.8031362
2.6137599999999996	664767838.3524785
2.6137799999999998	699632539.4056262
2.6138	668697962.6210725
2.61382	693026752.9032992
2.61384	654515596.7335396
2.61386	557352559.6848598
2.61388	593594680.0113963
2.6139	659022132.3188552
2.6139200000000002	692691725.7650613
2.61394	702716255.6314816
2.61396	717761236.383787
2.6139799999999997	724102421.7924126
2.614	723702378.5524931
2.61402	728182101.668329
2.61404	735952864.4785417
2.61406	729255981.5393825
2.61408	731459020.3544548
2.6141	726440418.5924764
2.61412	696931348.7342215
2.6141400000000004	708761306.4511827
2.61416	738567171.7874053
2.6141799999999997	742830966.6011487
2.6142	721489474.9317728
2.61422	677657111.0626525
2.61424	700551391.428003
2.61426	713329196.469379
2.61428	700293346.2940685
2.6143	657582126.0571669
2.61432	691353236.0375637
2.6143400000000003	711688584.843991
2.61436	653822707.9346253
2.61438	662216503.7017614
2.6144	682385830.0568331
2.61442	696786936.7620772
2.61444	711590268.2240407
2.61446	719946127.4408401
2.61448	729138448.8350073
2.6145	726524057.9509923
2.61452	685425093.5612171
2.6145400000000003	619255681.7735057
2.61456	673550247.4131402
2.61458	730045620.499348
2.6146	732402806.8216958
2.61462	715550022.9746202
2.61464	704871579.3062626
2.6146599999999998	701923851.3895352
2.61468	675616115.0841557
2.6147	680377589.1206344
2.61472	703137078.2197412
2.6147400000000003	693809113.1802665
2.61476	655511024.3057406
2.61478	563871312.5034515
2.6148	534158323.3050815
2.61482	640265351.1350424
2.61484	640914356.6447775
2.6148599999999997	641963003.0822682
2.61488	632936294.2661593
2.6149	600841608.3776989
2.61492	654078690.0436355
2.6149400000000003	708744986.8068837
2.61496	729827124.2217007
2.61498	734666099.1916982
2.615	718736995.761272
2.61502	699390936.6129813
2.61504	693697293.3756211
2.6150599999999997	651853497.4065254
2.61508	686862806.4313202
2.6151	725186983.0481385
2.61512	731745398.3288054
2.6151400000000002	731206426.9828326
2.61516	724469322.3520296
2.61518	727629000.4195307
2.6152	738329124.2318088
2.61522	741566325.0090979
2.61524	713477036.893209
2.6152599999999997	677781951.6135074
2.61528	689064696.7113334
2.6153	698891888.5298802
2.61532	726524057.9509923
2.61534	735072202.8819577
2.61536	715797207.8819125
2.61538	707359189.5934061
2.6154	716456785.1740453
2.61542	693330012.3184735
2.61544	596994046.2717155
2.6154599999999997	603059273.2481408
2.61548	658081981.7458489
2.6155	680126974.9212184
2.61552	715764244.9613093
2.61554	714512778.1508192
2.61556	684526081.3815072
2.61558	713854990.5310221
2.6156	720194830.9710656
2.6156200000000003	731054912.8310373
2.61564	735902028.4115325
2.6156599999999997	737632426.235445
2.61568	742745449.9484622
2.6157	743344273.3236935
2.61572	744269119.4385628
2.61574	733618036.1293954
2.61576	723069428.7055675
2.61578	699825881.7303208
2.6158	679704272.7682437
2.6158200000000003	699471461.6055244
2.61584	732993291.6517787
2.61586	739503101.8714113
2.6158799999999998	728467196.6762974
2.6159	724369240.1299027
2.61592	684857159.1258547
2.61594	643531781.7016106
2.61596	692915059.1900725
2.61598	711360915.5931528
2.616	705374897.2246108
2.6160200000000002	695969167.2979907
2.6160400000000004	671846408.6675767
2.61606	588504787.243298
2.6160799999999997	605787070.7582139
2.6161	688255990.2933153
2.61612	720526569.3271507
2.61614	735393860.8344434
2.61616	729743104.6055167
2.61618	706268765.2599521
2.6162	687622374.9353986
2.61622	719482110.616439
2.6162400000000003	727344233.4504496
2.61626	714446972.1224759
2.6162799999999997	710378812.7379905
2.6163	720493388.616419
2.61632	707245185.950485
2.61634	722121041.7420777
2.61636	742762552.4913735
2.61638	737819280.6552626
2.6164	736224049.4847835
2.61642	737513543.516506
2.6164400000000003	737700367.8213733
2.61646	711541115.0074333
2.61648	676659214.0971615
2.6165	651913538.0972971
2.61652	558637390.0282594
2.61654	589983682.1070546
2.6165599999999998	663223643.2868853
2.61658	587124225.1001629
2.6166	445861527.948071
2.61662	517130317.9169623
2.6166400000000003	665978179.6164328
2.61666	704109169.3346611
2.61668	726122676.8351787
2.6167	735783424.5772909
2.61672	735580148.1888442
2.61674	725537726.8358598
2.6167599999999998	712278769.8909038
2.61678	698312795.6810477
2.6168	670239470.6271225
2.61682	704806661.2242569
2.6168400000000003	733601144.1443335
2.61686	742198376.4502399
2.61688	737038204.210728
2.6169	722187554.6109041
2.61692	675880629.6626794
2.61694	683943143.3019257
2.6169599999999997	703201842.5203878
2.61698	691098579.0051544
2.617	622529591.3039159
2.61702	576899284.0692849
2.6170400000000003	665380394.2075273
2.61706	685803978.1459256
2.61708	615687023.075086
2.6171	575373691.1795839
2.61712	676721539.5840892
2.61714	724202467.1496743
2.6171599999999997	733837667.3335385
2.61718	725571139.852303
2.6172	687448232.9967275
2.61722	702991380.3510231
2.6172400000000002	729894346.8796393
2.61726	715780726.2318611
2.61728	654379973.779722
2.6173	516440151.6723502
2.61732	560725103.7949688
2.61734	691894693.8406609
2.6173599999999997	717496852.0764487
2.61738	733178970.9025385
2.6174	721207110.7449664
2.61742	714035821.7354856
2.61744	733516690.0530597
2.61746	738278124.0242605
2.61748	725020021.7973208
2.6175	686736293.2792503
2.6175200000000003	662964082.182791
2.61754	679250551.9624891
2.6175599999999997	703460959.381338
2.61758	695216386.4388199
2.6176	642377025.3764681
2.61762	655707271.7649184
2.61764	693793137.8189741
2.61766	708353428.054605
2.61768	694336506.5176765
2.6177	679438261.7578055
2.6177200000000003	707570959.4012883
2.61774	712196770.4873793
2.6177599999999996	690160341.6203978
2.6177799999999998	687654041.845152
2.6178	693569521.380475
2.61782	714512778.1508192
2.61784	709871924.2923245
2.61786	661332704.2770419
2.61788	587502880.1277722
2.6179	523250919.2713833
2.6179200000000002	545293097.1500359
2.61794	528445251.77518123
2.61796	628304253.7651441
2.6179799999999998	634965311.2127185
2.618	557506583.1664656
2.61802	586381148.8048378
2.61804	641209576.585162
2.61806	607896999.8232977
2.61808	664064096.2394232
2.6181	711000653.6607726
2.6181200000000002	711393675.7282753
2.6181400000000004	685961908.5293143
2.61816	634687580.2541374
2.6181799999999997	639852689.8487546
2.6182	696851116.1661463
2.61822	727444726.7114856
2.61824	724903171.7939681
2.61826	710656937.4719193
2.61828	725487610.1962225
2.6183	740508418.1935433
2.61832	740832454.9625312
2.6183400000000003	738176134.1774577
2.61836	729659094.6618919
2.6183799999999997	721107479.1829004
2.6184	722170925.8193725
2.61842	704839119.5178612
2.61844	646293815.3486084
2.61846	656825492.2937078
2.61848	643798558.5864096
2.6185	683266298.400135
2.61852	700164359.3729749
2.6185400000000003	693553551.5359272
2.61856	650998518.1548756
2.61858	624180217.2061442
2.6186	687464062.2595024
2.61862	695248403.0737826
2.61864	667590272.6214324
2.6186599999999998	660419670.2280164
2.61868	608135001.2787187
2.6187	553885505.0601809
2.61872	445533126.03617036
2.6187400000000003	511764315.5549145
2.61876	651793462.2454511
2.61878	692165581.7446644
2.6188	707391765.4379926
2.61882	716605273.8035594
2.61884	710100796.8517542
2.6188599999999997	686815361.2682682
2.61888	663147291.2384292
2.6189	616509821.9980515
2.61892	590160311.9336735
2.6189400000000003	591861376.7092578
2.61896	585935754.5210005
2.61898	655873373.1963036
2.619	705862321.2725261
2.61902	706854455.7898195
2.61904	707880583.1704189
2.6190599999999997	705716058.7029598
2.61908	708598126.9167699
2.6191	712508418.4507545
2.61912	707929483.5177115
2.6191400000000002	691146320.0526279
2.61916	668944365.4410355
2.61918	656130158.1737552
2.6192	699890341.0444553
2.61922	716291833.8941609
2.61924	709153090.6676856
2.6192599999999997	670671729.3117507
2.61928	667836267.2781339
2.6193	689588483.6192687
2.61932	694816302.8812184
2.6193400000000002	714776062.8821557
2.61936	721539315.3804712
2.61938	698714892.561127
2.6194	690064999.0317167
2.61942	704579495.0174696
2.61944	687685710.2132541
2.6194599999999997	647828425.3179214
2.61948	580136245.5307404
2.6195	634059479.7210276
2.61952	683769933.137081
2.61954	680753683.5804384
2.61956	684132149.8872957
2.61958	660541335.232457
2.6196	635769954.5271865
2.6196200000000003	641726538.7327001
2.61964	634643739.1035461
2.6196599999999997	636267880.3123127
2.61968	656583553.4092743
2.6197	673969122.4314752
2.61972	672821715.5215468
2.61974	644376954.6256467
2.61976	664461771.9293054
2.61978	699085026.1769017
2.6198	707261471.0601954
2.6198200000000003	712213169.61285
2.61984	732773913.1619018
2.6198599999999996	736122343.3992637
2.6198799999999998	734108072.9287871
2.6199	725237078.9204737
2.61992	708973496.0260293
2.61994	695905069.1206734
2.61996	681710526.3058543
2.61998	570203659.1937261
2.62	490772252.0317111
2.6200200000000002	593171122.4962913
2.62004	667236814.0402743
2.62006	596732923.7728792
2.6200799999999997	564546864.9299891
2.6201	660860812.5193937
2.62012	709757515.677062
2.62014	723235940.7640142
2.62016	719664367.2629267
2.62018	727427976.8704866
2.6202	733939057.7575878
2.62022	727629000.4195307
2.6202400000000003	725922069.4412256
2.62026	728131802.3680557
2.6202799999999997	725170285.193013
2.6203	729138448.8350073
2.62032	731846499.675244
2.62034	727260499.6711752
2.62036	712967937.7199762
2.62038	695312440.7671363
2.6204	685535579.9373224
2.62042	689509096.3811191
2.6204400000000003	649456398.7032968
2.62046	612844086.7429271
2.62048	447940159.1859666
2.6205	406602458.26753694
2.62052	556454937.0907005
2.62054	655858271.3276514
2.62056	652123724.0687171
2.62058	667990059.9668511
2.6206	690955375.6481501
2.62062	679735575.0275233
2.6206400000000003	686894438.3608488
2.62066	681035890.8500481
2.62068	619184391.4323063
2.6207	630928288.4897224
2.62072	673969122.4314752
2.62074	645535306.0839599
2.6207599999999998	651523372.436968
2.62078	683817167.9221444
2.6208	691512444.3319215
2.62082	679125440.91037
2.6208400000000003	655812967.8080362
2.62086	707196332.8711611
2.62088	724435960.074989
2.6209	736139293.4377552
2.62092	740031148.6430094
2.62094	739400942.7993579
2.6209599999999997	744577657.1095555
2.62098	746483134.4372741
2.621	746723810.9589157
2.62102	744166301.9623312
2.6210400000000003	738873345.7090464
2.62106	735359995.4754007
2.62108	737734340.9610304
2.6211	738108148.7738465
2.62112	732773913.1619018
2.62114	729205608.0606776
2.6211599999999997	729222398.8336157
2.62118	716324821.1116917
2.6212	666960324.8243558
2.62122	654033509.4488947
2.6212400000000002	668559400.9223826
2.62126	706756806.9833472
2.62128	714298930.7172155
2.6213	684053390.7966194
2.62132	658188060.5778439
2.62134	679829490.4549552
2.6213599999999997	715253513.7583426
2.62138	724786340.6230959
2.6214	717595984.7774892
2.62142	695040321.2993752
2.62144	648873443.3291628
2.62146	564079088.6434481
2.62148	546373969.0114487
2.6215	606666480.5080237
2.6215200000000003	678140996.3213398
2.62154	703299000.1564413
2.6215599999999997	709871924.2923245
2.62158	704465939.3722767
2.6216	702117826.9146066
2.62162	635096910.3974872
2.62164	508405218.85249275
2.62166	566421852.4428576
2.62168	670193173.7237642
2.6217	675600558.6273026
2.6217200000000003	646055755.7627093
2.62174	667083194.7728745
2.6217599999999996	695264411.9441787
2.6217799999999998	720111920.24979
2.6218	717761236.383787
2.62182	716143410.2129025
2.62184	702376544.335874
2.62186	702182497.3344154
2.62188	717761236.383787
2.6219	724586102.4214755
2.6219200000000003	716258848.1957096
2.62194	687242485.7450937
2.62196	671985651.6122056
2.6219799999999998	623476372.5919211
2.622	618870811.4190309
2.62202	654786926.9722533
2.62204	678906552.0166749
2.62206	670949757.094922
2.62208	617148957.9120734
2.6221	624496487.4796588
2.6221200000000002	688224295.6634496
2.6221400000000004	696305779.6029322
2.62216	703558152.8181847
2.6221799999999997	723435805.8506366
2.6222	721057668.5633566
2.62222	708288189.2972461
2.62224	675476119.8668808
2.62226	686088279.0213056
2.62228	668159272.8304125
2.6223	581996000.2709254
2.62232	585261559.2265737
2.6223400000000003	686119875.2817047
2.62236	715187639.5088704
2.6223799999999997	701713771.7117534
2.6224	661378389.0997112
2.62242	656795245.0584376
2.62244	696979492.7090703
2.62246	706529012.2251583
2.62248	728601397.6529068
2.6225	725437497.0183976
2.62252	727076319.2867869
2.6225400000000003	718025718.1118454
2.62256	715088839.5100449
2.62258	712836616.2678853
2.6226	700922497.9011953
2.62262	696450091.8532667
2.62264	714298930.7172155
2.6226599999999998	713394899.5420388
2.62268	687115902.6599509
2.6227	693489675.8347982
2.62272	670517319.2169291
2.6227400000000003	568866029.3174297
2.62276	523226823.23088807
2.62278	631393344.944796
2.6228	672357107.2343194
2.62282	593909127.7891042
2.62284	622429259.4749424
2.6228599999999997	703282806.2849447
2.62288	707831686.2009288
2.6229	671939234.0911041
2.62292	592352192.1330485
2.6229400000000003	646948931.616143
2.62296	716506277.9648438
2.62298	718819748.1794035
2.623	704952735.3174376
2.62302	707456921.6278605
2.62304	694560370.2428274
2.6230599999999997	653130552.6474715
2.62308	624812918.00639
2.6231	648888384.3643551
2.62312	696947396.3563195
2.6231400000000002	685835561.3134868
2.62316	694992311.2731152
2.62318	716324821.1116917
2.6232	720194830.9710656
2.62322	699278217.1971982
2.62324	634439187.1053811
2.6232599999999997	555187909.7766392
2.62328	637382301.4383457
2.6233	711655811.1281145
2.62332	714792521.3987122
2.6233400000000002	715484121.4168975
2.62336	730852942.7981789
2.62338	730718327.109821
2.6234	724969940.9182427
2.62342	731509549.4987395
2.62344	716918850.8701502
2.6234599999999997	706106159.5882871
2.62348	671676262.0284342
2.6235	621283757.7774584
2.62352	639219477.8116689
2.62354	709528753.7605741
2.62356	729558295.4957526
2.62358	733668714.4183608
2.6236	717926526.0450546
2.6236200000000003	716968375.5804185
2.62364	726223001.3202703
2.6236599999999997	729911153.5115572
2.62368	722470302.6572547
2.6237	719846670.0780191
2.62372	679672971.950456
2.62374	636883503.5378239
2.62376	656749876.8172055
2.62378	692707675.7651091
2.6238	703558152.8181847
2.6238200000000003	696610473.8771721
2.62384	701568368.7680666
2.6238599999999996	688493746.5475136
2.6238799999999998	693282120.432092
2.6239	698248481.6575226
2.62392	685756606.1216115
2.62394	708875554.4835484
2.62396	710313387.444399
2.62398	695392496.1784618
2.624	711606653.3841199
2.6240200000000002	713986499.5918638
2.62404	714940665.1026812
2.62406	720443620.4152837
2.6240799999999997	692962925.7198831
2.6241	660571754.9855275
2.62412	684179409.6942701
2.62414	705748558.8768301
2.62416	703104698.3062304
2.62418	686578184.6077104
2.6242	625086327.9423183
2.62422	583324207.9210422
2.6242400000000004	553120812.3085431
2.62426	592406752.2986952
2.6242799999999997	598521836.7030989
2.6243	666223580.2467057
2.62432	708647076.8319374
2.62434	715105305.2286323
2.62436	707538375.3047048
2.62438	703687764.9567139
2.6244	694848301.0912253
2.62442	682621558.4793395
2.6244400000000003	713082863.8358389
2.62446	733128326.4426913
2.62448	731880203.2281001
2.6245	723302556.3235644
2.62452	729944767.9363765
2.62454	738227127.3395569
2.62456	730264182.1905974
2.62458	707098636.8358871
2.6246	693857041.4712719
2.62462	687749051.3247758
2.6246400000000003	714776062.8821557
2.62466	716869329.5808067
2.62468	696353880.363501
2.6247	666269602.9307898
2.62472	647038317.0884845
2.62474	699696980.9114543
2.6247599999999998	722503574.4103415
2.62478	732234184.2573229
2.6248	727629000.4195307
2.62482	706952118.0879049
2.6248400000000003	670023445.770154
2.62486	648664304.955598
2.62488	643413249.6841568
2.6249	693170385.5617996
2.62492	667759384.2122842
2.62494	636707550.4324182
2.6249599999999997	697830584.8598663
2.62498	719796946.5490777
2.625	712377181.6374454
2.62502	675522781.715832
2.6250400000000003	644911319.8681054
2.62506	648948151.9455463
2.62508	692867195.9666476
2.6251	707196332.8711611
2.62512	727763046.9804648
2.62514	727729533.0252922
2.6251599999999997	696899254.5985343
2.62518	674357201.9326295
2.6252	678437741.9247215
2.62522	704287531.7623999
2.6252400000000002	719614656.3265827
2.62526	725487610.1962225
2.62528	732251044.7666109
2.6253	726724831.7034999
2.62532	731324293.0327673
2.62534	729877540.6347038
2.6253599999999997	709463406.7567022
2.62538	672806223.4073837
2.6254	693537582.0590943
2.62542	702020832.4523922
2.62544	645981380.1265743
2.62546	590921783.595662
2.62548	635623579.9378442
2.6255	654907554.2914677
2.62552	612604242.326335
2.62554	612434996.9019784
2.6255599999999997	625316660.6822593
2.62558	569298448.1889054
2.6256	553732481.9812119
2.62562	560918804.8338193
2.62564	661180444.3246521
2.62566	709496079.5063015
2.62568	705066369.4311903
2.6257	702231004.0582849
2.6257200000000003	716341315.290135
2.62574	729995192.4762002
2.6257599999999996	733634928.5034142
2.62578	721771949.6686984
2.6258	712475606.9810115
2.62582	691862831.6461626
2.62584	672032072.3398237
2.62586	680205281.9405359
2.62588	672326144.758215
2.6259	635184658.3394693
2.6259200000000003	606247554.8581454
2.62594	642362234.2691284
2.62596	675538336.3817848
2.6259799999999998	694528385.2922179
2.626	703833607.1540195
2.62602	698312795.6810477
2.62604	666975682.33018
2.62606	684289695.2736791
2.62608	699390936.6129813
2.6261	700309471.3299125
2.6261200000000002	692516300.0017017
2.6261400000000004	712393584.9170841
2.62616	724119095.0587916
2.6261799999999997	722936246.6614437
2.6262	719979282.9486828
2.62622	716605273.8035594
2.62624	705309932.7874464
2.62626	686451723.8800864
2.62628	672202309.1115675
2.6263	627292362.6660795
2.62632	616736994.4543272
2.6263400000000003	634424578.771418
2.62636	556672798.1509473
2.6263799999999997	591125915.9995545
2.6264	675693902.741646
2.62642	648500029.2372253
2.62644	660845595.8120292
2.62646	710051746.5206333
2.62648	722187554.6109041
2.6265	722021283.924497
2.62652	717827347.6812046
2.6265400000000003	696963444.3479321
2.62656	619084598.7423973
2.62658	620926221.0148879
2.6266	696498202.5829169
2.62662	712147575.3765267
2.62664	708761306.4511827
2.6266599999999998	702328027.5587827
2.62668	701100053.092673
2.6267	652469176.7197081
2.62672	552191859.6115294
2.6267400000000003	443516723.2576867
2.62676	550047252.8676327
2.62678	647395982.4940313
2.6268	668082352.5793151
2.62682	687606542.0273788
2.62684	673860500.1978153
2.6268599999999998	652454153.2346741
2.62688	662689363.4990978
2.6269	685219951.8175454
2.62692	628651563.483587
2.6269400000000003	578122670.3255497
2.62696	652333977.807011
2.62698	705488599.3883075
2.627	713854990.5310221
2.62702	714233144.3840417
2.62704	713230653.2062128
2.6270599999999997	688430336.8501858
2.62708	686641423.7076536
2.6271	711164386.4611068
2.62712	711426437.3720956
2.6271400000000003	718455708.7925979
2.62716	716918850.8701502
2.62718	704222667.4706837
2.6272	657324772.8334095
2.62722	662658846.2287943
2.62724	693553551.5359272
2.6272599999999997	699374832.7269344
2.62728	716209372.4961638
2.6273	722886309.719481
2.62732	717133482.6577224
2.6273400000000002	673581266.2625533
2.62736	622701626.353169
2.62738	625575886.4664291
2.6274	669052195.223528
2.62742	674015680.1771387
2.62744	693601462.1727526
2.6274599999999997	715978531.0819627
2.62748	715533547.0161461
2.6275	721805189.2607011
2.62752	715929074.7453655
2.62754	696514240.2313443
2.62756	703023755.0459319
2.62758	716143410.2129025
2.6276	714068705.0574278
2.6276200000000003	696193557.4156339
2.62764	611744396.5557184
2.6276599999999997	501152614.0354163
2.62768	518728369.00570536
2.6277	638631005.9582671
2.62772	692946969.8425558
2.62774	699696980.9114543
2.62776	707685015.5569177
2.62778	710395170.0029552
2.6278	702910450.1361854
2.6278200000000003	719598086.7775415
2.62784	719664367.2629267
2.6278599999999996	694928303.0634197
2.6278799999999998	677017664.0518248
2.6279	702829529.2382467
2.62792	700406229.3425146
2.62794	680502930.8482231
2.62796	652920042.1651726
2.62798	671892819.7763008
2.628	704887809.7610312
2.6280200000000002	703720171.7220576
2.62804	712229569.1159286
2.62806	717843876.4570019
2.6280799999999997	729692697.4787048
2.6281	717860405.6133897
2.62812	686657234.3927469
2.62814	705115075.3727702
2.62816	715978531.0819627
2.62818	713756374.6317394
2.6282	696867161.9408001
2.6282200000000002	711213513.6533295
2.6282400000000004	707131200.6813023
2.62826	699841996.0022744
2.6282799999999997	720029019.0734144
2.6283	731021247.2833304
2.62832	730196925.4711396
2.62834	716704283.3199975
2.62836	705537334.4975071
2.62838	696530278.2490537
2.6284	660663022.6504815
2.62842	691114492.3212199
2.6284400000000003	712032799.9992009
2.62846	714118032.8798009
2.6284799999999997	692038091.8752422
2.6285	619013328.0967261
2.62852	591411819.8390417
2.62854	678672106.4903798
2.62856	705017666.8539841
2.62858	686846991.0128131
2.6286	687020980.6470056
2.62862	708451297.457668
2.6286400000000003	728836308.8544605
2.62866	725404090.1562954
2.62868	704465939.3722767
2.6287	669776645.4755282
2.62872	683738445.0930223
2.62874	684069141.8893666
2.6287599999999998	672976656.2843168
2.62878	672837207.9924333
2.6288	700357848.6652604
2.62882	701293800.9624128
2.6288400000000003	665028105.6561322
2.62886	627249032.3413755
2.62888	685788187.1075602
2.6289	721572544.2590222
2.62892	726390239.5992522
2.62894	720626120.6280129
2.6289599999999997	726942399.2141186
2.62898	726741565.3537937
2.629	707685015.5569177
2.62902	658794553.4419233
2.6290400000000003	622099711.589139
2.62906	669221677.1434107
2.62908	703007567.5121123
2.6291	716869329.5808067
2.62912	716423791.8794819
2.62914	694240587.010346
2.6291599999999997	662247000.6009698
2.62918	693154424.9075876
2.6292	703849813.7083209
2.62922	703558152.8181847
2.6292400000000002	708239264.1722919
2.62926	720642713.848678
2.62928	707554667.1654274
2.6293	719879821.0055784
2.62932	726256445.8954965
2.62934	711017025.2443182
2.6293599999999997	712902273.9701426
2.62938	714891280.4568527
2.6294	716671278.6279886
2.62942	720443620.4152837
2.62944	723119378.2973756
2.62946	721273539.4337605
2.62948	713789245.0843676
2.6295	688208448.8958526
2.62952	588396390.6392791
2.62954	583646653.8780763
2.6295599999999997	677813165.3445879
2.62958	707114918.5711406
2.6296	699568103.8348066
2.62962	704871579.3062626
2.62964	710656937.4719193
2.62966	721755330.4467171
2.62968	722303966.8732018
2.6297	709202078.9197181
2.6297200000000003	688414485.3383723
2.62974	586637741.5027567
2.6297599999999997	515810287.9647679
2.62978	599307896.4832208
2.6298	655888475.4126931
2.62982	705115075.3727702
2.62984	709430735.511704
2.62986	715879621.8249729
2.62988	708630759.8178424
2.6299	696867161.9408001
2.6299200000000003	708239264.1722919
2.62994	699020641.031592
2.62996	681569268.2583951
2.6299799999999998	706154937.3585075
2.63	719233653.2085967
2.63002	698232404.0771704
2.63004	677797558.2993656
2.63006	691034929.404939
2.63008	689382095.8093176
2.6301	661195668.7422773
2.6301200000000002	682935989.7191925
2.6301400000000004	691448756.6150562
2.63016	692564138.985255
2.6301799999999997	690891739.2368469
2.6302	697878790.9538916
2.63022	692309035.9218805
2.63024	690430550.4976015
2.63026	672821715.5215468
2.63028	578628738.8179514
2.6303	594374268.7833307
2.63032	639720105.21328
2.6303400000000003	589223419.298284
2.63036	606736329.5885046
2.6303799999999997	628781854.118047
2.6304	673503721.8173254
2.63042	704790432.6379808
2.63044	709496079.5063015
2.63046	697220262.4746469
2.63048	648679241.1751459
2.6305	548807452.2266924
2.63052	541277531.6927171
2.6305400000000003	585733414.4258372
2.63056	601104528.7830161
2.63058	526780875.80886906
2.6306	416265099.2186086
2.63062	448229049.9966207
2.63064	548984395.3652035
2.6306599999999998	603906911.5239516
2.63068	682228723.0011499
2.6307	690080888.5484526
2.63072	699664759.4166285
2.6307400000000003	718770095.5852637
2.63076	723185983.1206313
2.63078	723235940.7640142
2.6308	715698323.6739211
2.63082	687195014.3556297
2.63084	663926494.7296873
2.6308599999999998	558303049.485492
2.63088	501406546.5855747
2.6309	624928023.4005368
2.63092	693330012.3184735
2.6309400000000003	681616351.0216638
2.63096	697059740.057892
2.63098	719896397.0418618
2.631	719813520.6770841
2.63102	703963270.0377891
2.63104	666653248.9563034
2.6310599999999997	660617387.241869
2.63108	702117826.9146066
2.6311	719233653.2085967
2.63112	726256445.8954965
2.6311400000000003	717447290.8615781
2.63116	705228735.6547601
2.63118	689683760.370362
2.6312	648649369.0799654
2.63122	663513861.2522815
2.63124	678000477.9204264
2.6312599999999997	662948817.0464077
2.63128	574632255.0486952
2.6313	595017857.7168648
2.63132	665411036.812633
2.6313400000000002	679344400.376882
2.63136	696626514.1107684
2.63138	706285027.8864864
2.6314	678515854.4527078
2.63142	689270989.4980671
2.63144	711017025.2443182
2.6314599999999997	713920742.0333349
2.63148	715533547.0161461
2.6315	721373193.9394829
2.63152	723785702.6643531
2.63154	710395170.0029552
2.63156	670347509.1727315
2.63158	668821152.683785
2.6316	670085160.0520831
2.6316200000000003	673581266.2625533
2.63164	696305779.6029322
2.6316599999999997	713608476.3260049
2.63168	702295684.9025738
2.6317	695728829.5707649
2.63172	692388745.5335419
2.63174	720709090.5522028
2.63176	723885704.2622275
2.63178	728416877.6830388
2.6318	732858281.7329029
2.6318200000000003	724285848.8396764
2.63184	713460608.666454
2.6318599999999996	721904917.2216355
2.6318799999999998	714611498.5583289
2.6319	679798183.8708127
2.63192	623131921.9995759
2.63194	649247072.4374087
2.63196	670208605.6695422
2.63198	643843032.1513722
2.632	670378380.5272017
2.6320200000000002	695808932.9233826
2.63204	715352336.509331
2.63206	711262644.2392526
2.6320799999999998	676986486.9540892
2.6321	686593993.83665
2.63212	699213814.2591571
2.63214	675865067.1152261
2.63216	698795339.7167416
2.63218	713214230.6525863
2.6322	718968726.5427655
2.6322200000000002	719448978.0036981
2.6322400000000004	703234226.9076579
2.63226	699278217.1971982
2.6322799999999997	711246267.0001855
2.6323	691560213.9691836
2.63232	617291078.0726978
2.63234	572888362.2388083
2.63236	584184459.9428226
2.63238	609691302.9566731
2.6324	584372809.1195552
2.63242	605912622.6320682
2.6324400000000003	608205019.4386342
2.63246	625936100.5621133
2.6324799999999997	683376436.7915279
2.6325	692596033.4768932
2.63252	670316639.2399095
2.63254	697894860.3919042
2.63256	721290147.5619661
2.63258	721057668.5633566
2.6326	700390102.0787607
2.63262	695472560.8070377
2.6326400000000003	712869444.3631002
2.63266	707391765.4379926
2.63268	692915059.1900725
2.6327	709970003.4978908
2.63272	704206452.331206
2.63274	713263499.4479171
2.6327599999999998	717116970.2391584
2.63278	711770525.7371131
2.6328	705878574.5402341
2.63282	702198665.8700705
2.6328400000000003	721157293.2433559
2.63286	729255981.5393825
2.63288	718257219.5675541
2.6329	698425359.4767263
2.63292	696995541.4397372
2.63294	697846653.1878797
2.6329599999999997	721107479.1829004
2.63298	730735152.7148035
2.633	719101177.6753573
2.63302	702085493.9382694
2.6330400000000003	673565756.6592865
2.63306	662262249.5772436
2.63308	653687228.5551183
2.6331	540580032.4413828
2.63312	556621529.0525446
2.63314	675678344.4936867
2.6331599999999997	698135946.3688827
2.63318	680988848.18216
2.6332	689588483.6192687
2.63322	704206452.331206
2.6332400000000002	682495826.5220585
2.63326	663437475.7931709
2.63328	659553455.476277
2.6333	694800304.328796
2.63332	699616429.9565363
2.63334	688779162.4696642
2.6333599999999997	707049793.8794677
2.63338	709169419.7090315
2.6334	716341315.290135
2.63342	718273758.2416284
2.6334400000000002	694144680.7538729
2.63346	622285956.340528
2.63348	622744642.5433434
2.6335	663605535.4123192
2.63352	697348707.0230973
2.63354	704920271.7917528
2.6335599999999997	707261471.0601954
2.63358	719233653.2085967
2.6336	719266775.905033
2.63362	714348274.4435631
2.63364	710771491.0685308
2.63366	712245968.9966241
2.63368	699890341.0444553
2.6337	684857159.1258547
2.6337200000000003	682055947.0171636
2.63374	702441238.5855352
2.6337599999999997	711737748.2478057
2.63378	706187457.7439522
2.6338	690033221.0958383
2.63382	662277498.9046419
2.63384	636839510.7034625
2.63386	616041543.0446657
2.63388	633344494.9496506
2.6339	695152357.5919894
2.6339200000000003	699117220.9734077
2.63394	649875253.7259116
2.6339599999999996	627986055.0848085
2.6339799999999998	677844380.5131443
2.634	671521620.6580371
2.63402	669622441.4576528
2.63404	612110740.5220783
2.63406	553859998.2773559
2.63408	640029512.1083717
2.6341	676659214.0971615
2.6341200000000002	679876453.0344826
2.63414	690716769.3241913
2.63416	692596033.4768932
2.6341799999999997	675320603.6476068
2.6342	661363160.4748428
2.63422	670671729.3117507
2.63424	682527257.3400995
2.63426	660845595.8120292
2.63428	623232367.0934974
2.6343	654470385.9593964
2.63432	679000352.9024332
2.6343400000000003	659978822.4109331
2.63436	542712719.2349405
2.6343799999999997	465446747.6718205
2.6344	575837574.48684
2.63442	647694188.0208316
2.63444	628246387.4696827
2.63446	547469589.1689987
2.63448	595017857.7168648
2.6345	682181597.9381819
2.63452	674326147.3508837
2.6345400000000003	622787661.7050763
2.63456	622457924.0616491
2.63458	592488601.9699492
2.6346	655692173.7208489
2.63462	665441680.8289125
2.63464	650578939.1703233
2.63466	662979347.6706684
2.63468	698264559.6080762
2.6347	705374897.2246108
2.63472	690494144.4298987
2.6347400000000003	640752043.6185344
2.63476	624438971.8762826
2.63478	630550682.3534614
2.6348	652424107.302369
2.63482	684084893.3447976
2.63484	669637860.2616835
2.6348599999999998	588166114.1430395
2.63488	597172774.8672403
2.6349	673844984.1650263
2.63492	692675776.1322688
2.6349400000000003	665993514.5072675
2.63496	681993130.2357825
2.63498	705683560.0257432
2.635	682747313.5994362
