2.5775200000000003	12848723.992516596
2.57754	7255878.469375544
2.57756	47629936.22442912
2.5775799999999998	67570946.13478486
2.5776	75866491.4527561
2.57762	90310864.58777866
2.57764	89449928.96157457
2.57766	90190334.98798363
2.57768	82387248.70901181
2.5777	41499226.307416655
2.5777200000000002	8933877.63997998
2.5777400000000004	22703875.67758505
2.57776	85013911.77854705
2.5777799999999997	90140507.73602012
2.5778	88748291.2604929
2.57782	53777424.59634431
2.57784	81309258.40023258
2.57786	84005940.8123779
2.57788	59183412.11131819
2.5779	45156471.59726787
2.57792	23056851.369472858
2.5779400000000003	41631302.6268068
2.57796	77449746.39075696
2.5779799999999997	90823869.32603832
2.578	88574763.21159086
2.57802	39881363.68874648
2.57804	31072772.11689898
2.57806	80016582.72727254
2.57808	28857586.093263634
2.5781	32430227.852038693
2.57812	94030771.62870806
2.5781400000000003	65090858.559833236
2.57816	50476589.07029808
2.57818	26097565.72494149
2.5782	79177174.58183041
2.57822	84951294.2854103
2.57824	89728415.7725912
2.5782599999999998	64647241.76028739
2.57828	27951814.146814395
2.5783	71036245.58496617
2.57832	30318659.805758473
2.5783400000000003	14618068.747440854
2.57836	18016897.17614294
2.57838	51531169.63205115
2.5784	46535030.1898673
2.57842	19234902.976182323
2.57844	61585716.71916343
2.5784599999999998	65880972.2921748
2.57848	85386654.89846154
2.5785	73245340.1162692
2.57852	36725693.04118455
2.5785400000000003	68081638.61993092
2.57856	98136372.33338903
2.57858	90717275.78499095
2.5786	51032870.824123695
2.57862	52003191.782508
2.57864	82965970.93109874
2.5786599999999997	67871898.91178939
2.57868	47932491.06673333
2.5787	64171176.26031991
2.57872	96798805.9156274
2.5787400000000003	88141411.28926325
2.57876	55323544.88826881
2.57878	34690455.31266194
2.5788	73351669.00530598
2.57882	89443750.19279413
2.57884	46305225.127189055
2.5788599999999997	67926619.24645093
2.57888	16221088.733366754
2.5789	24326520.788768534
2.57892	50658228.663478106
2.5789400000000002	79821521.18137084
2.57896	92178577.11649469
2.57898	79612268.67684995
2.579	24682548.55374664
2.57902	8969949.541049263
2.57904	40818778.092761636
2.5790599999999997	86680219.01869477
2.57908	93706561.06326637
2.5791	100082927.42914262
2.57912	104816583.55929987
2.57914	104366231.00456138
2.57916	77605053.02715512
2.57918	81028910.59296715
2.5792	83017566.74407363
2.5792200000000003	85524392.8994527
2.57924	88458587.43733023
2.5792599999999997	71843916.59290026
2.57928	92614716.14609623
2.5793	63150966.26100317
2.57932	17926685.523655303
2.57934	43361070.94491862
2.57936	84290765.89417008
2.57938	58489781.63811042
2.5794	81573669.68847065
2.5794200000000003	87030203.6962455
2.57944	40181856.6533523
2.5794599999999996	96975047.27741101
2.5794799999999998	85404351.63555305
2.5795	74248895.90552795
2.57952	39910760.19221423
2.57954	21465450.127215594
2.57956	69707579.06363437
2.57958	81757951.23849964
2.5796	15659215.46921579
2.5796200000000002	29580124.66551546
2.57964	92240149.88689846
2.57966	83448781.57820791
2.5796799999999998	85873665.28916378
2.5797	98864414.7954808
2.57972	101957692.97342698
2.57974	53048120.3271894
2.57976	56301504.459821895
2.57978	57282240.98252653
2.5798	54362572.516840644
2.5798200000000002	96509485.41817296
2.5798400000000004	108036374.09102334
2.57986	94649865.24803251
2.5798799999999997	74122489.97181217
2.5799	103135932.59570734
2.57992	110754147.86319965
2.57994	105971724.07109578
2.57996	87865826.79744993
2.57998	85473207.15275499
2.58	95836291.5384791
2.58002	100920640.9333849
2.5800400000000003	98807520.24068734
2.58006	102628977.02297337
2.5800799999999997	95213822.30214027
2.5801	92015290.16885178
2.58012	101517286.31430066
2.58014	87070291.81610224
2.58016	80434061.71127428
2.58018	93370567.83810091
2.5802	100554150.18560423
2.58022	68904883.05930126
2.5802400000000003	86421141.81367418
2.58026	87080316.73097056
2.58028	81953970.67291437
2.5803	60038523.04426161
2.58032	94052425.5069107
2.58034	107436041.92098068
2.5803599999999998	106069372.59785098
2.58038	94362622.0276727
2.5804	109635196.66922121
2.58042	108280437.04115221
2.5804400000000003	82799935.79062493
2.58046	60833107.244234465
2.58048	100466205.56105429
2.5805	66932955.1626871
2.58052	65230393.740886405
2.58054	73329715.4914613
2.5805599999999997	74117369.9484398
2.58058	83446860.12112476
2.5806	99037575.49692449
2.58062	108420149.05276547
2.5806400000000003	95459685.67304851
2.58066	78137587.81618986
2.58068	49475478.14006752
2.5807	44204858.01868111
2.58072	76713182.47705553
2.58074	90798777.23028752
2.5807599999999997	70425509.88697655
2.58078	83006098.23561
2.5808	80347061.84845467
2.58082	100244372.12297478
2.5808400000000002	104642956.1701121
2.58086	100311332.6240161
2.58088	76796247.5723859
2.5809	21499086.15060245
2.58092	42965512.846415766
2.58094	91005994.51439664
2.5809599999999997	93637540.9485409
2.58098	88546214.68320309
2.581	72851751.9145586
2.58102	35260624.515454665
2.5810400000000002	5616425.467831153
2.58106	3344259.735337343
2.58108	42026188.10065282
2.5811	75517916.58752663
2.58112	23718651.826619513
2.58114	42459023.327902526
2.5811599999999997	87385625.6547246
2.58118	86962096.24677959
2.5812	68386440.59701867
2.58122	65871871.128192775
2.58124	91226287.20815155
2.58126	94115249.95683
2.58128	83226187.39716072
2.5813	70281334.61765929
2.5813200000000003	9168536.114619248
2.58134	9213825.862329338
2.5813599999999997	76227205.71667907
2.58138	87657685.61608835
2.5814	68131821.51090227
2.58142	55249709.64424761
2.58144	15225795.765726803
2.58146	4847189.514295497
2.58148	8284952.064512081
2.5815	57647436.55329529
2.5815200000000003	74476627.0870526
2.58154	61793102.39151223
2.5815599999999996	72898736.31914161
2.5815799999999998	89926978.17108518
2.5816	97411448.20484787
2.58162	96816638.55702575
2.58164	95209437.6445441
2.58166	83668117.95480789
2.58168	89004097.33403565
2.5817	55188679.1414092
2.5817200000000002	60635924.00710169
2.58174	82725614.1461797
2.58176	37442945.00224991
2.5817799999999997	58148698.67728358
2.5818	59952873.034839466
2.58182	95554248.22022173
2.58184	58694850.39478147
2.58186	90888722.67264438
2.58188	70490404.0589524
2.5819	51270788.90587141
2.58192	70952875.37605742
2.5819400000000003	23180884.33589358
2.58196	61881381.39357074
2.5819799999999997	98821171.94708289
2.582	101554693.55496995
2.58202	105523697.43286462
2.58204	95080181.04281788
2.58206	65783958.003885455
2.58208	82141002.6984859
2.5821	83610342.02385621
2.58212	17441747.69990553
2.5821400000000003	16678615.62283992
2.58216	77828740.08208314
2.58218	62710461.95410056
2.5822	48786537.919747755
2.58222	88538059.65100308
2.58224	80526718.17411979
2.5822599999999998	86178712.20404118
2.58228	81447920.40054756
2.5823	97960275.9852349
2.58232	104488862.17962965
2.5823400000000003	96885771.07762997
2.58236	98987418.8639912
2.58238	83508368.6977141
2.5824	33079581.00325381
2.58242	68874744.37473843
2.58244	51807185.588932864
2.5824599999999998	73708911.87646946
2.58248	46587563.74496509
2.5825	86039920.41441768
2.58252	53081110.490076326
2.5825400000000003	55146759.7818387
2.58256	80371116.22153963
2.58258	89478768.85998672
2.5826	49175637.6464039
2.58262	48834865.95750449
2.58264	68273159.29425624
2.5826599999999997	81752303.79436491
2.58268	92753434.55086757
2.5827	88204349.21008821
2.58272	53175306.275293276
2.5827400000000003	78608588.83831458
2.58276	92650976.29747482
2.58278	85733390.67404206
2.5828	77280513.65288757
2.58282	12922305.37775999
2.58284	9083641.797410404
2.5828599999999997	56194006.84029163
2.58288	76355442.79063009
2.5829	80870476.11991817
2.58292	46921296.093386166
2.5829400000000002	31407979.5873727
2.58296	52682939.635496534
2.58298	7263902.395992522
2.583	5446029.631763823
2.58302	6764099.695454153
2.58304	24818755.462826185
2.5830599999999997	67801608.96380967
2.58308	56354681.54905266
2.5831	80682621.37880124
2.58312	69486430.07488295
2.58314	81030776.37406392
2.58316	47087973.462602206
2.58318	14191228.732077664
2.5832	40489274.96538194
2.5832200000000003	82780872.5956554
2.58324	45340885.75340526
2.5832599999999997	71214757.53765266
2.58328	92537976.78097117
2.5833	56860411.71417628
2.58332	60016408.108926505
2.58334	55068088.2846829
2.58336	36300282.093533896
2.58338	84153076.94489434
2.5834	97196359.79434296
2.5834200000000003	54361320.78676088
2.58344	45656225.02022351
2.5834599999999996	37177484.394598536
2.5834799999999998	46783208.13281643
2.5835	86662257.90760814
2.58352	97077816.61108094
2.58354	88297823.79401058
2.58356	77656891.0817413
2.58358	78975066.45094512
2.5836	88813707.51536752
2.5836200000000002	75892699.33627819
2.58364	86828040.46969989
2.58366	71550059.6237292
2.5836799999999998	95532248.5743694
2.5837	82796122.80046605
2.58372	85755108.35130736
2.58374	56195300.77001333
2.58376	77173820.3957192
2.58378	76888254.18851642
2.5838	36091090.121201456
2.5838200000000002	65092357.34949467
2.5838400000000004	69799128.47906324
2.58386	57768354.8888504
2.5838799999999997	14853199.011108687
2.5839	1390913.10817473
2.58392	5170588.786582555
2.58394	42541225.831053734
2.58396	62579199.00406551
2.58398	69529643.07908456
2.584	16148790.48427991
2.58402	9987113.833283396
2.5840400000000003	70032559.67370535
2.58406	87040223.99553277
2.5840799999999997	76325560.10590503
2.5841	55243349.1525028
2.58412	69149652.18527776
2.58414	87355448.9405124
2.58416	72343580.58506367
2.58418	89823505.48648252
2.5842	95527849.2530391
2.58422	77882520.84417747
2.5842400000000003	54096603.69627953
2.58426	70550484.40506521
2.58428	98378455.49144194
2.5843	95818639.46704401
2.58432	77410522.70741215
2.58434	81305514.05672346
2.5843599999999998	95038593.40116759
2.58438	95569650.98663159
2.5844	81266208.85878806
2.58442	93372717.79962938
2.5844400000000003	89162040.72968999
2.58446	85656435.94553997
2.58448	77769624.13672665
2.5845	47677118.53033474
2.58452	3497437.8036641725
2.58454	4384196.3887309395
2.5845599999999997	56002833.374202654
2.58458	72470290.13151646
2.5846	32331808.661891814
2.58462	51114015.46174641
2.5846400000000003	83017566.74407363
2.58466	95154646.45826976
2.58468	97306085.09809215
2.5847	80623194.12289986
2.58472	62683032.68134499
2.58474	95483867.18073136
2.5847599999999997	99691929.11276354
2.58478	102666793.90108864
2.5848	97050996.72454897
2.58482	81948309.68870448
2.5848400000000002	40460383.977524005
2.58486	47229135.91774629
2.58488	30045539.040343106
2.5849	24856501.35248673
2.58492	19070408.675499737
2.58494	29126613.975556966
2.5849599999999997	79036918.57479617
2.58498	41714784.08260441
2.585	78123195.66620381
2.58502	16656356.209475514
2.5850400000000002	13589704.081905851
2.58506	32595676.579427857
2.58508	24831902.82206558
2.5851	14048501.429550968
2.58512	19871470.210134692
2.58514	89429334.72536504
2.5851599999999997	95670930.95118608
2.58518	93291054.05333008
2.5852	84271359.46240138
2.58522	84222862.92814918
2.58524	54046801.821110256
2.58526	92851730.02926132
2.58528	103309438.2370454
2.5853	100371404.20239261
2.5853200000000003	100480086.43912566
2.58534	92589129.28943895
2.5853599999999997	98378455.49144194
2.58538	90938963.51773162
2.5854	92454914.22129256
2.58542	73316208.90272108
2.58544	31416659.131912675
2.58546	12667765.05344636
2.58548	64785825.96063739
2.5855	94158601.61246616
2.5855200000000003	98969186.38691023
2.58554	85540148.52592894
2.5855599999999996	40573268.9676895
2.5855799999999998	39432108.487497285
2.5856	26296018.705124512
2.58562	82387248.70901181
2.58564	62527346.682950236
2.58566	84100775.40692319
2.58568	93179419.39223284
2.5857	54765871.112455614
2.5857200000000002	65510362.108326904
2.58574	92257142.71547627
2.58576	108595042.59573717
2.5857799999999997	104178955.76997171
2.5858	89796622.09585194
2.58582	74421770.89248537
2.58584	90375351.62017259
2.58586	75262735.6487768
2.58588	39347758.75293999
2.5859	81208221.6249982
2.58592	103557128.6126749
2.5859400000000003	101496250.79688564
2.58596	102216263.18449828
2.5859799999999997	91379757.24590288
2.586	97310566.31209545
2.58602	71786040.56133898
2.58604	54160167.648092754
2.58606	70066431.60717654
2.58608	76691988.7695605
2.5861	88084602.73622605
2.58612	19860949.173573714
2.5861400000000003	41858147.1122127
2.58616	100902052.37643561
2.58618	88190133.49439651
2.5862	56289838.15824357
2.58622	40358033.82600072
2.58624	45989638.9415455
2.58626	87327293.40925856
2.58628	48324792.733233415
2.5863	43484051.35738166
2.58632	84918047.50363143
2.5863400000000003	84783238.21247944
2.58636	95036405.08187747
2.58638	74238638.75003055
2.5864	101835687.5719783
2.58642	101934219.04967043
2.58644	106260046.10277554
2.5864599999999998	104806930.03975599
2.58648	97822779.8283776
2.5865	81754186.23239748
2.58652	91478703.3201212
2.5865400000000003	81795610.83722818
2.58656	11978984.418175468
2.58658	9500358.633835504
2.5866	77886107.54939398
2.58662	96763150.48599996
2.58664	97964787.32653557
2.5866599999999997	87677871.86804587
2.58668	100776669.13980061
2.5867	100327502.20363614
2.58672	96843393.67905542
2.5867400000000003	85055029.58970954
2.58676	48514325.75527646
2.58678	79726004.53665316
2.5868	53786093.19166674
2.58682	10693010.665477816
2.58684	14524460.1714184
2.5868599999999997	80851857.1483111
2.58688	90744434.80172172
2.5869	89815232.81686948
2.58692	80042381.18395028
2.5869400000000002	93052918.74902569
2.58696	81771130.12534663
2.58698	56954756.57211421
2.587	86008227.97463566
2.58702	71306644.46851493
2.58704	89487010.53869694
2.5870599999999997	78451273.88202931
2.58708	54719232.843146026
2.5871	75655411.88338853
2.58712	74341274.1014408
2.58714	75103469.45644788
2.58716	67995473.12097417
2.58718	23139288.452721268
2.5872	10681690.74070634
2.58722	21997838.0292876
2.58724	4124962.455013841
2.5872599999999997	2119483.30492723
2.58728	9305077.615105733
2.5873	6913850.747637764
2.58732	39642405.537496924
2.58734	74847965.50898774
2.58736	62986866.00646644
2.58738	47432935.19088225
2.5874	80480376.60836051
2.5874200000000003	81155881.62388225
2.58744	67626980.9832618
2.5874599999999996	90790414.73896384
2.58748	76344894.62502809
2.5875	57820254.64416255
2.58752	58184860.84531507
2.58754	65480200.41720061
2.58756	50694401.48551621
2.58758	79786607.60861084
2.5876	84820338.24524033
2.5876200000000003	92397453.05192934
2.58764	96267567.9099141
2.58766	95889267.266769
2.5876799999999998	69472031.70921524
2.5877	48789908.09079665
2.58772	43783452.05281784
2.58774	4941172.321409786
2.58776	12108211.545081165
2.58778	77449746.39075696
2.5878	41493493.37345073
2.5878200000000002	53804673.45863945
2.5878400000000004	83264523.29934031
2.58786	95025464.24121334
2.5878799999999997	97463050.44193454
2.5879	88901686.54386877
2.58792	93959349.19592078
2.58794	90213181.68251322
2.58796	103299923.52432278
2.58798	101241833.1095049
2.588	92623246.66952698
2.58802	93203023.27098046
2.5880400000000003	78953247.84814811
2.58806	84166641.9115075
2.5880799999999997	95752473.15145029
2.5881	87387637.80627993
2.58812	28075015.195896324
2.58814	23088195.969597064
2.58816	79825197.18290856
2.58818	67152162.06580369
2.5882	12284288.290123446
2.58822	21993786.25096766
2.5882400000000003	81096105.7853842
2.58826	91297734.30998269
2.58828	83868717.12481646
2.5883	23978388.91983002
2.58832	14974419.655855024
2.58834	29864139.116329253
2.5883599999999998	50050682.04219242
2.58838	29606699.790169727
2.5884	83350843.65516503
2.58842	81718427.32067524
2.5884400000000003	31549319.77544848
2.58846	12086762.820589388
2.58848	54633622.81383013
2.5885	93957185.72686075
2.58852	96502819.00935178
2.58854	97431637.13004507
2.5885599999999998	100628268.52437803
2.58858	100392206.59070244
2.5886	95380589.00268748
2.58862	89441690.69804655
2.5886400000000003	102688072.01839933
2.58866	98648389.61304468
2.58868	98197402.48654887
2.5887	96440621.394953
2.58872	44883839.42696534
2.58874	20621488.010107573
2.5887599999999997	74430339.50873764
2.58878	69590506.91206734
2.5888	77665832.17641084
2.58882	93349070.94535434
2.5888400000000003	87138484.00276501
2.58886	78664719.78820667
2.58888	97903901.74480516
2.5889	100454639.62749201
2.58892	93430785.47762448
2.58894	100746507.56295878
2.5889599999999997	97301604.09045205
2.58898	39128211.74194177
2.589	11398297.81387813
2.58902	65385281.82763528
2.5890400000000002	32023588.75874196
2.58906	17484370.469043627
2.58908	61570119.9955915
2.5891	89887644.51709066
2.58912	95196284.88321534
2.58914	72898736.31914161
2.5891599999999997	34664105.67551643
2.58918	91529270.29066652
2.5892	86381352.56961755
2.58922	26973667.517132677
2.58924	16117586.14132223
2.58926	56610892.2633216
2.58928	60197714.09743013
2.5893	22775609.08089404
2.5893200000000003	68033059.19250482
2.58934	89583907.14526717
2.5893599999999997	89386102.2614489
2.58938	83650780.98475857
2.5894	77113426.28138348
2.58942	62189920.26559803
2.58944	7197140.81633302
2.58946	2242177.550808808
2.58948	22326980.856098432
2.5895	71387142.78388599
2.5895200000000003	76686691.25762929
2.58954	21653594.518736623
2.5895599999999996	53662388.610091776
2.5895799999999998	63105905.09848486
2.5896	21543189.41859957
2.58962	84319883.92153946
2.58964	76748518.3388957
2.58966	29707766.380506862
2.58968	9831052.152817678
2.5897	43911674.64852787
2.5897200000000002	80151194.67244396
2.58974	78639365.36551829
2.58976	65003987.78112525
2.5897799999999997	60872340.44381704
2.5898	52538781.9549734
2.58982	89443750.19279413
2.58984	56310579.921539925
2.58986	76262317.72641024
2.58988	76872322.08208723
2.5899	76584344.58816655
2.58992	52664746.73476111
2.5899400000000004	92802569.27587682
2.58996	79570117.61401492
2.5899799999999997	62928879.6667734
2.59	26620732.41332308
2.59002	82560060.01824753
2.59004	84141451.57073516
2.59006	64262852.631661326
2.59008	98818896.53170578
2.5901	91740267.04978281
2.59012	100720993.27956596
2.5901400000000003	100152086.14999683
2.59016	80230592.59915787
2.59018	82182623.3020781
2.5902	88772816.70775099
2.59022	101519623.86311439
2.59024	90123904.77010597
2.59026	54405148.49327548
2.59028	86472895.23233667
2.5903	85844010.6973889
2.59032	81522971.26438981
2.5903400000000003	58364665.38780764
2.59036	82765625.19977757
2.59038	79193584.37846537
2.5904	32390675.111055102
2.59042	9918363.025240447
2.59044	19646265.101271417
2.5904599999999998	43086379.2673757
2.59048	88456550.62653224
2.5905	87000149.71923162
2.59052	73868622.43448469
2.5905400000000003	40489274.96538194
2.59056	84798857.30064207
2.59058	80809049.77995409
2.5906	68966787.99977379
2.59062	70882658.87862487
2.59064	73564790.07442711
2.5906599999999997	85747210.3776625
2.59068	59676040.49723493
2.5907	86798056.30533387
2.59072	79445627.56275363
2.5907400000000003	99894137.16000469
2.59076	95794373.17751384
2.59078	75056792.29261567
2.5908	75753028.49884088
2.59082	84011743.93761969
2.59084	52823843.79283079
2.5908599999999997	55253526.29080282
2.59088	87635486.10678059
2.5909	49991941.102499984
2.59092	47920352.05377513
2.5909400000000002	60927028.855498336
2.59096	77030018.1161694
2.59098	93132229.56643206
2.591	69106675.3472255
2.59102	66633097.145509414
2.59104	41671583.14009118
2.5910599999999997	12399666.369091772
2.59108	61550275.3326785
2.5911	32815573.60664305
2.59112	13984598.428374413
2.59114	48337034.1976643
2.59116	56094463.66941821
2.59118	90897094.21888036
2.5912	93693615.91766883
2.59122	74100305.75798525
2.59124	96460609.11228147
2.5912599999999997	90321262.60885212
2.59128	22986878.48339035
2.5913	37274343.23262299
2.59132	88562527.00109471
2.59134	101379466.159387
2.59136	100135944.84182563
2.59138	71028067.70572448
2.5914	42956609.91149168
2.5914200000000003	63300916.79448243
2.59144	69074857.87393567
2.5914599999999997	44246609.75696672
2.59148	72644041.85924762
2.5915	70397947.95777231
2.59152	99933247.32182324
2.59154	83090237.43664719
2.59156	103140682.29029103
2.59158	86552576.40104194
2.5916	97514680.01452357
2.5916200000000003	102199789.19710934
2.59164	108730153.21250428
2.59166	94610644.29007797
2.5916799999999998	94990462.01447077
2.5917	87016177.21519986
2.59172	73625795.46359001
2.59174	70898982.09320082
2.59176	85013911.77854705
2.59178	100089841.15163398
2.5918	102359934.6624591
2.5918200000000002	102246864.77805325
2.5918400000000004	87744519.48708555
2.59186	45146075.132415876
2.5918799999999997	12374851.612821028
2.5919	42832162.35144418
2.59192	44305740.55149131
2.59194	55052874.51153818
2.59196	53231658.821097896
2.59198	68847789.35756549
2.592	97180694.85458077
2.59202	103717012.8076103
2.5920400000000003	90514884.17123313
2.59206	80319315.74828058
2.5920799999999997	52057103.506743394
2.5921	80001844.48550993
2.59212	57096567.453443006
2.59214	48746114.02058354
2.59216	82484054.40011148
2.59218	53224305.10364185
2.5922	60513183.35249752
2.59222	47780424.07387334
2.5922400000000003	100103670.02944906
2.59226	101631889.52681024
2.59228	94136923.28912619
2.5923	98589349.24676259
2.59232	96289736.88879494
2.59234	82137220.05261862
2.5923599999999998	81367317.77995777
2.59238	64577317.389378466
2.5924	8835883.884127855
2.59242	7125412.314315535
2.5924400000000003	11379940.726474643
2.59246	60074477.19568518
2.59248	82410016.29241228
2.5925	87609257.5712395
2.59252	79823359.16097894
2.59254	74088363.16231072
2.5925599999999998	34887512.09014947
2.59258	3444847.4930121433
2.5926	7696973.653755197
2.59262	59101703.661024295
2.5926400000000003	41406640.906131245
2.59266	77909425.15984607
2.59268	92129772.76685542
2.5927	92950129.6763156
2.59272	78967792.91347986
2.59274	85098126.72212514
2.5927599999999997	84949338.23209183
2.59278	58611117.247554675
2.5928	15751067.766824508
2.59282	73213302.93539828
2.5928400000000003	100598151.3625442
2.59286	97633756.65826404
2.59288	85443690.85043727
2.5929	24825042.461590856
2.59292	47375084.76170049
2.59294	75144984.63746837
2.5929599999999997	76241248.58023977
2.59298	74528091.49157408
2.593	15035573.569498012
2.59302	25609435.171567693
2.5930400000000002	71766208.08539705
2.59306	87928567.93546107
2.59308	89757345.45901583
2.5931	61551692.59645974
2.59312	31794353.60596141
2.59314	9510864.622991003
2.5931599999999997	22152870.05457029
2.59318	58211662.13471036
2.5932	19441957.973173615
2.59322	52888347.78369026
2.59324	87016177.21519986
2.59326	84304353.05540839
2.59328	32290888.87085873
2.5933	39042714.05202535
2.5933200000000003	91736042.35163426
2.59334	89149723.3894107
2.5933599999999997	89891784.09141356
2.59338	39742940.81706489
2.5934	13950507.277574506
2.59342	49098700.753070354
2.59344	64593675.88548709
2.59346	74624253.54880726
2.59348	100027634.83883435
2.5935	82516348.23443168
2.5935200000000003	69900454.56718206
2.59354	55991228.960614555
2.5935599999999996	85359133.92913665
2.5935799999999998	90456545.8768618
2.5936	33515059.905713595
2.59362	77571108.92755257
2.59364	101295464.43489306
2.59366	91108731.49356148
2.59368	75079262.86021148
2.5937	71746381.088614
2.5937200000000002	92301763.78623052
2.59374	97910664.94033621
2.59376	80273093.53859776
2.5937799999999998	99270452.15510637
2.5938	98466839.82881518
2.59382	92606186.40831956
2.59384	35021117.49922825
2.59386	77191592.37055612
2.59388	85911242.478508
2.5939	30907224.02098674
2.5939200000000002	20237180.25428435
2.5939400000000004	27615950.780551914
2.59396	82565763.2621327
2.5939799999999997	83082584.89538164
2.594	83569922.61219859
2.59402	60343431.05450746
2.59404	43516103.39743983
2.59406	89112781.57714763
2.59408	91685361.14619248
2.5941	70003539.62099619
2.59412	89811096.7677819
2.5941400000000003	55948700.01271964
2.59416	83618043.17558853
2.5941799999999997	97705722.37860873
2.5942	85923112.3752079
2.59422	40362680.48383222
2.59424	55140411.14195279
2.59426	79193584.37846537
2.59428	81354203.97472544
2.5943	52641711.41245958
2.59432	81105442.85707296
2.5943400000000003	76898877.42720233
2.59436	60039905.498259254
2.59438	51502700.32241202
2.5944	10568905.141024102
2.59442	1403362.9286960864
2.59444	8630182.903128607
2.5944599999999998	56417001.47780854
2.59448	60357327.24278445
2.5945	77262721.2055255
2.59452	81618761.4224229
2.5945400000000003	77578253.81974456
2.59456	73351669.00530598
2.59458	78791614.57363938
2.5946	74396070.96192369
2.59462	48559029.68434878
2.59464	8860536.113476872
2.5946599999999997	2365266.0600220696
2.59468	21208013.930900894
2.5947	52857911.56447893
2.59472	8686603.528110255
2.5947400000000003	1643917.429282783
2.59476	13128345.573536584
2.59478	62008324.98217329
2.5948	64844030.29277629
2.59482	63502379.637242526
2.59484	31024157.748720866
2.5948599999999997	69488030.0774841
2.59488	80790444.95065622
2.5949	35931057.5602853
2.59492	3996225.6221818817
2.5949400000000002	11510919.056014456
2.59496	70118077.48658498
2.59498	71890251.01253079
2.595	82620914.93558633
2.59502	37505071.69497898
2.59504	46398078.99821246
2.5950599999999997	87140490.46360798
2.59508	97653991.65780693
2.5951	91571430.78440253
2.59512	81920010.63261692
2.5951400000000002	90995517.66518708
2.59516	100686211.48786287
2.59518	99937849.52390343
2.5952	93409274.72085021
2.59522	99625382.08015469
2.59524	88868939.98466994
2.5952599999999997	72313602.8928084
2.59528	22573557.110214468
2.5953	42560821.30121838
2.59532	14590830.085447518
2.59534	49834487.92262814
2.59536	77496127.27703221
2.59538	74830733.11205442
2.5954	51438701.869359784
2.5954200000000003	85004124.75364642
2.59544	100727951.07960753
2.5954599999999997	98916786.71957932
2.59548	93329727.97354294
2.5955	100881144.34237523
2.59552	106932568.83982067
2.59554	98195141.43382864
2.59556	102754298.8117809
2.59558	99554294.7192063
2.5956	70566731.12483558
2.5956200000000003	62787038.64322876
2.59564	63835167.16413646
2.5956599999999996	91926346.50895883
2.5956799999999998	80561955.60955365
2.5957	73028099.73383892
2.59572	81820098.87816647
2.59574	90951528.067746
2.59576	76355442.79063009
2.59578	44550235.07610889
2.5958	83616117.82115795
2.5958200000000002	75084449.33108753
2.59584	46426933.55845608
2.59586	81995496.50793132
2.5958799999999997	77134736.45245568
2.5959	57585083.37896422
2.59592	41750338.406617194
2.59594	72602236.62094697
2.59596	66666859.93913629
2.59598	51253083.66049892
2.596	14160546.02831218
2.59602	1368138.2974382944
2.5960400000000003	5380715.131247462
2.59606	50751630.56912769
2.5960799999999997	67187734.90505064
2.5961	71837299.82836369
2.59612	80946858.74176857
2.59614	86230320.44340125
2.59616	69012855.92939292
2.59618	69090764.7790196
2.5962	82778966.51756784
2.59622	84763718.39782307
2.5962400000000003	83479530.90937492
2.59626	81504202.06751944
2.59628	44543055.00526757
2.5963	57890859.82752821
2.59632	66837469.66521558
2.59634	84205411.00873534
2.59636	84572661.88067764
2.59638	90713098.19624637
2.5964	103901065.20160829
2.59642	99818261.12311193
2.5964400000000003	81844594.2503557
2.59646	63710351.329915896
2.59648	27763230.578788597
2.5965	65225887.9405458
2.59652	49918324.5115856
2.59654	88611481.98768444
2.5965599999999998	46158320.67507131
2.59658	77886107.54939398
2.5966	77990193.88385259
2.59662	72657424.618838
2.5966400000000003	83084497.96462117
2.59666	92444270.56863922
2.59668	43935947.8430306
2.5967	16887680.347985968
2.59672	41149067.69981603
2.59674	70977385.86359683
2.5967599999999997	87158550.69036818
2.59678	94067586.1885899
2.5968	90298388.5425808
2.59682	54876954.32602835
2.5968400000000003	89501435.30311802
2.59686	103786292.93772659
2.59688	89526168.88051847
2.5969	72380236.86379206
2.59692	84531777.25859869
2.59694	75683289.50209734
2.5969599999999997	95717203.13405934
2.59698	90999708.26012829
2.597	44646765.36969996
2.59702	53208375.53401091
2.5970400000000002	92136137.08591065
2.59706	87585053.58283891
2.59708	90681772.41218221
2.5971	97865585.79348241
2.59712	94913939.58587432
2.59714	77483637.38370557
2.5971599999999997	95940063.15159315
2.59718	91409219.34773453
2.5972	76893565.62440254
2.59722	26694389.93002354
2.59724	21074632.008715287
2.59726	11802662.81129286
2.59728	6022821.61014634
2.5973	28600261.23524988
2.59732	73534306.33807044
2.59734	78117799.29341723
2.5973599999999997	91377653.17345835
2.59738	86488825.59549285
2.5974	81756068.71377562
2.59742	81588697.49780509
2.59744	28075661.654453658
2.59746	14743479.830613641
2.59748	19622755.835901197
2.5975	89127146.01812573
2.5975200000000003	64742579.68672974
2.59754	93155821.49122143
2.5975599999999996	92008934.19731754
2.59758	88709473.15882821
2.5976	83806943.131489
2.59762	11597115.967722837
2.59764	10113931.315996364
2.59766	43769340.210138015
2.59768	40489274.96538194
2.5977	33586906.092035644
2.5977200000000003	65534501.46400404
2.59774	83841685.40195468
2.59776	56282061.96688245
2.5977799999999998	17956843.597476587
2.5978	55755793.378511876
2.59782	76064147.11253965
2.59784	92193435.74515603
2.59786	47312947.004248
2.59788	32057525.76594989
2.5979	48581397.09381608
2.5979200000000002	83214690.06867923
2.5979400000000004	86043882.79041725
2.59796	86299841.88111389
2.5979799999999997	68838278.34097083
2.598	16178192.549720557
2.59802	9101018.559182571
2.59804	66446177.19293054
2.59806	62962215.28623093
2.59808	83756785.26637931
2.5981	84781286.02875051
2.59812	48899002.50464919
2.5981400000000003	65718856.77868774
2.59816	44364950.36790906
2.5981799999999997	40303243.64517668
2.5982	79321332.28024916
2.59822	13872029.381954087
2.59824	10631388.775446279
2.59826	58065744.66147737
2.59828	27401857.279084124
2.5983	73368560.79593036
2.59832	80489642.78752726
2.5983400000000003	17681129.295703493
2.59836	28137791.033083748
2.59838	23551035.115340665
2.5984	20808462.875823088
2.59842	65311551.39338692
2.59844	74413203.2626747
2.5984599999999998	47447135.704172306
2.59848	60809299.425195165
2.5985	101496250.79688564
2.59852	102503808.07984659
2.5985400000000003	89544723.54898947
2.59856	89561219.81595328
2.59858	70310469.83062305
2.5986	79781096.33536655
2.59862	69598519.27647874
2.59864	87038219.84338394
2.5986599999999997	93900953.01305868
2.59868	98102483.08398972
2.5987	98260733.10477257
2.59872	87052249.87756816
2.5987400000000003	76069401.61915916
2.59876	60823302.895979606
2.59878	37089416.41864035
2.5988	88419896.05080901
2.59882	91975043.09662369
2.59884	79317679.4820131
2.5988599999999997	79599437.72931452
2.59888	76078159.93682882
2.5989	33721741.89552261
2.59892	72421914.27197123
2.5989400000000002	101592114.5795145
2.59896	103865185.24163271
2.59898	105740168.95520411
2.599	106110900.4636921
2.59902	103600058.34661393
2.59904	99058101.44372302
2.5990599999999997	92954410.28653945
2.59908	87359471.90023406
2.5991	36626042.92036439
2.59912	16165531.940130567
2.5991400000000002	58059059.9803824
2.59916	82014378.84255213
2.59918	28778622.33942826
2.5992	47039207.90191767
2.59922	13461392.891761472
2.59924	31964653.42637405
2.5992599999999997	80652902.27739824
2.59928	35640189.128387675
2.5993	43435017.41732927
2.59932	94953286.27526356
2.59934	99183630.2524045
2.59936	102789795.01890893
2.59938	103905850.13266239
2.5994	94395219.3517295
2.5994200000000003	45819463.52848676
2.59944	64320587.11853873
2.5994599999999997	99650618.82721947
2.59948	86462940.24542731
2.5995	95248906.8330135
2.59952	102598261.06656104
2.59954	103307059.4767076
2.59956	69079629.56088306
2.59958	72207116.1110531
2.5996	91003899.04805797
2.5996200000000003	24762814.252739612
2.59964	23313098.574180253
2.5996599999999996	71908461.99494658
2.5996799999999998	85544087.88605253
2.5997	99760817.64824177
2.59972	82740854.17106988
2.59974	82973612.73132664
2.59976	16724378.970467314
2.59978	22948801.00021814
2.5998	34819297.12152229
2.5998200000000002	33846985.86204257
2.59984	34888315.414050855
2.59986	92015290.16885178
2.5998799999999997	102640793.30079004
2.5999	107505330.83068779
2.59992	100981077.39687362
2.59994	56702211.81605439
2.59996	75981873.87874429
2.59998	79713155.25854038
2.6	96872386.73827636
2.60002	87341370.04035145
2.6000400000000004	90157113.7605957
2.60006	88472846.42617255
2.6000799999999997	66232324.89936689
2.6001	84580451.66942605
2.60012	91493449.13336264
2.60014	80704917.89118662
2.60016	108452607.9710542
2.60018	109728640.88549387
2.6002	97933212.29985091
2.60022	96527264.7598572
2.6002400000000003	98129593.5470821
2.60026	96329653.91663371
2.60028	68653075.91049555
2.6003	80671475.43267871
2.60032	102955606.18582995
2.60034	104806930.03975599
2.60036	100156698.43020955
2.60038	69156021.39691836
2.6004	28932102.830661807
2.60042	68702098.06470054
2.6004400000000003	13915858.369238067
2.60046	16874075.968281068
2.60048	32383963.40081224
2.6005	86836037.99605957
2.60052	89437571.85081354
2.60054	87254935.13475123
2.6005599999999998	80591641.19879355
2.60058	74354969.5315608
2.6006	13479692.961035708
2.60062	18487577.177623414
2.6006400000000003	75981873.87874429
2.60066	98887181.78930075
2.60068	102152735.290281
2.6007	91077269.08619277
2.60072	95286198.31242546
2.60074	93188001.92914991
2.6007599999999997	74044021.79885308
2.60078	87698062.76859482
2.6008	89800757.47834055
2.60082	73831212.37711835
2.6008400000000003	75497053.09857814
2.60086	12949112.381556591
2.60088	17612053.660489
2.6009	78873297.86367096
2.60092	80478523.5005408
2.60094	73023055.30565469
2.6009599999999997	36618453.59452983
2.60098	43915719.24948396
2.601	93022926.86650577
2.60102	72716003.18602903
2.6010400000000002	49540456.02572401
2.60106	84900451.5341964
2.60108	87441983.41528082
2.6011	94495254.71202846
2.60112	45986462.19955571
2.60114	58203620.45189479
2.6011599999999997	25615332.640879475
2.60118	61410127.631874144
2.6012	23558085.844666366
2.60122	18372150.737289734
2.60124	30166852.511997063
2.60126	48714696.368390426
2.60128	74675819.96530512
2.6013	80245372.9817614
2.60132	71165581.11281143
2.60134	84191839.79378559
2.6013599999999997	94667302.00346978
2.60138	47582800.61115215
2.6014	50350060.87879046
2.60142	98183836.95113596
2.60144	91922113.24173146
2.60146	73520762.06577441
2.60148	43834897.967095874
2.6015	21652098.793079257
2.6015200000000003	53385092.55416239
2.60154	31930814.73646223
2.6015599999999997	32938210.44764932
2.60158	33140572.000872742
2.6016	45627849.459005915
2.60162	10907871.170957379
2.60164	3154205.6112399795
2.60166	19492610.283002183
2.60168	33364145.002814908
2.6017	26019563.102631543
2.6017200000000003	70648020.86156541
2.60174	70021272.66840006
2.60176	62885424.94715803
2.6017799999999998	8290867.985864459
2.6018	9864611.817608204
2.60182	66973038.054189734
2.60184	80106913.7218005
2.60186	83558377.79822244
2.60188	77184483.08955972
2.6019	74418343.72219428
2.6019200000000002	39377668.63076387
2.6019400000000004	55598106.35872297
2.60196	95084559.74779052
2.6019799999999997	105280999.66356054
2.602	106777561.85223961
2.60202	103521367.4236761
2.60204	97604535.72767663
2.60206	99689633.64769258
2.60208	99426007.39529577
2.6021	77389136.34430842
2.60212	31646814.397344455
2.6021400000000003	32549176.101658087
2.60216	92608318.76911253
2.6021799999999997	97481005.45296675
2.6022	88554370.4665439
2.60222	101903711.02825159
2.60224	91293529.99075069
2.60226	81386055.45442714
2.60228	75207300.44135784
2.6023	54940170.13748213
2.60232	88426004.09180808
2.6023400000000003	105026767.734071
2.60236	83377717.12383614
2.60238	72082526.44950439
2.6024	51763066.917494096
2.60242	78519947.40053725
2.60244	97306085.09809215
2.6024599999999998	87018180.85979256
2.60248	97467538.8846255
2.6025	76540271.78200532
2.60252	63477527.16411637
2.6025400000000003	77122304.80375375
2.60256	27461863.23803614
2.60258	46948313.93823321
2.6026	76980371.03421807
2.60262	90660894.56618911
2.60264	77835908.70407413
2.6026599999999998	95420129.14216149
2.60268	65445531.63953472
2.6027	54687742.98506421
2.60272	98192880.43317086
2.6027400000000003	101978824.12664
2.60276	78418765.28725904
2.60278	39222927.03198891
2.6028	86315740.36372885
2.60282	104587552.50062653
2.60284	100202832.91640632
2.6028599999999997	102614799.28520334
2.60288	102882142.55451614
2.6029	89421098.35854894
2.60292	89563282.0629922
2.6029400000000003	91010185.59182571
2.60296	97344181.99589129
2.60298	79195407.89912778
2.603	81356077.24606538
2.60302	63544797.49141004
2.60304	69720420.85696466
2.6030599999999997	30637970.94669769
2.60308	7435668.163771664
2.6031	6728217.155215468
2.60312	36394855.54842991
2.6031400000000002	80384071.55897692
2.60316	87437956.65585096
2.60318	84753960.17584181
2.6032	71347703.6893209
2.60322	74329292.66938812
2.60324	63587243.6795449
2.6032599999999997	72759549.26372913
2.60328	90514884.17123313
2.6033	84383978.99343549
2.60332	91533485.46639049
2.60334	92875250.8989063
2.60336	84382036.00288399
2.60338	83731717.5921213
2.6034	65182347.91348092
2.6034200000000003	19074361.096506972
2.60344	3089370.534082761
2.6034599999999997	5908129.418054658
2.60348	59809476.343168125
2.6035	71963122.62571533
2.60352	81021447.89817686
2.60354	81984169.19393511
2.60356	85954773.45146723
2.60358	97757480.50297523
2.6036	94065420.22730972
2.6036200000000003	78350180.26259194
2.60364	100198218.51167051
2.6036599999999996	101903711.02825159
2.6036799999999998	88021750.2601
2.6037	96536155.65892814
2.60372	87560856.28132392
2.60374	86754098.2598383
2.60376	93717350.05084947
2.60378	59810853.52310985
2.6038	72982712.42217007
2.6038200000000002	91016472.5698675
2.60384	69547256.08070377
2.60386	35926921.082528986
2.6038799999999998	56448187.28115339
2.6039	65295011.0936648
2.60392	52173503.38155685
2.60394	59541531.338482365
2.60396	90252657.78730056
2.60398	82937320.44796269
2.604	92278388.15350768
2.6040200000000002	88950829.00874564
2.6040400000000004	80304521.74617057
2.60406	39122806.35311709
2.6040799999999997	6195837.230776545
2.6041	21660077.19065029
2.60412	84073668.88936576
2.60414	88617603.2634283
2.60416	79399908.14369044
2.60418	56857793.255740955
2.6042	5601444.0192853445
2.60422	9328031.414206231
2.6042400000000003	31214759.990438215
2.60426	32902583.503920488
2.6042799999999997	43201616.761814274
2.6043	84376207.29965629
2.60432	86393287.41891302
2.60434	44878672.28143683
2.60436	90784143.37590446
2.60438	100475459.26668769
2.6044	101081109.44524729
2.60442	86776074.49911457
2.6044400000000003	67521176.3598466
2.60446	88042020.35069162
2.60448	60323981.765657976
2.6045	35322383.384781614
2.60452	6489929.812440997
2.60454	20113145.716091216
2.6045599999999998	86726136.5498983
2.60458	96718599.66742046
2.6046	95367412.59755847
2.60462	93271723.10326776
2.6046400000000003	76953787.5470682
2.60466	62187056.379875034
2.60468	41127281.14647389
2.6047	70205316.24508893
2.60472	78324927.21912548
2.60474	43053652.38473964
2.6047599999999997	76485656.72494207
2.60478	84011743.93761969
2.6048	94802545.81912236
2.60482	107203755.60453606
2.6048400000000003	104145377.85490459
2.60486	94881163.13313192
2.60488	87494348.16632858
2.6049	73541079.40988079
2.60492	52862780.18225225
2.60494	52480746.02497733
2.6049599999999997	71436472.31098135
2.60498	64972563.164529815
2.605	86812047.62660913
2.60502	63344658.62485111
2.6050400000000002	48641840.57602169
2.60506	80738374.21330647
2.60508	90215258.94170173
2.6051	93321132.38377589
2.60512	78027914.60505638
2.60514	74038907.19568257
2.6051599999999997	101482229.54021737
2.60518	104375843.93235482
2.6052	94728355.94796969
2.60522	58267985.03315393
2.6052400000000002	69871489.25611268
2.60526	97766484.71432155
2.60528	103693133.83212644
2.6053	105392571.23261146
2.60532	104116605.39880282
2.60534	96369587.49212503
2.6053599999999997	81079301.76502989
2.60538	68517262.01349501
2.6054	86427111.78085311
2.60542	97377809.29213826
2.60544	96221029.66640887
2.60546	93480279.01901264
2.60548	88922159.27060583
2.6055	84668136.24857992
2.6055200000000003	83571846.90293294
2.60554	79568285.46544181
2.6055599999999997	63512615.836451255
2.60558	45842680.11540043
2.6056	16292210.025122333
2.60562	1436051.450561306
2.60564	4725524.291574861
2.60566	50200726.2390259
2.60568	54749480.16558301
2.6057	72987754.06347038
2.6057200000000003	80760686.13289748
2.60574	84108521.73131964
2.60576	88926254.38166618
2.6057799999999998	80210274.0181387
2.6058	89182573.41209616
2.60582	91968689.90516268
2.60584	79158945.46242617
2.60586	63672221.133434914
2.60588	74037202.4064697
2.6059	36992186.333796635
2.6059200000000002	45297058.42520474
2.6059400000000004	71954838.04195331
2.60596	84986510.94804221
2.6059799999999997	82773248.54663223
2.606	86660262.45834991
2.60602	68436848.1571477
2.60604	79491373.30760677
2.60606	99199618.05322877
2.60608	69531244.07671364
2.6061	104320581.68660882
2.60612	108965746.88768636
2.6061400000000003	106130448.6142971
2.60616	92187067.46818636
2.6061799999999997	85365030.53287563
2.6062	80287881.75088477
2.60622	90970378.14779891
2.60624	64911254.11807651
2.60626	36278556.63040808
2.60628	74558987.20277822
2.6063	73459843.70593688
2.60632	77115201.9040842
2.6063400000000003	47255242.9157486
2.60636	76125472.28028177
2.60638	96990679.0680282
2.6064	65990284.391478226
2.60642	39915355.35280128
2.60644	59779186.4058807
2.6064599999999998	68120840.84370354
2.60648	74308757.56399578
2.6065	71652277.63215365
2.60652	95308141.29658811
2.6065400000000003	98233586.41148654
2.60656	76243004.12007555
2.60658	93937716.74686356
2.6066	99627676.06576161
2.60662	88293757.62258229
2.60664	79436481.57336275
2.6066599999999998	42460000.994300194
2.60668	86512726.6430559
2.6067	97928702.41260046
2.60672	93659104.27160817
2.6067400000000003	106198895.50548674
2.60676	82391042.86938937
2.60678	75688517.6990968
2.6068	102711719.54320249
2.60682	95310335.87290782
2.60684	100834697.55413903
2.6068599999999997	103257118.16008271
2.60688	97341940.58907308
2.6069	90202796.10399999
2.60692	103086074.00626244
2.6069400000000003	102098650.07909995
2.60696	96553939.91390441
2.60698	90444049.7064403
2.607	85074616.4889698
2.60702	69097128.56668015
2.60704	10369552.148225717
2.6070599999999997	7365122.930446998
2.60708	54883272.63258131
2.6071	72836656.2165573
2.60712	84826197.62900686
2.6071400000000002	82916316.38192701
2.60716	96170085.02263856
2.60718	94601930.72899115
2.6072	66640769.00593834
2.60722	39469352.33687051
2.60724	88141411.28926325
2.6072599999999997	74476627.0870526
2.60728	75922412.54904765
2.6073	93349070.94535434
2.60732	95984255.3582908
2.60734	97021950.20891921
2.60736	97276962.23674026
2.60738	93288905.97215723
2.6074	67084162.14862394
2.6074200000000003	26065736.461757343
2.60744	66386534.765567265
2.6074599999999997	39197647.226526536
2.60748	18325675.83451032
2.6075	62876737.604749024
2.60752	76150016.18895367
2.60754	66458418.15849788
2.60756	19818464.359671917
2.60758	2529472.720196686
2.6076	9584291.190362386
2.6076200000000003	70404432.14699751
2.60764	74331004.18430525
2.6076599999999996	85970608.3642736
2.6076799999999998	89912484.82278498
2.6077	78891461.2027123
2.60772	62082614.75978453
2.60774	61439829.241629355
2.60776	70422266.74706836
2.60778	76709649.78579135
2.6078	76782102.48364832
2.6078200000000002	27138135.090332445
2.60784	15965407.208831627
2.60786	9194963.296374535
2.6078799999999998	52298592.38475916
2.6079	71423314.43840417
2.60792	95523450.13430001
2.60794	92689384.87267311
2.60796	73245340.1162692
2.60798	56647402.42259717
2.608	90886629.90655895
2.6080200000000002	57422222.81090307
2.6080400000000004	56146152.37963294
2.60806	86956089.32545936
2.6080799999999997	40269848.894768625
2.6081	64058977.169843905
2.60812	38594018.43877996
2.60814	53478596.37039838
2.60816	92346406.43840232
2.60818	79584776.32142335
2.6082	85078534.41005681
2.60822	53719257.341537915
2.6082400000000003	46958044.17031253
2.60826	89149723.3894107
2.6082799999999997	91657920.51842529
2.6083	91981396.7269624
2.60832	65674987.681720555
2.60834	29022177.90558755
2.60836	78438630.04966532
2.60838	81752303.79436491
2.6084	81163356.70104647
2.60842	28392262.394249134
2.6084400000000003	25892262.421491437
2.60846	55104872.262724146
2.60848	44767207.015608266
2.6085	70370396.8152839
2.60852	11618230.809911031
2.60854	8266468.211202599
2.6085599999999998	57258504.399709105
2.60858	46700335.4361887
2.6086	11475985.742054777
2.60862	25230740.68213305
2.6086400000000003	78896911.02001584
2.60866	78357396.91321017
2.60868	87971095.44862358
2.6087	76918357.17702757
2.60872	24357908.796130005
2.60874	10688333.590919886
2.6087599999999997	51671372.80090004
2.60878	47285719.32013797
2.6088	27042696.867407363
2.60882	71431537.82472715
2.6088400000000003	70674053.34938198
2.60886	28760074.05582815
2.60888	72336917.80189167
2.6089	93693615.91766883
2.60892	92446399.20113927
2.60894	92167965.27649496
2.6089599999999997	78080035.11962005
2.60898	27033358.26361777
2.609	58384827.31071982
2.60902	80606488.09513289
2.6090400000000002	91066784.03166722
2.60906	51850147.95605292
2.60908	63907230.90316754
2.6091	38730223.21722343
2.60912	74047431.73058532
2.60914	89049195.44742024
2.6091599999999997	53321210.47269805
2.60918	56639576.835319355
2.6092	56988864.005779356
2.60922	59048653.67054231
2.6092400000000002	24227020.121092368
2.60926	75165750.83286504
2.60928	96747555.36570191
2.6093	89864880.26559289
2.60932	76485656.72494207
2.60934	96736417.532921
2.6093599999999997	99933247.32182324
2.60938	88167799.14144614
2.6094	93534106.08444048
2.60942	69794307.09260765
2.60944	89082008.4274201
2.60946	98403376.37150264
2.60948	95172176.20640689
2.6095	51315669.57251475
2.6095200000000003	53742764.18380156
2.60954	94343069.03673828
2.6095599999999997	92291137.7646573
2.60958	91626268.46064065
2.6096	69435249.43906365
2.60962	54922462.373442695
2.60964	48169262.826193064
2.60966	58337793.654032044
2.60968	15827050.934310414
2.6097	5948808.655643504
2.6097200000000003	11833957.35732525
2.60974	65880972.2921748
2.6097599999999996	77649738.94712335
2.6097799999999998	76628442.77197766
2.6098	32046455.400702275
2.60982	3398834.359707646
2.60984	6827158.726476632
2.60986	67504076.46754952
2.60988	61222350.58731438
2.6099	71286944.43631002
2.6099200000000002	94277921.65711933
2.60994	91075171.97871572
2.60996	93368417.92607658
2.6099799999999997	99204186.46965466
2.61	71943241.22695005
2.61002	55410236.01464502
2.61004	87094353.55091788
2.61006	91050010.45506778
2.61008	76812163.9120589
2.6101	29666751.922805797
2.61012	54075432.29455814
2.6101400000000003	31757770.066852957
2.61016	22232075.05804694
2.6101799999999997	73569871.92561597
2.6102	83558377.79822244
2.61022	93312537.58565547
2.61024	73556321.10249998
2.61026	55230630.36563892
2.61028	82685622.43496437
2.6103	87415812.79340479
2.61032	92941569.04723376
2.6103400000000003	107245727.59957406
2.61036	98432836.45969549
2.61038	90225645.95513476
2.6104	88548253.55861604
2.61042	75561400.70930919
2.61044	70410916.93346612
2.61046	99758520.59697191
2.61048	52678087.580886915
2.6105	78198784.03894968
2.61052	89456108.15718399
2.6105400000000003	95492661.97490811
2.61056	85936962.66081779
2.61058	55789182.81143304
2.6106	84607721.5807845
2.61062	98249421.0709944
2.61064	31048455.418019194
2.6106599999999998	32544679.577413317
2.61068	49312838.3060707
2.6107	33229208.747486852
2.61072	84158890.23429114
2.6107400000000003	45242854.70956112
2.61076	21544181.541980058
2.61078	82209120.12029575
2.6108	35328890.60757509
2.61082	90260970.74709766
2.61084	104126195.33416994
2.6108599999999997	83306713.1875044
2.61088	95587257.188469
2.6109	103745674.83694308
2.61092	48057370.021400206
2.6109400000000003	62014036.42298068
2.61096	109385561.38071314
2.61098	109713482.36066526
2.611	106514810.73205528
2.61102	99437454.89637844
2.61104	46098840.29351377
2.6110599999999997	23412619.119134374
2.61108	85735364.78104338
2.6111	83446860.12112476
2.61112	90650457.44579194
2.6111400000000002	55197575.222422004
2.61116	74720539.68195689
2.61118	90690124.89671701
2.6112	102513249.46425018
2.61122	108963237.8875282
2.61124	80714209.92311206
2.6112599999999997	75479671.26091002
2.61128	102463691.89600928
2.6113	88121118.31569688
2.61132	63210612.70562442
2.61134	63741165.46539413
2.61136	95902515.77376585
2.61138	49366234.286821865
2.6114	54943965.40106719
2.61142	52857911.56447893
2.61144	77950696.49604364
2.6114599999999997	88969264.4356506
2.61148	70370396.8152839
2.6115	98584809.14398482
2.61152	78975066.45094512
2.61154	94530074.4640472
2.61156	102473129.58540563
2.61158	71604447.81785925
2.6116	34063557.306884706
2.6116200000000003	86006247.58479983
2.61164	103333228.85318117
2.6116599999999996	76549084.31372693
2.61168	104575512.1067756
2.6117	97807013.92977208
2.61172	97854319.25010099
2.61174	47707867.01568356
2.61176	20000921.254935358
2.61178	84056247.88462584
2.6118	77966852.10002686
2.6118200000000003	79284811.8665777
2.61184	34768023.29827028
2.61186	19860949.173573714
2.6118799999999998	60267059.18756986
2.6119	101043876.64727633
2.61192	104961493.09789546
2.61194	94506134.50655065
2.61196	102049292.93897417
2.61198	85372893.30483487
2.612	66792853.86418848
2.6120200000000002	78755338.0478253
2.6120400000000004	90598289.86427262
2.61206	106313887.75446278
2.6120799999999997	99515332.8653634
2.6121	107132194.22656398
2.61212	96787662.18274851
2.61214	85378790.85907105
2.61216	95662119.73858632
2.61218	84923913.63714719
2.6122	85624884.76063566
2.61222	79976059.09421384
2.6122400000000003	104980829.50033702
2.61226	93005792.98826584
2.6122799999999997	88701303.09065935
2.6123	90032643.10597217
2.61232	39829971.89860862
2.61234	10225392.798520401
2.61236	58273351.96005573
2.61238	89338776.39979981
2.6124	82725614.1461797
2.61242	66872875.800936766
2.6124400000000003	82010602.02779429
2.61246	57032183.62584813
2.61248	81474180.34035413
2.6125	84244197.96390389
2.61252	103731342.83232526
2.61254	92329397.16835344
2.6125599999999998	58100517.411875345
2.61258	89301756.24785659
2.6126	93010076.16193858
2.61262	79000529.10832204
2.6126400000000003	12198319.380086826
2.61266	11253820.919376306
2.61268	51742808.77540824
2.6127	85368961.82833192
2.61272	92578470.18559435
2.61274	81324237.49872147
2.6127599999999997	64115052.17202792
2.61278	25489422.734381292
2.6128	35426642.92744101
2.61282	60247634.51413377
2.6128400000000003	40551787.273497105
2.61286	83004186.97157013
2.61288	87954892.0664164
2.6129	103807803.075839
2.61292	104529771.2502144
2.61294	107285245.66480926
2.6129599999999997	108285423.65437648
2.61298	91539808.59395555
2.613	96551716.7028731
2.61302	81652596.57949294
2.6130400000000003	80909589.91783811
2.61306	73344913.37803493
2.61308	92134015.59737757
2.6131	88783037.6443248
2.61312	72102446.33951645
2.61314	70323422.6907658
2.6131599999999997	68211876.95844534
2.61318	6300427.232537389
2.6132	6118993.614680913
2.61322	37015191.45151166
2.6132400000000002	54873163.69124425
2.61326	89550909.29300319
2.61328	95792167.45595162
2.6133	98036997.04917328
2.61332	69117814.9249788
2.61334	75046423.52981734
2.6133599999999997	29123260.84322501
2.61338	54496674.307255805
2.6134	41311408.27472474
2.61342	84176332.51208223
2.61344	76706117.25720955
2.61346	83406519.74086641
2.61348	56744006.94571188
2.6135	83088324.23525293
2.6135200000000003	96291954.06744865
2.61354	72495324.80606394
2.6135599999999997	45030834.99016535
2.61358	94595396.08482866
2.6136	102246864.77805325
2.61362	105913178.1105225
2.61364	96756466.55522187
2.61366	90867797.18007852
2.61368	89334662.29183587
2.6137	83577620.04099408
2.6137200000000003	63091376.09962593
2.61374	14629517.406356344
2.6137599999999996	46295630.16651848
2.6137799999999998	67372086.87635879
2.6138	18554104.57298183
2.61382	60062029.09194734
2.61384	78503677.1890202
2.61386	31767277.735608604
2.61388	48533319.89431955
2.6139	65549593.07803839
2.6139200000000002	17822556.493370894
2.61394	14898755.736484433
2.61396	70412538.22340892
2.6139799999999997	91360822.33792105
2.614	81733481.79780707
2.61402	83625745.03665581
2.61404	99956260.45176378
2.61406	82317088.24931462
2.61408	92114924.39862728
2.6141	98233586.41148654
2.61412	72198803.43811993
2.6141400000000004	86972108.70445557
2.61416	100394518.23329951
2.6141799999999997	98971465.26287897
2.6142	95139310.57729666
2.61422	65944715.65863613
2.61424	79595772.12414446
2.61426	92712864.61762145
2.61428	88417860.13090287
2.6143	52195131.971001774
2.61432	83942132.88485079
2.6143400000000003	90600375.9910068
2.61436	29314331.854667738
2.61438	41096042.32515478
2.6144	50548701.04943471
2.61442	60358717.037604555
2.61444	84830104.10971919
2.61446	94889902.41365801
2.61448	99211039.4887748
2.6145	99944753.22442238
2.61452	80372966.85618721
2.6145400000000003	34236550.42786272
2.61456	71845570.8792598
2.61458	100145168.12792142
2.6146	99490130.37977816
2.61462	91270409.69554222
2.61464	63620928.05735171
2.6146599999999998	67030120.48065927
2.61468	42672687.95945808
2.6147	71303360.75179403
2.61472	93963676.28349124
2.6147400000000003	87770788.51745671
2.61476	52067892.55657325
2.61478	19477355.901035566
2.6148	10166465.70583602
2.61482	51017597.131631576
2.61484	69776631.52475509
2.6148599999999997	66146976.821298756
2.61488	38555824.964840315
2.6149	23865470.458163455
2.61492	37196322.11619551
2.6149400000000003	80267548.66125694
2.61496	100913669.82325946
2.61498	104975995.06579345
2.615	95360825.07760768
2.61502	84395637.87631136
2.61504	55298073.31981415
2.6150599999999997	19645812.734507967
2.61508	52569034.41552942
2.6151	95664322.46565472
2.61512	70641514.23802364
2.6151400000000002	88493220.39745453
2.61516	82603794.95771782
2.61518	87347403.57683985
2.6152	103392729.36525449
2.61522	109708429.98442192
2.61524	96101463.17744473
2.6152599999999997	76646089.15451713
2.61528	75408447.5559151
2.6153	75351169.97875746
2.61532	90460711.65066338
2.61534	101363127.03687386
2.61536	89184626.94037941
2.61538	90750703.42171523
2.6154	94308318.16737558
2.61542	74803169.52887613
2.61544	18060093.73306342
2.6154599999999997	33299675.39289761
2.61548	74992874.40321939
2.6155	78121396.83385621
2.61552	85162813.36893727
2.61554	35315064.19178693
2.61556	8738763.780627994
2.61558	44547157.76118165
2.6156	85445658.28677647
2.6156200000000003	98007655.43225855
2.61564	85640658.90010187
2.6156599999999997	37149245.69853787
2.61568	94254045.55789731
2.6157	101379466.159387
2.61572	102030496.49578984
2.61574	96068276.63940771
2.61576	91485022.66333859
2.61578	46307357.61071295
2.6158	58539633.61969277
2.6158200000000003	85889485.25991835
2.61584	104111810.76233396
2.61586	106905487.92226575
2.6158799999999998	90184105.07553363
2.6159	80545262.27109173
2.61592	60481144.38367737
2.61594	25919701.75388641
2.61596	79707649.05902974
2.61598	83527599.42413865
2.616	85296262.16060904
2.6160200000000002	49445867.41491682
2.6160400000000004	41954640.10680622
2.61606	24886280.96608217
2.6160799999999997	33058260.68282344
2.6161	82719899.86056805
2.61612	93467365.13327543
2.61614	105256760.60825199
2.61616	104749027.59032671
2.61618	90229801.09535716
2.6162	75582281.9806162
2.61622	85194194.28908816
2.6162400000000003	44377210.550441995
2.61626	82042710.49789406
2.6162799999999997	77848455.38140526
2.6163	91615720.2038646
2.61632	51543036.48852297
2.61634	83460311.24986075
2.61636	104119002.79983939
2.61638	100904375.7588009
2.6164	82771342.64409286
2.61642	90458628.73978247
2.6164400000000003	95486065.80333568
2.61646	82152351.68132795
2.61648	54125260.55151536
2.6165	75946890.9884443
2.61652	25870808.425166134
2.61654	17528711.77601894
2.6165599999999998	62052602.41080905
2.61658	20140952.257446148
2.6166	2209988.4298991826
2.61662	7387542.629936348
2.6166400000000003	55351577.165152036
2.61666	75981873.87874429
2.61668	86125151.7241125
2.6167	83749071.33661698
2.61672	72212104.17420776
2.61674	93293202.1839649
2.6167599999999998	79926353.59272352
2.61678	87176614.66018501
2.6168	74665503.8321433
2.61682	82548654.71230792
2.6168400000000003	87900227.6822469
2.61686	102920052.71944262
2.61688	82343628.42089726
2.6169	85784732.2319964
2.61692	54627333.24762026
2.61694	69235686.05876435
2.6169599999999997	85656435.94553997
2.61698	83333572.42790033
2.617	35839339.72717768
2.61702	18108813.665995996
2.6170400000000003	72050997.87807813
2.61706	89871088.12601297
2.61708	46696034.37441439
2.6171	27638215.577808764
2.61712	82171270.13734598
2.61714	97048762.0684934
2.6171599999999997	75366786.82012701
2.61718	83535292.95464493
2.6172	49991941.102499984
2.61722	68751155.2234782
2.6172400000000002	79718661.83841926
2.61726	65579786.73302536
2.61728	38513235.03269233
2.6173	3126871.2544185854
2.61732	6304490.577815434
2.61734	66127179.60889552
2.6173599999999997	71036245.58496617
2.61738	82436586.4252856
2.6174	89369638.24936022
2.61742	88854617.1582335
2.61744	97238891.64625895
2.61746	101859138.80541147
2.61748	95668728.07195343
2.6175	63899873.73482772
2.6175200000000003	60358717.037604555
2.61754	84837917.61086516
2.6175599999999997	89458167.98390967
2.61758	55834161.70259267
2.6176	58386171.68652788
2.61762	51318032.80084548
2.61764	71313212.3556361
2.61766	83633447.60712339
2.61768	52023551.868730456
2.6177	59274786.72092463
2.6177200000000003	87484275.58707355
2.61774	90784143.37590446
2.6177599999999996	82428994.0847303
2.6177799999999998	79133431.7458805
2.6178	84837917.61086516
2.61782	90819686.82859282
2.61784	81232533.81284453
2.61786	20811817.074082132
2.61788	7192170.924323754
2.6179	8898360.574253421
2.6179200000000002	22216211.434627954
2.61794	14763862.777538624
2.61796	63620928.05735171
2.6179799999999998	77369537.36858234
2.618	33277446.967748687
2.61802	47052207.11121033
2.61804	55655744.93195796
2.61806	12956568.635717455
2.61808	31635885.862283453
2.6181	76176322.01536357
2.6181200000000002	91455536.12934332
2.6181400000000004	76143002.8362511
2.61816	59746160.332924925
2.6181799999999997	47182396.945106596
2.6182	76670800.91729398
2.61822	98093447.92747499
2.61824	98577999.38183032
2.61826	75196910.88652664
2.61828	100878821.49492693
2.6183	92414474.85948996
2.61832	97261284.30644663
2.6183400000000003	88752378.36445113
2.61836	94962032.19888245
2.6183799999999997	94050259.89471407
2.6184	101097403.10823135
2.61842	82478356.8002796
2.61844	24809613.579509806
2.61846	49624940.60797452
2.61848	27593068.558175053
2.6185	54092866.96434573
2.61852	43876300.27602141
2.6185400000000003	65850639.968044296
2.61856	53548831.69202959
2.61858	28835002.938185494
2.6186	81111045.61609347
2.61862	23600434.570668045
2.61864	10290346.530372517
2.6186599999999998	58211662.13471036
2.61868	18778461.150273893
2.6187	17350420.3124079
2.61872	5946480.512854342
2.6187400000000003	13161942.827767853
2.61876	69890798.1295595
2.61878	74214710.89734454
2.6188	67909416.67481579
2.61882	89666454.981781
2.61884	56986239.63203384
2.6188599999999997	31658475.662588473
2.61888	22600601.616546396
2.6189	32618200.65376831
2.61892	14960978.54043858
2.6189400000000003	10949391.892699251
2.61896	19372693.167938948
2.61898	49213018.10619453
2.619	91955984.83875403
2.61902	77138288.72013506
2.61904	66383477.62305469
2.6190599999999997	79009624.90394123
2.61908	90635847.49580747
2.6191	79365178.98256843
2.61912	58563901.29619051
2.6191400000000002	87020184.5505214
2.61916	72173871.16074033
2.61918	35948435.96822729
2.6192	80944994.89292412
2.61922	101578080.07969004
2.61924	99714886.67073567
2.6192599999999997	71596204.52568355
2.61928	80082938.42221573
2.6193	89211327.11136901
2.61932	85045237.83121842
2.6193400000000002	99400827.53158967
2.61936	105043697.41328757
2.61938	83254937.66863796
2.6194	78359201.179723
2.61942	95686352.52614586
2.61944	85113803.82023758
2.6194599999999997	69972920.38901661
2.61948	35451123.239637814
2.6195	59625220.75874625
2.61952	69489630.11692707
2.61954	50544045.55641128
2.61956	88320191.08434261
2.61958	76499747.20132338
2.6196	63543334.335220955
2.6196200000000003	63007173.846148536
2.61964	57595691.92038222
2.6196599999999997	68180471.46017371
2.61968	64932182.40719092
2.6197	63663425.098624356
2.61972	82790403.64445731
2.61974	40972267.54916761
2.61976	58728647.59335269
2.61978	94312661.32593071
2.6198	95424523.50268352
2.6198200000000003	91571430.78440253
2.61984	105339196.1728654
2.6198599999999996	105494544.18559988
2.6198799999999998	99552002.42324747
2.6199	94351758.75468415
2.61992	88644133.67837755
2.61994	81397300.13024788
2.61996	80371116.22153963
2.61998	36909656.206830695
2.62	16534078.681716861
2.6200200000000002	54466566.6519038
2.62004	87118421.9351555
2.62006	37287219.558219396
2.6200799999999997	24395515.522874475
2.6201	77196924.76102526
2.62012	94678201.60680868
2.62014	96910313.83619018
2.62016	98231324.52561061
2.62018	101812241.73776956
2.6202	92497501.08798024
2.62022	99476386.25974315
2.6202400000000003	92087355.20633066
2.62026	70902247.18716721
2.6202799999999997	90886629.90655895
2.6203	94647685.87943587
2.62032	96150157.5051512
2.62034	93175128.42019571
2.62036	77918395.3302495
2.62038	85149087.85139532
2.6204	80840687.82301764
2.62042	66022201.23891388
2.6204400000000003	62035459.011691265
2.62046	49619227.65442066
2.62048	3909309.00596229
2.6205	1801357.8646691376
2.62052	23642859.424017396
2.62054	60613589.02165555
2.62056	17635590.25983242
2.62058	26377279.42387437
2.6206	75798393.30329205
2.62062	41604470.584652156
2.6206400000000003	45172070.78374983
2.62066	78648419.5782313
2.62068	23230042.26707449
2.6207	23316856.504552957
2.62072	79251957.87080596
2.62074	53796001.868773155
2.6207599999999998	38952918.301511444
2.62078	27440372.33736846
2.6208	13125323.008254306
2.62082	62096911.4560173
2.6208400000000003	41732076.99721088
2.62086	86192603.69079666
2.62088	100581938.1629493
2.6209	106308991.93173145
2.62092	108605045.02940942
2.62094	109136494.5025255
2.6209599999999997	108377717.43278474
2.62098	106566327.66360287
2.621	110621616.38001204
2.62102	110687862.28588052
2.6210400000000003	95637893.08803526
2.62106	86190619.05560195
2.62108	82839982.79061446
2.6211	106819366.98556733
2.62112	104265348.69969939
2.62114	73839712.99889493
2.6211599999999997	79509678.98016426
2.62118	94212819.26417594
2.6212	57781658.07565895
2.62122	60556393.16598922
2.6212400000000002	64354659.973908246
2.62126	89414921.5812472
2.62128	92661643.74937458
2.6213	85974567.54826145
2.62132	75477933.29726051
2.62134	64200734.984716654
2.6213599999999997	94517015.5537276
2.62138	98097965.40171108
2.6214	98107000.97431973
2.62142	74202749.86322622
2.62144	65042915.50788013
2.62146	34897153.1978889
2.62148	41453385.00498712
2.6215	46144505.892862335
2.6215200000000003	82190192.95000072
2.62154	85498796.1956689
2.6215599999999997	94937982.84710152
2.62158	94745807.16325957
2.6216	92282637.82817888
2.62162	61587134.799022414
2.62164	14002964.893374676
2.62166	26313583.726986554
2.62168	84013678.40178315
2.6217	80589785.52904144
2.6217200000000003	47218262.25923864
2.62174	67493196.97274329
2.6217599999999996	81412295.44811657
2.6217799999999998	92013171.46288975
2.6218	55718574.89319304
2.62182	86926060.94222215
2.62184	74748072.81756629
2.62186	34442922.93943157
2.62188	78416959.64924775
2.6219	96387341.06128488
2.6219200000000003	103963286.49623606
2.62194	97919683.26113997
2.62196	61589971.05669921
2.6219799999999998	14500066.700500911
2.622	36718083.06673001
2.62202	81449795.82981278
2.62204	82992720.31146267
2.62206	73551240.18733679
2.62208	69763779.37799075
2.6221	54186362.74368703
2.6221200000000002	80851857.1483111
2.6221400000000004	78240208.65862459
2.62216	57448672.81162349
2.6221799999999997	87956917.32596616
2.6222	102737738.11028387
2.62222	87526588.21388981
2.62224	46692808.83804211
2.62226	79553629.79548122
2.62228	78642986.92551526
2.6223	13636094.428178249
2.62232	12862636.601130266
2.6223400000000003	73299329.16517787
2.62236	66366665.85556372
2.6223799999999997	71767860.58243145
2.6224	71845570.8792598
2.62242	36876525.911269404
2.62244	73284140.7241631
2.62246	52798307.374297656
2.62248	96861234.53457986
2.6225	100918317.17650445
2.62252	100846307.246006
2.6225400000000003	96147943.591446
2.62256	99478676.81455544
2.62258	102721180.077841
2.6226	79387111.42187054
2.62262	54965476.84747317
2.62264	60757514.610574104
2.6226599999999998	75460555.86158252
2.62268	53877818.136867605
2.6227	83994335.76442252
2.62272	81371064.96969874
2.6227400000000003	26345109.01466034
2.62276	18608012.96602601
2.62278	68413214.98872958
2.6228	80539698.59364994
2.62282	19763779.5036638
2.62284	28430860.2104516
2.6228599999999997	75377199.84580733
2.62288	78454886.77989392
2.6229	50651230.453978784
2.62292	10163422.971449044
2.6229400000000003	26314189.626618512
2.62296	90082410.73326488
2.62298	94503958.44743852
2.623	80103224.74703544
2.62302	76651383.86165756
2.62304	87104381.23615526
2.6230599999999997	71983009.51867282
2.62308	40360821.75650333
2.6231	22743641.44210157
2.62312	70063205.0030535
2.6231400000000002	50110645.82994632
2.62316	53286844.097473964
2.62318	62334718.13125866
2.6232	86666248.94396794
2.62322	92550762.2580925
2.62324	60694592.50864639
2.6232599999999997	18844299.585166894
2.62328	52160290.32253325
2.6233	92640310.07363974
2.62332	86678223.15587144
2.6233400000000002	42794701.35724645
2.62336	58218364.385789014
2.62338	101053183.56083326
2.6234	96378463.86791411
2.62342	93198731.21196958
2.62344	86582475.7650094
2.6234599999999997	84477295.17257938
2.62348	67597401.24729365
2.6235	50008059.19805982
2.62352	43548179.06301677
2.62354	96059428.83160253
2.62356	103483235.76702854
2.62358	104325385.93755543
2.6236	87287086.96304245
2.6236200000000003	88582921.6244694
2.62364	82110746.4085089
2.6236599999999997	84627205.47171062
2.62368	96961650.6049462
2.6237	83429568.99817382
2.62372	25430213.129854195
2.62374	16799640.954848155
2.62376	32519211.004141457
2.62378	61693583.90199245
2.6238	79011444.18873176
2.6238200000000003	72716003.18602903
2.62384	58963058.10292906
2.6238599999999996	72623972.34153594
2.6238799999999998	83656559.5755809
2.6239	98989698.1597831
2.62392	88517675.35629036
2.62394	100816124.82708722
2.62396	85298226.20223813
2.62398	69199028.9228481
2.624	75134603.69128895
2.6240200000000002	93020784.95911808
2.62404	77590758.96466826
2.62406	78227598.84321366
2.6240799999999997	56732248.95266812
2.6241	23836912.37471635
2.62412	18987596.758993495
2.62414	65962939.37452818
2.62416	93185856.22081259
2.62418	92676580.2454527
2.6242	47662849.1851934
2.62422	47755126.51998001
2.6242400000000004	33966437.564581186
2.62426	51416202.81354356
2.6242799999999997	32429481.127043597
2.6243	67141339.28832662
2.62432	91167490.40311465
2.62434	77076147.64759515
2.62436	82349316.71370094
2.62438	26157726.827191077
2.6244	66294881.70464077
2.62442	39866673.557571836
2.6244400000000003	74722260.20577313
2.62446	103681196.40610275
2.62448	98564381.2686456
2.6245	100688529.90025121
2.62452	99467224.56789723
2.62454	108705120.0516695
2.62456	103478470.29763709
2.62458	73230162.86238936
2.6246	79792119.26257356
2.62462	94074084.3716775
2.6246400000000003	99158511.77126442
2.62466	95759087.726426
2.62468	84366493.68897085
2.6247	68103589.0850048
2.62472	43386038.769440174
2.62474	59557985.54470727
2.6247599999999998	78518139.43274853
2.62478	98914509.10261607
2.6248	99103729.89080006
2.62482	84496749.02825737
2.6248400000000003	38060106.57029182
2.62486	68381716.79221444
2.62488	63436614.87991502
2.6249	94881163.13313192
2.62492	54300021.30657377
2.62494	24299089.463378992
2.6249599999999997	79502356.2053329
2.62498	94160769.71935172
2.625	98953235.72428969
2.62502	67098065.618457265
2.6250400000000003	62855024.498879746
2.62506	57582431.54893386
2.62508	82912498.03236724
2.6251	79414535.49446811
2.62512	100813803.47675134
2.62514	105543137.40671043
2.6251599999999997	74473197.39059888
2.62518	64216998.08631138
2.6252	75686774.9266357
2.62522	58384827.31071982
2.6252400000000002	89786284.47277284
2.62526	101688068.90602797
2.62528	106355511.35192108
2.6253	99600151.72435421
2.62532	98871244.34319451
2.62534	98627948.56312098
2.6253599999999997	68602509.08655219
2.62538	21521869.813206714
2.6254	56948199.79088724
2.62542	76743216.92217505
2.62544	51318032.80084548
2.62546	30288655.805397306
2.62548	40754915.77950176
2.6255	69526441.19441786
2.62552	30949240.79779477
2.62554	58769229.92092229
2.6255599999999997	67563167.18992105
2.62558	31869848.57566841
2.6256	23657562.71187567
2.62562	11450118.99259958
2.62564	57353509.78747316
2.62566	91474490.66714983
2.62568	89623107.88777253
2.6257	75618838.09164162
2.6257200000000003	67184640.86675768
2.62574	101244164.31570077
2.6257599999999996	81234404.28259318
2.62578	45136720.360591814
2.6258	81869096.95599039
2.62582	44935543.61436758
2.62584	32951106.286957264
2.62586	29012823.76858767
2.62588	62954966.910572
2.6259	55903628.85177341
2.6259200000000003	19356641.20302092
2.62594	31270152.554770637
2.62596	62720570.500972085
2.6259799999999998	87677871.86804587
2.626	91683250.0370391
2.62602	79749872.9770616
2.62604	26618893.581786286
2.62606	57850884.04700527
2.62608	71550059.6237292
2.6261	81961519.2601817
2.6261200000000002	45940953.0036584
2.6261400000000004	69701159.0539944
2.62616	97703472.64711143
2.6261799999999997	100105975.0281698
2.6262	97037589.56000544
2.62622	100946205.79081011
2.62624	85490921.8281589
2.62626	79191760.89979059
2.62628	78838799.03950639
2.6263	57536044.286326975
2.62632	56764916.0617984
2.6263400000000003	80807189.10424204
2.62636	28261811.798101574
2.6263799999999997	40607850.35610753
2.6264	87576987.07277112
2.62642	43649573.04060674
2.62644	41432391.33460389
2.62646	67101155.669720896
2.62648	93368417.92607658
2.6265	97723722.0955811
2.62652	93316834.8857646
2.6265400000000003	54318779.10868639
2.62656	35757734.87595693
2.62658	38102195.40949212
2.6266	72341914.8317389
2.62662	70435240.20286132
2.62664	49265171.61599558
2.6266599999999998	85196155.98049061
2.62668	79208173.71950023
2.6267	49019626.74080648
2.62672	12777326.720795747
2.6267400000000003	1900465.5434589395
2.62676	10855504.207235785
2.62678	49802368.79600167
2.6268	52578718.88147424
2.62682	83170631.68812838
2.62684	72598893.24137633
2.6268599999999998	66023721.4737799
2.62688	71145920.05246772
2.6269	89178466.49738036
2.62692	53566096.57847517
2.6269400000000003	30026174.20861261
2.62696	72370237.8552493
2.62698	81852132.76321797
2.627	51728513.68402024
2.62702	68064396.78928472
2.62704	92488982.14561222
2.6270599999999997	48163717.454090275
2.62708	59907334.962881036
2.6271	92781203.15457627
2.62712	76385337.17490695
2.6271400000000003	82385351.69434485
2.62716	91106633.66164404
2.62718	58163428.69858941
2.6272	40052534.206704594
2.62722	55115023.89028884
2.62724	90752793.05794168
2.6272599999999997	75034328.45026477
2.62728	88048102.28806052
2.6273	98308257.87082472
2.62732	93115075.55574544
2.6273400000000002	36541805.35921518
2.62736	12673016.490895785
2.62738	10662523.466770884
2.6274	28748156.47250822
2.62742	60970534.1779355
2.62744	67102700.74871683
2.6274599999999997	97236652.66381273
2.62748	99183630.2524045
2.6275	98494050.98130715
2.62752	99848144.80072927
2.62754	83959530.23878543
2.62756	94918310.63496865
2.62758	94852766.0297437
2.6276	92781203.15457627
2.6276200000000003	93909602.00873823
2.62764	70779909.0097706
2.6276599999999997	19909942.23479604
2.62768	17310116.868278075
2.6277	55346479.33126137
2.62772	82866691.55065353
2.62774	92469817.39382209
2.62776	97530398.7906719
2.62778	94106582.0211463
2.6278	83071107.40494855
2.6278200000000003	96836704.20546497
2.62784	79009624.90394123
2.6278599999999996	62638305.41128043
2.6278799999999998	68369121.57457514
2.6279	90694301.42747766
2.62792	92216789.85803689
2.62794	82387248.70901181
2.62796	41401874.064832896
2.62798	47173706.42684882
2.628	81363570.76277697
2.6280200000000002	50782023.25232427
2.62804	98607511.7488115
2.62806	102014052.44804098
2.6280799999999997	104265348.69969939
2.6281	77455096.61448967
2.62812	31810463.711078595
2.62814	61817295.38524024
2.62816	87250916.9890147
2.62818	75990622.11883034
2.6282	47324932.15152177
2.6282200000000002	54579556.201086044
2.6282400000000004	82027599.06397669
2.62826	86238262.91517672
2.6282799999999997	101458865.08335885
2.6283	108088626.94159356
2.62832	106350613.61239682
2.62834	82929681.9902237
2.62836	88214504.69565512
2.62838	57733780.935382634
2.6284	18412806.958448645
2.62842	58991576.163537
2.6284400000000003	85092248.55481145
2.62846	88444330.7465798
2.6284799999999997	81746656.74032867
2.6285	37893088.136823066
2.62852	23867119.08339976
2.62854	82432790.16759805
2.62856	97465294.63744226
2.62858	80408137.01206143
2.6286	32804241.466156352
2.62862	63792555.48043579
2.6286400000000003	104071065.26596251
2.62866	104901089.79269592
2.62868	99407694.13466233
2.6287	81688326.68454647
2.62872	88564566.25211701
2.62874	84974770.43867376
2.6287599999999998	49655801.92528066
2.62878	50794887.17364108
2.6288	83164886.66285603
2.62882	86924059.4187445
2.6288400000000003	38599350.76780782
2.62886	12350086.51692913
2.62888	52471079.6046375
2.6289	95172176.20640689
2.62892	96260918.2115848
2.62894	81782428.0048746
2.6289599999999997	92093716.59518337
2.62898	103000658.20841064
2.629	90982947.03820464
2.62902	38762341.19563852
2.6290400000000003	23246629.822680738
2.62906	57096567.453443006
2.62908	78351984.36293332
2.6291	77236040.21492085
2.62912	80398880.21605372
2.62914	56436490.585253514
2.6291599999999997	53022475.48755274
2.62918	77986602.38539393
2.6292	87417825.64005268
2.62922	69603327.137924
2.6292400000000002	87867850.00617251
2.62926	102908204.29254793
2.62928	83924739.1358425
2.6293	97147135.62749283
2.62932	105596615.80287763
2.62934	93308240.48344013
2.6293599999999997	47759525.132238075
2.62938	76517363.94720069
2.6294	77024697.25480492
2.62942	79615935.04173182
2.62944	88599240.70465231
2.62946	76591398.5918187
2.62948	67900035.29024331
2.6295	63165508.98258365
2.62952	6303184.21683833
2.62954	7478766.947531428
2.6295599999999997	63369459.07780652
2.62958	85520454.44629589
2.6296	85907286.21068025
2.62962	80641760.43683769
2.62964	88497295.7546946
2.62966	89935261.13329966
2.62968	93568571.67098358
2.6297	93297498.59362538
2.6297200000000003	84953250.38376941
2.62974	28432824.21253214
2.6297599999999997	13931888.819354903
2.62978	54505458.84127791
2.6298	75420602.9412029
2.62982	80103224.74703544
2.62984	90084484.98130669
2.62986	101812241.73776956
2.62988	89381985.97409904
2.6299	74810059.47268757
2.6299200000000003	94080583.00365882
2.62994	68342364.43938906
2.62996	67358126.62625532
2.6299799999999998	49490290.151638
2.63	91495555.872138
2.63002	76369509.2785089
2.63004	75615355.7956384
2.63006	85319833.64518887
2.63008	94310489.72165193
2.6301	79377972.16901155
2.6301200000000002	90184105.07553363
2.6301400000000004	87283067.33669324
2.63016	90283835.33482589
2.6301799999999997	84951294.2854103
2.6302	80586074.31771956
2.63022	80755107.57501678
2.63024	68944559.31709221
2.63026	67734511.02765842
2.63028	11207274.261366477
2.6303	14852173.02390663
2.63032	57217647.78380799
2.6303400000000003	22917117.95088155
2.63036	13520414.30931417
2.6303799999999997	17562243.72889615
2.6304	39084989.53402167
2.63042	87548760.13757072
2.63044	73654621.14702316
2.63046	66534975.301353596
2.63048	45281416.07697517
2.6305	11090471.241432764
2.63052	14972006.259073773
2.6305400000000003	36649664.216676705
2.63056	56235427.3726949
2.63058	27861853.22179063
2.6306	2124418.134519327
2.63062	3677816.0184054994
2.63064	27841972.488835584
2.6306599999999998	41223038.50562488
2.63068	41488716.533468135
2.6307	61156130.68011004
2.63072	80086626.46273981
2.6307400000000003	92150988.87349558
2.63076	95310335.87290782
2.63078	96803263.76802272
2.6308	95973205.39861235
2.63082	82998453.44349402
2.63084	83731717.5921213
2.6308599999999998	31526807.862964682
2.63088	16365150.364506764
2.6309	33322685.94039261
2.63092	80031323.68416934
2.6309400000000003	15152001.337663434
2.63096	24747993.882844053
2.63098	93377017.87120359
2.631	99117422.5228981
2.63102	96167870.6500906
2.63104	78218593.07648939
2.6310599999999997	74307046.56131981
2.63108	93334026.06531654
2.6311	100175149.67524149
2.63112	104802103.61339413
2.6311400000000003	98489515.26707564
2.63116	91014376.86226584
2.63118	55883036.98717791
2.6312	8567616.133967541
2.63122	22589675.898527104
2.63124	50982367.5932933
2.6312599999999997	81230663.38616453
2.63128	28861573.19152974
2.6313	43929878.286797404
2.63132	79931874.90033025
2.6313400000000002	37259755.43892493
2.63136	71499005.31600007
2.63138	63152420.38247944
2.6314	61405885.71705297
2.63142	71134453.60913302
2.63144	82110746.4085089
2.6314599999999997	97306085.09809215
2.63148	97066640.75775729
2.6315	95152455.46679002
2.63152	94449573.25077046
2.63154	51334578.4467713
2.63156	13344121.880367551
2.63158	38881230.42155224
2.6316	24053041.467250824
2.6316200000000003	40692090.340138674
2.63164	73693638.56533486
2.6316599999999997	97467538.8846255
2.63168	86433082.16043697
2.6317	90938963.51773162
2.63172	78742645.2100577
2.63174	96573951.11696464
2.63176	63741165.46539413
2.63178	96205521.91862147
2.6318	109056109.38022596
2.6318200000000003	97308325.67929767
2.63184	70599235.78936681
2.6318599999999996	91759280.59924926
2.6318799999999998	76244759.7003349
2.6319	52077484.700273015
2.63192	20907398.640821457
2.63194	41866822.3861822
2.63196	54695298.89790211
2.63198	42259076.30001515
2.632	26799087.086676903
2.6320200000000002	51196467.95178371
2.63204	96037312.87700674
2.63206	91643148.19766463
2.6320799999999998	51924222.23199955
2.6321	74473197.39059888
2.63212	96159013.66976047
2.63214	78933252.7576074
2.63216	24777643.4978338
2.63218	23038807.71022819
2.6322	95593860.3503361
2.6322200000000002	97606783.18104096
2.6322400000000004	38486640.2190122
2.63226	23077565.91027373
2.6322799999999997	81183916.71357767
2.6323	90966188.90352818
2.63232	60458866.41064908
2.63234	14398591.148945956
2.63236	21339783.056169145
2.63238	54604696.80397759
2.6324	21271592.27362982
2.63242	34744014.69185592
2.6324400000000003	47055457.474793285
2.63246	56090588.93497291
2.6324799999999997	88607401.37209474
2.6325	84172456.13797103
2.63252	46320154.57435713
2.63254	77778578.21101594
2.63256	96451725.1709846
2.63258	97804761.86597745
2.6326	88137352.32073078
2.63262	76637265.45534368
2.6326400000000003	102740103.76136182
2.63266	90290072.13663645
2.63268	57187353.65066656
2.6327	88497295.7546946
2.63272	82881957.56535564
2.63274	83143824.96515577
2.6327599999999998	101276806.8392621
2.63278	100186683.4294815
2.6328	79606769.44609646
2.63282	73449695.5544995
2.6328400000000003	88039993.13159484
2.63286	92142501.84461263
2.63288	93957185.72686075
2.6329	81440419.11530498
2.63292	69653027.82490537
2.63294	65210870.85379326
2.6329599999999997	92650976.29747482
2.63298	102572277.8223599
2.633	94087082.0845656
2.63302	67022403.7970658
2.6330400000000003	52148281.35447559
2.63306	31968333.704947952
2.63308	57047944.377876855
2.6331	6016584.215518308
2.63312	7228030.891480998
2.63314	41847546.440749876
2.6331599999999997	76299202.74338521
2.63318	41607344.61892981
2.6332	57182086.74329934
2.63322	95530048.88837974
2.6332400000000002	83587242.82401605
2.63326	47502886.47670708
2.63328	39159758.0648761
2.6333	78053071.88753435
2.63332	44659103.431354634
2.63334	73688548.16494471
2.6333599999999997	85934983.91190754
2.63338	87238863.6619994
2.6334	94972965.73624243
2.63342	98602970.80963926
2.6334400000000002	77211146.26988856
2.63346	32683608.524871442
2.63348	42690377.974284895
2.6335	49535893.39122249
2.63352	56429993.468168706
2.63354	60367056.47858438
2.6335599999999997	72466952.8281663
2.63358	96582846.316206
2.6336	101683386.10522246
2.63362	95675336.86182418
2.63364	52132673.82935425
2.63366	73166115.7875866
2.63368	91710698.24797957
2.6337	85025657.69586535
2.6337200000000003	68981081.65159479
2.63374	77095672.30288145
2.6337599999999997	100440762.26478475
2.63378	94071918.26077245
2.6338	80101380.32335795
2.63382	81837056.43178384
2.63384	64556503.47679376
2.63386	27416372.997328624
2.63388	27405643.247088946
2.6339	88697218.33875062
2.6339200000000003	83996269.82774337
2.63394	22053625.73354468
2.6339599999999996	14765902.621463584
2.6339799999999998	69771811.69228067
2.634	63916060.62332161
2.63402	74512648.43725891
2.63404	14557942.510066472
2.63406	3469125.409911096
2.63408	23106810.3568537
2.6341	29937808.082665727
2.6341200000000002	45611042.6341691
2.63414	88113002.43451624
2.63416	83304795.00162882
2.6341799999999997	53606814.40980641
2.6342	54128999.52119641
2.63422	73530920.0360914
2.63424	70386602.0635799
2.63426	69226121.45596167
2.63428	23127569.78138418
2.6343	45331490.614641145
2.63432	53046898.86314135
2.6343400000000003	73018011.22591518
2.63436	16048705.217238644
2.6343799999999997	6429393.398980604
2.6344	21693518.67411222
2.63442	41539379.02979367
2.63444	31991897.523877263
2.63446	29627840.637587942
2.63448	42720861.30317233
2.6345	54899703.63435876
2.63452	42956609.91149168
2.6345400000000003	13167095.94013736
2.63456	42009740.611341044
2.63458	36640382.60541612
2.6346	69400084.62105091
2.63462	17757425.44698102
2.63464	30345898.438888084
2.63466	31076349.707931433
2.63468	78299682.31496644
2.6347	92244397.80059186
2.63472	94608465.82456684
2.6347400000000003	61609828.518064514
2.63476	58327048.425012454
2.63478	38371608.077983305
2.6348	73671582.70298779
2.63482	88546214.68320309
2.63484	84120142.55573909
2.6348599999999998	24297410.999716554
2.63488	22981057.003856033
2.6349	84469514.88445792
2.63492	92853868.04397018
2.6349400000000003	68020528.19405359
2.63496	69111449.23212199
2.63498	95975415.28877524
2.635	78462113.07478291
